0	0
0.5	2.11662e-25
1	1.26719e-25
1.5	2.19978e-26
2	4.17773e-26
2.5	-1.30797e-25
3	-9.97759e-26
3.5	6.79409e-08
4	4.78373e-08
4.5	-1.46629e-07
5	-7.39941e-07
5.5	-1.74672e-06
6	-2.90104e-06
6.5	-3.87406e-06
7	-4.62513e-06
7.5	-5.14209e-06
8	-5.53211e-06
8.5	-5.87307e-06
9	-6.08774e-06
9.5	-6.22369e-06
10	-6.29426e-06
10.5	-6.15684e-06
11	-5.8788e-06
11.5	-5.55786e-06
12	-5.38832e-06
12.5	-5.29079e-06
13	-5.17072e-06
13.5	-5.14809e-06
14	-5.45784e-06
14.5	-5.93945e-06
15	-5.62149e-06
15.5	-4.88393e-06
16	-4.0578e-06
16.5	-5.02912e-06
17	-5.9918e-06
17.5	-7.00516e-06
18	-7.94098e-06
18.5	-8.64608e-06
19	-9.1759e-06
19.5	-9.69608e-06
20	-1.03367e-05
20.5	-1.1247e-05
21	-1.28973e-05
21.5	-2.23752e-05
22	-0.000186405
22.5	0.000197469
23	1.87285e-05
23.5	-7.23059e-05
24	-6.47035e-05
24.5	-1.51072e-05
25	-1.21757e-05
25.5	-1.12975e-05
26	-1.08717e-05
26.5	-1.05053e-05
27	-1.03564e-05
27.5	-1.06456e-05
28	-1.08145e-05
28.5	-1.13974e-05
29	-1.19356e-05
29.5	-1.18948e-05
30	-1.01067e-05
30.5	-9.28666e-06
31	-8.77352e-06
31.5	-8.58922e-06
32	-9.27249e-06
32.5	-9.36187e-06
33	-9.75952e-06
33.5	-1.10117e-05
34	-1.10718e-05
34.5	-9.45056e-06
35	-7.8816e-06
35.5	-6.76144e-06
36	-5.96134e-06
36.5	-4.6824e-06
37	-3.92138e-06
37.5	-3.38716e-06
38	-3.01934e-06
38.5	-2.86393e-06
39	-2.98274e-06
39.5	-3.24385e-06
40	-3.67724e-06
40.5	-4.0852e-06
41	-4.5124e-06
41.5	-4.85371e-06
42	-5.09045e-06
42.5	-5.36552e-06
43	-5.78159e-06
43.5	-6.3727e-06
44	-7.48432e-06
44.5	-9.36056e-06
45	-1.61642e-05
45.5	-0.000167719
46	0.00013008
46.5	8.17429e-06
47	-5.5654e-05
47.5	-5.0661e-05
48	-1.18945e-05
48.5	-1.10731e-05
49	-1.23789e-05
49.5	-1.1184e-05
50	-1.02207e-05
50.5	-8.62728e-06
51	-6.65662e-06
51.5	-4.73864e-06
52	-3.46597e-06
52.5	-2.69542e-06
53	-2.18708e-06
53.5	-2.07976e-06
54	-2.47939e-06
54.5	-3.1825e-06
55	-3.91282e-06
55.5	-4.64114e-06
56	-5.24518e-06
56.5	-5.60199e-06
57	-5.72915e-06
57.5	-5.90477e-06
58	-6.13961e-06
58.5	-6.17612e-06
59	-6.07965e-06
59.5	-5.98439e-06
60	-6.14964e-06
60.5	-6.56725e-06
61	-7.44313e-06
61.5	-1.04119e-05
62	-8.27762e-05
62.5	0.00012067
63	0.000217533
63.5	-3.44645e-05
64	-0.00010418
64.5	-1.86057e-05
65	-1.2069e-05
65.5	-1.23282e-05
66	-1.11964e-05
66.5	-9.33962e-06
67	-8.08915e-06
67.5	-7.80883e-06
68	-7.50461e-06
68.5	-7.2377e-06
69	-7.0958e-06
69.5	-7.23985e-06
70	-7.52097e-06
70.5	-7.95169e-06
71	-8.22504e-06
71.5	-8.40741e-06
72	-8.48384e-06
72.5	-8.49485e-06
73	-8.39692e-06
73.5	-8.38495e-06
74	-8.38829e-06
74.5	-8.62598e-06
75	-9.04108e-06
75.5	-9.55536e-06
76	-1.01071e-05
76.5	-1.06604e-05
77	-1.12183e-05
77.5	-1.17871e-05
78	-1.26579e-05
78.5	-1.44807e-05
79	-2.02888e-05
79.5	-0.000140165
80	0.00010811
80.5	9.02625e-05
81	-2.77234e-05
81.5	-7.59183e-05
82	-2.22087e-05
82.5	-1.77164e-05
83	-1.3685e-05
83.5	-1.14154e-05
84	-1.02379e-05
84.5	-9.23424e-06
85	-8.5856e-06
85.5	-8.39457e-06
86	-8.3478e-06
86.5	-8.25317e-06
87	-8.17212e-06
87.5	-8.008e-06
88	-8.03415e-06
88.5	-8.09714e-06
89	-8.07798e-06
89.5	-7.95196e-06
90	-7.70416e-06
90.5	-7.49195e-06
91	-7.33675e-06
91.5	-7.22123e-06
92	-7.19471e-06
92.5	-7.16382e-06
93	-7.16099e-06
93.5	-7.16968e-06
94	-6.69279e-06
94.5	-6.2936e-06
95	-6.22052e-06
95.5	-6.5896e-06
96	-6.51754e-06
96.5	-6.74862e-06
97	-6.50291e-06
97.5	-6.79956e-06
98	-7.04153e-06
98.5	-6.82457e-06
99	-7.26081e-06
99.5	-7.64443e-06
100	-7.7106e-06
100.5	-7.68741e-06
101	-7.7636e-06
101.5	-7.81134e-06
102	-7.79363e-06
102.5	-7.77839e-06
103	-7.76391e-06
103.5	-7.71196e-06
104	-7.6169e-06
104.5	-7.58163e-06
105	-7.73411e-06
105.5	-8.21405e-06
106	-9.2906e-06
106.5	-1.29323e-05
107	-8.9043e-05
107.5	0.000355047
108	0.000158915
108.5	-5.08764e-05
109	-9.38384e-05
109.5	-1.91984e-05
110	-1.48176e-05
110.5	-1.21563e-05
111	-1.04571e-05
111.5	-9.04872e-06
112	-8.02586e-06
112.5	-7.74115e-06
113	-8.04335e-06
113.5	-8.2532e-06
114	-8.3525e-06
114.5	-8.41316e-06
115	-8.58238e-06
115.5	-8.60952e-06
116	-8.45363e-06
116.5	-8.38527e-06
117	-8.1678e-06
117.5	-7.78612e-06
118	-7.41745e-06
118.5	-7.12406e-06
119	-6.83431e-06
119.5	-6.60004e-06
120	-6.46592e-06
120.5	-6.28251e-06
121	-6.25212e-06
121.5	-6.1925e-06
122	-6.1794e-06
122.5	-6.36837e-06
123	-7.06091e-06
123.5	-7.46448e-06
124	-6.74254e-06
124.5	-4.80168e-06
125	-2.54836e-06
125.5	-1.65947e-06
126	-1.8194e-06
126.5	-3.14787e-06
127	-4.32758e-06
127.5	-4.74885e-06
128	-4.8434e-06
128.5	-5.98194e-06
129	-7.17567e-06
129.5	-6.82762e-06
130	-6.19733e-06
130.5	-5.85485e-06
131	-6.36795e-06
131.5	-7.10981e-06
132	-7.51966e-06
132.5	-8.09135e-06
133	-7.63365e-06
133.5	-7.35307e-06
134	-7.02919e-06
134.5	-6.55773e-06
135	-6.2198e-06
135.5	-6.35045e-06
136	-6.61904e-06
136.5	-6.89346e-06
137	-7.24226e-06
137.5	-7.63746e-06
138	-7.98727e-06
138.5	-8.2345e-06
139	-8.4274e-06
139.5	-8.62415e-06
140	-8.97326e-06
140.5	-9.4244e-06
141	-1.00989e-05
141.5	-1.16478e-05
142	-1.69008e-05
142.5	-0.000132964
143	8.30446e-05
143.5	5.23142e-05
144	-6.15355e-05
144.5	-7.03324e-05
145	-1.62974e-05
145.5	-1.72125e-05
146	-1.78701e-05
146.5	-1.79001e-05
147	-1.79393e-05
147.5	-1.74024e-05
148	-1.59616e-05
148.5	-1.3555e-05
149	-1.1952e-05
149.5	-1.10673e-05
150	-1.05249e-05
150.5	-1.01222e-05
151	-9.77817e-06
151.5	-9.58044e-06
152	-9.4381e-06
152.5	-9.39681e-06
153	-9.41438e-06
153.5	-9.52862e-06
154	-9.89607e-06
154.5	-1.03106e-05
155	-1.06564e-05
155.5	-1.10048e-05
156	-1.14001e-05
156.5	-1.18945e-05
157	-1.27347e-05
157.5	-1.49562e-05
158	-2.58739e-05
158.5	-0.000297409
159	0.000274278
159.5	6.30925e-05
160	-6.17497e-05
160.5	-3.95134e-05
161	-1.50882e-05
161.5	-1.40012e-05
162	-1.32673e-05
162.5	-1.1584e-05
163	-9.48505e-06
163.5	-8.01455e-06
164	-7.25561e-06
164.5	-6.31001e-06
165	-5.73962e-06
165.5	-5.43321e-06
166	-5.23371e-06
166.5	-5.10507e-06
167	-4.9383e-06
167.5	-4.82724e-06
168	-4.77425e-06
168.5	-4.83205e-06
169	-5.00814e-06
169.5	-5.34275e-06
170	-5.90007e-06
170.5	-6.46582e-06
171	-7.0682e-06
171.5	-7.8654e-06
172	-9.06158e-06
172.5	-1.18746e-05
173	-3.61588e-05
173.5	-0.0003977
174	0.000432474
174.5	3.4933e-05
175	-9.10011e-05
175.5	-2.64567e-05
176	-1.41145e-05
176.5	-1.46429e-05
177	-1.47715e-05
177.5	-1.22317e-05
178	-9.18294e-06
178.5	-7.38078e-06
179	-6.51936e-06
179.5	-6.15371e-06
180	-5.94464e-06
180.5	-5.73024e-06
181	-5.66244e-06
181.5	-5.75587e-06
182	-5.78675e-06
182.5	-5.70156e-06
183	-5.81079e-06
183.5	-6.28032e-06
184	-6.81366e-06
184.5	-7.27759e-06
185	-7.92533e-06
185.5	-9.13864e-06
186	-1.08932e-05
186.5	-1.4061e-05
187	-7.31099e-05
187.5	-0.000297369
188	0.000379762
188.5	-1.13544e-05
189	-0.000102115
189.5	-2.80993e-05
190	-1.2685e-05
190.5	-1.57137e-05
191	-1.60374e-05
191.5	-1.48158e-05
192	-1.40923e-05
192.5	-1.27831e-05
193	-1.20351e-05
193.5	-1.13188e-05
194	-1.08074e-05
194.5	-1.06647e-05
195	-1.03825e-05
195.5	-9.95046e-06
196	-9.67823e-06
196.5	-9.55164e-06
197	-9.56369e-06
197.5	-9.81697e-06
198	-1.01052e-05
198.5	-1.03474e-05
199	-1.09407e-05
199.5	-1.28336e-05
200	-3.11137e-05
200.5	-0.00025538
201	0.000208901
201.5	2.39067e-06
202	-8.59084e-05
202.5	-4.22752e-05
203	-1.12291e-05
203.5	-9.65656e-06
204	-9.97823e-06
204.5	-9.40067e-06
205	-9.07824e-06
205.5	-9.48309e-06
206	-8.76942e-06
206.5	-7.59932e-06
207	-6.78013e-06
207.5	-6.09592e-06
208	-5.8517e-06
208.5	-5.99084e-06
209	-6.28947e-06
209.5	-6.66383e-06
210	-7.05129e-06
210.5	-7.52083e-06
211	-7.91512e-06
211.5	-8.15288e-06
212	-8.3744e-06
212.5	-8.63953e-06
213	-9.09089e-06
213.5	-1.03731e-05
214	-1.90322e-05
214.5	-0.000156904
215	0.000167364
215.5	4.74015e-05
216	-9.65736e-05
216.5	-8.34549e-05
217	-1.4376e-05
217.5	-1.06139e-05
218	-9.96708e-06
218.5	-1.0919e-05
219	-1.13681e-05
219.5	-1.22549e-05
220	-1.17814e-05
220.5	-1.0791e-05
221	-9.90515e-06
221.5	-9.21254e-06
222	-8.57657e-06
222.5	-8.07558e-06
223	-7.67846e-06
223.5	-7.42474e-06
224	-7.15519e-06
224.5	-6.90417e-06
225	-6.8568e-06
225.5	-6.8332e-06
226	-6.75976e-06
226.5	-6.6043e-06
227	-6.33131e-06
227.5	-6.00416e-06
228	-5.741e-06
228.5	-5.59099e-06
229	-5.534e-06
229.5	-5.57506e-06
230	-5.88217e-06
230.5	-6.27157e-06
231	-5.93046e-06
231.5	-5.9647e-06
232	-5.26373e-06
232.5	-5.48671e-06
233	-6.34254e-06
233.5	-6.83077e-06
234	-8.58709e-06
234.5	-9.8221e-06
235	-1.66073e-05
235.5	-0.000178516
236	0.000202584
236.5	0.000156705
237	-3.94961e-05
237.5	-8.07769e-05
238	-2.19202e-05
238.5	-1.42523e-05
239	-1.03644e-05
239.5	-8.09161e-06
240	-6.68605e-06
240.5	-6.45871e-06
241	-6.73446e-06
241.5	-6.46763e-06
242	-6.20351e-06
242.5	-6.16392e-06
243	-6.12334e-06
243.5	-6.36309e-06
244	-7.23109e-06
244.5	-6.65444e-06
245	-5.85684e-06
245.5	-5.0948e-06
246	-4.34993e-06
246.5	-4.45188e-06
247	-5.64945e-06
247.5	-6.49929e-06
248	-6.62917e-06
248.5	-7.16626e-06
249	-8.0713e-06
249.5	-7.66782e-06
250	-6.66148e-06
250.5	-7.09597e-06
251	-7.44418e-06
251.5	-6.85977e-06
252	-5.28899e-06
252.5	-4.23337e-06
253	-3.19362e-06
253.5	-2.63873e-06
254	-2.50773e-06
254.5	-2.49571e-06
255	-2.70937e-06
255.5	-3.10156e-06
256	-3.50685e-06
256.5	-3.91882e-06
257	-3.72817e-06
257.5	-4.10734e-06
258	-4.63522e-06
258.5	-5.11687e-06
259	-5.75093e-06
259.5	-6.37757e-06
260	-7.21117e-06
260.5	-8.4618e-06
261	-1.11904e-05
261.5	-2.81996e-05
262	-0.000414068
262.5	0.00044278
263	5.87297e-05
263.5	-9.98524e-05
264	-3.10763e-05
264.5	-1.87433e-05
265	-1.58641e-05
265.5	-1.37848e-05
266	-1.27147e-05
266.5	-1.04661e-05
267	-8.58501e-06
267.5	-7.58204e-06
268	-7.3332e-06
268.5	-7.36982e-06
269	-7.57622e-06
269.5	-7.88389e-06
270	-8.1542e-06
270.5	-8.39679e-06
271	-8.83822e-06
271.5	-8.8561e-06
272	-9.31133e-06
272.5	-1.00419e-05
273	-1.12364e-05
273.5	-1.35755e-05
274	-2.3289e-05
274.5	-0.000249778
275	0.000205309
275.5	7.45179e-05
276	-5.44084e-05
276.5	-6.36358e-05
277	-2.0103e-05
277.5	-1.4868e-05
278	-1.14754e-05
278.5	-9.06245e-06
279	-7.42718e-06
279.5	-6.30719e-06
280	-5.38333e-06
280.5	-4.7289e-06
281	-4.64657e-06
281.5	-4.92471e-06
282	-5.3325e-06
282.5	-5.6266e-06
283	-6.04128e-06
283.5	-6.56937e-06
284	-7.38753e-06
284.5	-8.13225e-06
285	-8.85002e-06
285.5	-9.23693e-06
286	-1.01684e-05
286.5	-1.16981e-05
287	-1.49342e-05
287.5	-6.45356e-05
288	-0.000302047
288.5	0.000413433
289	1.16949e-05
289.5	-9.80702e-05
290	-2.88799e-05
290.5	-1.47452e-05
291	-1.24076e-05
291.5	-1.11002e-05
292	-1.13389e-05
292.5	-1.07237e-05
293	-9.78346e-06
293.5	-9.06118e-06
294	-8.66562e-06
294.5	-8.15255e-06
295	-7.60059e-06
295.5	-7.22521e-06
296	-6.97575e-06
296.5	-6.59668e-06
297	-6.21806e-06
297.5	-6.03805e-06
298	-5.91675e-06
298.5	-5.4653e-06
299	-5.67206e-06
299.5	-6.24293e-06
300	-6.9814e-06
300.5	-6.8507e-06
301	-7.254e-06
301.5	-7.88212e-06
302	-8.92888e-06
302.5	-1.0054e-05
303	-1.14522e-05
303.5	-1.43874e-05
304	-7.40232e-05
304.5	-0.000283961
305	0.000419058
305.5	1.16444e-05
306	-0.000103792
306.5	-2.90969e-05
307	-1.63515e-05
307.5	-1.4828e-05
308	-1.33665e-05
308.5	-1.1765e-05
309	-1.06575e-05
309.5	-1.02218e-05
310	-9.89908e-06
310.5	-9.64731e-06
311	-9.45215e-06
311.5	-9.45854e-06
312	-9.424e-06
312.5	-9.31822e-06
313	-9.31196e-06
313.5	-9.29583e-06
314	-9.12695e-06
314.5	-8.69666e-06
315	-8.5722e-06
315.5	-8.60425e-06
316	-8.71019e-06
316.5	-8.93829e-06
317	-8.47762e-06
317.5	-8.15777e-06
318	-7.62276e-06
318.5	-9.05511e-06
319	-1.29399e-05
319.5	-9.11233e-05
320	0.000260739
320.5	0.000255636
321	-3.34405e-05
321.5	-0.000123114
322	-2.75009e-05
322.5	-1.61544e-05
323	-1.08912e-05
323.5	-7.87977e-06
324	-6.50258e-06
324.5	-5.95947e-06
325	-5.75917e-06
325.5	-5.6446e-06
326	-5.396e-06
326.5	-5.37128e-06
327	-5.67824e-06
327.5	-6.00399e-06
328	-6.36042e-06
328.5	-6.29908e-06
329	-6.29212e-06
329.5	-6.35391e-06
330	-6.69952e-06
330.5	-7.07011e-06
331	-7.51686e-06
331.5	-7.39268e-06
332	-7.524e-06
332.5	-7.13183e-06
333	-8.03897e-06
333.5	-1.10103e-05
334	-4.4835e-05
334.5	-0.000247626
335	0.000265691
335.5	1.55469e-05
336	-9.75336e-05
336.5	-4.6339e-05
337	-1.62614e-05
337.5	-1.26372e-05
338	-1.0668e-05
338.5	-9.45949e-06
339	-8.42483e-06
339.5	-7.53329e-06
340	-6.78032e-06
340.5	-6.37393e-06
341	-6.21185e-06
341.5	-5.97676e-06
342	-5.63557e-06
342.5	-5.43132e-06
343	-5.15258e-06
343.5	-4.77048e-06
344	-4.08202e-06
344.5	-3.87607e-06
345	-3.2043e-06
345.5	-2.66363e-06
346	-2.85462e-06
346.5	-3.16523e-06
347	-3.26138e-06
347.5	-3.30764e-06
348	-3.35364e-06
348.5	-3.54589e-06
349	-3.68452e-06
349.5	-3.90655e-06
350	-4.46122e-06
350.5	-5.32755e-06
351	-6.41618e-06
351.5	-8.1564e-06
352	-1.32788e-05
352.5	-0.000120975
353	0.000170417
353.5	8.00164e-05
354	-6.82771e-05
354.5	-8.77651e-05
355	-1.70879e-05
355.5	-1.46117e-05
356	-1.42287e-05
356.5	-1.34141e-05
357	-1.23716e-05
357.5	-1.17771e-05
358	-1.08969e-05
358.5	-9.34372e-06
359	-8.16008e-06
359.5	-7.44835e-06
360	-7.22368e-06
360.5	-6.91731e-06
361	-6.71329e-06
361.5	-6.68929e-06
362	-7.06034e-06
362.5	-7.4898e-06
363	-7.60953e-06
363.5	-8.15103e-06
364	-8.70626e-06
364.5	-9.05207e-06
365	-9.23832e-06
365.5	-9.45431e-06
366	-9.57014e-06
366.5	-9.71951e-06
367	-1.01322e-05
367.5	-1.1027e-05
368	-1.35939e-05
368.5	-7.84335e-05
369	-0.000254144
369.5	0.000378797
370	-6.09389e-07
370.5	-0.000119287
371	-3.5038e-05
371.5	-2.21082e-05
372	-1.82647e-05
372.5	-1.57859e-05
373	-1.37366e-05
373.5	-1.18986e-05
374	-1.06366e-05
374.5	-9.89685e-06
375	-9.5451e-06
375.5	-9.63718e-06
376	-9.14768e-06
376.5	-9.416e-06
377	-8.91794e-06
377.5	-8.38345e-06
378	-8.4682e-06
378.5	-9.51289e-06
379	-1.00849e-05
379.5	-9.57704e-06
380	-9.2844e-06
380.5	-9.20004e-06
381	-1.00247e-05
381.5	-9.53832e-06
382	-9.06242e-06
382.5	-8.966e-06
383	-8.5494e-06
383.5	-8.26431e-06
384	-7.84825e-06
384.5	-7.85602e-06
385	-7.49283e-06
385.5	-6.56948e-06
386	-6.19466e-06
386.5	-5.98898e-06
387	-5.93332e-06
387.5	-5.9129e-06
388	-5.38278e-06
388.5	-4.88563e-06
389	-4.48968e-06
389.5	-4.44318e-06
390	-4.21654e-06
390.5	-4.04093e-06
391	-4.18272e-06
391.5	-4.36757e-06
392	-4.66645e-06
392.5	-5.02373e-06
393	-5.3633e-06
393.5	-5.58657e-06
394	-5.759e-06
394.5	-5.45931e-06
395	-4.7855e-06
395.5	-4.28134e-06
396	-4.46623e-06
396.5	-5.26751e-06
397	-6.80314e-06
397.5	-8.89704e-06
398	-5.4489e-05
398.5	-0.000266824
399	0.000255855
399.5	-5.07098e-06
400	-0.000101906
400.5	-3.86422e-05
401	-1.22571e-05
401.5	-9.47302e-06
402	-7.92569e-06
402.5	-7.03364e-06
403	-6.52051e-06
403.5	-6.13383e-06
404	-5.79159e-06
404.5	-5.47932e-06
405	-5.25342e-06
405.5	-4.97224e-06
406	-4.67254e-06
406.5	-4.44964e-06
407	-4.28887e-06
407.5	-4.01728e-06
408	-3.73662e-06
408.5	-3.4291e-06
409	-3.16796e-06
409.5	-2.96387e-06
410	-3.0236e-06
410.5	-3.17513e-06
411	-3.26733e-06
411.5	-3.08626e-06
412	-3.35002e-06
412.5	-3.67275e-06
413	-3.91871e-06
413.5	-4.17684e-06
414	-3.63864e-06
414.5	-3.7052e-06
415	-4.16749e-06
415.5	-4.63517e-06
416	-5.11675e-06
416.5	-5.65776e-06
417	-6.4069e-06
417.5	-7.0644e-06
418	-8.1108e-06
418.5	-9.55266e-06
419	-1.12748e-05
419.5	-1.44403e-05
420	-9.34787e-05
420.5	-0.000281071
421	0.000399139
421.5	-1.34293e-05
422	-0.000113752
422.5	-2.99142e-05
423	-1.66252e-05
423.5	-1.6756e-05
424	-1.7224e-05
424.5	-1.70157e-05
425	-1.63012e-05
425.5	-1.53275e-05
426	-1.41953e-05
426.5	-1.31041e-05
427	-1.21446e-05
427.5	-1.14093e-05
428	-1.10009e-05
428.5	-1.06609e-05
429	-1.01857e-05
429.5	-9.74082e-06
430	-9.58259e-06
430.5	-9.4808e-06
431	-9.30209e-06
431.5	-9.20555e-06
432	-8.7548e-06
432.5	-8.22139e-06
433	-7.94235e-06
433.5	-8.09891e-06
434	-8.31191e-06
434.5	-8.19001e-06
435	-7.54417e-06
435.5	-7.67637e-06
436	-7.73881e-06
436.5	-8.92729e-06
437	-9.81335e-06
437.5	-1.00023e-05
438	-1.11853e-05
438.5	-1.24937e-05
439	-1.41805e-05
439.5	-1.68007e-05
440	-3.56949e-05
440.5	-0.000334927
441	0.000305964
441.5	7.84647e-05
442	-7.09986e-05
442.5	-4.12633e-05
443	-1.79839e-05
443.5	-1.46097e-05
444	-1.25079e-05
444.5	-1.08476e-05
445	-9.72546e-06
445.5	-9.63265e-06
446	-9.22839e-06
446.5	-8.78071e-06
447	-8.12092e-06
447.5	-7.5748e-06
448	-7.02335e-06
448.5	-6.43487e-06
449	-5.79187e-06
449.5	-4.95744e-06
450	-4.30803e-06
450.5	-4.30787e-06
451	-4.38123e-06
451.5	-4.44278e-06
452	-4.57898e-06
452.5	-4.66781e-06
453	-4.64821e-06
453.5	-4.70371e-06
454	-4.51143e-06
454.5	-4.29787e-06
455	-4.11972e-06
455.5	-3.99381e-06
456	-4.16754e-06
456.5	-4.73497e-06
457	-5.79724e-06
457.5	-7.53545e-06
458	-1.23055e-05
458.5	-0.000114115
459	0.000228003
459.5	8.34467e-05
460	-7.50919e-05
460.5	-8.98802e-05
461	-1.76463e-05
461.5	-1.4642e-05
462	-1.32527e-05
462.5	-1.21169e-05
463	-1.0531e-05
463.5	-9.86575e-06
464	-8.91597e-06
464.5	-8.14284e-06
465	-7.64358e-06
465.5	-7.31586e-06
466	-6.89585e-06
466.5	-6.50824e-06
467	-6.29097e-06
467.5	-6.24283e-06
468	-6.05575e-06
468.5	-5.81331e-06
469	-5.57358e-06
469.5	-5.52131e-06
470	-5.5831e-06
470.5	-5.78968e-06
471	-6.07438e-06
471.5	-6.39937e-06
472	-7.21016e-06
472.5	-9.91198e-06
473	-8.23917e-05
473.5	-1.36301e-05
474	0.000239697
474.5	-2.73955e-05
475	-0.000119386
475.5	-1.85007e-05
476	-8.69765e-06
476.5	-6.90885e-06
477	-6.70203e-06
477.5	-5.25014e-06
478	-4.8294e-06
478.5	-3.71588e-06
479	-2.81734e-06
479.5	-2.30635e-06
480	-1.88458e-06
480.5	-1.55474e-06
481	-1.39115e-06
481.5	-1.30088e-06
482	-1.25103e-06
482.5	-1.32492e-06
483	-1.40211e-06
483.5	-1.44017e-06
484	-1.5233e-06
484.5	-1.66129e-06
485	-2.0796e-06
485.5	-2.404e-06
486	-2.99208e-06
486.5	-3.86126e-06
487	-5.13952e-06
487.5	-8.0536e-06
488	-8.02185e-05
488.5	-0.000163981
489	0.000321956
489.5	-1.91937e-05
490	-0.000121421
490.5	-2.39502e-05
491	-1.3855e-05
491.5	-1.29775e-05
492	-1.10393e-05
492.5	-8.23351e-06
493	-6.60392e-06
493.5	-5.8824e-06
494	-6.11613e-06
494.5	-6.95896e-06
495	-7.86946e-06
495.5	-8.33931e-06
496	-8.88286e-06
496.5	-9.10857e-06
497	-9.11135e-06
497.5	-9.06837e-06
498	-9.26212e-06
498.5	-9.59972e-06
499	-9.86488e-06
499.5	-9.91751e-06
500	-1.00416e-05
500.5	-1.0336e-05
501	-1.05736e-05
501.5	-1.10158e-05
502	-1.16337e-05
502.5	-1.23404e-05
503	-1.37575e-05
503.5	-1.81431e-05
504	-0.00013782
504.5	0.00015574
505	6.305e-05
505.5	-7.57488e-05
506	-8.75338e-05
506.5	-2.5806e-05
507	-2.01595e-05
507.5	-1.61056e-05
508	-1.42502e-05
508.5	-1.26176e-05
509	-1.22819e-05
509.5	-1.20796e-05
510	-1.20675e-05
510.5	-1.10894e-05
511	-9.92201e-06
511.5	-9.2811e-06
512	-9.34802e-06
512.5	-8.51996e-06
513	-8.08491e-06
513.5	-8.7927e-06
514	-8.37696e-06
514.5	-7.75285e-06
515	-7.42002e-06
515.5	-6.7313e-06
516	-6.8243e-06
516.5	-7.13807e-06
517	-7.21432e-06
517.5	-7.3283e-06
518	-7.34607e-06
518.5	-7.45612e-06
519	-7.6612e-06
519.5	-7.82582e-06
520	-8.05445e-06
520.5	-8.51617e-06
521	-9.18183e-06
521.5	-9.93914e-06
522	-1.08808e-05
522.5	-1.21391e-05
523	-1.48581e-05
523.5	-4.43022e-05
524	-0.000308934
524.5	0.000381837
525	3.74374e-06
525.5	-0.00010174
526	-2.24704e-05
526.5	-1.42874e-05
527	-1.44065e-05
527.5	-1.67934e-05
528	-1.59325e-05
528.5	-1.4453e-05
529	-1.28032e-05
529.5	-1.14038e-05
530	-1.02445e-05
530.5	-9.11295e-06
531	-8.38997e-06
531.5	-7.95339e-06
532	-7.87473e-06
532.5	-8.14513e-06
533	-8.45511e-06
533.5	-8.93929e-06
534	-9.74677e-06
534.5	-1.13898e-05
535	-1.81735e-05
535.5	-0.000158853
536	0.000143302
536.5	3.03753e-05
537	-7.8856e-05
537.5	-6.45419e-05
538	-1.0983e-05
538.5	-8.43695e-06
539	-7.86633e-06
539.5	-8.39574e-06
540	-7.716e-06
540.5	-6.94407e-06
541	-6.19951e-06
541.5	-5.77487e-06
542	-5.59617e-06
542.5	-5.1157e-06
543	-4.43236e-06
543.5	-3.38541e-06
544	-2.60408e-06
544.5	-1.98948e-06
545	-1.76097e-06
545.5	-2.08005e-06
546	-2.59953e-06
546.5	-3.27773e-06
547	-4.10862e-06
547.5	-4.89201e-06
548	-5.66282e-06
548.5	-6.35031e-06
549	-6.8662e-06
549.5	-7.1137e-06
550	-7.20236e-06
550.5	-7.27711e-06
551	-7.35423e-06
551.5	-7.51852e-06
552	-7.96994e-06
552.5	-9.22178e-06
553	-1.49248e-05
553.5	-0.000147736
554	0.000126269
554.5	2.09263e-05
555	-5.76041e-05
555.5	-5.04095e-05
556	-1.43449e-05
556.5	-1.16513e-05
557	-1.3317e-05
557.5	-1.36912e-05
558	-1.13725e-05
558.5	-9.75701e-06
559	-9.06247e-06
559.5	-8.62859e-06
560	-8.31823e-06
560.5	-8.08567e-06
561	-7.87169e-06
561.5	-7.64606e-06
562	-7.47525e-06
562.5	-7.49664e-06
563	-7.5708e-06
563.5	-7.59444e-06
564	-7.76132e-06
564.5	-8.10959e-06
565	-8.29865e-06
565.5	-8.50576e-06
566	-8.75083e-06
566.5	-9.26652e-06
567	-9.66323e-06
567.5	-9.88885e-06
568	-1.0056e-05
568.5	-1.02967e-05
569	-1.05863e-05
569.5	-1.11859e-05
570	-1.34095e-05
570.5	-5.85147e-05
571	-0.000268517
571.5	0.000414586
572	2.87627e-06
572.5	-0.000117886
573	-3.5324e-05
573.5	-2.03825e-05
574	-1.55944e-05
574.5	-1.24945e-05
575	-1.03139e-05
575.5	-9.03068e-06
576	-8.27937e-06
576.5	-7.91415e-06
577	-7.9006e-06
577.5	-8.04074e-06
578	-8.18504e-06
578.5	-8.24711e-06
579	-8.27436e-06
579.5	-8.15935e-06
580	-8.27835e-06
580.5	-8.43843e-06
581	-8.68846e-06
581.5	-9.04476e-06
582	-9.3153e-06
582.5	-9.43925e-06
583	-9.62356e-06
583.5	-9.75846e-06
584	-9.88732e-06
584.5	-9.68449e-06
585	-9.36941e-06
585.5	-8.42114e-06
586	-8.46766e-06
586.5	-9.2597e-06
587	-1.26627e-05
587.5	-7.78505e-05
588	-0.000277867
588.5	0.000301118
589	2.62346e-05
589.5	-9.86452e-05
590	-4.64051e-05
590.5	-1.80976e-05
591	-1.38019e-05
591.5	-1.16096e-05
592	-1.04099e-05
592.5	-9.6503e-06
593	-9.02374e-06
593.5	-8.53105e-06
594	-8.06668e-06
594.5	-7.87705e-06
595	-7.92986e-06
595.5	-8.05483e-06
596	-8.11905e-06
596.5	-8.17724e-06
597	-8.44605e-06
597.5	-8.78524e-06
598	-9.29986e-06
598.5	-1.02693e-05
599	-1.2871e-05
599.5	-8.28429e-05
600	0.00010352
600.5	0.000283694
601	-1.14836e-05
601.5	-0.000123744
602	-2.67449e-05
602.5	-1.64277e-05
603	-1.33355e-05
603.5	-1.20521e-05
604	-1.13105e-05
604.5	-1.09211e-05
605	-1.06194e-05
605.5	-1.04869e-05
606	-1.05243e-05
606.5	-1.11635e-05
607	-1.16004e-05
607.5	-1.17924e-05
608	-1.17401e-05
608.5	-1.17458e-05
609	-1.17734e-05
609.5	-1.17916e-05
610	-1.18523e-05
610.5	-1.21642e-05
611	-1.27876e-05
611.5	-1.35463e-05
612	-1.398e-05
612.5	-1.51634e-05
613	-1.86498e-05
613.5	-3.97732e-05
614	-0.00040558
614.5	0.0004228
615	9.23644e-05
615.5	-9.17258e-05
616	-4.42821e-05
616.5	-2.61076e-05
617	-2.0169e-05
617.5	-1.56433e-05
618	-1.31254e-05
618.5	-1.23515e-05
619	-1.14894e-05
619.5	-1.03771e-05
620	-9.69846e-06
620.5	-9.01975e-06
621	-8.83804e-06
621.5	-1.0171e-05
622	-1.08849e-05
622.5	-1.13218e-05
623	-1.21695e-05
623.5	-1.32015e-05
624	-1.24375e-05
624.5	-1.26174e-05
625	-1.31077e-05
625.5	-1.26085e-05
626	-1.11478e-05
626.5	-9.98303e-06
627	-9.5431e-06
627.5	-9.13659e-06
628	-8.96769e-06
628.5	-8.94293e-06
629	-8.99482e-06
629.5	-9.16079e-06
630	-9.53602e-06
630.5	-9.87442e-06
631	-1.03592e-05
631.5	-1.13102e-05
632	-1.28404e-05
632.5	-1.5997e-05
633	-6.40518e-05
633.5	-0.000285176
634	0.000310255
634.5	1.0887e-05
635	-0.00010358
635.5	-2.15788e-05
636	-1.67586e-05
636.5	-1.50444e-05
637	-1.29928e-05
637.5	-1.23905e-05
638	-1.14741e-05
638.5	-1.0335e-05
639	-8.94672e-06
639.5	-7.74123e-06
640	-6.97688e-06
640.5	-6.73745e-06
641	-6.57931e-06
641.5	-6.25895e-06
642	-6.10245e-06
642.5	-6.02157e-06
643	-6.04693e-06
643.5	-6.22169e-06
644	-6.41943e-06
644.5	-6.84683e-06
645	-7.33928e-06
645.5	-7.86894e-06
646	-8.28561e-06
646.5	-8.70027e-06
647	-9.01891e-06
647.5	-9.28947e-06
648	-9.5455e-06
648.5	-9.87341e-06
649	-1.05792e-05
649.5	-1.20997e-05
650	-1.69697e-05
650.5	-0.000110802
651	0.000224726
651.5	0.000184378
652	-1.89379e-05
652.5	-0.000103537
653	-2.47437e-05
653.5	-1.69477e-05
654	-1.31965e-05
654.5	-1.04877e-05
655	-8.85376e-06
655.5	-8.27696e-06
656	-8.2625e-06
656.5	-8.44935e-06
657	-8.635e-06
657.5	-8.86055e-06
658	-9.12598e-06
658.5	-9.37889e-06
659	-9.50511e-06
659.5	-9.52788e-06
660	-9.39832e-06
660.5	-9.34175e-06
661	-9.83254e-06
661.5	-1.09747e-05
662	-1.29476e-05
662.5	-2.08445e-05
663	-0.000185714
663.5	0.000160807
664	1.33073e-05
664.5	-8.21284e-05
665	-5.8901e-05
665.5	-1.65484e-05
666	-1.48963e-05
666.5	-1.34815e-05
667	-1.35871e-05
667.5	-1.2918e-05
668	-1.15651e-05
668.5	-1.0203e-05
669	-9.38051e-06
669.5	-8.84875e-06
670	-8.48503e-06
670.5	-8.04439e-06
671	-7.83855e-06
671.5	-7.77638e-06
672	-7.66375e-06
672.5	-7.54476e-06
673	-7.51545e-06
673.5	-7.46241e-06
674	-7.52255e-06
674.5	-7.47211e-06
675	-7.43317e-06
675.5	-7.44065e-06
676	-7.56206e-06
676.5	-7.61487e-06
677	-7.63549e-06
677.5	-7.66457e-06
678	-7.88955e-06
678.5	-7.56832e-06
679	-7.17075e-06
679.5	-7.16025e-06
680	-7.51954e-06
680.5	-6.44244e-06
681	-7.28654e-06
681.5	-9.5637e-06
682	-1.37711e-05
682.5	-8.06938e-05
683	-0.000187107
683.5	0.000443807
684	-1.47063e-06
684.5	-0.000126459
685	-3.08866e-05
685.5	-1.62359e-05
686	-1.33948e-05
686.5	-1.19457e-05
687	-1.1028e-05
687.5	-1.05574e-05
688	-1.02512e-05
688.5	-9.98731e-06
689	-9.72985e-06
689.5	-9.38526e-06
690	-8.9747e-06
690.5	-8.59149e-06
691	-8.14638e-06
691.5	-7.49558e-06
692	-6.65255e-06
692.5	-5.67045e-06
693	-4.77846e-06
693.5	-4.03734e-06
694	-3.07272e-06
694.5	-1.60883e-06
695	-4.73548e-07
695.5	-3.76247e-07
696	-8.17741e-07
696.5	-1.23253e-06
697	-1.2323e-06
697.5	-1.41889e-06
698	-1.45214e-06
698.5	-1.4106e-06
699	-1.67436e-06
699.5	-1.98639e-06
700	-2.31939e-06
700.5	-2.61056e-06
701	-3.01136e-06
701.5	-3.33624e-06
702	-3.80938e-06
702.5	-4.27548e-06
703	-4.81521e-06
703.5	-5.62445e-06
704	-6.94526e-06
704.5	-9.83539e-06
705	-8.3141e-05
705.5	-0.000173518
706	0.000282809
706.5	-2.31102e-05
707	-0.000116063
707.5	-1.8578e-05
708	-9.77908e-06
708.5	-9.51213e-06
709	-1.09136e-05
709.5	-1.23915e-05
710	-1.09902e-05
710.5	-9.67024e-06
711	-8.42603e-06
711.5	-7.56767e-06
712	-7.006e-06
712.5	-6.80012e-06
713	-6.71888e-06
713.5	-6.75721e-06
714	-6.90943e-06
714.5	-7.05312e-06
715	-7.2228e-06
715.5	-7.37535e-06
716	-7.47859e-06
716.5	-7.624e-06
717	-7.77335e-06
717.5	-7.96162e-06
718	-8.29423e-06
718.5	-9.00135e-06
719	-1.03192e-05
719.5	-1.3899e-05
720	-8.42089e-05
720.5	0.00021883
721	0.000236722
721.5	-3.42457e-05
722	-0.000112768
722.5	-1.62791e-05
723	-1.07819e-05
723.5	-1.1016e-05
724	-1.05874e-05
724.5	-8.98675e-06
725	-8.03602e-06
725.5	-7.00149e-06
726	-6.68176e-06
726.5	-6.87913e-06
727	-7.14972e-06
727.5	-7.27078e-06
728	-7.42704e-06
728.5	-7.50089e-06
729	-7.66525e-06
729.5	-7.88379e-06
730	-8.3199e-06
730.5	-8.80913e-06
731	-9.34834e-06
731.5	-1.00499e-05
732	-1.09481e-05
732.5	-1.24356e-05
733	-1.60306e-05
733.5	-8.64987e-05
734	0.000106935
734.5	0.000243907
735	-2.77594e-05
735.5	-0.000118327
736	-1.80682e-05
736.5	-1.05019e-05
737	-1.09268e-05
737.5	-1.4383e-05
738	-1.19024e-05
738.5	-9.49296e-06
739	-8.67281e-06
739.5	-8.29242e-06
740	-7.68454e-06
740.5	-7.26558e-06
741	-7.3823e-06
741.5	-7.24696e-06
742	-7.0265e-06
742.5	-6.83004e-06
743	-6.91592e-06
743.5	-6.84195e-06
744	-6.5563e-06
744.5	-6.20181e-06
745	-5.62642e-06
745.5	-5.00453e-06
746	-4.57084e-06
746.5	-3.43137e-06
747	-2.85545e-06
747.5	-3.42763e-06
748	-3.92597e-06
748.5	-4.79416e-06
749	-4.99469e-06
749.5	-6.39188e-06
750	-6.43305e-06
750.5	-5.712e-06
751	-6.58364e-06
751.5	-6.87856e-06
752	-8.16918e-06
752.5	-7.74748e-06
753	-6.71343e-06
753.5	-6.51256e-06
754	-5.58015e-06
754.5	-5.96383e-06
755	-6.61989e-06
755.5	-6.53189e-06
756	-5.97995e-06
756.5	-5.26119e-06
757	-4.83025e-06
757.5	-4.45999e-06
758	-4.32966e-06
758.5	-4.5071e-06
759	-4.90462e-06
759.5	-5.30876e-06
760	-5.79749e-06
760.5	-6.32025e-06
761	-7.00111e-06
761.5	-7.83819e-06
762	-8.82385e-06
762.5	-1.04984e-05
763	-1.48335e-05
763.5	-0.000100245
764	0.000358482
764.5	0.000197039
765	-6.27704e-05
765.5	-0.000101759
766	-2.02066e-05
766.5	-1.8093e-05
767	-1.85241e-05
767.5	-2.02482e-05
768	-1.87511e-05
768.5	-1.61738e-05
769	-1.41396e-05
769.5	-1.30222e-05
770	-1.22103e-05
770.5	-1.14687e-05
771	-1.07347e-05
771.5	-1.01148e-05
772	-9.58854e-06
772.5	-9.22442e-06
773	-8.91622e-06
773.5	-8.72269e-06
774	-8.55225e-06
774.5	-8.42812e-06
775	-8.414e-06
775.5	-8.50258e-06
776	-8.92605e-06
776.5	-9.83276e-06
777	-1.15882e-05
777.5	-1.57668e-05
778	-9.13557e-05
778.5	0.00017659
779	0.000259101
779.5	9.42286e-06
780	-0.000105077
780.5	-2.05285e-05
781	-1.59708e-05
781.5	-1.36246e-05
782	-1.24053e-05
782.5	-1.23714e-05
783	-1.16087e-05
783.5	-1.06644e-05
784	-1.02461e-05
784.5	-9.91768e-06
785	-9.78474e-06
785.5	-9.82225e-06
786	-9.96348e-06
786.5	-9.94788e-06
787	-9.82613e-06
787.5	-9.62029e-06
788	-9.35828e-06
788.5	-9.14122e-06
789	-8.96243e-06
789.5	-8.90385e-06
790	-9.05809e-06
790.5	-9.1043e-06
791	-8.97276e-06
791.5	-8.90484e-06
792	-9.30349e-06
792.5	-9.3977e-06
793	-1.13193e-05
793.5	-5.67988e-05
794	-0.000319011
794.5	0.000383205
795	2.96091e-05
795.5	-0.00011122
796	-2.79896e-05
796.5	-1.6119e-05
797	-1.23386e-05
797.5	-1.00257e-05
798	-9.09102e-06
798.5	-7.46512e-06
799	-5.94313e-06
799.5	-5.2643e-06
800	-4.9561e-06
800.5	-4.80609e-06
801	-4.70503e-06
801.5	-4.67527e-06
802	-4.62679e-06
802.5	-4.5551e-06
803	-4.46498e-06
803.5	-4.35707e-06
804	-4.24843e-06
804.5	-4.4307e-06
805	-4.68401e-06
805.5	-4.61908e-06
806	-4.42536e-06
806.5	-3.76489e-06
807	-3.39718e-06
807.5	-3.57566e-06
808	-3.40992e-06
808.5	-3.18243e-06
809	-2.62108e-06
809.5	-1.97789e-06
810	-2.74865e-06
810.5	-3.45243e-06
811	-4.54137e-06
811.5	-5.41285e-06
812	-5.58448e-06
812.5	-5.63761e-06
813	-6.24624e-06
813.5	-6.81008e-06
814	-7.2217e-06
814.5	-7.75287e-06
815	-8.929e-06
815.5	-1.30885e-05
816	-9.71183e-05
816.5	0.000303384
817	0.000197137
817.5	-3.86904e-05
818	-9.67543e-05
818.5	-1.4636e-05
819	-9.47345e-06
819.5	-7.96146e-06
820	-7.30155e-06
820.5	-7.27157e-06
821	-7.40686e-06
821.5	-7.21169e-06
822	-7.56856e-06
822.5	-7.43788e-06
823	-6.90247e-06
823.5	-6.08886e-06
824	-5.41505e-06
824.5	-5.0564e-06
825	-4.94004e-06
825.5	-5.05793e-06
826	-5.15531e-06
826.5	-5.22452e-06
827	-5.31709e-06
827.5	-5.39948e-06
828	-5.57244e-06
828.5	-5.61858e-06
829	-5.64556e-06
829.5	-5.85334e-06
830	-6.07218e-06
830.5	-6.38453e-06
831	-6.81024e-06
831.5	-7.56666e-06
832	-9.93442e-06
832.5	-7.73231e-05
833	-0.000172921
833.5	0.00028624
834	-2.09175e-05
834.5	-0.000115992
835	-2.06401e-05
835.5	-1.32587e-05
836	-1.17796e-05
836.5	-9.94106e-06
837	-9.3133e-06
837.5	-6.90977e-06
838	-5.24099e-06
838.5	-4.44098e-06
839	-4.17488e-06
839.5	-4.11919e-06
840	-4.10967e-06
840.5	-4.04133e-06
841	-4.13222e-06
841.5	-4.19826e-06
842	-4.37787e-06
842.5	-4.53948e-06
843	-4.78333e-06
843.5	-5.31705e-06
844	-5.99587e-06
844.5	-6.97809e-06
845	-8.19792e-06
845.5	-1.02228e-05
846	-2.25743e-05
846.5	-0.000230658
847	0.000198456
847.5	-8.39634e-07
848	-8.72878e-05
848.5	-4.10211e-05
849	-1.09022e-05
849.5	-9.63477e-06
850	-1.0354e-05
850.5	-1.4033e-05
851	-1.30354e-05
851.5	-1.08046e-05
852	-8.98213e-06
852.5	-8.18451e-06
853	-7.88329e-06
853.5	-7.686e-06
854	-7.69939e-06
854.5	-7.79178e-06
855	-7.72878e-06
855.5	-7.80739e-06
856	-7.84394e-06
856.5	-7.98914e-06
857	-8.65683e-06
857.5	-9.05636e-06
858	-9.45256e-06
858.5	-9.98814e-06
859	-9.99787e-06
859.5	-1.05619e-05
860	-1.18079e-05
860.5	-1.4811e-05
861	-7.71384e-05
861.5	-0.000280355
862	0.00030391
862.5	2.46636e-05
863	-0.000108103
863.5	-2.69457e-05
864	-1.91551e-05
864.5	-1.60605e-05
865	-1.45776e-05
865.5	-1.23868e-05
866	-1.07007e-05
866.5	-9.93152e-06
867	-9.40417e-06
867.5	-7.55039e-06
868	-6.51678e-06
868.5	-6.24686e-06
869	-6.64839e-06
869.5	-6.92407e-06
870	-7.18776e-06
870.5	-6.79489e-06
871	-7.31349e-06
871.5	-7.65855e-06
872	-8.99452e-06
872.5	-9.33323e-06
873	-9.60458e-06
873.5	-1.01028e-05
874	-1.05289e-05
874.5	-1.07555e-05
875	-1.05631e-05
875.5	-1.03999e-05
876	-1.06272e-05
876.5	-1.15793e-05
877	-1.16047e-05
877.5	-1.17577e-05
878	-1.10036e-05
878.5	-9.37273e-06
879	-8.0699e-06
879.5	-7.0303e-06
880	-5.94284e-06
880.5	-5.43167e-06
881	-5.46352e-06
881.5	-5.55577e-06
882	-5.73993e-06
882.5	-5.94917e-06
883	-6.17976e-06
883.5	-6.42902e-06
884	-6.94596e-06
884.5	-8.06955e-06
885	-1.16715e-05
885.5	-8.83626e-05
886	0.000329618
886.5	0.000146779
887	-6.40571e-05
887.5	-9.00957e-05
888	-1.3848e-05
888.5	-1.37845e-05
889	-1.5884e-05
889.5	-1.58363e-05
890	-1.34391e-05
890.5	-1.08513e-05
891	-9.46844e-06
891.5	-8.21445e-06
892	-7.40082e-06
892.5	-6.75227e-06
893	-6.29264e-06
893.5	-5.94635e-06
894	-5.66145e-06
894.5	-5.43513e-06
895	-5.1685e-06
895.5	-5.054e-06
896	-5.00048e-06
896.5	-4.86084e-06
897	-4.77581e-06
897.5	-4.87419e-06
898	-5.0786e-06
898.5	-5.27829e-06
899	-5.50611e-06
899.5	-5.68842e-06
900	-5.87559e-06
900.5	-6.14202e-06
901	-6.4407e-06
901.5	-6.70633e-06
902	-7.18925e-06
902.5	-8.11028e-06
903	-1.04609e-05
903.5	-6.17665e-05
904	-0.000264647
904.5	0.000393034
905	-6.59271e-06
905.5	-0.000115445
906	-2.79824e-05
906.5	-1.42313e-05
907	-1.04595e-05
907.5	-9.19555e-06
908	-8.60585e-06
908.5	-7.83202e-06
909	-7.25343e-06
909.5	-6.91751e-06
910	-6.83893e-06
910.5	-6.78455e-06
911	-6.85759e-06
911.5	-6.95613e-06
912	-7.14471e-06
912.5	-7.278e-06
913	-7.45614e-06
913.5	-7.57268e-06
914	-7.59549e-06
914.5	-7.53769e-06
915	-7.62181e-06
915.5	-7.72384e-06
916	-7.81697e-06
916.5	-7.85703e-06
917	-7.95407e-06
917.5	-8.02718e-06
918	-7.37137e-06
918.5	-6.108e-06
919	-5.313e-06
919.5	-5.90612e-06
920	-6.59215e-06
920.5	-6.93303e-06
921	-6.60043e-06
921.5	-7.00308e-06
922	-7.39282e-06
922.5	-7.69292e-06
923	-7.67125e-06
923.5	-7.66024e-06
924	-7.60337e-06
924.5	-7.47331e-06
925	-7.53238e-06
925.5	-7.54663e-06
926	-7.65349e-06
926.5	-7.6885e-06
927	-7.59641e-06
927.5	-7.43004e-06
928	-7.32764e-06
928.5	-7.26015e-06
929	-7.28973e-06
929.5	-7.5549e-06
930	-7.97492e-06
930.5	-8.76714e-06
931	-1.03681e-05
931.5	-1.54938e-05
932	-0.000158502
932.5	0.000169713
933	0.000143526
933.5	-2.88346e-05
934	-8.68443e-05
934.5	-2.19036e-05
935	-1.62176e-05
935.5	-1.19441e-05
936	-8.94348e-06
936.5	-7.34482e-06
937	-6.44316e-06
937.5	-6.27562e-06
938	-6.52176e-06
938.5	-6.89966e-06
939	-7.29784e-06
939.5	-7.53962e-06
940	-7.85556e-06
940.5	-8.27844e-06
941	-8.66904e-06
941.5	-8.95149e-06
942	-9.17512e-06
942.5	-9.18246e-06
943	-9.08758e-06
943.5	-9.02386e-06
944	-9.02914e-06
944.5	-9.25434e-06
945	-9.57455e-06
945.5	-1.02528e-05
946	-1.16396e-05
946.5	-2.35414e-05
947	-0.00028012
947.5	0.000383873
948	2.76188e-05
948.5	-0.00010184
949	-3.43357e-05
949.5	-1.85884e-05
950	-1.30542e-05
950.5	-8.94935e-06
951	-6.80866e-06
951.5	-5.77212e-06
952	-5.48789e-06
952.5	-5.49219e-06
953	-5.47962e-06
953.5	-5.51963e-06
954	-5.61321e-06
954.5	-5.7729e-06
955	-5.97218e-06
955.5	-6.20088e-06
956	-6.53948e-06
956.5	-6.86731e-06
957	-7.10459e-06
957.5	-7.41408e-06
958	-7.73929e-06
958.5	-7.95827e-06
959	-8.18661e-06
959.5	-8.79598e-06
960	-1.01392e-05
960.5	-1.43179e-05
961	-9.46463e-05
961.5	0.000250061
962	0.000183741
962.5	-8.48428e-06
963	-0.000103925
963.5	-2.62418e-05
964	-1.84778e-05
964.5	-1.29922e-05
965	-8.94117e-06
965.5	-6.47538e-06
966	-5.26636e-06
966.5	-4.43716e-06
967	-3.7251e-06
967.5	-3.17687e-06
968	-2.76178e-06
968.5	-2.4108e-06
969	-2.05476e-06
969.5	-1.66913e-06
970	-1.29186e-06
970.5	-1.12704e-06
971	-1.11752e-06
971.5	-1.2136e-06
972	-1.47986e-06
972.5	-1.6082e-06
973	-1.83151e-06
973.5	-2.14201e-06
974	-2.54273e-06
974.5	-2.51516e-06
975	-2.78003e-06
975.5	-2.70206e-06
976	-2.25143e-06
976.5	-2.22383e-06
977	-1.50056e-06
977.5	-1.37517e-06
978	-9.41615e-07
978.5	-1.39548e-06
979	-2.088e-06
979.5	-2.74779e-06
980	-3.31453e-06
980.5	-3.58506e-06
981	-3.61439e-06
981.5	-3.75675e-06
982	-4.14993e-06
982.5	-4.58877e-06
983	-5.03329e-06
983.5	-5.69617e-06
984	-6.53052e-06
984.5	-7.59161e-06
985	-8.99358e-06
985.5	-1.1172e-05
986	-1.73691e-05
986.5	-0.000139344
987	0.00014851
987.5	3.83246e-05
988	-7.9613e-05
988.5	-6.69674e-05
989	-1.60786e-05
989.5	-1.56735e-05
990	-1.47721e-05
990.5	-1.39613e-05
991	-1.39007e-05
991.5	-1.33316e-05
992	-1.18847e-05
992.5	-1.02174e-05
993	-8.92113e-06
993.5	-7.82543e-06
994	-8.10626e-06
994.5	-8.61074e-06
995	-9.25756e-06
995.5	-8.95977e-06
996	-9.25841e-06
996.5	-9.12027e-06
997	-9.19262e-06
997.5	-9.191e-06
998	-8.69954e-06
998.5	-8.74301e-06
999	-8.27884e-06
999.5	-7.03912e-06
1000	-5.75922e-06
