0.119 453707
0.646 459276
0.676 454498
1.151 484143
1.481 768711
1.498 516938
1.502 526558
1.536 741022
1.686 517006
1.793 455329
1.809 721406
2.109 439126
2.228 495823
2.305 493494
2.462 459319
2.971 783718
3.174 483599
3.436 793030
3.536 452032
4.207 775981
4.665 442101
4.889 437787
5.417 465911
5.455 458065
5.943 441636
6.056 486519
6.463 434537
7.238 529116
8.417 502464
8.496 479846
8.538 507642
8.709 759124
9.003 503435
9.542 528407
10.034 459094
10.397 523673
10.621 768479
10.664 532796
10.809 450941
11.440 442891
11.600 6583
11.603 443635
11.700 6760
11.842 511953
11.949 338741
12.125 6809
12.169 487676
12.175 6758
12.300 6604
12.414 717632
12.422 440645
12.450 19152
12.450 6735
12.525 6786
12.541 457688
12.550 6813
12.778 428442
12.925 337746
13.000 337323
13.100 6837
13.125 337264
13.350 337296
13.425 6672
13.675 337772
13.700 337557
13.900 337439
13.925 337410
14.125 337149
14.125 6625
14.175 337380
14.225 337444
14.300 337917
14.333 511376
14.425 337438
14.435 436697
14.443 762806
14.500 337387
14.725 337593
14.775 337263
15.048 474762
15.050 337734
15.079 445844
15.084 456874
15.771 440598
16.183 376998
16.547 494088
16.675 19101
16.900 18947
16.934 460557
17.101 449467
17.150 299896
17.284 507119
17.526 500350
17.548 527472
18.075 483691
18.100 19154
18.147 472533
18.950 19026
19.059 535652
19.106 764998
19.198 447021
19.625 18863
19.763 520677
19.800 305693
19.912 472179
20.194 462782
20.612 465900
20.916 530171
21.050 285984
21.050 287909
21.125 294672
21.166 533238
21.193 487789
21.518 466790
21.566 394203
21.876 442255
22.150 19152
22.865 467725
22.875 19056
22.925 279776
23.082 352170
23.100 282032
23.124 393858
23.486 491688
23.699 514466
23.716 469338
23.783 493792
23.793 526116
23.925 305634
24.050 279163
24.143 460385
24.500 287331
24.557 443191
24.675 291355
24.741 400931
24.925 296836
24.945 381377
25.150 294058
25.171 485172
25.175 282160
25.175 338671
25.400 6760
25.455 411770
25.475 282613
25.525 302843
25.525 312580
25.550 279107
25.648 459800
25.725 6786
25.900 290673
25.952 662328
26.000 281440
26.025 6788
26.050 21086
26.050 21115
26.050 279771
26.150 289870
26.175 21102
26.175 293597
26.235 449020
26.250 21087
26.250 287221
26.275 3237
26.300 282042
26.325 275763
26.350 283210
26.350 3309
26.375 280869
26.400 3416
26.425 3265
26.525 282608
26.525 288597
26.525 3353
26.525 6837
26.550 277439
26.575 3301
26.575 3331
26.575 3347
26.575 337618
26.625 6813
26.675 311224
26.750 6809
26.825 304502
26.850 20911
26.875 288289
26.894 529089
26.900 291339
26.925 21070
26.925 298166
26.925 3368
26.950 283850
26.953 490847
26.959 505258
27.025 21050
27.025 283112
27.050 3283
27.075 3129
27.125 289453
27.141 468815
27.150 3413
27.175 337589
27.177 461454
27.200 284921
27.225 290764
22.250 1224
27.225 295479
27.275 286544
27.300 288358
27.325 287878
27.350 6735
27.375 303416
27.375 303887
27.400 3286
27.425 263569
27.425 316523
27.450 284327
27.450 292468
27.450 3307
27.450 6625
27.475 20987
27.500 301640
27.575 296355
27.575 6604
27.675 337625
27.700 289766
27.750 288326
27.800 275373
27.825 287168
27.825 303254
27.925 277415
27.925 280283
27.933 508734
27.975 297613
27.975 337385
28.000 288392
28.000 3260
28.050 281483
28.100 285580
28.150 278977
28.150 292865
28.175 297486
28.175 302185
28.200 6758
28.205 516033
28.300 284329
28.325 279258
28.325 282002
28.325 290624
28.375 278086
28.375 286048
28.425 18947
28.450 279763
28.475 337734
28.500 301020
28.525 279825
28.537 383564
28.550 293669
28.575 337684
28.600 266467
28.600 297041
28.650 296366
28.675 284470
28.675 291718
28.725 293938
28.725 300404
28.775 284886
28.825 19026
28.900 288942
28.950 294338
29.000 287261
29.005 514348
29.050 285039
29.075 306883
29.100 295267
29.125 300467
29.125 3215
29.125 327074
29.175 305693
29.196 465881
29.300 337627
29.325 267063
29.325 278026
29.350 302781
29.375 18863
29.375 284376
29.375 296942
29.377 483044
29.450 288861
29.475 295379
29.475 337772
29.500 282733
29.525 280428
29.550 292947
29.675 284472
29.698 705929
29.700 286036
29.725 301706
29.725 314120
29.750 277503
29.750 301691
29.775 291875
29.800 303389
29.825 302157
29.875 278636
29.925 286006
29.925 309862
29.950 296352
29.975 283119
30.000 337438
30.025 281981
30.075 280905
30.075 337232
30.100 285033
30.100 297124
30.100 337294
30.125 277481
30.150 291198
30.150 294825
30.150 299922
30.150 306779
30.175 303408
30.200 337410
30.225 337355
30.250 294078
30.250 337536
30.250 337592
30.277 504031
30.300 275769
30.325 276518
30.325 280292
30.325 337651
30.350 291835
30.350 337626
30.375 337447
30.375 337598
30.400 299896
30.400 337917
30.425 279687
30.450 299242
30.475 288369
30.475 296326
30.475 337746
30.525 337263
30.550 337380
30.550 337387
30.575 279766
30.600 337676
30.650 337384
30.650 337415
30.675 285624
30.700 278590
30.700 337439
30.700 337467
30.750 295923
30.750 337321
30.750 337323
30.775 337149
30.775 337557
30.800 284259
30.800 298172
30.800 337593
30.825 337296
30.850 3309
30.900 286662
30.900 290685
30.900 294080
30.900 3265
30.925 299915
30.950 3416
30.975 297116
30.975 301595
31.000 287809
31.050 3353
31.100 3301
31.100 337264
31.125 337644
31.150 278075
31.175 3347
31.200 296412
31.275 284256
31.325 3237
31.350 289562
31.350 3331
31.475 278597
31.516 490689
31.525 289533
31.550 296946
31.575 3368
31.600 287182
31.625 19061
31.625 3283
31.725 337532
31.800 3129
31.900 299260
31.975 503380
32.025 271071
32.150 3413
32.175 289532
32.400 295065
32.473 521014
32.525 297494
32.769 540815
32.812 443866
32.850 3307
32.880 499060
32.881 512739
33.075 3260
34.111 515027
34.675 337625
34.700 337618
34.831 475804
35.100 337444
35.100 337589
35.192 529884
35.300 337772
35.432 542397
35.541 451590
35.575 337263
35.600 337467
35.625 337447
35.625 337627
35.700 337232
35.700 337385
35.825 337264
35.825 337294
35.825 337410
35.975 337557
36.025 337536
36.100 337296
36.183 532587
36.225 337917
36.273 501218
36.400 337593
36.425 337438
36.486 496508
36.500 337380
36.525 19065
36.650 337321
36.791 459374
36.800 337149
37.083 454772
37.125 337323
37.469 483984
37.476 478341
37.544 475074
37.811 438810
38.150 524590
38.413 735615
38.670 483928
38.725 516185
38.976 772589
39.183 536418
39.544 673034
39.644 439453
39.645 439385
40.175 19026
40.195 451515
40.245 366557
40.259 477010
40.316 475030
40.712 402030
40.771 454035
41.072 486866
41.657 765753
42.314 467921
42.439 451799
42.614 460252
42.920 472179
44.466 483625
44.748 535461
44.976 492330
45.012 502860
45.200 6837
45.338 444132
45.550 6672
45.762 479421
45.775 6813
45.892 480870
46.425 338671
46.529 498044
46.597 436740
46.625 6786
46.639 517795
46.825 6604
46.872 520307
46.925 6788
47.100 438820
47.475 6583
47.663 496573
47.700 19056
47.700 6735
48.195 486725
48.725 19061
49.065 464240
49.400 6625
49.500 6809
49.825 337439
50.125 19065
50.200 337355
50.324 747192
50.433 697896
50.853 526639
50.935 533389
51.160 471244
51.513 459701
51.572 484634
51.896 499480
52.125 345228
52.159 440092
52.476 500168
52.986 491293
45.725 1224
53.663 437236
54.053 475843
54.418 500905
55.066 444529
55.602 511859
55.695 439040
55.872 540792
56.479 539336
56.536 405850
56.803 497298
57.627 459538
57.775 19056
58.146 512613
58.181 525983
58.397 437497
58.818 485472
59.003 493054
59.720 499713
60.375 337532
60.377 501988
60.425 6758
60.455 502738
60.576 410616
60.697 374649
60.743 475151
61.000 6837
61.031 445871
61.350 6583
61.473 703784
61.925 338671
61.925 6788
61.941 761808
61.983 444324
62.050 6672
62.400 6813
62.545 504650
62.825 6625
63.123 364118
63.300 337415
63.434 487663
63.497 781172
63.625 19061
63.726 493922
63.825 337439
64.027 377724
64.100 15098
64.125 6735
64.225 337592
64.300 337593
64.375 6760
64.497 511447
64.850 337746
65.337 493406
65.592 385226
65.631 486725
65.696 516361
66.523 752329
66.825 14923
66.918 723999
67.800 15132
67.886 360830
69.126 444753
69.726 491891
69.790 446787
69.812 756976
70.246 444052
70.746 524206
70.783 726978
70.862 538444
71.075 732812
71.256 516360
71.736 450103
71.974 726197
72.340 450536
72.362 406677
73.150 19061
73.543 522313
74.057 506728
74.138 492841
74.555 760111
74.560 534046
74.597 532857
75.875 6809
75.933 459473
76.139 400439
76.375 6786
76.572 407113
76.950 6760
77.050 6583
77.475 19154
77.525 6625
77.550 6604
78.075 6813
78.620 435548
78.650 338671
78.750 6735
78.775 6788
78.779 351547
78.798 479487
78.850 6837
79.025 337264
79.450 337232
62.450 1224
79.475 337323
79.719 493275
79.841 525027
79.871 746869
80.250 18863
80.400 6758
80.428 474389
81.089 467703
81.602 454678
81.751 431069
81.996 759455
82.051 535002
82.204 475344
83.257 398264
83.556 491704
83.650 19026
83.964 435931
84.225 737123
84.229 511014
84.274 430627
85.676 397862
86.365 473660
86.809 749299
86.842 407342
86.872 534838
88.136 362050
88.369 450536
89.243 370405
89.399 479310
89.763 538073
90.062 533750
90.184 541007
90.206 440159
90.400 6672
90.925 6809
90.975 6625
91.450 6813
92.173 488810
92.252 444252
92.278 469245
92.345 463382
92.470 381421
92.522 364118
92.675 6583
92.704 489419
92.775 337263
92.873 528407
93.000 282002
93.318 507843
93.433 763212
93.500 6760
93.500 6788
93.789 763212
93.956 701896
94.000 291835
94.075 6786
94.393 476972
94.519 444052
94.544 440598
94.800 6837
95.125 6758
95.315 447352
95.496 474690
95.675 337592
95.878 509799
96.575 15026
96.840 458335
97.069 503954
97.131 467606
97.251 497672
97.739 502842
97.950 14926
98.473 537903
98.525 19026
98.632 446268
99.754 479558
99.836 455736
101.147 434447
102.126 462488
102.275 290624
102.787 531988
104.002 496826
104.019 479216
104.107 501037
104.231 513288
104.350 312580
104.726 661496
104.775 338671
105.399 511384
105.475 6760
105.520 465881
105.575 6809
105.675 6758
105.775 6604
105.831 400931
105.950 279825
106.100 6786
106.226 459374
106.400 337746
106.500 6625
106.800 6672
106.825 6735
79.800 1224
106.898 468687
107.214 487201
107.456 783199
107.475 6583
107.532 468642
107.750 309862
107.775 6837
108.030 478236
108.100 6813
108.214 428155
108.226 442725
108.425 277503
108.549 724188
108.550 337263
108.653 468394
108.662 428155
108.743 505947
108.792 518891
108.809 471879
109.343 473519
109.508 469006
109.600 6788
110.275 18863
110.275 19152
110.332 439031
110.500 337149
110.600 14851
111.238 524202
111.345 438836
111.551 529648
112.054 459231
112.925 281440
113.575 19065
114.120 506797
114.175 288369
114.507 485690
114.871 727554
115.552 518892
116.231 518856
116.616 468715
116.625 476896
116.747 737180
117.125 299242
117.428 740890
118.166 791919
118.377 786092
118.601 538107
118.825 282032
119.100 279763
119.143 531893
119.250 306779
119.500 285039
119.850 20911
119.925 284376
120.000 290673
120.012 493157
120.094 435994
120.100 286048
120.313 441132
120.630 414489
120.675 6786
120.700 283210
120.700 6625
120.950 3215
121.010 479650
121.025 3353
121.225 287182
121.250 6760
121.375 19056
121.500 3307
121.650 3129
121.650 6735
121.675 6809
121.684 767618
121.700 295065
121.875 6837
121.900 6813
121.925 3286
121.950 306883
122.050 284886
122.150 338671
122.450 278977
122.450 284472
122.475 291355
122.489 461530
122.600 275373
122.625 3416
122.625 6583
122.800 6758
122.900 277503
122.900 291875
122.900 302185
122.925 284470
122.950 6604
123.075 279825
123.161 503631
123.226 748696
123.234 769814
123.250 303887
123.275 277481
123.287 535788
123.300 21086
107.375 1224
123.300 305634
123.350 283850
123.400 279771
123.400 3331
123.425 21070
123.425 3265
123.425 3309
123.450 296326
123.500 296836
123.500 304502
123.625 3260
123.625 3283
123.633 449596
123.675 291339
123.750 21087
123.775 279687
123.775 280869
123.775 282608
123.800 20987
123.925 279107
123.925 3237
123.925 337467
123.960 521785
123.975 275763
124.073 527922
124.075 21102
124.075 281981
124.100 288289
124.125 3368
124.125 6788
124.150 292947
124.175 279163
124.200 287878
124.225 337355
124.268 442884
124.300 275769
124.300 291198
124.325 294058
124.400 337149
124.425 290624
124.500 3413
124.575 278597
124.625 21115
124.625 297041
124.650 285033
124.650 289766
124.700 279766
124.814 444611
124.850 21050
124.850 278075
124.850 3301
124.875 288597
124.875 337296
124.875 6672
124.900 295479
124.925 263569
124.950 290764
124.975 311224
124.990 452953
125.000 281440
125.025 285580
125.050 277415
125.050 297116
125.075 286036
125.100 290685
125.125 289533
125.132 459239
125.150 337264
125.175 286006
125.250 289562
125.250 337323
125.325 19026
125.325 282160
125.325 287261
125.340 452953
125.350 278590
125.350 282613
125.350 288392
125.350 302781
125.375 293597
125.375 300467
125.400 276518
125.450 282042
125.450 282733
125.525 279258
125.530 442627
125.575 293938
125.600 337263
125.625 287331
125.625 294825
125.650 337387
125.725 285624
125.775 337385
125.800 280283
125.800 298166
125.800 337447
125.825 288358
125.825 289453
125.975 280428
126.000 288942
126.025 298172
126.049 457636
126.050 289870
126.050 3347
126.050 337626
126.075 337536
126.100 292468
126.100 294672
126.250 296412
126.300 295267
126.325 302157
126.400 277439
126.425 288369
126.475 267063
126.475 296355
126.525 278636
126.525 287809
126.525 3307
126.575 297124
126.600 316523
126.600 337384
126.675 284329
126.675 337444
126.717 750838
126.725 266467
126.725 3129
126.725 337532
126.750 337625
126.775 291718
126.775 3215
126.825 3353
126.850 286662
126.850 337592
126.875 284256
126.900 294080
126.925 284921
126.925 294338
126.925 337772
126.950 280905
126.950 301640
126.950 337415
126.975 337321
126.975 337746
127.050 288861
127.075 280292
127.100 279776
127.150 337627
127.175 296942
127.175 301020
127.175 3286
127.200 296366
127.275 297613
127.300 281483
127.300 297486
127.344 480455
127.350 287221
127.350 287909
127.350 327074
127.350 337438
127.375 299915
127.400 295379
127.450 301706
127.525 292865
127.575 309862
127.600 302843
127.625 286544
127.650 337684
127.675 299896
127.675 337593
127.700 301595
127.709 511511
127.750 301691
127.800 337410
127.818 471879
127.850 337651
127.875 283112
127.900 278086
127.900 305693
127.925 337589
127.950 284327
127.975 296946
128.025 3416
128.075 299922
128.100 282002
128.100 337439
128.121 465881
128.125 303416
128.150 283119
128.150 289532
128.150 312580
128.150 3265
128.161 396016
128.175 303254
128.200 271071
128.202 736174
128.225 294078
128.250 285984
128.250 3260
128.250 3309
128.304 541617
128.325 278026
128.400 3283
128.425 288326
128.450 295923
128.450 3331
128.550 293669
128.575 303389
128.650 299260
128.650 300404
128.775 296352
128.775 297494
128.800 284259
128.800 3368
128.843 767618
128.850 287168
128.850 337232
128.925 337644
128.931 773820
128.932 448585
128.950 291835
128.975 337917
129.150 337149
129.357 474896
129.375 337294
129.700 299242
129.750 303408
129.775 3413
129.800 306779
129.800 337734
129.850 3301
129.868 461695
129.925 314120
129.937 446925
130.025 337557
130.356 445210
130.375 337296
130.424 442020
130.667 723340
130.675 337380
130.875 337323
131.225 3347
131.400 337355
131.494 474575
131.700 337536
131.778 484606
131.931 507204
131.950 337598
131.975 337532
132.111 486439
132.175 18947
132.200 337676
132.266 512726
132.675 337746
132.825 337467
132.943 440581
133.025 337589
133.100 337618
133.175 337651
133.390 474498
133.650 337439
133.805 460561
133.867 448484
133.875 337772
134.011 515590
134.125 337438
135.209 379326
135.270 379220
136.087 535406
136.368 504554
136.620 744778
136.998 492723
137.338 363733
137.762 414489
137.934 511076
138.054 525487
138.071 432971
138.309 440598
138.371 498544
138.388 511868
138.565 767396
138.642 443635
138.651 455713
139.440 498544
139.739 486399
139.908 743600
140.727 507642
140.777 468046
140.790 452582
141.162 458771
141.223 666608
141.341 486638
141.705 472411
141.750 338671
141.900 6758
141.906 518594
141.947 368146
142.084 445871
142.795 434077
142.939 474753
143.125 6625
143.227 472879
143.343 783425
143.522 447344
143.525 6583
143.675 6760
143.805 445491
142.800 1224
144.000 14885
144.000 6735
144.075 6604
144.500 6788
144.575 6809
144.675 6813
144.700 6672
144.925 6786
145.053 543275
145.196 338767
145.260 457732
145.357 432573
145.839 463214
146.992 467921
147.352 485920
147.407 461686
147.476 457308
148.198 509428
149.045 465624
149.070 784517
149.863 441905
150.100 773844
150.213 401086
150.234 468715
150.556 445634
150.729 448025
150.816 475843
151.237 512847
151.679 533669
151.745 479575
152.571 496808
153.174 490944
153.327 508978
153.507 399323
154.033 388303
154.098 448838
154.612 474115
154.852 508418
155.024 780684
155.134 436834
155.525 6583
155.632 356150
156.122 390558
156.237 436741
156.683 364799
156.745 522899
156.843 539168
156.940 746313
157.457 458476
157.775 337410
157.900 337598
157.950 6625
158.225 6760
158.275 6735
158.500 6786
158.620 461289
158.650 337385
158.700 337296
158.800 337746
158.925 6604
159.300 448668
159.444 457361
159.635 434047
160.122 498587
160.350 337557
160.375 337294
160.407 501282
160.425 337384
160.425 6837
160.475 337380
160.575 337625
160.675 6758
160.750 337532
160.750 474493
160.894 472215
160.900 337439
161.050 337627
161.175 337734
161.200 337323
161.450 337644
161.457 525403
161.697 438823
162.225 337772
162.320 501218
162.371 473331
162.586 436482
162.814 508601
163.025 337618
163.285 463081
163.745 453930
163.911 534677
163.960 467998
164.150 532882
164.883 455877
164.989 441651
165.323 518148
165.489 441597
165.622 448466
165.997 435087
166.227 743600
166.423 351023
166.930 506797
158.650 1224
167.372 345433
168.138 441705
168.340 451237
168.522 472565
168.676 527559
169.358 419273
169.632 740766
169.773 455130
169.840 459048
169.891 519281
169.911 372146
170.718 482587
171.074 492861
171.555 465162
171.601 439028
171.625 6813
171.700 528974
171.725 6809
172.008 503922
172.075 14813
172.089 408917
172.550 6788
172.950 338671
173.100 18863
173.100 6604
173.125 6735
173.178 769832
173.333 468139
173.400 6786
173.575 6672
173.800 6760
173.975 6583
174.075 14954
174.175 6625
174.210 435545
174.266 440581
174.303 448838
174.775 337384
174.804 522598
175.097 479733
175.137 529227
175.750 337746
176.155 473199
177.069 498729
177.100 6758
177.481 352188
177.515 451946
177.745 516216
178.124 378104
178.139 437267
178.167 445354
178.825 18947
179.274 439552
179.296 453364
179.593 509081
179.649 497904
179.722 451137
180.110 448025
180.380 407342
181.234 508734
181.438 465363
181.706 449752
181.787 790641
181.823 481236
181.831 775414
182.196 433868
182.267 434793
182.334 497574
182.777 742504
183.554 485177
183.637 496021
184.450 477714
184.804 488524
185.300 337294
185.300 337598
185.475 466361
185.525 356158
185.745 490358
186.312 446850
186.963 437267
187.025 6788
187.050 6760
187.075 6625
187.091 778372
187.175 6837
187.302 455877
187.317 440812
187.568 505419
187.700 6672
187.760 421686
187.900 6809
188.199 728066
188.352 524645
188.425 6786
188.425 6813
188.450 6735
188.525 338671
188.729 500350
188.850 263569
189.412 459792
189.550 6604
189.602 528962
173.550 1224
187.550 1224
189.615 442593
189.675 337625
189.825 297494
189.842 447262
190.122 472446
190.392 512456
190.453 521785
190.863 523428
190.914 438433
191.100 278597
191.265 516033
192.084 492861
192.091 493422
192.211 775833
192.782 467889
193.204 531359
193.857 442989
193.874 524160
193.923 460121
194.560 511043
194.627 485583
195.062 693315
195.101 537336
195.477 469606
195.572 484029
195.690 340204
195.827 349739
196.078 352612
196.449 490390
196.570 443129
196.884 530153
196.997 438830
196.997 481887
197.165 374597
197.303 406611
197.492 436375
197.959 471753
198.596 479421
198.612 491922
198.853 516221
198.856 493551
199.335 487702
199.401 466875
199.461 534723
199.579 452426
200.700 6758
201.000 337294
201.156 530962
201.180 512687
201.531 373959
201.725 438824
201.825 6583
201.825 6760
201.871 458184
201.883 410972
201.928 452372
202.050 6735
202.082 469024
202.237 454730
202.250 6788
202.299 439161
202.525 6625
202.575 6672
203.250 6786
203.294 540154
203.400 337355
203.725 6809
203.850 6813
203.925 337264
204.050 6604
204.533 468353
205.030 519868
205.127 494602
205.129 509374
205.575 731472
205.768 460954
206.234 511627
206.600 14926
206.806 487382
207.302 476879
207.545 473518
209.064 459231
210.325 290624
210.628 541363
210.825 18863
210.980 481778
211.130 529640
211.434 459374
211.631 380830
212.538 463500
212.622 456741
212.807 467423
212.825 19061
212.900 6583
213.214 771543
213.545 459538
213.603 472189
213.720 463015
213.769 697596
213.794 526757
214.070 787856
214.086 478138
200.650 1224
214.506 718585
215.075 6837
215.252 785704
215.475 6760
215.594 495704
215.897 444702
215.925 338671
216.000 6672
216.024 492712
216.088 511447
216.200 6758
216.275 275763
216.325 337321
216.446 483877
216.675 6813
216.971 472619
217.250 6625
217.461 468489
217.700 337355
217.775 6786
217.875 337593
217.920 455329
217.950 452765
218.046 525641
218.075 6788
218.125 6809
218.375 6735
218.379 783718
218.482 435579
218.511 359234
218.990 503179
219.172 439418
219.203 508449
219.242 448072
219.643 442937
220.047 535957
220.450 337772
221.240 459374
221.442 785440
223.120 513805
224.205 457800
225.087 498018
225.126 502281
225.259 486417
225.511 482066
225.679 487567
225.888 462811
226.054 483691
226.200 19061
226.457 425559
226.550 448715
226.695 514466
227.625 6583
227.718 477612
228.620 471111
228.625 6604
229.014 435613
229.235 475934
229.250 19152
229.250 299915
229.340 489636
229.465 467122
229.603 455118
229.898 410851
230.050 6813
230.279 781805
230.705 355259
230.725 338671
231.025 6625
231.175 6786
231.372 512801
231.375 537802
231.425 6760
231.428 507106
231.595 533707
231.725 292468
231.729 442345
231.800 6788
232.107 517907
232.153 430420
232.450 275373
232.475 6758
232.600 538946
232.758 727946
232.875 337734
232.964 438572
233.136 450598
233.200 6809
233.275 277503
233.325 6735
233.528 460184
233.547 464370
233.659 498044
233.998 768479
234.009 518891
234.275 3129
234.387 489523
234.750 279163
234.851 741219
235.262 447558
235.460 463109
235.517 376627
214.775 1224
235.543 461436
235.944 447262
236.450 3265
236.608 436745
236.975 285033
237.000 297124
237.008 434844
237.028 468188
237.158 352009
237.382 438653
237.483 513915
237.575 288597
237.625 3309
237.627 513915
237.725 266467
237.727 442210
237.775 276518
237.775 3286
237.784 350944
237.840 419850
238.175 337149
238.275 516722
238.475 291339
238.562 486039
238.585 462094
238.725 291355
238.835 476526
238.846 436799
238.953 461695
239.098 515286
239.150 278597
239.182 437826
239.225 290764
239.250 279763
239.250 3129
239.262 470419
239.458 500915
239.459 423473
239.525 278075
239.584 462336
239.625 3331
239.675 277415
239.675 294338
239.725 287331
239.738 482548
239.750 267063
239.775 279825
239.800 275763
239.850 297116
239.875 282160
239.975 278026
240.025 282032
240.150 337296
240.167 432824
240.175 278086
240.175 280428
240.175 284921
240.175 286662
240.275 289766
240.300 275769
240.450 279258
240.525 337387
240.575 279771
240.600 285039
240.600 285580
240.670 780770
240.675 287878
240.725 280869
240.750 3307
240.875 280905
240.875 290685
240.900 294825
240.925 284472
241.025 277439
241.040 452607
241.050 282002
241.075 3265
241.075 337232
241.100 337264
241.150 287261
241.150 337294
241.175 3260
241.200 283850
241.200 3215
241.250 282733
241.350 20987
241.350 279687
241.400 284470
241.425 3283
241.425 337355
241.500 263569
241.500 277481
241.675 301691
241.675 3237
241.675 3353
241.750 278636
241.750 337447
241.775 287909
241.800 21070
241.846 487127
241.925 337263
241.975 21087
235.800 1224
241.975 337385
242.000 285624
242.006 513007
242.075 279776
242.125 337415
242.200 337323
242.400 3309
242.425 21086
242.552 413193
242.675 289533
242.675 3286
242.750 21102
242.825 288369
242.825 288942
242.900 337384
243.000 291875
243.000 292468
243.025 283210
243.050 280283
243.075 6672
243.100 284376
243.100 309862
243.150 295479
243.150 337444
243.225 279766
243.251 524206
243.275 287221
243.300 271071
243.325 303408
243.380 524352
243.425 281981
243.525 316523
243.550 281440
243.550 294078
243.550 337149
243.575 302781
243.600 337321
243.625 296355
243.650 282613
243.681 410972
243.700 290624
243.700 3368
243.743 450293
243.750 3347
243.796 778372
243.800 290673
243.800 337598
243.875 287809
243.900 278590
243.900 337536
243.925 289562
243.950 280292
243.950 292947
243.950 301020
243.975 282042
243.975 288392
243.975 295379
243.998 458202
244.000 284327
244.050 3331
244.075 295923
244.151 736768
244.200 301706
244.275 302843
244.275 306883
244.350 281483
244.375 21050
244.375 284886
244.425 303389
244.475 299922
244.500 302185
244.525 3129
244.650 286048
244.650 287182
244.725 278977
244.725 337626
244.725 337627
244.775 288358
244.775 3416
244.800 298172
244.825 337532
244.900 291835
244.975 293669
245.025 300467
245.125 293597
245.125 295267
245.150 296412
245.150 3413
245.200 297041
245.200 3301
245.200 337593
245.225 279107
245.225 297613
245.300 284329
245.300 337410
245.375 21115
245.425 294080
245.450 288289
245.539 483782
245.600 289532
245.725 337380
245.750 282608
245.750 285984
245.775 283119
245.775 294672
245.775 299260
245.775 337625
245.825 3307
245.850 3283
245.875 298166
245.925 15838
245.925 304502
245.975 337296
246.000 291198
246.025 294058
246.075 296366
246.100 286036
246.100 306779
246.150 296836
246.250 337232
246.275 286006
246.300 284259
246.300 3237
246.425 288861
246.475 3260
246.500 287168
246.525 299896
246.550 303416
246.625 283112
246.675 289453
246.700 337438
246.700 6837
246.800 337439
246.850 291718
246.850 296352
246.900 284256
246.900 337467
246.925 305693
246.975 297494
246.975 312580
246.975 337746
247.075 337592
247.100 302157
247.100 337294
247.175 286544
247.425 299915
247.425 300404
247.450 337387
247.459 448567
247.475 296942
247.475 301640
247.475 303254
247.550 288326
247.561 524733
247.650 314120
247.675 301595
247.725 305634
247.799 485305
247.800 299242
247.850 293938
247.900 297486
247.950 327074
248.025 337355
248.125 289870
248.150 296326
248.225 337263
248.300 3368
248.325 3347
248.350 337557
248.350 337589
248.381 496970
248.475 292865
248.475 337447
248.475 337772
248.571 482140
248.600 337734
248.650 337618
248.675 296946
248.775 303887
248.825 337415
248.900 295065
249.025 337684
249.201 462603
249.350 337651
249.525 337676
249.550 3301
249.800 3413
250.087 497965
250.146 474571
250.175 337532
250.200 337323
250.350 337321
251.227 527311
251.457 438008
251.547 378956
251.596 505067
251.700 311224
251.948 434599
252.027 444223
252.214 510600
252.232 534065
252.325 337917
252.755 406765
252.885 444179
253.250 337644
253.458 449232
253.500 6583
253.650 337557
253.657 744083
253.875 337734
253.922 455430
254.000 337676
254.016 450220
254.389 704547
255.063 476679
255.121 470151
255.197 471865
255.374 442288
255.535 501540
255.991 363733
256.912 540906
257.174 453354
257.350 14480
257.990 482066
258.545 346097
258.600 6604
258.709 434565
258.750 6760
258.885 508311
258.981 471102
259.033 414063
259.115 771543
259.275 6735
259.604 462782
259.625 338671
259.702 493157
260.100 6788
260.791 455970
261.142 431251
261.154 377646
261.325 6625
261.987 501232
262.325 6758
262.333 431284
262.413 361988
262.675 6809
262.725 6672
262.986 341594
263.505 452372
263.696 537862
264.000 519809
264.074 497855
264.187 506779
264.402 481309
264.430 434862
264.948 501778
264.974 493797
265.062 435476
265.658 460561
265.805 394579
266.070 449621
266.298 529167
266.673 529474
266.679 502576
266.883 506728
267.015 447343
267.223 493671
267.277 434728
267.411 360577
267.584 485989
267.617 475804
267.651 471711
267.785 473660
267.930 525011
268.000 6583
268.592 537661
269.082 410616
269.205 535158
269.362 432593
270.950 6813
271.248 530706
271.261 438635
271.434 505947
272.950 6786
273.051 446648
273.125 6837
273.350 6735
274.771 503977
275.073 526212
275.100 14955
275.161 404283
275.875 6625
275.944 518514
276.053 473007
276.413 498243
276.483 475013
276.640 456748
276.720 472707
277.366 731417
277.448 484852
277.524 502222
277.653 521942
277.773 480656
277.815 434634
277.841 433037
278.071 464887
262.050 1224
274.700 1224
278.200 6809
278.209 477956
278.278 456540
278.423 351207
278.467 423413
278.735 480858
278.799 473758
279.055 440105
279.252 520488
279.252 757899
279.338 515742
279.454 479421
279.575 14991
279.600 337734
280.048 750025
280.267 484896
280.390 403540
280.715 491069
281.120 500158
282.075 6760
282.966 396883
282.975 337917
283.645 448718
283.895 409567
283.900 338671
283.950 6583
284.589 453153
284.680 369896
284.693 505917
284.904 454783
285.052 535207
285.125 6813
285.161 531359
285.200 337557
285.320 513950
285.577 438059
285.711 365314
286.421 668108
286.425 767396
286.436 437398
286.975 6788
287.225 14957
287.239 356787
287.398 764189
287.888 533993
288.194 536852
288.329 776241
288.387 458284
288.587 437132
288.625 6758
288.775 6735
288.799 458102
289.139 409853
290.086 536333
290.337 455085
290.438 435931
290.650 6672
290.828 441101
290.900 6809
291.000 6837
292.447 506782
292.839 461535
293.030 466875
293.174 495001
293.398 466730
293.650 14678
294.040 467725
294.100 441368
294.114 486210
294.650 15132
295.068 535066
295.125 6786
295.202 739866
295.239 489375
295.588 518726
295.658 453153
295.900 14851
295.986 513436
296.219 450544
296.250 441132
296.418 745367
296.939 415469
297.025 6604
297.100 337323
297.417 467894
297.792 473490
297.792 723905
297.796 436777
297.850 6583
297.963 530185
298.576 365314
299.012 474972
299.036 530153
299.698 488210
299.782 496255
301.004 372593
301.025 6813
301.030 524590
302.078 476130
302.263 508525
302.500 6735
302.688 521537
288.050 1224
302.900 337746
303.025 500562
303.036 534577
303.095 441564
303.147 441088
303.150 338671
303.175 6760
303.490 732812
303.608 490270
304.075 6837
304.335 530434
304.724 496970
304.725 6809
304.731 447136
305.071 457335
305.419 514983
305.630 517786
305.683 749752
306.200 6758
306.256 496452
306.262 792401
306.327 379220
306.525 337684
307.816 520557
307.995 520879
308.021 538461
308.050 466132
308.593 526266
308.895 499488
309.077 465180
309.140 721136
309.221 717208
310.486 771441
310.525 448306
310.620 500905
310.825 6583
311.444 474939
311.861 473300
311.933 435011
312.284 462841
312.545 437236
312.546 435194
312.549 520329
313.000 359813
313.007 523673
313.062 445487
313.151 479487
313.412 473963
313.620 504491
313.625 6788
313.700 14955
313.975 6625
314.275 401112
314.425 6813
314.525 6760
314.541 472179
314.695 365630
314.701 457325
314.750 485071
314.800 6604
315.246 405828
315.317 470320
315.325 491558
315.625 6837
315.850 337598
316.028 515286
316.138 488360
316.400 18947
316.654 436740
316.950 6735
317.100 474493
317.623 516468
317.640 536659
318.000 6672
318.200 6786
318.325 6758
318.550 6809
318.599 515027
318.833 438338
319.098 459132
319.236 480787
319.285 436235
319.892 364013
320.050 286006
320.127 750838
320.161 460255
320.467 494780
320.581 471020
320.754 542391
321.044 464121
321.797 505538
321.950 6583
322.519 508473
322.905 482548
322.908 491342
323.218 444027
323.296 488384
323.708 356150
324.446 438040
324.631 471753
324.725 338671
324.816 439418
304.550 1224
319.925 1224
325.088 462370
325.098 502491
325.386 473915
325.829 447863
326.027 536886
326.357 542028
326.400 790503
327.034 419389
327.098 348356
327.350 6760
327.858 521461
328.050 6813
328.082 492712
328.350 6604
328.562 453772
328.587 530136
328.854 455880
328.936 506066
328.950 6735
329.125 6672
329.365 467384
329.650 6758
329.661 380985
330.044 436181
330.280 491095
330.575 6837
330.630 473592
330.725 14885
331.345 461686
331.735 481604
331.795 480025
331.879 432550
331.950 451380
332.314 445972
332.838 488994
333.299 495822
333.558 512040
333.735 454480
334.896 435994
334.986 744083
336.339 484930
336.831 751439
337.450 6788
337.583 526096
338.137 340110
338.225 6583
338.875 538461
339.368 346488
339.522 474340
340.450 6786
340.600 6625
340.741 477289
340.748 509288
340.954 457842
341.275 338671
341.375 6760
341.401 515736
341.475 6809
341.662 505945
341.690 480253
341.825 6672
341.900 6604
341.970 483013
342.490 495896
342.525 444649
342.540 435094
342.630 469459
342.654 359704
342.900 503285
342.954 503631
343.548 448933
343.850 351023
344.033 437430
344.322 363362
344.495 444052
344.904 513545
344.957 468063
345.128 423233
345.212 542202
345.322 525754
345.405 457248
345.592 497904
345.931 520557
345.945 527105
346.465 457503
346.520 418761
346.567 719834
346.621 472619
346.731 462708
347.939 476989
348.055 790503
348.105 483352
348.613 538474
348.682 491558
348.750 15098
348.805 432793
349.337 519550
349.514 475046
349.896 769814
350.728 508229
350.925 6583
350.950 500229
334.650 1224
351.373 514352
351.417 517181
351.418 455329
351.563 472852
351.655 779586
351.979 451766
352.325 6837
352.917 475317
353.049 452426
353.274 462603
353.325 6788
354.025 337385
354.200 6735
354.225 6758
354.346 346211
354.425 6672
354.746 537358
354.750 6625
354.775 338671
355.575 6809
355.990 360744
356.126 508734
356.141 458020
356.381 455736
357.100 6813
357.122 523995
357.625 465578
357.806 469459
358.275 497314
358.380 752582
358.743 732708
359.542 445230
359.571 440812
359.650 6786
359.657 480729
359.746 498578
359.925 294058
360.057 435194
360.176 464319
361.056 765770
361.747 432962
361.885 465249
361.907 462605
362.080 458020
362.152 512492
362.779 482452
363.136 727872
363.291 445846
363.524 476038
363.824 531344
364.039 512619
364.167 776241
364.206 516959
364.510 782130
364.537 522275
364.870 509013
365.075 355428
365.088 708264
365.138 467449
365.379 346097
365.597 524164
365.607 461895
365.675 20911
365.700 6604
366.225 6760
366.566 466790
366.650 6583
366.734 534516
366.791 464349
367.000 6735
367.325 6758
367.500 3129
367.625 6837
367.753 471877
367.825 6625
367.975 275373
368.139 508601
368.465 486057
368.700 6786
368.737 481430
368.942 740396
368.975 6788
369.002 487771
369.372 473846
369.700 278026
369.750 6813
369.850 6809
370.050 337651
370.350 337149
370.850 6672
371.000 3215
371.077 394579
371.106 507144
371.200 276518
371.425 280869
371.525 277503
371.700 277439
371.930 793293
371.950 288597
372.000 3265
372.125 278597
372.200 3129
352.825 1224
369.025 1224
372.217 775414
372.362 533300
372.450 3309
372.518 731056
372.624 456505
372.725 267063
372.875 275769
373.000 263569
373.067 464733
373.075 278075
373.075 3283
373.175 282608
373.225 278977
373.375 3286
373.450 281440
373.450 290685
373.525 3260
373.600 278086
373.625 280905
373.625 3237
373.700 266467
373.825 279258
373.825 3331
373.925 283850
373.950 337917
374.075 282032
374.100 337264
374.107 499062
374.125 3307
374.183 733972
374.275 282160
374.320 528838
374.325 279825
374.325 280428
374.450 275763
374.500 279771
374.600 291339
374.700 279763
374.700 337294
374.713 731909
374.744 431870
374.775 337323
374.875 337387
374.950 285033
374.975 279163
375.025 284376
375.100 337263
375.125 337296
375.175 285580
375.198 470331
375.225 285039
375.250 291355
375.400 287261
375.425 279776
375.450 278590
375.450 294825
375.550 337232
375.600 284472
375.650 271071
375.650 277415
375.675 284921
375.700 282733
375.725 284470
375.825 284329
375.825 309862
375.900 337385
375.925 282002
375.975 287331
376.000 3215
376.050 3301
376.075 279766
376.181 504048
376.250 286662
376.275 3353
376.325 283210
376.325 290764
376.375 3347
376.425 337384
376.450 294078
376.475 280283
376.521 407603
376.525 289766
376.550 288369
376.650 282042
376.675 281981
376.725 337415
376.775 21087
376.800 288289
376.925 278636
376.925 299922
376.925 337321
376.925 337355
376.989 529884
377.025 282613
377.175 3309
377.175 337447
377.250 280292
377.275 284327
377.350 287182
377.350 287909
377.425 277481
377.425 284886
377.500 279687
377.500 287221
377.625 279107
377.662 373409
377.675 281483
377.800 288942
377.850 337444
377.875 3283
377.941 351522
378.000 21086
378.050 288358
378.100 337149
378.125 285624
378.175 287809
378.250 297124
378.250 3286
378.300 289533
378.325 295479
378.325 3331
378.350 283119
378.350 284259
378.350 295923
378.450 337410
378.525 286544
378.550 294338
378.575 286048
378.600 288392
378.600 293597
378.625 291875
378.650 288326
378.700 337380
378.725 337536
378.750 301691
378.750 3260
378.800 21102
378.800 337598
378.825 287878
378.825 3307
378.850 3237
378.925 297613
379.000 286036
379.025 289562
379.025 295379
379.100 290624
379.225 287168
379.225 337627
379.275 21050
379.350 293669
379.375 284256
379.375 291835
379.400 292947
379.557 459276
379.625 3368
379.650 3416
379.675 285984
379.700 289870
379.700 337439
379.775 286006
379.800 297116
379.800 337387
379.825 292468
379.850 283112
379.900 337625
379.925 19101
379.975 337294
379.975 337438
380.025 288861
380.050 290673
380.050 296355
380.050 337626
380.075 337532
380.125 300467
380.125 302843
380.150 299896
380.200 296366
380.225 337264
380.243 488489
380.350 296942
380.375 337323
380.420 491980
380.425 295267
380.525 297041
380.525 302781
380.525 337385
380.527 351045
380.600 306883
380.625 292865
380.650 291198
380.650 337467
380.700 294672
380.700 3301
380.750 296412
380.750 298166
380.750 3413
380.756 446594
380.800 298172
380.825 303389
380.892 450790
380.900 289532
380.900 297494
380.900 337593
380.950 301595
380.975 337592
381.000 294080
381.000 337296
381.025 301706
381.034 525943
381.100 296352
381.250 289453
381.275 299242
381.275 3347
381.400 21115
381.400 337384
381.425 293938
381.450 294058
381.450 306779
381.575 337684
381.700 337651
381.775 337589
381.975 337415
382.000 3353
382.050 301020
382.050 337746
382.175 291718
382.175 303408
382.200 303416
382.275 304502
382.350 337355
382.425 295065
382.624 394203
382.650 337557
382.775 296326
382.800 296946
382.825 297486
382.875 301640
382.925 337321
383.025 299260
383.025 303887
383.100 299915
383.225 337444
383.314 526212
383.400 337618
383.425 337447
383.475 300404
383.475 302157
383.525 337772
383.600 305634
383.675 337232
383.790 542057
383.804 438338
383.875 302185
383.900 337598
383.950 312580
384.000 303254
384.050 337536
384.300 3416
384.525 337410
384.575 305693
384.600 3368
384.625 337263
384.650 337627
384.675 296836
384.850 337380
384.944 341160
385.225 337644
385.375 337439
385.975 316523
386.000 311224
386.025 474745
386.337 668882
386.509 445810
386.520 479427
386.525 3413
386.775 337676
386.825 337438
386.875 484264
387.050 337625
387.075 337734
387.137 444027
387.325 327074
387.563 538681
387.570 477003
387.650 528496
387.913 442033
387.950 314120
388.100 337651
388.271 514489
388.358 506631
388.531 536852
388.600 481199
389.000 337772
389.050 337917
389.612 530277
390.435 536852
390.491 501765
390.713 465295
391.350 6604
391.525 536667
392.050 6583
392.825 6760
393.525 338671
393.829 484264
393.860 430699
394.231 456820
394.412 508601
394.536 472434
394.845 756989
394.925 6786
395.021 483262
395.509 543139
395.658 752663
396.042 779586
396.110 732333
396.167 445634
396.200 488972
396.425 6672
397.369 420264
397.900 6625
398.357 502738
398.609 478335
399.346 487663
401.125 19056
401.399 516109
401.875 19026
402.975 14954
403.116 460843
403.316 440667
403.647 444986
403.975 337355
404.318 487663
404.817 442576
405.150 6604
405.957 496310
406.025 6583
406.180 436452
406.211 449802
406.462 456203
406.568 510935
406.900 520329
407.231 516828
407.291 526096
407.629 508311
407.875 6735
407.925 6788
408.240 461423
408.501 493204
408.625 337263
408.950 337593
409.552 437748
410.061 527405
410.125 337532
410.465 486265
410.583 444569
410.625 6837
410.650 6758
410.725 6760
410.750 19056
411.013 543158
411.442 526616
411.537 744159
411.647 396579
412.481 735842
412.651 488808
413.099 459924
413.383 743600
413.841 735628
413.913 435132
414.040 457362
414.050 6809
414.140 450003
414.219 350401
414.388 457522
414.450 532514
414.626 455686
414.889 704767
414.900 481604
414.924 538001
415.037 454238
415.137 517578
415.367 438015
415.651 536843
416.007 785440
416.025 337625
416.292 469249
416.306 459616
416.782 441664
416.926 484234
417.132 479111
417.391 478426
417.965 543161
417.976 480236
418.111 739867
418.294 484800
418.476 490270
418.939 531805
418.975 6625
419.373 461530
419.508 491232
419.530 533371
419.675 15068
419.757 507106
420.350 6583
420.825 338671
420.923 542309
421.325 6813
421.460 498096
398.625 1224
420.550 1224
421.630 460320
421.814 506940
422.200 15036
422.250 6788
422.338 503810
423.618 526159
423.767 473431
424.294 517355
424.318 476716
425.396 531189
425.750 6758
426.169 433295
426.265 458065
426.292 380830
426.583 539310
426.700 19061
426.749 451113
427.450 14923
427.738 488064
427.925 15026
427.986 528218
428.081 511330
428.575 6809
429.013 493258
429.275 6672
429.875 15838
429.977 439479
430.060 464121
430.102 351070
430.271 524206
430.350 439300
430.917 452201
431.291 456019
431.400 6604
431.453 444314
431.784 471748
431.897 475033
432.250 449616
432.287 764356
432.314 764189
432.350 6625
432.500 6786
432.672 697896
432.743 506289
432.860 454699
432.975 479575
433.202 466552
433.225 431413
433.438 489642
433.850 6735
433.900 6583
434.117 737058
434.240 370577
435.298 507240
435.334 534046
435.983 436564
436.150 6788
436.462 492921
436.558 471312
436.771 486210
436.776 368820
437.243 503872
437.365 435958
439.545 425275
439.774 524926
440.527 438901
440.621 452528
440.960 459877
441.011 535652
441.227 488994
441.527 526739
441.605 498077
441.857 533750
441.894 451190
441.935 454480
441.990 483356
442.233 536177
442.275 6837
442.777 442576
442.878 511014
442.896 497172
443.100 6758
443.665 500493
443.900 6625
444.575 338671
444.646 482276
445.500 6583
445.700 337387
445.939 470331
446.100 6672
446.100 6760
446.555 468231
446.625 6604
446.872 515354
446.914 728303
446.940 507240
447.120 495762
447.684 438067
447.875 337149
448.123 433630
448.137 485131
448.472 502339
440.625 1224
448.836 434957
448.872 381421
449.834 430949
449.876 455561
449.944 411968
449.974 450996
450.252 486039
450.562 540154
451.775 19065
452.456 787856
452.600 283850
452.611 506797
452.644 494824
453.032 666326
453.456 437089
453.977 487702
454.670 477010
454.907 487495
454.969 508878
455.051 469357
455.354 481394
455.602 455085
455.749 509081
455.873 526358
456.151 468397
456.375 6788
456.504 440876
456.542 414157
456.565 511146
456.975 6837
457.300 6786
457.375 443245
457.404 500282
457.575 6758
457.765 526358
457.893 475344
458.001 479785
458.075 6625
458.141 473917
458.225 6809
458.242 436408
458.600 6735
458.778 500994
458.888 407603
459.025 6672
459.559 489452
459.800 337355
459.825 6760
459.937 414535
460.066 495627
460.100 502136
460.125 6604
460.271 460450
460.364 471651
460.800 6813
461.000 431290
461.150 6583
461.230 509270
461.250 337626
461.350 314120
461.775 284376
461.975 337296
462.142 451803
462.416 491335
463.416 526881
463.726 487663
463.822 770457
463.943 734496
463.971 525252
464.141 392947
465.219 350917
465.386 440518
465.398 536807
465.684 722115
466.250 444122
466.301 497382
466.686 439197
467.809 522605
467.947 515247
468.306 499007
469.048 487562
469.122 538815
469.778 506138
470.369 499786
470.376 460843
470.769 512025
471.012 373959
471.075 6813
471.125 6625
471.500 6758
471.885 536807
471.955 783646
472.125 6837
472.400 338671
472.725 440049
473.066 541479
473.175 6786
473.240 462811
473.421 463500
473.525 6760
473.625 6809
473.825 6735
458.825 1224
473.450 1224
473.875 432593
474.414 357173
474.450 6672
474.625 6788
474.750 337415
474.800 6583
474.851 525530
474.909 427223
475.163 504650
475.186 431318
475.550 337439
475.725 337296
476.210 364013
476.215 347123
476.222 444887
476.343 465900
476.663 475384
476.842 385870
476.900 337263
477.133 516969
478.987 436087
479.053 467725
479.316 534414
479.323 442371
479.642 437398
479.672 438824
479.875 277415
479.928 450071
480.193 443745
480.505 512719
481.310 488341
481.450 275769
481.608 487984
481.627 538490
481.834 469745
482.183 533707
482.290 436716
482.437 488524
482.604 540713
482.813 499157
483.441 475058
484.925 6604
485.159 441387
485.317 363601
485.327 434047
485.358 457894
485.375 513705
485.750 513098
485.973 475046
486.119 456084
486.242 507334
486.282 432593
486.425 6813
486.475 6625
486.511 385226
486.600 278977
487.125 6735
487.174 448805
487.400 6786
487.878 490689
487.900 6760
487.950 337651
487.975 6758
488.075 6809
488.250 6788
488.500 6672
488.525 6583
488.650 279771
488.653 454883
489.330 520780
489.640 528496
489.775 337438
490.115 738726
490.262 501509
490.384 526639
490.476 760967
490.556 449185
490.801 768479
490.875 337447
490.955 442605
491.475 278597
492.216 468489
492.467 483361
492.550 286036
493.604 533110
494.040 533669
494.246 526757
494.458 528480
494.499 744159
494.980 454891
495.675 289453
495.783 477752
496.230 513922
496.240 480656
496.460 454486
496.603 468188
496.964 466860
497.075 280428
497.351 464669
497.600 280905
498.200 284921
498.262 468645
488.500 1224
498.300 275769
498.428 722014
498.500 277439
498.925 306883
499.224 493842
499.293 492721
499.392 539949
499.526 542169
499.610 515842
499.850 282733
500.036 516050
500.275 6837
500.332 527203
500.443 359704
500.809 518498
500.825 290624
500.856 728545
500.879 704767
501.175 281440
501.250 6786
501.275 279776
501.550 338671
501.550 6625
501.600 20911
501.675 6735
501.850 285580
501.900 3265
502.075 3129
502.100 6809
502.225 283119
502.275 6758
502.325 19026
502.475 6604
502.550 6788
502.625 3215
502.675 20987
502.675 291875
502.725 280292
502.950 275763
503.125 3331
503.225 3301
503.231 443979
503.375 3307
503.575 292947
503.600 6760
503.675 267063
503.750 337917
503.800 278086
503.850 3309
503.900 280283
503.900 3237
503.975 282032
503.993 441944
504.025 279763
504.025 281981
504.070 775414
504.116 439187
504.225 3286
504.300 284886
504.350 6672
504.425 3260
504.451 432061
504.475 290764
504.475 291339
504.475 291355
504.500 278597
504.525 280869
504.525 281483
504.650 3283
504.700 282160
504.700 283210
504.700 287221
504.725 277481
504.800 297124
504.811 460761
504.875 287182
504.894 474616
504.908 457263
505.000 278026
505.000 279771
505.025 283850
505.150 311224
505.225 21070
505.275 3368
505.325 288597
505.325 289562
505.338 436777
505.425 295379
505.500 279258
505.500 290685
505.525 337149
505.525 3413
505.575 284376
505.625 279107
505.700 21087
505.700 3347
505.725 21050
505.750 275373
505.925 284327
505.950 277503
505.950 279825
505.950 286048
504.300 1224
506.025 3353
506.125 21086
506.125 278075
506.125 294672
506.125 294825
506.175 263569
506.200 282042
506.200 298172
506.300 266467
506.320 477939
506.325 284256
506.350 279687
506.350 284259
506.450 287168
506.475 284472
506.475 337444
506.500 276518
506.550 288289
506.575 287878
506.600 278636
506.650 337384
506.700 21102
506.700 286544
506.875 288369
506.875 3129
506.891 478055
506.900 285039
507.065 454678
507.100 296366
507.125 288358
507.150 271071
507.150 337355
507.150 337410
507.225 279766
507.225 285984
507.325 290673
507.350 278977
507.375 3265
507.400 289766
507.400 3416
507.436 510935
507.450 337438
507.550 279163
507.574 501778
507.575 295479
507.600 277415
507.600 287331
507.625 288392
507.625 289870
507.675 337532
507.678 463385
507.850 287909
507.875 284329
507.900 278590
507.950 288942
507.962 492819
508.000 284470
508.000 302185
508.015 540713
508.050 3215
508.075 286662
508.275 282002
508.325 295267
508.350 294338
508.375 292468
508.475 289453
508.525 285033
508.525 297613
508.550 295923
508.575 297116
508.575 303254
508.600 337625
508.625 337467
508.650 287261
508.675 283112
508.675 295065
508.700 293669
508.700 298166
508.700 3307
508.750 282608
508.775 287809
508.775 288326
508.800 3331
508.850 301691
508.913 476083
508.925 299896
508.925 301706
509.050 299242
509.050 3237
509.125 3309
509.151 435049
509.200 301020
509.225 301595
509.250 296946
509.275 296942
509.275 337626
509.300 3260
509.300 337439
509.325 282613
509.400 3286
509.425 296352
509.450 303887
509.475 3301
509.568 484416
509.575 293597
509.575 294078
509.650 302781
509.650 337321
509.675 286006
509.679 446072
509.700 291198
509.725 299922
509.775 288861
509.850 294080
509.875 286036
509.875 292865
509.875 337589
509.950 285624
509.975 293938
509.975 296355
509.975 312580
510.000 303416
510.000 3283
510.200 291835
510.225 291718
510.250 289532
510.250 337263
510.275 300404
510.275 3347
510.325 337592
510.350 289533
510.450 337264
510.475 299260
510.475 337323
510.525 306779
510.525 337415
510.550 3353
510.553 775576
510.650 302843
510.650 337232
510.655 518891
510.725 297041
510.775 3368
510.800 304502
510.825 337296
510.901 750127
510.940 533669
510.975 337627
511.000 300467
511.050 296326
511.050 337294
511.100 294058
511.150 305634
511.150 337387
511.175 302157
511.300 337149
511.350 303408
511.375 3413
511.475 301640
511.475 337385
511.525 296412
511.550 297494
511.600 337651
511.725 337536
511.750 337557
511.800 297486
511.800 337684
511.838 459174
511.925 299915
511.975 337618
512.150 306883
512.150 337598
512.175 337380
512.175 337746
512.175 3416
512.225 337355
512.250 337384
512.375 309862
512.375 337593
512.414 445803
512.425 337772
512.450 337447
512.525 296836
512.525 303389
512.547 679490
512.650 305693
512.800 492712
512.809 765749
512.890 475788
512.926 444068
512.976 488591
513.075 337644
513.079 463382
513.325 337532
513.475 337438
513.587 352297
513.650 337467
513.825 316523
513.853 528204
514.350 337917
514.450 337676
514.675 337734
514.750 337626
514.799 467725
515.100 311224
515.400 314120
515.500 327074
515.625 337439
516.025 337589
516.062 539194
516.124 718470
516.134 444388
516.159 516411
516.800 432573
516.850 337651
516.875 337592
516.925 337618
517.102 431069
517.165 469245
517.180 401830
517.200 337557
517.452 431413
517.866 404824
517.988 784920
518.245 363601
518.315 467889
518.500 337644
519.067 449431
519.173 481083
519.343 457054
520.375 337917
520.375 474033
520.475 496712
520.755 436408
520.831 486527
520.976 737180
521.066 446195
521.155 471001
521.507 475465
521.634 382366
521.752 485165
521.759 514983
521.775 499782
521.996 438520
522.256 503656
522.269 381057
522.283 502821
522.526 461300
522.540 510028
522.929 724188
523.103 453196
523.500 338671
523.563 455732
523.667 515221
523.681 507774
523.846 510846
523.967 425308
523.992 444773
524.075 6672
524.125 6625
524.365 493208
524.700 766422
524.925 6760
524.999 539262
525.192 433134
525.416 442882
525.770 445886
525.898 384417
526.059 521942
526.475 6813
526.800 6788
527.466 539249
527.531 420192
527.697 477043
527.762 453737
527.826 779467
527.953 769255
528.075 6809
528.901 722115
528.925 462841
529.154 530938
529.764 421097
529.856 539591
529.886 463873
530.171 520234
530.854 540154
531.477 477256
531.601 471691
532.123 481236
532.305 511376
532.666 458020
532.970 769255
533.539 514703
533.937 435132
534.069 515003
534.444 442462
534.904 515842
535.634 535064
536.025 6583
536.720 540575
536.971 541007
537.875 337380
538.126 435622
538.350 6735
538.450 6758
538.670 723211
524.025 1224
535.750 1224
538.846 478335
538.910 517006
539.198 431140
539.200 6788
539.222 487970
539.225 6786
539.227 533371
539.275 337410
539.428 781155
539.550 6604
539.600 6809
539.850 469397
539.938 454035
539.975 6837
540.275 337385
540.300 337625
540.579 481551
540.625 338671
540.625 6760
540.725 337593
540.803 479051
540.808 505361
540.894 487303
541.125 337355
541.158 476532
541.250 6625
541.375 6813
541.525 766428
541.738 456000
541.745 513007
541.750 337263
541.799 451946
542.220 516409
542.512 355259
542.650 337917
542.661 485189
543.021 499568
543.034 780684
543.370 385701
543.787 536271
544.315 525881
544.588 458184
544.708 448792
544.769 473519
545.316 453417
545.440 434793
546.099 377995
546.425 19065
546.585 446648
547.249 444365
547.265 499521
548.289 457070
549.190 528974
549.727 458139
549.907 488450
549.928 488845
550.189 538815
551.343 358772
551.475 6672
551.698 462743
552.004 459333
552.070 439690
552.097 436235
552.400 6760
552.444 421671
552.458 407634
552.786 350377
553.024 453737
553.627 767415
553.675 6583
553.675 6788
553.700 6735
553.919 474575
553.925 6604
554.025 6809
554.356 737588
555.111 501455
555.176 421358
555.300 14851
555.475 337415
555.725 6813
555.834 507085
557.025 337263
557.575 337444
557.800 337593
558.250 337592
558.531 784877
558.885 386324
559.178 472292
559.354 433003
559.604 435094
560.103 371675
560.438 374860
560.549 434360
560.638 491704
560.703 542021
560.960 449596
562.026 492507
562.182 502821
562.209 447581
562.930 488972
562.944 430485
553.750 1224
562.978 478138
562.997 525845
563.311 435041
564.112 537299
565.125 443224
565.208 433467
565.225 436100
565.250 464218
566.246 482803
566.401 539796
566.588 352242
566.925 337149
566.984 493551
567.000 6583
567.100 6837
567.175 6760
567.258 459717
567.475 6786
567.794 497070
567.823 434655
567.979 450812
568.175 6625
568.300 19056
568.625 338671
568.750 6758
568.775 6672
569.225 6788
569.950 6604
570.000 6813
570.025 337676
570.650 337296
570.653 490227
570.850 6735
570.950 337467
571.100 437785
571.229 455461
572.545 514213
572.867 473186
573.114 484103
573.265 751439
573.730 357173
574.176 522111
574.691 351023
575.506 509492
575.901 732547
575.978 450400
576.209 399609
576.405 528231
576.449 507334
576.514 459538
576.898 494458
577.392 761947
577.457 488847
577.964 493662
578.012 506412
578.356 501613
579.061 489523
579.294 486344
579.447 530094
579.646 489988
579.714 499226
579.836 541814
580.114 771208
580.391 518476
580.778 493935
581.229 466875
581.278 465636
581.300 6786
581.900 6788
582.125 6809
582.200 337296
582.251 775576
582.275 6583
582.275 6760
582.563 441986
582.564 444122
582.650 6604
582.748 543388
582.925 6672
582.944 490812
583.125 6837
583.170 381924
583.215 505066
583.356 502601
583.567 524285
583.992 465291
584.065 455970
584.125 337444
584.275 6813
584.290 458196
584.325 337467
584.375 338671
584.454 731745
584.625 6625
584.855 717192
584.995 342217
585.175 337323
585.175 541617
585.206 502107
585.406 475025
585.675 6758
585.921 464218
571.050 1224
586.136 369989
586.146 495868
586.274 491897
586.276 461786
586.975 464335
587.060 436702
587.470 475146
587.692 537957
588.418 451704
588.658 491058
588.761 437934
588.934 539249
589.035 525403
589.795 499289
589.874 722562
589.970 539796
590.110 374374
590.741 516288
590.923 466255
591.222 387941
591.299 481252
591.432 775833
591.737 457199
592.264 534065
592.432 482664
592.615 499157
593.289 784517
593.335 466293
594.208 791413
594.586 464674
594.720 525487
595.050 394579
595.082 759637
595.281 494995
595.350 6735
595.589 339091
595.611 503954
595.725 6813
595.950 6788
596.100 6786
596.224 421828
596.425 6758
596.750 6625
596.775 6604
596.814 463377
597.100 6837
597.300 337415
597.500 6760
597.650 337618
597.653 742262
598.103 497610
598.116 435420
598.250 6809
598.300 287809
598.441 516288
598.675 6583
598.833 501613
599.131 704547
599.251 446195
599.312 722099
599.450 295923
599.500 338671
600.296 436113
600.307 475465
600.599 509013
602.067 489104
602.102 730041
602.661 503252
602.856 534308
602.866 527159
603.041 476330
603.050 290764
603.105 490812
603.336 454099
603.601 436023
603.757 472411
604.058 346353
605.131 754219
605.225 288597
605.500 454919
605.625 311224
606.114 442374
606.158 704547
606.608 457212
606.632 498957
606.745 459336
606.956 477409
607.231 445887
607.348 475151
607.675 302843
607.774 437643
607.850 297613
608.074 493671
608.263 440688
608.471 701896
608.725 278977
608.775 6672
609.421 764738
609.425 296366
609.625 288358
609.800 286544
609.943 523238
588.125 1224
599.950 1224
610.050 6625
610.150 6735
610.400 6604
610.650 337415
610.900 282733
611.175 6813
611.350 285039
611.425 282613
611.475 6583
611.712 472337
611.775 289766
612.025 6760
612.050 6837
612.200 275769
612.250 337232
612.275 6788
612.350 6758
612.375 6809
612.407 431890
612.550 337627
612.575 284886
612.600 3283
612.675 279763
612.700 20911
612.700 3237
612.775 263569
613.075 312580
613.139 474527
613.200 303389
613.275 296946
613.300 3129
613.447 499258
613.450 3286
613.454 486808
613.659 523199
613.744 431870
613.750 278086
613.775 3215
614.075 20987
614.108 540526
614.204 451803
614.250 3307
614.350 278026
614.350 290673
614.375 337917
614.500 275763
614.550 3309
614.557 522561
614.563 525881
614.700 3301
614.800 271071
614.800 280869
614.800 298172
614.852 524733
614.975 296836
614.975 3260
615.015 782130
615.025 278597
615.025 279687
615.025 3347
615.100 289533
615.125 288326
615.175 276518
615.200 280905
615.250 277439
615.250 279771
615.275 290624
615.435 789972
615.441 487663
615.475 284259
615.525 284921
615.550 282032
615.591 452216
615.625 289453
615.625 3265
615.850 299242
615.875 279825
615.900 286048
616.125 21050
616.125 282042
616.150 266467
616.175 287809
616.225 3331
616.425 284327
616.550 277503
616.750 280292
616.779 349468
616.850 337263
616.900 267063
617.000 285033
617.075 3353
617.100 3368
617.300 280283
617.300 281440
617.425 3416
617.450 279766
617.450 287331
617.490 662328
617.500 287261
617.575 279258
617.575 287878
617.575 303408
614.075 1224
617.675 284329
617.750 280428
617.750 285580
617.775 284376
617.775 296352
617.775 297486
617.850 290764
617.852 482587
617.900 278075
617.900 281981
617.900 287221
617.925 294078
617.950 277415
617.950 291718
618.025 3129
618.050 279776
618.125 282002
618.150 275373
618.175 3413
618.225 286006
618.288 441310
618.300 337321
618.350 282160
618.350 286036
618.400 279163
618.400 337296
618.425 337323
618.572 495896
618.575 293938
618.576 540009
618.600 337149
618.675 497672
618.700 3283
618.700 3286
618.725 294058
618.725 301691
618.725 302781
618.741 709644
618.750 285624
618.750 291835
618.825 284470
618.825 299915
618.850 284256
618.875 278590
618.900 3215
618.900 3237
619.050 288597
619.075 284472
619.075 288942
619.125 291339
619.136 417183
619.150 294825
619.175 288369
619.200 337387
619.325 282608
619.350 291355
619.368 448806
619.374 447502
619.375 283850
619.400 293597
619.500 283112
619.500 287909
619.500 291198
619.525 337447
619.550 337438
619.575 299922
619.625 278977
619.650 297124
619.675 297494
619.725 337415
619.725 523384
619.750 287182
619.775 291875
619.825 286662
619.828 753796
619.875 285984
619.875 288289
619.900 337294
619.925 278636
619.925 303254
619.948 534372
619.950 288392
619.950 337439
619.991 510803
620.000 283210
620.000 303416
620.000 303887
620.000 304502
620.025 3307
620.025 337384
620.050 292468
620.075 290685
620.075 337410
620.100 295923
620.150 3260
620.150 3309
620.225 316523
620.250 277481
620.275 279107
620.275 281483
620.275 283119
620.275 289532
620.350 337385
620.425 3301
620.425 337467
620.450 337355
620.450 337592
620.500 3265
620.600 293669
620.650 292947
620.700 337593
620.750 3347
620.750 337532
620.775 282613
620.800 289870
620.800 296412
620.825 337625
620.850 289766
620.875 297116
620.900 337589
620.974 538490
620.975 300467
621.017 487372
621.025 294672
621.050 287168
621.050 301595
621.075 289562
621.075 294080
621.101 478759
621.125 3331
621.150 292865
621.175 288861
621.250 337444
621.275 282733
621.300 305634
621.300 337232
621.302 422505
621.325 296355
621.375 300404
621.425 337380
621.500 297613
621.500 301020
621.500 337264
621.550 337618
621.600 301706
621.600 302185
621.625 295065
621.650 337626
621.750 295479
621.750 302157
621.800 306779
621.825 337651
621.875 296366
621.900 297041
621.900 3353
621.948 460094
622.075 296326
622.089 462094
622.125 295379
622.150 3368
622.200 337263
622.225 299896
622.225 337536
622.250 296942
622.250 337644
622.375 337557
622.475 337746
622.525 337684
622.550 337627
622.585 507774
622.625 296946
622.650 298166
622.700 3416
622.875 305693
622.875 337598
622.923 402415
622.950 295267
623.025 302843
623.075 286544
623.125 3413
623.150 306883
623.153 458184
623.200 3286
623.225 337296
623.249 435808
623.250 311224
623.300 337772
623.375 337149
623.525 299260
623.550 294338
623.550 301640
623.625 337323
623.650 309862
623.800 337676
623.886 541043
623.902 542309
623.925 337734
624.125 337447
624.275 303389
624.423 456639
624.500 337438
624.619 480670
624.625 337410
624.700 337387
624.774 513467
624.775 337917
624.782 451190
624.800 337384
624.950 337294
625.025 337467
625.050 337439
625.225 337592
625.275 337532
625.450 337321
625.450 337589
625.650 337355
625.654 369896
625.725 327074
625.775 337593
625.925 337385
626.003 736568
626.200 337626
626.325 337618
626.325 443741
626.334 441852
626.356 427223
626.400 337651
626.600 314120
626.648 505996
626.950 337557
627.157 494664
627.200 337684
627.400 337627
627.500 337625
627.675 337536
627.746 537508
627.813 504983
627.900 337644
627.934 396016
627.950 337746
628.175 337772
628.177 486331
628.200 337598
628.339 459245
628.515 518927
628.725 337734
628.850 337676
629.067 390558
629.272 370945
629.625 337917
629.861 729332
630.225 338671
630.846 477835
631.501 503798
631.755 740371
631.806 437583
632.029 457070
632.150 6583
632.175 6604
632.588 515590
632.590 485989
632.725 6625
632.792 499768
633.075 19154
634.094 487303
634.175 19056
634.175 6760
634.208 507810
634.275 6672
634.775 6786
634.975 6809
635.300 6758
635.575 6813
635.749 387633
636.075 6788
636.154 527125
636.297 538365
636.482 356361
636.516 778199
636.752 444649
637.085 519437
637.400 6837
637.678 471312
638.025 6735
638.190 460121
639.049 536418
639.573 528918
639.874 491063
640.016 472432
640.515 762045
640.748 725239
640.782 482669
640.818 507407
640.910 445634
640.959 474614
641.113 362446
641.386 457110
641.534 504165
642.003 376627
642.391 520120
642.574 498544
642.744 445457
642.874 454772
644.786 437671
644.847 493792
645.201 446268
633.500 1224
645.803 477256
645.819 521085
646.666 462490
647.350 6760
647.386 507879
647.725 337149
647.802 460184
647.900 6583
648.040 537889
648.125 436852
648.125 6813
648.250 6604
648.425 6672
648.475 6625
648.500 6735
648.541 433599
648.725 338671
648.795 441140
648.885 448718
649.338 512847
649.550 6758
649.818 352297
649.896 447699
649.951 385901
649.958 767491
650.064 514703
650.175 6809
650.550 6786
650.575 337444
650.682 424881
650.700 494115
650.900 6837
651.048 486725
651.293 449232
651.402 438820
651.447 415635
651.473 778372
651.732 461195
652.286 497638
652.361 527159
652.425 337651
652.499 448500
652.674 480025
652.825 433745
652.871 500905
653.331 481689
653.538 442979
654.148 472179
654.224 456490
654.271 457167
654.888 436880
655.253 539490
655.348 380101
656.071 516221
656.092 434706
656.800 387818
656.806 515252
657.342 516360
657.367 512970
657.552 758618
657.558 529640
657.559 401830
657.638 390889
658.129 482452
659.128 465363
659.218 526116
660.785 482546
660.792 499588
661.325 337532
661.350 6760
661.375 6788
661.408 535526
661.425 337644
661.452 442593
661.575 6813
661.934 452607
662.125 337380
662.332 506328
662.386 483139
662.475 337294
662.644 347898
662.650 6672
662.720 488810
662.945 373061
662.983 517895
663.291 488489
663.475 6758
663.525 6837
663.925 6583
663.957 473708
664.075 19056
664.275 6786
664.350 6735
664.742 735875
665.522 473690
665.871 471111
666.068 467200
666.925 6809
666.934 461398
667.399 731363
668.639 459392
668.892 461195
650.850 1224
663.225 1224
669.423 511474
669.560 449596
670.091 458184
670.386 474896
670.553 519281
671.403 445400
671.594 502859
672.551 438999
672.571 530171
672.768 457357
672.930 438630
673.273 438957
673.378 456203
673.846 375705
674.433 686774
674.651 498442
674.694 451190
674.785 724188
674.844 502374
674.929 490689
675.014 436100
675.025 6604
675.325 338671
675.425 6760
675.633 518814
675.800 6786
676.000 6625
676.452 495791
676.569 543102
676.750 6672
676.950 6735
677.087 528231
677.200 6837
677.225 6583
677.325 6788
677.425 6809
677.567 441433
677.598 445179
677.668 513750
677.827 459048
678.350 6758
678.765 513696
679.000 730970
679.054 535526
679.125 337385
679.225 290685
679.450 337321
679.750 6813
680.075 337467
680.264 770941
680.539 500493
680.650 337532
681.127 480228
681.323 518498
681.422 541291
681.491 506276
681.949 499713
682.641 765571
682.815 492861
683.862 778185
683.867 492137
685.173 502878
685.260 436343
685.800 14675
687.126 538681
687.304 457140
687.716 468139
687.997 460417
688.217 444059
688.233 479400
688.345 518777
688.375 476157
688.506 447769
688.517 367480
688.722 540332
688.762 462533
688.782 369989
688.863 520120
689.574 448605
690.750 6813
690.825 6625
690.890 440092
690.975 6809
691.050 6837
691.081 517030
691.400 300404
691.425 6604
691.600 6786
691.625 6735
691.753 465935
692.069 464839
692.150 6672
692.207 742042
692.375 338671
692.649 778185
692.650 297041
692.925 15026
692.975 519553
693.250 337415
693.288 437965
693.600 6583
693.825 337444
683.050 1224
694.075 337589
694.114 471083
694.331 531917
694.850 6758
695.146 481430
695.308 448251
695.431 464218
695.834 455118
696.123 511992
696.295 469338
696.331 502824
696.699 517611
696.958 460836
697.213 777867
697.226 489424
697.592 480874
697.723 458476
697.989 440688
698.469 756989
698.668 451590
698.820 461250
699.835 769814
699.855 527909
699.880 543202
700.461 717155
700.509 499713
700.729 516033
701.693 474373
702.038 508473
702.639 426364
702.978 360889
703.423 497394
704.025 6813
704.184 443614
704.268 500250
704.283 444365
704.480 406677
704.640 517611
704.758 516671
704.790 448805
704.975 6760
705.175 19056
705.429 475030
705.496 475162
705.608 431433
705.650 6625
705.650 6788
705.700 6735
705.744 355306
706.075 6583
706.125 6672
706.175 6604
706.248 507785
706.291 510362
706.303 444864
706.561 456669
706.650 6809
706.739 541363
706.950 6786
707.063 492317
707.075 338671
707.100 6758
707.275 337444
707.421 476804
707.630 443745
708.232 514648
708.353 525754
708.591 481199
708.646 456570
709.707 490060
709.925 337734
710.127 449467
710.252 443209
711.401 523199
711.658 524062
711.714 498044
712.284 444055
712.353 497018
712.896 476130
712.900 434238
712.927 465205
713.515 374772
714.376 483542
714.935 746729
715.113 500493
715.444 776241
715.740 520120
716.199 386324
717.015 535652
717.496 371675
717.559 455390
717.650 6583
718.189 518225
718.713 450103
718.912 522798
719.375 6625
719.400 6758
719.796 498515
720.086 431158
720.175 6604
720.226 356192
720.275 6837
705.500 1224
720.425 1224
720.450 6760
720.600 337380
720.682 437438
720.825 6809
721.025 6813
721.281 473708
721.375 6788
721.396 449185
721.413 780569
721.441 499890
721.600 6735
721.675 278977
721.682 513696
721.775 283850
722.078 526881
722.132 484147
722.225 14480
722.250 669688
722.625 6786
722.731 718503
723.017 469022
723.124 465677
723.125 6672
723.975 3265
724.162 448251
724.217 474389
724.366 501540
724.573 436569
724.784 346327
724.800 280905
724.820 466675
725.108 489089
725.738 530434
725.846 489766
726.175 493662
726.240 441171
726.409 511237
726.425 500405
726.508 529167
726.693 475089
726.750 390680
727.421 529893
727.636 453468
727.701 477835
727.952 473846
727.993 666546
728.535 464761
728.981 483984
729.025 19056
730.321 471753
731.867 500956
732.261 501692
732.432 422217
733.725 6813
733.866 450236
733.875 6604
733.975 6735
734.125 6625
734.175 6760
734.175 6788
734.314 524743
734.400 6758
734.525 338671
734.684 770941
735.029 469606
735.125 279771
735.300 305693
735.328 438653
735.350 337593
735.450 6583
735.475 337355
735.515 537747
735.554 517155
735.725 278026
735.808 780411
735.856 409853
736.065 493792
736.100 6809
736.225 295065
736.275 6672
736.325 6837
736.525 337626
736.809 472215
736.870 506779
736.900 536418
737.025 337296
737.050 266467
737.075 337321
737.350 286036
737.350 6786
737.457 539262
737.484 524743
737.650 296366
738.101 469745
738.128 443136
739.400 288392
739.400 466875
739.496 486265
739.700 279687
739.775 287878
739.825 299260
740.250 3129
733.950 1224
740.475 263569
740.622 507961
740.875 3413
741.075 299896
741.075 302185
741.250 3260
741.250 464555
741.267 487938
741.350 18863
741.550 284886
741.625 19056
741.684 489766
741.750 3237
741.938 452399
742.068 513076
742.074 435931
742.206 536566
742.225 290764
742.575 277415
742.700 3307
742.925 3301
742.950 297486
743.025 3215
743.025 542021
743.045 538839
743.175 3283
743.200 285984
743.495 484853
743.500 302781
743.521 758783
743.549 432784
743.725 3286
743.850 296412
743.950 277439
744.016 518726
744.075 303408
744.136 475709
744.200 267063
744.275 275373
744.375 282042
744.500 3265
744.500 3309
744.700 281440
744.725 297494
744.900 276518
745.025 278086
745.075 299242
745.175 286048
745.525 20987
745.579 527606
745.603 725530
745.675 287261
745.725 278590
745.750 288289
745.800 3129
745.874 450790
745.900 284329
745.975 275763
745.975 282160
746.000 284327
746.025 282608
746.050 285033
746.050 285580
746.100 21050
746.100 291835
746.100 295479
746.150 278075
746.175 279163
746.275 294825
746.275 3353
746.350 275769
746.350 282613
746.475 283850
746.500 285039
746.525 293938
746.575 3347
746.592 488407
746.700 282733
746.825 3260
746.925 21070
746.950 271071
746.975 292468
747.100 280869
747.100 287809
747.100 337263
747.117 436702
747.175 337321
747.225 288597
747.250 21087
747.250 296352
747.265 469120
747.350 289766
747.350 337149
747.400 21086
747.400 283112
747.425 279771
747.450 280283
747.450 283210
747.475 291339
747.478 520917
747.500 19101
747.500 278597
747.500 296836
747.500 3331
747.511 508418
747.550 279766
747.550 296326
747.550 3237
747.575 337296
747.650 294080
747.675 279776
747.675 337294
747.700 21102
747.725 290685
747.725 337264
747.738 482669
747.750 290624
747.875 266467
747.925 3368
747.950 281483
747.975 3215
747.975 337415
748.025 21115
748.025 278977
748.044 453711
748.050 295267
748.075 280292
748.075 283119
748.075 289533
748.075 294672
748.125 284472
748.125 294078
748.175 291875
748.185 506570
748.200 295923
748.225 277503
748.225 279763
748.225 337384
748.250 286544
748.250 337385
748.267 498061
748.275 288358
748.300 300404
748.300 306779
748.300 337387
748.350 277481
748.375 287331
748.375 297124
748.400 287909
748.425 289453
748.450 301691
748.450 303887
748.450 3283
748.475 337323
748.500 288369
748.575 282002
748.575 296946
748.600 278636
748.600 289870
748.600 337532
748.625 286006
748.625 295379
748.650 280428
748.650 285624
748.725 279107
748.725 337410
748.750 288942
748.750 337380
748.775 281981
748.800 279258
748.800 297116
748.825 301020
748.825 303416
748.825 337467
748.837 530618
748.850 284256
748.850 3307
748.875 292947
748.900 278026
748.900 337439
748.900 3416
748.925 279825
748.925 282032
748.925 288861
748.925 3301
748.925 337232
748.950 296366
748.950 303389
748.975 293669
748.975 337355
749.000 284921
749.025 287221
749.100 280905
749.125 3286
749.150 284376
749.175 286662
749.175 337444
749.275 292865
749.325 284259
749.327 434862
749.400 295065
749.425 3309
749.475 337557
749.500 287182
749.525 3265
749.525 337447
749.550 288326
749.550 291718
749.625 287168
749.686 450220
749.800 6788
749.850 297041
749.850 301595
749.875 284470
749.875 3413
749.900 297613
749.925 309862
749.975 290673
749.975 294058
750.075 289562
750.075 291355
750.100 302843
750.115 441636
750.125 337627
750.125 6760
750.150 301706
750.150 337438
750.225 337684
750.350 298166
750.375 288392
750.400 291198
750.400 337618
750.475 3129
750.475 337592
750.506 509156
750.521 499439
750.556 441826
750.575 294338
750.700 337626
750.725 337625
750.750 3353
750.750 337676
750.790 457788
750.850 337589
750.875 293597
750.900 301640
750.925 287878
750.925 299922
750.948 515057
750.950 302157
751.000 3260
751.025 279687
751.025 314120
751.100 289532
751.150 337772
751.175 296355
751.175 302185
751.225 298172
751.275 299915
751.299 455736
751.300 300467
751.300 312580
751.312 474088
751.325 311224
751.350 3347
751.375 316523
751.534 478904
751.600 337746
751.800 296942
751.800 337917
751.825 337149
751.825 337263
751.975 305634
752.000 297486
752.025 305693
752.025 337651
752.089 469983
752.100 303254
752.125 3331
752.275 337536
752.375 299260
752.375 337296
752.400 304502
752.450 306883
752.550 286036
752.593 475162
752.625 3368
752.650 337598
752.850 337264
753.075 337593
753.175 337294
753.236 457308
753.250 337734
753.252 367019
753.368 437175
753.400 299896
753.450 337384
753.450 455561
753.600 337323
753.700 3416
753.800 337644
753.825 337321
753.975 337532
754.025 337232
754.047 365128
754.700 337415
754.784 526096
754.825 327074
755.025 527159
755.067 539354
755.189 731472
756.183 513467
756.267 478904
757.025 337625
757.190 438593
757.230 491335
757.525 337676
757.893 482546
758.000 337917
758.673 470419
758.783 651555
758.905 459333
758.917 444595
759.587 541291
760.540 776047
760.560 512671
760.726 534600
760.852 446793
761.683 528218
761.724 455979
761.735 525564
761.868 730569
761.957 468764
762.119 487948
762.425 6604
762.550 6672
762.624 404824
762.875 338671
763.033 742924
763.512 471877
763.534 449018
763.614 439385
763.925 6735
763.950 6758
764.025 6788
764.404 502824
764.500 6786
765.085 435545
765.481 374860
765.550 523171
765.969 431824
766.050 6813
766.111 771543
766.201 456676
766.253 437497
766.582 476896
767.250 6837
767.622 444402
767.679 486331
768.203 465668
768.352 385452
768.689 456195
768.778 442882
769.046 494664
769.106 458580
769.173 767719
769.474 512573
769.774 478863
769.865 499662
770.088 419389
771.071 450598
771.175 482140
772.043 506066
772.230 459701
772.576 538815
772.739 486519
773.085 447403
773.129 443558
773.244 464370
773.268 465636
773.448 742591
773.545 496452
773.643 475863
774.254 741219
774.550 526976
775.441 510803
775.558 516854
776.013 512492
776.455 490632
776.475 6583
776.973 440873
777.100 6809
777.350 6672
778.049 771066
778.189 457362
778.467 469676
778.550 337410
778.550 338671
778.560 422217
778.625 337644
778.850 6758
779.025 6837
779.225 478476
779.419 484853
779.525 6788
779.577 503671
779.850 337592
779.966 780770
763.875 1224
778.400 1224
779.990 500670
780.246 540792
780.475 6625
780.603 457127
780.623 518204
780.787 455536
780.925 337557
781.444 542021
781.600 337734
781.786 468550
782.193 496452
782.212 402563
782.265 448152
783.144 740195
783.367 487663
784.710 492467
785.298 471027
785.398 364013
785.650 15068
785.733 519868
785.995 509373
786.162 359747
786.629 439330
786.668 508416
786.770 465500
786.835 445634
786.988 697819
787.031 480509
788.323 506143
788.536 421001
788.666 509016
788.821 416680
788.872 435931
789.107 485398
789.175 6604
789.599 459319
789.625 6760
789.661 445009
789.841 507892
790.224 532796
790.273 367234
790.725 337296
790.958 725239
791.024 443082
791.176 458580
791.456 420192
791.550 14678
791.775 6672
791.827 537458
792.177 438820
792.304 524437
792.478 432962
792.600 6735
793.108 472814
793.335 373838
793.826 411102
794.350 6837
794.433 661527
794.450 6786
794.751 522678
794.850 15098
795.100 6809
795.587 459792
795.843 494430
796.025 488358
796.390 480051
796.586 498044
797.026 397449
797.430 493208
797.559 738726
797.813 436087
800.907 466255
800.936 418761
801.091 519312
801.319 525322
801.336 725530
801.352 406318
801.401 523995
801.520 513560
802.628 465911
802.793 491891
802.929 441555
803.200 6583
803.625 528218
803.678 465689
804.023 734335
804.250 338671
804.341 485165
804.848 516304
804.900 6625
805.225 467889
805.350 490063
805.632 431158
805.750 6672
805.800 6813
805.815 473323
806.000 6735
806.188 472545
806.245 530342
806.395 507843
806.467 471065
806.500 520956
794.025 1224
806.750 6760
807.025 6809
807.241 470121
807.525 18863
807.894 363110
808.029 737817
808.077 473729
808.135 446707
808.600 6788
808.814 468217
808.972 359178
809.034 435622
809.050 6837
809.093 389386
809.350 14675
809.694 460382
809.831 480257
809.961 409263
810.173 499498
810.194 418761
810.222 359571
810.457 461686
810.637 542618
810.932 454967
811.257 458495
811.304 449208
811.577 437458
811.694 482274
811.717 481689
812.821 452032
813.337 507470
813.646 360590
813.835 456748
813.879 732708
813.882 739555
814.252 463259
814.410 435194
815.107 515595
815.446 786052
816.031 527559
816.366 516488
816.584 434047
817.083 493050
817.229 512623
817.350 6583
817.796 729399
818.137 355070
818.323 432081
818.334 504637
818.349 458066
818.450 6604
818.550 337296
818.667 437430
818.975 6625
819.100 6758
819.250 18947
819.350 6786
819.600 6672
819.681 433804
820.025 6837
820.200 6735
820.300 6813
820.325 6788
821.018 464370
821.225 6809
821.241 407342
821.919 538474
821.971 491947
822.235 451660
822.825 509156
823.101 414380
823.550 337415
823.632 457127
824.262 526639
824.271 722562
824.275 485455
825.247 759050
825.297 749345
825.326 527472
825.381 454679
825.409 483928
825.532 469357
825.665 436569
825.803 432593
826.001 487567
826.694 500158
826.734 530185
826.867 472009
827.161 480194
827.164 462094
827.447 443614
827.931 511043
828.218 446793
828.428 411467
828.879 509915
828.977 491008
829.747 405614
829.911 511992
829.957 434957
830.240 478408
830.350 338671
830.498 417183
816.375 1224
830.534 509915
830.591 527156
830.931 471711
830.932 455751
831.075 337323
831.143 476908
831.281 492112
831.600 6672
831.625 6583
831.950 337415
832.064 488450
832.250 6604
832.348 501540
832.457 481008
832.900 6758
833.450 6837
833.550 6760
833.600 6786
833.675 6625
833.765 444535
833.850 6735
833.906 662328
833.927 481224
833.954 439831
834.500 6813
834.575 337294
834.629 467987
834.864 511868
834.948 472179
835.050 337384
835.175 337263
835.280 487495
835.394 460709
835.400 337438
835.545 374401
835.875 6809
836.075 337380
836.144 517693
836.289 462533
836.346 542309
837.317 439831
837.383 454221
837.448 486057
837.525 280869
837.685 346097
838.586 724218
839.184 474033
839.565 761586
839.612 497018
839.616 499480
840.059 673915
840.146 444887
840.530 459591
840.863 474575
841.093 503285
841.256 473031
841.362 722562
841.884 460154
842.010 505947
842.157 461924
842.264 508943
842.647 478863
842.988 749404
843.300 478570
843.303 473742
843.715 776157
844.523 485165
845.064 436434
845.133 475025
845.465 459276
845.575 289870
845.873 537945
846.378 345909
846.725 284259
846.875 6786
846.900 6735
846.975 337438
847.044 453597
847.050 6604
847.125 294672
847.175 6583
847.217 757899
847.275 6625
847.353 470121
847.433 453233
847.550 6788
847.625 484025
847.633 497686
847.844 495990
847.875 6760
847.981 504165
847.983 466326
848.050 6813
848.392 508813
848.650 6758
848.739 767396
848.762 446677
848.948 441597
849.277 497070
849.300 6672
849.350 337593
849.366 388632
833.000 1224
846.675 1224
849.444 383435
849.450 6809
849.725 338671
849.905 459691
850.057 491008
850.232 415184
850.475 337917
850.670 512307
850.925 337651
851.306 434282
851.543 437064
851.847 398754
852.053 444122
852.959 523189
852.974 737802
853.118 744909
853.203 771649
853.223 498989
853.346 498466
853.475 290764
853.687 465249
854.004 538509
854.750 295267
854.932 456019
855.091 516583
855.538 693315
855.625 3416
855.776 500781
855.853 456874
856.021 341594
856.068 468715
856.284 480609
857.058 409906
857.231 461530
857.241 435803
857.933 543161
858.900 6583
858.975 299260
859.362 459717
859.925 6837
860.000 6604
860.110 496381
860.150 6625
860.300 283112
860.337 416600
860.410 434990
860.725 296355
861.310 456246
861.550 277415
861.550 6760
861.725 6735
861.800 280905
861.950 309862
862.020 449846
862.200 337263
862.300 295065
862.450 337444
862.450 337684
862.525 338671
862.694 499782
862.900 3347
862.900 337593
862.900 6788
863.050 296352
863.050 451803
863.153 436343
863.400 6786
863.425 6672
863.451 466730
863.500 6813
863.525 6758
863.600 6809
863.750 3413
863.929 497645
864.600 297041
864.600 337644
864.633 517621
864.675 3368
864.825 299896
864.850 289453
864.862 477715
865.075 21115
865.200 294080
865.200 296366
865.425 306779
865.450 327074
865.458 443904
865.475 3353
865.525 316523
865.567 744302
865.595 764737
866.026 503853
866.125 3301
866.162 742924
866.175 284886
866.175 311224
866.350 302781
866.350 305634
866.650 275373
866.650 3283
866.650 3416
866.800 294058
861.500 1224
866.950 275763
867.025 279163
867.150 3309
867.300 297124
867.375 300404
867.432 445803
867.450 306883
867.463 352599
867.475 296942
867.525 291718
867.625 282608
867.625 3286
867.657 454951
867.725 3129
867.800 279825
867.839 467606
867.925 3237
867.929 537993
868.000 282002
868.050 296836
868.075 337676
868.100 20911
868.134 456714
868.175 314120
868.350 292947
868.400 299915
868.407 437670
868.475 305693
868.587 436880
868.600 290764
868.600 303408
868.650 293938
868.800 303254
868.841 469357
868.925 287182
868.975 303416
869.000 280428
869.018 439028
869.100 3331
869.125 3413
869.213 452765
869.250 298166
869.275 277439
869.275 299922
869.350 301020
869.368 488604
869.450 3347
869.456 414063
869.475 337589
869.500 294672
869.525 279258
869.525 297613
869.550 337734
869.575 296946
869.625 289870
869.650 283850
869.675 302157
869.743 532796
869.875 304502
869.900 291198
869.925 312580
869.975 288358
869.994 492703
870.075 294078
870.075 301595
870.125 3368
870.147 512687
870.250 300467
870.275 295379
870.275 298172
870.300 263569
870.350 284921
870.350 3307
870.400 286036
870.431 498077
870.475 297486
870.525 303887
870.550 302185
870.600 285984
870.600 302843
870.650 279776
870.675 284329
870.675 294825
870.675 301691
870.675 337651
870.675 337772
870.775 294338
870.800 3215
870.900 289766
870.925 297494
870.928 455165
870.975 290624
870.975 296326
871.000 283112
871.050 280292
871.075 291835
871.100 299260
871.125 287909
871.175 296412
871.175 303389
871.200 290685
871.208 435629
871.225 299242
871.250 282032
871.300 293597
871.338 441171
871.450 337626
871.450 3416
871.480 443057
871.550 297116
871.550 301706
871.575 290673
871.575 3265
871.625 279771
871.625 295923
871.650 286544
871.650 292865
871.650 3301
871.675 288289
871.680 449413
871.700 291355
871.700 337410
871.750 282160
871.750 337618
871.850 279107
871.875 277503
871.881 514489
871.925 278075
871.925 337917
871.975 282733
872.000 3353
872.048 541719
872.050 279763
872.125 337439
872.150 3129
872.170 514604
872.175 288392
872.200 285580
872.200 337644
872.275 278026
872.275 301640
872.300 282042
872.350 280905
872.400 337593
872.475 337746
872.500 280283
872.525 287878
872.525 337532
872.575 279687
872.600 284327
872.600 288369
872.625 289533
872.650 277481
872.650 3260
872.700 281483
872.700 3283
872.725 337536
872.750 285033
872.750 337444
872.775 275769
872.775 286048
872.775 337149
872.775 337380
872.800 337598
872.825 281440
872.825 291875
872.850 286006
872.850 288861
872.850 3309
872.857 353935
872.900 283119
872.925 278977
872.947 456019
872.950 288597
872.950 295267
872.950 309862
872.975 267063
872.975 287809
872.975 295479
873.000 285039
873.100 288942
873.100 337438
873.125 288326
873.175 287221
873.200 281981
873.200 287168
873.200 337684
873.225 280869
873.225 292468
873.225 3286
873.325 3237
873.350 284376
873.400 266467
873.400 284472
873.425 293669
873.425 337557
873.450 287261
873.500 271071
873.525 278590
873.550 289532
873.575 284259
873.650 337676
873.725 337321
873.750 284256
873.750 286662
873.825 278597
873.825 3331
873.850 291339
873.875 337385
873.925 283210
873.925 337263
873.950 276518
873.950 337447
873.975 284470
874.075 337294
874.100 284886
874.125 278086
874.125 337625
874.150 337296
874.175 337415
874.225 3347
874.275 337232
874.400 337627
874.425 337264
874.425 337355
874.425 337387
874.450 289562
874.450 460567
874.525 337323
874.575 278636
874.600 337384
874.600 337467
874.600 337592
874.625 287331
874.632 513805
874.675 297041
874.725 277415
874.782 779586
874.800 279766
874.858 505361
874.970 534046
874.975 282613
874.975 3307
875.163 410616
875.175 3215
875.238 525252
875.325 285624
875.525 337589
875.645 448152
875.925 3265
876.125 337772
876.164 530847
876.400 337651
876.425 337734
876.475 337626
876.572 529059
876.606 541974
876.665 540144
876.675 3353
876.775 337410
877.025 337439
877.031 446851
877.107 473842
877.168 493842
877.250 337593
877.655 462605
877.700 337444
877.800 337380
877.850 337438
877.900 337598
878.250 337532
878.350 337149
878.400 337385
878.415 436434
878.575 337447
878.600 337321
878.675 337536
878.698 457740
878.895 482669
879.050 337296
879.275 337263
879.275 337415
879.350 337232
879.450 337387
879.933 473690
880.066 501692
880.217 511511
880.311 519868
880.392 487172
881.241 390680
881.575 377724
881.782 718480
882.702 537661
882.982 445810
883.157 455536
883.170 355598
883.671 538130
883.717 781598
884.139 389507
884.523 505423
884.750 6837
885.000 6786
885.014 522983
885.084 536352
885.750 6735
885.775 6672
885.775 6813
886.150 6758
886.217 482677
886.272 492137
886.325 338671
886.375 6625
886.659 776241
886.775 6809
887.159 460606
887.449 478759
887.550 6788
887.675 6583
887.795 490787
888.775 6604
889.225 6760
889.275 15098
889.427 436625
889.525 14885
891.246 471691
891.351 390558
891.582 477528
891.802 512456
891.924 528598
891.963 520752
892.132 454628
892.396 411770
892.781 373409
892.977 431987
893.425 425559
893.468 457212
893.537 529219
894.355 493842
894.683 505945
894.835 697819
895.098 514604
895.134 485841
896.328 368146
896.694 378245
897.110 502143
897.290 735875
897.305 390526
898.170 467921
898.425 511083
898.600 492931
899.841 661594
900.150 6788
900.375 6837
900.475 337263
901.447 437267
901.605 526266
901.625 6625
901.625 6809
902.000 6813
902.300 785440
902.400 6786
902.410 725887
902.800 6760
902.857 488623
902.875 6758
903.050 337447
903.107 536457
903.425 337557
903.533 477998
904.182 758254
904.300 6672
904.367 499289
904.975 337593
905.041 512184
905.274 541647
905.300 337439
906.216 535877
906.335 501783
906.679 380866
907.187 530900
907.395 756823
908.321 487705
908.449 468808
908.615 374597
909.166 507005
909.254 345313
909.302 486887
909.975 18947
910.006 493671
911.216 693315
911.396 478408
911.517 500217
912.093 464887
912.642 536457
913.322 680752
913.725 14480
914.279 776393
914.489 439677
914.700 6758
914.775 6735
914.925 338671
914.925 6583
915.075 15838
915.125 6788
915.393 541740
915.525 6604
915.550 6625
915.600 337321
885.875 1224
904.050 1224
915.624 443745
915.630 407335
915.632 439479
915.775 6809
916.100 337380
916.124 398754
916.342 524995
916.625 337384
916.795 401189
917.155 769218
917.175 337149
917.300 6837
917.450 337439
917.475 6672
917.675 6813
918.783 535066
918.896 524062
919.336 464881
919.366 385452
919.604 688921
919.675 6786
919.738 492353
920.401 732333
920.426 476532
921.143 465581
921.270 530235
921.322 490679
921.403 737802
921.761 468217
922.020 489487
922.207 469710
922.370 504130
922.373 474114
923.652 468242
923.663 486039
923.912 541388
924.460 465098
924.579 476380
924.599 442345
925.370 470952
925.424 352297
925.605 473300
925.863 365945
926.730 772589
927.219 501586
927.384 489988
927.655 508311
928.283 759637
928.825 337593
928.980 438067
928.980 450118
928.996 460954
928.998 442148
929.075 6760
929.275 6625
929.275 6788
929.501 441016
929.528 447457
929.739 771066
929.800 6604
929.850 6786
930.047 453283
930.128 490984
930.525 6735
930.600 6809
930.651 475724
930.735 456451
930.940 750783
931.107 489051
931.275 337355
931.575 6758
931.700 6583
932.493 346353
932.800 338671
933.425 286006
933.739 459701
933.865 491342
934.011 439341
934.025 772100
934.044 739867
934.225 337447
934.353 491008
934.438 448964
934.724 783918
935.091 427223
935.188 397470
935.652 368413
935.923 461398
936.398 397862
936.468 727245
936.589 484147
936.655 458419
937.170 739867
937.715 477752
938.019 500268
938.113 459232
938.229 378104
938.341 480236
938.602 482140
939.700 532882
940.222 450236
940.795 517316
932.325 1224
940.877 474114
941.115 381486
941.385 498992
941.911 532082
942.009 376772
942.534 540144
942.825 275769
942.850 6837
943.125 337592
943.250 6813
943.253 542352
943.375 6786
943.784 524292
944.225 6583
944.275 6625
944.325 6604
944.675 6735
944.678 495651
944.725 6672
944.750 6809
944.998 771624
945.164 492625
945.375 6758
946.000 6788
946.350 302157
946.500 6760
946.633 483557
947.091 459174
947.200 337385
947.200 338671
947.225 337684
947.230 517786
947.739 506600
947.867 438824
947.925 337323
947.973 457308
948.018 781172
948.298 516050
948.764 448413
948.798 454800
949.692 492112
949.944 486643
950.081 447792
950.135 506136
950.450 487702
950.745 483941
951.345 509428
951.639 439028
951.752 482497
951.883 453403
952.257 463465
952.291 437906
952.589 422505
952.660 469575
952.700 432968
952.721 517907
953.020 490751
953.096 437951
953.399 439933
953.467 385082
953.494 499399
953.847 507079
954.084 735040
954.104 527405
954.377 513560
954.792 506421
955.647 365199
955.793 402415
956.970 468873
957.116 414157
957.373 500956
957.455 504694
957.613 761586
957.707 454221
957.800 6672
958.050 6837
958.215 453711
958.275 6786
958.344 450938
958.393 423233
958.650 6813
959.150 6583
959.175 6788
959.448 479558
959.650 6758
959.774 436023
960.000 6625
960.025 338671
960.250 6604
960.325 337232
960.325 6735
960.399 740195
960.500 491558
960.564 774750
960.700 301595
960.900 280905
961.124 503872
961.300 6809
961.304 508738
961.464 510782
961.750 337746
962.138 724218
947.100 1224
961.350 1224
962.225 293669
962.245 444894
962.676 499007
963.271 468915
963.342 518148
965.101 455247
965.135 453128
966.300 3301
966.437 475162
966.518 435420
966.731 454337
966.824 450731
967.149 456328
967.913 519022
968.241 534414
968.417 450103
968.450 297486
968.713 492703
969.357 464839
969.547 485690
969.549 513584
969.932 441094
970.416 727554
970.429 468260
971.150 6760
971.492 374374
971.872 485177
971.905 467567
971.997 525252
972.125 6583
972.280 467998
972.384 481821
972.450 6837
972.552 471312
973.117 466687
973.202 466952
973.375 6672
973.425 6625
973.609 437787
973.725 6809
973.925 6813
974.050 337296
974.200 6788
974.489 474498
974.524 441944
974.525 18947
974.599 420337
974.600 6758
974.700 6604
974.775 6786
974.835 476330
975.325 6735
976.072 436113
976.098 717632
976.496 364842
976.735 459877
976.752 443613
976.954 488808
977.135 496771
977.378 472585
977.677 718503
978.239 775143
978.456 443406
978.466 529657
979.623 436988
979.732 517355
979.896 366557
979.918 516488
980.178 441548
980.602 469326
980.619 448152
980.700 278086
981.518 466858
981.558 512853
981.600 288392
981.650 302185
981.803 445009
981.898 443134
982.290 791983
982.375 301595
982.700 305693
982.786 495112
983.383 523384
983.405 727245
983.528 752582
983.906 502281
984.650 290673
984.850 3129
985.222 377846
985.235 502359
985.303 438008
985.328 720023
985.600 267063
985.715 448718
985.787 518148
985.825 6837
985.975 312580
986.050 6760
986.300 20911
986.504 433897
986.625 18947
986.695 361413
986.775 1224
986.850 6813
986.875 288861
987.020 517895
987.131 495700
987.295 441636
987.425 3237
987.650 6672
987.825 6788
988.025 6604
988.150 6583
988.200 301640
988.300 293597
988.400 3265
988.550 6758
988.562 465779
988.650 6786
988.675 302781
988.683 440873
988.800 338671
988.875 6809
989.025 277503
989.175 3301
989.200 337593
989.225 3353
989.300 3416
989.325 294338
989.375 278026
989.450 291835
989.475 286036
989.500 292468
989.500 3413
989.600 275373
989.625 3215
989.673 450948
989.675 279763
989.675 297041
989.700 306779
989.700 3307
989.725 266467
989.750 3129
989.775 290685
989.850 277481
989.875 303416
989.875 3286
989.975 279766
990.025 277439
990.025 289453
990.025 3283
990.150 304502
990.175 3260
990.215 779586
990.221 431975
990.250 20987
990.250 289533
990.325 301691
990.450 282002
990.450 296326
990.450 3309
990.475 21070
990.475 290764
990.500 21086
990.500 275769
990.675 263569
990.700 288942
990.725 21102
990.775 21087
990.800 276518
990.800 285580
990.900 296355
990.900 3331
990.925 306883
990.940 376627
990.942 436697
990.975 286006
991.018 433792
991.050 21050
991.050 21115
991.050 288597
991.125 311224
991.125 337149
991.150 327074
991.200 279258
991.250 287168
991.400 297494
991.475 279687
991.475 297124
991.500 278075
991.550 302843
991.700 279771
991.700 280869
991.750 297486
991.775 3368
991.850 299922
991.900 282032
991.900 291198
991.900 337263
991.950 6625
991.975 292947
992.000 297613
992.025 3347
992.050 289766
992.050 294080
992.075 297116
992.075 300467
992.150 284470
992.175 337264
992.275 281483
992.325 337296
992.375 291355
992.425 287261
992.475 283850
992.484 408626
992.500 303408
992.563 366880
992.575 278597
992.575 288369
992.600 288392
992.600 337232
992.625 316523
992.675 282160
992.675 284376
992.700 291718
992.725 294078
992.725 337294
992.750 337323
992.750 337387
992.775 309862
992.800 285039
992.825 281440
992.825 301706
992.875 275763
992.875 280905
992.875 535413
992.900 287182
992.925 278977
992.950 284472
993.000 279163
993.000 530110
993.025 282733
993.025 287909
993.062 506657
993.150 337532
993.175 285033
993.200 278590
993.225 278636
993.250 280283
993.250 337355
993.275 292865
993.325 3237
993.350 296942
993.371 451862
993.375 282613
993.425 284327
993.450 280428
993.475 301020
993.475 3265
993.500 299896
993.550 283112
993.564 534338
993.575 305693
993.600 288289
993.600 337415
993.638 511627
993.650 287221
993.700 337447
993.725 295065
993.800 337384
993.825 295479
993.850 282042
993.850 283210
993.875 337651
993.900 281981
993.900 337410
993.950 337321
993.956 350681
993.975 337598
994.000 277415
994.025 337536
994.081 517570
994.100 3353
994.150 291339
994.150 294672
994.150 294825
994.150 302185
994.175 337626
994.200 291875
994.200 3215
994.225 287331
994.250 279776
994.250 280292
994.250 282608
994.275 303254
994.275 337625
994.325 284259
994.325 286048
994.325 286544
994.350 287878
994.400 337746
994.500 279825
994.500 284886
994.500 300404
994.550 295923
994.550 296352
994.550 3416
994.575 296412
994.625 298172
994.650 337557
994.675 302157
994.710 456773
994.725 337592
994.750 3286
994.775 3301
994.775 337439
994.800 299242
994.800 337385
994.800 337627
994.825 293938
994.825 337734
994.900 285984
994.900 337618
994.925 288358
994.950 303389
995.025 283119
995.050 284921
995.050 337380
995.100 285624
995.100 288326
995.100 298166
995.100 3307
995.125 295267
995.150 279107
995.175 337444
995.200 337467
995.250 3309
995.250 337676
995.275 290624
995.300 284256
995.301 432061
995.325 337772
995.350 289870
995.375 3260
995.400 293669
995.450 286662
995.450 303887
995.450 3413
995.475 305634
995.525 299260
995.525 3283
995.552 512573
995.600 314120
995.625 295379
995.750 287809
995.850 296366
995.850 3331
995.875 284329
996.025 289562
996.047 391926
996.225 337589
996.250 337917
996.326 481551
996.375 294058
996.500 301595
996.550 299915
996.575 3368
996.850 3347
997.025 296836
997.075 296946
997.261 442208
997.441 493050
997.679 469357
997.700 289532
998.700 337644
998.725 337684
999.025 337651
999.125 337593
999.175 337410
999.225 337387
999.320 498044
999.480 435049
999.500 337532
999.572 517030
999.725 337627
999.750 337598
999.921 465779
1000.000 337772
1000.175 337734
1000.225 337439
1000.375 337380
1000.420 437236
1000.450 337676
1000.465 758254
1000.825 337618
1000.960 515595
1000.975 337536
1001.053 505589
1001.412 535161
1001.650 337438
1002.000 337467
1002.129 403271
1002.142 406480
1002.494 423348
1002.565 487705
1003.479 345433
1004.538 508858
1004.767 499582
1004.902 440645
