0	0
0.5	-1.373e-25
1	-2.65538e-25
1.5	8.70041e-25
2	2.94069e-26
2.5	3.91027e-25
3	-2.55029e-26
3.5	-4.5657e-26
4	2.41778e-07
4.5	4.0041e-07
5	4.36324e-07
5.5	1.14821e-07
6	-4.20188e-07
6.5	-8.76688e-07
7	-1.34121e-06
7.5	-1.4424e-06
8	-1.29202e-06
8.5	-1.37749e-06
9	-1.68433e-06
9.5	-2.58968e-06
10	-3.62583e-06
10.5	-4.69664e-06
11	-5.74316e-06
11.5	-6.50593e-06
12	-7.28899e-06
12.5	-8.04366e-06
13	-9.00302e-06
13.5	-9.76952e-06
14	-1.02227e-05
14.5	-1.05392e-05
15	-1.06478e-05
15.5	-1.08941e-05
16	-1.06133e-05
16.5	-1.06679e-05
17	-1.06953e-05
17.5	-1.10828e-05
18	-1.12864e-05
18.5	-1.13407e-05
19	-1.0997e-05
19.5	-1.03947e-05
20	-9.5736e-06
20.5	-8.83423e-06
21	-8.26907e-06
21.5	-7.79153e-06
22	-7.63642e-06
22.5	-7.76431e-06
23	-7.88079e-06
23.5	-8.13e-06
24	-8.3082e-06
24.5	-8.29674e-06
25	-8.19456e-06
25.5	-8.14592e-06
26	-8.08071e-06
26.5	-9.09364e-06
27	-1.03858e-05
27.5	-1.17957e-05
28	-1.35821e-05
28.5	-1.58839e-05
29	-2.08939e-05
29.5	-3.14813e-05
30	-0.000271286
30.5	0.000658963
31	0.000185643
31.5	-8.76913e-05
32	-0.000191641
32.5	-5.78963e-05
33	-4.34372e-05
33.5	-3.61284e-05
34	-3.46894e-05
34.5	-3.01373e-05
35	-2.36833e-05
35.5	-1.8461e-05
36	-1.37839e-05
36.5	-1.16319e-05
37	-9.98517e-06
37.5	-9.32992e-06
38	-8.75552e-06
38.5	-8.7941e-06
39	-8.93728e-06
39.5	-9.01798e-06
40	-8.95317e-06
40.5	-8.92233e-06
41	-9.0079e-06
41.5	-9.2452e-06
42	-9.45112e-06
42.5	-9.61793e-06
43	-9.83411e-06
43.5	-1.0213e-05
44	-1.07624e-05
44.5	-1.14306e-05
45	-1.18733e-05
45.5	-1.22501e-05
46	-1.24109e-05
46.5	-1.27146e-05
47	-1.3296e-05
47.5	-1.42545e-05
48	-1.70147e-05
48.5	-3.09263e-05
49	-0.000346613
49.5	0.000393384
50	3.98976e-05
50.5	-0.000159106
51	-0.000132581
51.5	-3.69831e-05
52	-2.58486e-05
52.5	-1.84895e-05
53	-1.44727e-05
53.5	-1.24874e-05
54	-1.04411e-05
54.5	-8.9424e-06
55	-8.28048e-06
55.5	-8.17753e-06
56	-8.3784e-06
56.5	-8.73699e-06
57	-9.4044e-06
57.5	-1.04986e-05
58	-1.14914e-05
58.5	-1.20358e-05
59	-1.23041e-05
59.5	-1.30304e-05
60	-1.3972e-05
60.5	-1.49678e-05
61	-1.58943e-05
61.5	-1.70604e-05
62	-1.90212e-05
62.5	-2.32719e-05
63	-6.42853e-05
63.5	-0.000577828
64	0.000526197
64.5	-3.49698e-05
65	-0.000182504
65.5	-8.19627e-05
66	-3.6149e-05
66.5	-2.84685e-05
67	-2.27774e-05
67.5	-1.77497e-05
68	-1.42138e-05
68.5	-1.22861e-05
69	-1.0707e-05
69.5	-1.05921e-05
70	-1.14618e-05
70.5	-1.23512e-05
71	-1.29598e-05
71.5	-1.34411e-05
72	-1.38064e-05
72.5	-1.41887e-05
73	-1.45265e-05
73.5	-1.47641e-05
74	-1.46076e-05
74.5	-1.45266e-05
75	-1.42091e-05
75.5	-1.39958e-05
76	-1.37347e-05
76.5	-1.34134e-05
77	-1.31044e-05
77.5	-1.33992e-05
78	-1.42282e-05
78.5	-1.6567e-05
79	-2.32027e-05
79.5	-0.000176211
80	0.000666753
80.5	0.00038153
81	-7.45366e-05
81.5	-0.000213536
82	-5.07128e-05
82.5	-3.75508e-05
83	-2.70605e-05
83.5	-2.00891e-05
84	-1.6301e-05
84.5	-1.46824e-05
85	-1.41295e-05
85.5	-1.41179e-05
86	-1.40324e-05
86.5	-1.37012e-05
87	-1.32823e-05
87.5	-1.28856e-05
88	-1.26491e-05
88.5	-1.26129e-05
89	-1.24365e-05
89.5	-1.21999e-05
90	-1.19643e-05
90.5	-1.21361e-05
91	-1.26271e-05
91.5	-1.30086e-05
92	-1.3378e-05
92.5	-1.42109e-05
93	-1.53391e-05
93.5	-1.60862e-05
94	-1.58407e-05
94.5	-1.60987e-05
95	-1.7584e-05
95.5	-1.95293e-05
96	-3.55087e-05
96.5	-0.000336494
97	0.000424189
97.5	0.000133338
98	-0.000183421
98.5	-0.000169626
99	-3.69554e-05
99.5	-2.49225e-05
100	-2.03881e-05
100.5	-1.8084e-05
101	-1.6553e-05
101.5	-1.56072e-05
102	-1.49601e-05
102.5	-1.48699e-05
103	-1.46836e-05
103.5	-1.48604e-05
104	-1.5111e-05
104.5	-1.55744e-05
105	-1.61743e-05
105.5	-1.68269e-05
106	-1.76295e-05
106.5	-1.87848e-05
107	-1.98949e-05
107.5	-2.09012e-05
108	-2.20128e-05
108.5	-2.26127e-05
109	-2.36945e-05
109.5	-3.1021e-05
110	-0.000186088
110.5	-0.000462655
111	0.000931878
111.5	4.99395e-05
112	-0.000221358
112.5	-6.77695e-05
113	-3.78223e-05
113.5	-2.85572e-05
114	-2.256e-05
114.5	-1.92045e-05
115	-1.72216e-05
115.5	-1.62874e-05
116	-1.57011e-05
116.5	-1.53785e-05
117	-1.54123e-05
117.5	-1.55571e-05
118	-1.55519e-05
118.5	-1.51302e-05
119	-1.55129e-05
119.5	-1.59321e-05
120	-1.686e-05
120.5	-1.61028e-05
121	-1.5118e-05
121.5	-1.49129e-05
122	-1.56722e-05
122.5	-1.65514e-05
123	-1.60717e-05
123.5	-1.63563e-05
124	-1.75864e-05
124.5	-1.66983e-05
125	-1.68158e-05
125.5	-1.51095e-05
126	-1.53503e-05
126.5	-1.67452e-05
127	-1.67042e-05
127.5	-1.37974e-05
128	-1.06193e-05
128.5	-1.0812e-05
129	-1.04952e-05
129.5	-9.7056e-06
130	-9.70219e-06
130.5	-1.00998e-05
131	-1.08774e-05
131.5	-1.16408e-05
132	-1.25115e-05
132.5	-1.34673e-05
133	-1.43891e-05
133.5	-1.52371e-05
134	-1.61035e-05
134.5	-1.75259e-05
135	-1.96171e-05
135.5	-2.35942e-05
136	-4.50075e-05
136.5	-0.000464741
137	0.00037681
137.5	-1.8646e-05
138	-0.000179182
138.5	-9.39195e-05
139	-3.07099e-05
139.5	-2.74532e-05
140	-2.49436e-05
140.5	-2.29592e-05
141	-2.10903e-05
141.5	-1.98793e-05
142	-1.8495e-05
142.5	-1.71727e-05
143	-1.5774e-05
143.5	-1.51377e-05
144	-1.49957e-05
144.5	-1.51089e-05
145	-1.49625e-05
145.5	-1.48073e-05
146	-1.4467e-05
146.5	-1.40282e-05
147	-1.37709e-05
147.5	-1.36687e-05
148	-1.3515e-05
148.5	-1.36179e-05
149	-1.37139e-05
149.5	-1.40224e-05
150	-1.41764e-05
150.5	-1.43082e-05
151	-1.48729e-05
151.5	-1.57125e-05
152	-1.67105e-05
152.5	-1.80927e-05
153	-2.04742e-05
153.5	-2.67696e-05
154	-0.000178029
154.5	0.000457691
155	0.000469241
155.5	-7.12218e-05
156	-0.000235338
156.5	-3.93982e-05
157	-2.54144e-05
157.5	-2.11247e-05
158	-1.8093e-05
158.5	-1.51582e-05
159	-1.25159e-05
159.5	-1.02695e-05
160	-8.36485e-06
160.5	-7.82514e-06
161	-8.10763e-06
161.5	-8.70785e-06
162	-9.5374e-06
162.5	-1.03732e-05
163	-1.1126e-05
163.5	-1.17422e-05
164	-1.22684e-05
164.5	-1.27236e-05
165	-1.31877e-05
165.5	-1.3778e-05
166	-1.41612e-05
166.5	-1.4548e-05
167	-1.50042e-05
167.5	-1.57638e-05
168	-1.58082e-05
168.5	-1.70246e-05
169	-1.90321e-05
169.5	-2.16384e-05
170	-2.6379e-05
170.5	-0.000147571
171	-0.000575625
171.5	0.000801876
172	-7.71717e-07
172.5	-0.000234893
173	-7.93611e-05
173.5	-3.79327e-05
174	-2.8519e-05
174.5	-2.34514e-05
175	-2.06028e-05
175.5	-1.92376e-05
176	-1.8419e-05
176.5	-1.78395e-05
177	-1.73853e-05
177.5	-1.70189e-05
178	-1.657e-05
178.5	-1.58077e-05
179	-1.56949e-05
179.5	-1.60862e-05
180	-1.66488e-05
180.5	-1.70062e-05
181	-1.73089e-05
181.5	-1.7232e-05
182	-1.61625e-05
182.5	-1.59021e-05
183	-1.56265e-05
183.5	-1.56809e-05
184	-1.51565e-05
184.5	-1.7052e-05
185	-1.85984e-05
185.5	-2.25608e-05
186	-2.94432e-05
186.5	-0.000189346
187	-0.000527859
187.5	0.000911446
188	6.52215e-05
188.5	-0.000217548
189	-6.79482e-05
189.5	-3.66097e-05
190	-2.85351e-05
190.5	-2.44833e-05
191	-2.25545e-05
191.5	-2.13516e-05
192	-2.10588e-05
192.5	-2.11972e-05
193	-2.13501e-05
193.5	-2.12724e-05
194	-2.11052e-05
194.5	-2.15127e-05
195	-2.20579e-05
195.5	-2.24105e-05
196	-2.25661e-05
196.5	-2.28225e-05
197	-2.34169e-05
197.5	-2.39882e-05
198	-2.45441e-05
198.5	-2.44768e-05
199	-2.67191e-05
199.5	-4.22744e-05
200	-0.000287696
200.5	0.00051028
201	0.000350469
201.5	-7.00691e-05
202	-0.000204639
202.5	-5.412e-05
203	-3.717e-05
203.5	-2.90198e-05
204	-2.47518e-05
204.5	-2.23889e-05
205	-2.10224e-05
205.5	-2.06325e-05
206	-2.0685e-05
206.5	-2.07042e-05
207	-2.09125e-05
207.5	-2.09338e-05
208	-2.0808e-05
208.5	-2.04602e-05
209	-2.00461e-05
209.5	-1.9817e-05
210	-1.97807e-05
210.5	-2.0256e-05
211	-2.16421e-05
211.5	-2.29732e-05
212	-2.68024e-05
212.5	-3.59892e-05
213	-0.000333581
213.5	0.000595619
214	0.000443438
214.5	-3.34725e-05
215	-0.00021916
215.5	-5.69034e-05
216	-3.97656e-05
216.5	-3.1643e-05
217	-2.55212e-05
217.5	-2.17516e-05
218	-1.97115e-05
218.5	-1.88236e-05
219	-1.81826e-05
219.5	-1.77763e-05
220	-1.80853e-05
220.5	-1.86442e-05
221	-1.88026e-05
221.5	-1.8585e-05
222	-1.85792e-05
222.5	-1.91052e-05
223	-1.92988e-05
223.5	-1.9018e-05
224	-1.85705e-05
224.5	-1.80308e-05
225	-1.74295e-05
225.5	-1.67303e-05
226	-1.61357e-05
226.5	-1.55121e-05
227	-1.4984e-05
227.5	-1.24806e-05
228	-9.63519e-06
228.5	-7.16596e-06
229	-8.28934e-06
229.5	-1.00867e-05
230	-1.13394e-05
230.5	-1.1012e-05
231	-1.23485e-05
231.5	-1.33087e-05
232	-1.40964e-05
232.5	-1.50906e-05
233	-1.5835e-05
233.5	-1.62151e-05
234	-1.74496e-05
234.5	-1.887e-05
235	-2.19317e-05
235.5	-2.27567e-05
236	-2.17534e-05
236.5	-2.27535e-05
237	-2.4863e-05
237.5	-2.62766e-05
238	-3.01071e-05
238.5	-3.71552e-05
239	-0.000266582
239.5	-9.94209e-05
240	0.000394724
240.5	-0.000177787
241	-0.000285723
241.5	-7.32632e-05
242	-1.63817e-05
242.5	-1.54354e-05
243	-1.65672e-05
243.5	-1.75792e-05
244	-1.7954e-05
244.5	-1.79177e-05
245	-1.7638e-05
245.5	-1.72721e-05
246	-1.66095e-05
246.5	-1.56781e-05
247	-1.45008e-05
247.5	-1.29581e-05
248	-1.16132e-05
248.5	-1.10457e-05
249	-1.07914e-05
249.5	-1.08414e-05
250	-1.02146e-05
250.5	-9.13795e-06
251	-7.79314e-06
251.5	-7.18429e-06
252	-8.34036e-06
252.5	-9.099e-06
253	-9.6159e-06
253.5	-1.02623e-05
254	-1.18233e-05
254.5	-1.24504e-05
255	-1.29859e-05
255.5	-1.32771e-05
256	-1.32752e-05
256.5	-1.32523e-05
257	-1.33397e-05
257.5	-1.36696e-05
258	-1.43116e-05
258.5	-1.48451e-05
259	-1.50978e-05
259.5	-1.49062e-05
260	-1.45534e-05
260.5	-1.39656e-05
261	-1.32167e-05
261.5	-1.2515e-05
262	-1.25811e-05
262.5	-1.29095e-05
263	-1.33237e-05
263.5	-1.39768e-05
264	-1.48069e-05
264.5	-1.5915e-05
265	-1.56494e-05
265.5	-1.79369e-05
266	-2.76275e-05
266.5	-0.000205887
267	0.000852374
267.5	0.000514156
268	-8.4623e-05
268.5	-0.000240394
269	-5.26138e-05
269.5	-3.22789e-05
270	-2.30884e-05
270.5	-1.77692e-05
271	-1.47328e-05
271.5	-1.29698e-05
272	-1.17192e-05
272.5	-1.05465e-05
273	-9.51584e-06
273.5	-8.75084e-06
274	-8.21811e-06
274.5	-7.99675e-06
275	-8.3306e-06
275.5	-8.72491e-06
276	-9.20527e-06
276.5	-1.00515e-05
277	-1.09165e-05
277.5	-1.23008e-05
278	-1.4914e-05
278.5	-2.35899e-05
279	-0.000221747
279.5	0.00064579
280	0.000288175
280.5	-0.000150286
281	-0.000209777
281.5	-3.32959e-05
282	-2.75203e-05
282.5	-2.56185e-05
283	-2.27386e-05
283.5	-2.12518e-05
284	-2.11047e-05
284.5	-2.14577e-05
285	-2.16152e-05
285.5	-2.10378e-05
286	-2.02045e-05
286.5	-1.94122e-05
287	-1.86449e-05
287.5	-1.78721e-05
288	-1.7081e-05
288.5	-1.59518e-05
289	-1.4837e-05
289.5	-1.39178e-05
290	-1.32815e-05
290.5	-1.27536e-05
291	-1.22928e-05
291.5	-1.19991e-05
292	-1.16097e-05
292.5	-1.05885e-05
293	-1.08825e-05
293.5	-1.00193e-05
294	-9.55295e-06
294.5	-9.25236e-06
295	-8.67167e-06
295.5	-1.04752e-05
296	-2.58747e-05
296.5	-0.000289896
297	0.000629253
297.5	0.000244213
298	-0.000181878
298.5	-0.000204337
299	-3.7806e-05
299.5	-2.17092e-05
300	-1.54313e-05
300.5	-1.18864e-05
301	-9.71111e-06
301.5	-8.32416e-06
302	-7.38e-06
302.5	-6.5215e-06
303	-5.93374e-06
303.5	-5.77434e-06
304	-5.84036e-06
304.5	-6.23966e-06
305	-7.55629e-06
305.5	-8.88407e-06
306	-9.85874e-06
306.5	-1.04547e-05
307	-1.0959e-05
307.5	-1.14598e-05
308	-1.16251e-05
308.5	-1.19697e-05
309	-1.15837e-05
309.5	-9.94676e-06
310	-1.04687e-05
310.5	-1.08696e-05
311	-1.16273e-05
311.5	-1.16665e-05
312	-1.21708e-05
312.5	-1.28739e-05
313	-1.38854e-05
313.5	-1.47195e-05
314	-1.48513e-05
314.5	-1.51679e-05
315	-1.53374e-05
315.5	-1.56098e-05
316	-1.5985e-05
316.5	-1.62226e-05
317	-1.63807e-05
317.5	-1.66604e-05
318	-1.74106e-05
318.5	-1.85998e-05
319	-2.06006e-05
319.5	-2.52341e-05
320	-4.27446e-05
320.5	-0.000508548
321	0.000464296
321.5	0.000153195
322	-0.000115551
322.5	-0.000101854
323	-3.33417e-05
323.5	-2.63399e-05
324	-2.60514e-05
324.5	-2.32826e-05
325	-1.97779e-05
325.5	-1.61807e-05
326	-1.37418e-05
326.5	-1.1976e-05
327	-1.13125e-05
327.5	-1.13758e-05
328	-1.18679e-05
328.5	-1.25573e-05
329	-1.31743e-05
329.5	-1.36466e-05
330	-1.37893e-05
330.5	-1.36003e-05
331	-1.35288e-05
331.5	-1.3395e-05
332	-1.31569e-05
332.5	-1.32722e-05
333	-1.33545e-05
333.5	-1.33411e-05
334	-1.35117e-05
334.5	-1.35127e-05
335	-1.47234e-05
335.5	-1.63181e-05
336	-1.85937e-05
336.5	-1.71034e-05
337	-1.91424e-05
337.5	-2.70239e-05
338	-0.000113103
338.5	-0.000573078
339	0.000730033
339.5	2.58674e-05
340	-0.000211999
340.5	-6.97926e-05
341	-3.77857e-05
341.5	-3.24158e-05
342	-3.00595e-05
342.5	-2.86177e-05
343	-2.75763e-05
343.5	-2.68833e-05
344	-2.64115e-05
344.5	-2.61341e-05
345	-2.55755e-05
345.5	-2.52925e-05
346	-2.54892e-05
346.5	-2.52408e-05
347	-2.5194e-05
347.5	-2.45707e-05
348	-2.38691e-05
348.5	-2.34574e-05
349	-2.30854e-05
349.5	-2.19541e-05
350	-2.29867e-05
350.5	-2.41353e-05
351	-2.41791e-05
351.5	-2.28733e-05
352	-2.5161e-05
352.5	-3.24062e-05
353	-0.000178673
353.5	-0.000430274
354	0.000864133
354.5	-1.02898e-05
355	-0.000252423
355.5	-5.77986e-05
356	-3.00748e-05
356.5	-2.62805e-05
357	-2.55088e-05
357.5	-2.55717e-05
358	-2.61678e-05
358.5	-2.63005e-05
359	-2.59273e-05
359.5	-2.58413e-05
360	-2.53058e-05
360.5	-2.52524e-05
361	-2.49511e-05
361.5	-2.43718e-05
362	-2.30039e-05
362.5	-2.3085e-05
363	-2.34424e-05
363.5	-2.25444e-05
364	-2.39614e-05
364.5	-2.34992e-05
365	-2.18272e-05
365.5	-2.24521e-05
366	-2.06362e-05
366.5	-1.78805e-05
367	-1.65141e-05
367.5	-1.50725e-05
368	-1.35821e-05
368.5	-1.35077e-05
369	-1.39541e-05
369.5	-1.17566e-05
370	-1.13424e-05
370.5	-1.14541e-05
371	-1.0612e-05
371.5	-9.58339e-06
372	-8.95545e-06
372.5	-7.98232e-06
373	-7.37631e-06
373.5	-6.37189e-06
374	-6.18512e-06
374.5	-6.53155e-06
375	-7.19328e-06
375.5	-7.83963e-06
376	-9.03132e-06
376.5	-9.98513e-06
377	-1.06004e-05
377.5	-1.12654e-05
378	-1.24164e-05
378.5	-1.4154e-05
379	-1.75447e-05
379.5	-2.6368e-05
380	-0.000253754
380.5	0.000346615
381	0.000131516
381.5	-0.000166503
382	-0.000161992
382.5	-3.77557e-05
383	-3.36218e-05
383.5	-3.19219e-05
384	-2.92889e-05
384.5	-2.78334e-05
385	-2.42339e-05
385.5	-2.1426e-05
386	-1.95247e-05
386.5	-1.83e-05
387	-1.72155e-05
387.5	-1.65081e-05
388	-1.59287e-05
388.5	-1.55933e-05
389	-1.54657e-05
389.5	-1.54891e-05
390	-1.53735e-05
390.5	-1.52104e-05
391	-1.50683e-05
391.5	-1.49128e-05
392	-1.51288e-05
392.5	-1.56449e-05
393	-1.66135e-05
393.5	-1.87333e-05
394	-2.59879e-05
394.5	-0.000183969
395	0.000774058
395.5	0.000353586
396	-0.000117675
396.5	-0.000209821
397	-3.18144e-05
397.5	-2.90888e-05
398	-2.81769e-05
398.5	-2.47508e-05
399	-2.19388e-05
399.5	-1.99746e-05
400	-1.87494e-05
400.5	-1.75414e-05
401	-1.67813e-05
401.5	-1.64477e-05
402	-1.61407e-05
402.5	-1.58455e-05
403	-1.55171e-05
403.5	-1.52825e-05
404	-1.5151e-05
404.5	-1.49908e-05
405	-1.39304e-05
405.5	-1.37656e-05
406	-1.40462e-05
406.5	-1.44421e-05
407	-1.44745e-05
407.5	-1.43482e-05
408	-1.43583e-05
408.5	-1.32903e-05
409	-1.39706e-05
409.5	-1.5041e-05
410	-1.6337e-05
410.5	-1.68918e-05
411	-1.9197e-05
411.5	-2.75285e-05
412	-0.0001853
412.5	0.000343427
413	0.00059512
413.5	-1.96982e-05
414	-0.000242852
414.5	-4.96278e-05
415	-3.40212e-05
415.5	-2.77302e-05
416	-2.36219e-05
416.5	-2.08684e-05
417	-1.94147e-05
417.5	-1.92089e-05
418	-1.87398e-05
418.5	-1.79709e-05
419	-1.72477e-05
419.5	-1.68051e-05
420	-1.63308e-05
420.5	-1.61121e-05
421	-1.64418e-05
421.5	-1.69812e-05
422	-1.75201e-05
422.5	-1.6928e-05
423	-1.64288e-05
423.5	-1.6228e-05
424	-1.57087e-05
424.5	-1.54943e-05
425	-1.44938e-05
425.5	-1.38348e-05
426	-1.40276e-05
426.5	-1.30864e-05
427	-1.35166e-05
427.5	-1.3814e-05
428	-1.3987e-05
428.5	-1.46456e-05
429	-1.58534e-05
429.5	-1.73376e-05
430	-1.83757e-05
430.5	-1.91709e-05
431	-2.01374e-05
431.5	-2.10153e-05
432	-2.15792e-05
432.5	-2.18675e-05
433	-2.21806e-05
433.5	-2.26399e-05
434	-2.35689e-05
434.5	-2.58234e-05
435	-3.22607e-05
435.5	-0.000185016
436	-8.805e-05
436.5	0.000521385
437	-6.03974e-05
437.5	-0.00025729
438	-5.61684e-05
438.5	-3.83858e-05
439	-3.53134e-05
439.5	-2.95337e-05
440	-2.57693e-05
440.5	-2.2493e-05
441	-2.07451e-05
441.5	-1.95376e-05
442	-1.92467e-05
442.5	-1.88189e-05
443	-1.88262e-05
443.5	-1.93478e-05
444	-2.00532e-05
444.5	-2.06882e-05
445	-2.10642e-05
445.5	-2.10844e-05
446	-2.10241e-05
446.5	-2.09979e-05
447	-2.0993e-05
447.5	-2.13889e-05
448	-2.30645e-05
448.5	-2.9129e-05
449	-0.000178843
449.5	0.000205709
450	0.000480985
450.5	-7.8124e-05
451	-0.000244441
451.5	-4.10858e-05
452	-3.12599e-05
452.5	-3.22291e-05
453	-3.17899e-05
453.5	-2.73344e-05
454	-2.2201e-05
454.5	-1.7279e-05
455	-1.39821e-05
455.5	-1.14235e-05
456	-1.03418e-05
456.5	-1.04943e-05
457	-1.11537e-05
457.5	-1.17838e-05
458	-1.2548e-05
458.5	-1.32348e-05
459	-1.35206e-05
459.5	-1.43524e-05
460	-1.55172e-05
460.5	-1.7191e-05
461	-2.07375e-05
461.5	-3.0383e-05
462	-0.000234534
462.5	0.000736429
463	0.00030777
463.5	-0.000145227
464	-0.000212824
464.5	-3.10389e-05
465	-2.10299e-05
465.5	-1.85644e-05
466	-1.6872e-05
466.5	-1.75404e-05
467	-1.89487e-05
467.5	-1.80254e-05
468	-1.52473e-05
468.5	-1.27233e-05
469	-1.09985e-05
469.5	-9.70299e-06
470	-8.81496e-06
470.5	-8.26845e-06
471	-8.02065e-06
471.5	-8.15296e-06
472	-8.57291e-06
472.5	-8.80534e-06
473	-8.88719e-06
473.5	-8.97722e-06
474	-9.27983e-06
474.5	-9.86492e-06
475	-1.03699e-05
475.5	-1.08324e-05
476	-1.09791e-05
476.5	-1.1332e-05
477	-1.17706e-05
477.5	-1.2354e-05
478	-1.38633e-05
478.5	-1.55089e-05
479	-1.87076e-05
479.5	-3.04884e-05
480	-0.000290587
480.5	0.000302672
481	0.000110734
481.5	-0.000184024
482	-0.000167972
482.5	-3.75317e-05
483	-2.96865e-05
483.5	-2.52965e-05
484	-2.16439e-05
484.5	-1.7444e-05
485	-1.53304e-05
485.5	-1.43833e-05
486	-1.39578e-05
486.5	-1.4106e-05
487	-1.44612e-05
487.5	-1.52459e-05
488	-1.62936e-05
488.5	-1.71881e-05
489	-1.69511e-05
489.5	-1.74251e-05
490	-1.97893e-05
490.5	-2.1296e-05
491	-2.19065e-05
491.5	-2.03616e-05
492	-1.94846e-05
492.5	-1.89273e-05
493	-1.96649e-05
493.5	-2.14593e-05
494	-2.39629e-05
494.5	-2.67142e-05
495	-2.79611e-05
495.5	-2.39774e-05
496	-2.12711e-05
496.5	-2.30566e-05
497	-3.0543e-05
497.5	-0.000214414
498	-0.000158928
498.5	0.000627854
499	-2.72348e-05
499.5	-0.000201754
500	-6.17844e-05
500.5	-4.57017e-05
501	-4.11389e-05
501.5	-3.33401e-05
502	-2.60583e-05
502.5	-2.0175e-05
503	-1.66324e-05
503.5	-1.4127e-05
504	-1.2883e-05
504.5	-1.25573e-05
505	-1.23812e-05
505.5	-1.2118e-05
506	-1.17971e-05
506.5	-1.14533e-05
507	-1.10839e-05
507.5	-1.078e-05
508	-1.03122e-05
508.5	-9.83911e-06
509	-8.3747e-06
509.5	-8.42e-06
510	-7.63128e-06
510.5	-9.05609e-06
511	-1.10729e-05
511.5	-1.21762e-05
512	-1.12202e-05
512.5	-1.19526e-05
513	-1.32447e-05
513.5	-1.28797e-05
514	-1.34313e-05
514.5	-1.408e-05
515	-1.45173e-05
515.5	-1.50282e-05
516	-1.55085e-05
516.5	-1.5851e-05
517	-1.61245e-05
517.5	-1.6471e-05
518	-1.68789e-05
518.5	-1.70383e-05
519	-1.87143e-05
519.5	-2.20562e-05
520	-2.90428e-05
520.5	-0.000176081
521	-0.000238062
521.5	0.000621868
522	-5.10514e-05
522.5	-0.000247995
523	-3.84929e-05
523.5	-1.95236e-05
524	-1.71699e-05
524.5	-1.67569e-05
525	-1.63091e-05
525.5	-1.66459e-05
526	-1.57473e-05
526.5	-1.43891e-05
527	-1.30425e-05
527.5	-1.23793e-05
528	-1.11337e-05
528.5	-1.03375e-05
529	-9.82598e-06
529.5	-9.29235e-06
530	-8.78768e-06
530.5	-9.17982e-06
531	-9.95966e-06
531.5	-1.08261e-05
532	-1.2043e-05
532.5	-1.351e-05
533	-1.52022e-05
533.5	-1.67188e-05
534	-1.81943e-05
534.5	-2.0088e-05
535	-2.21526e-05
535.5	-2.98643e-05
536	-0.000208949
536.5	0.000857413
537	0.000389972
537.5	-0.000122269
538	-0.000219615
538.5	-3.22224e-05
539	-2.84133e-05
539.5	-2.39403e-05
540	-1.87747e-05
540.5	-1.6842e-05
541	-1.54938e-05
541.5	-1.22101e-05
542	-9.98843e-06
542.5	-8.74505e-06
543	-7.97514e-06
543.5	-7.254e-06
544	-6.63846e-06
544.5	-6.36421e-06
545	-6.52029e-06
545.5	-6.9377e-06
546	-7.18718e-06
546.5	-7.27585e-06
547	-7.46345e-06
547.5	-7.88495e-06
548	-8.28295e-06
548.5	-8.6825e-06
549	-9.0393e-06
549.5	-9.72682e-06
550	-1.03633e-05
550.5	-9.84237e-06
551	-1.01865e-05
551.5	-1.1031e-05
552	-1.22828e-05
552.5	-1.2264e-05
553	-1.36201e-05
553.5	-1.18506e-05
554	-1.70027e-05
554.5	-2.99995e-05
555	-0.000192056
555.5	-0.00019281
556	0.0006945
556.5	8.51524e-05
557	-0.000245605
557.5	-5.46222e-05
558	-3.50235e-05
558.5	-2.62388e-05
559	-2.10957e-05
559.5	-1.80235e-05
560	-1.6278e-05
560.5	-1.54886e-05
561	-1.52267e-05
561.5	-1.51383e-05
562	-1.5202e-05
562.5	-1.52384e-05
563	-1.53549e-05
563.5	-1.54057e-05
564	-1.5773e-05
564.5	-1.63701e-05
565	-1.68528e-05
565.5	-1.61073e-05
566	-1.56184e-05
566.5	-1.52283e-05
567	-1.41245e-05
567.5	-1.36282e-05
568	-1.39726e-05
568.5	-1.55817e-05
569	-1.94559e-05
569.5	-5.45405e-05
570	-0.000384373
570.5	0.000454525
571	0.000117004
571.5	-0.000202589
572	-0.000160063
572.5	-3.46242e-05
573	-2.56649e-05
573.5	-2.22564e-05
574	-2.0092e-05
574.5	-1.86982e-05
575	-1.78007e-05
575.5	-1.6823e-05
576	-1.59363e-05
576.5	-1.51572e-05
577	-1.45553e-05
577.5	-1.40846e-05
578	-1.36725e-05
578.5	-1.31916e-05
579	-1.28701e-05
579.5	-1.22595e-05
580	-1.14699e-05
580.5	-1.06802e-05
581	-9.98507e-06
581.5	-9.64012e-06
582	-9.12116e-06
582.5	-8.9833e-06
583	-8.77927e-06
583.5	-8.36699e-06
584	-8.83579e-06
584.5	-9.93141e-06
585	-1.11792e-05
585.5	-1.23823e-05
586	-1.30243e-05
586.5	-1.36309e-05
587	-1.3858e-05
587.5	-1.35185e-05
588	-1.28032e-05
588.5	-1.19526e-05
589	-1.12958e-05
589.5	-1.08777e-05
590	-1.06028e-05
590.5	-1.02524e-05
591	-1.00705e-05
591.5	-1.00997e-05
592	-1.05049e-05
592.5	-1.14887e-05
593	-1.34925e-05
593.5	-1.77546e-05
594	-3.91403e-05
594.5	-0.000489328
595	0.000435412
595.5	1.10128e-05
596	-0.000185956
596.5	-0.000101642
597	-3.99196e-05
597.5	-2.58542e-05
598	-1.62638e-05
598.5	-1.11097e-05
599	-7.92751e-06
599.5	-6.18159e-06
600	-5.57318e-06
600.5	-4.81172e-06
601	-4.22838e-06
601.5	-4.48559e-06
602	-5.38721e-06
602.5	-5.71705e-06
603	-6.63456e-06
603.5	-7.98857e-06
604	-9.18584e-06
604.5	-1.00702e-05
605	-1.09522e-05
605.5	-1.15068e-05
606	-1.12906e-05
606.5	-1.1927e-05
607	-1.31316e-05
607.5	-1.34336e-05
608	-1.40706e-05
608.5	-1.62323e-05
609	-1.86827e-05
609.5	-2.00838e-05
610	-2.08909e-05
610.5	-2.13608e-05
611	-2.00944e-05
611.5	-2.07189e-05
612	-2.02353e-05
612.5	-2.05534e-05
613	-2.02707e-05
613.5	-2.06334e-05
614	-2.35832e-05
614.5	-2.7399e-05
615	-3.3455e-05
615.5	-0.000221255
616	7.72907e-06
616.5	0.000480287
617	-0.000153601
617.5	-0.000283599
618	-9.43411e-05
618.5	-3.89981e-05
619	-3.57736e-05
619.5	-3.06145e-05
620	-2.51711e-05
620.5	-2.06316e-05
621	-1.69945e-05
621.5	-1.51116e-05
622	-1.38291e-05
622.5	-1.31999e-05
623	-1.23116e-05
623.5	-1.14561e-05
624	-1.02745e-05
624.5	-9.8029e-06
625	-9.78103e-06
625.5	-9.90095e-06
626	-1.05844e-05
626.5	-1.10456e-05
627	-1.13757e-05
627.5	-1.13199e-05
628	-1.1133e-05
628.5	-1.20725e-05
629	-1.35929e-05
629.5	-1.68767e-05
630	-3.46212e-05
630.5	-0.000338185
631	0.000377035
631.5	8.22723e-05
632	-0.000175174
632.5	-0.000133077
633	-3.53887e-05
633.5	-2.66682e-05
634	-2.32717e-05
634.5	-1.99156e-05
635	-1.7382e-05
635.5	-1.55433e-05
636	-1.42089e-05
636.5	-1.33181e-05
637	-1.27386e-05
637.5	-1.23277e-05
638	-1.20721e-05
638.5	-1.17448e-05
639	-1.13816e-05
639.5	-1.11246e-05
640	-1.09875e-05
640.5	-1.0912e-05
641	-1.07779e-05
641.5	-1.04804e-05
642	-1.01106e-05
642.5	-9.85653e-06
643	-9.58794e-06
643.5	-8.39626e-06
644	-6.86851e-06
644.5	-5.5516e-06
645	-5.14132e-06
645.5	-5.04175e-06
646	-4.20463e-06
646.5	-4.02825e-06
647	-5.18116e-06
647.5	-6.13464e-06
648	-6.56221e-06
648.5	-6.88076e-06
649	-6.67922e-06
649.5	-7.30105e-06
650	-8.09945e-06
650.5	-8.97272e-06
651	-9.9206e-06
651.5	-1.0821e-05
652	-1.14897e-05
652.5	-1.19027e-05
653	-1.22111e-05
653.5	-1.133e-05
654	-1.06576e-05
654.5	-1.05363e-05
655	-1.06067e-05
655.5	-1.07102e-05
656	-1.10512e-05
656.5	-1.15582e-05
657	-8.96543e-06
657.5	-6.05208e-06
658	-5.2885e-06
658.5	-7.26476e-06
659	-7.36457e-06
659.5	-8.36655e-06
660	-9.42101e-06
660.5	-1.0337e-05
661	-1.1009e-05
661.5	-1.12355e-05
662	-1.02492e-05
662.5	-1.01421e-05
663	-1.00194e-05
663.5	-9.75955e-06
664	-9.74389e-06
664.5	-1.02593e-05
665	-1.09404e-05
665.5	-1.14042e-05
666	-1.17102e-05
666.5	-1.25678e-05
667	-1.435e-05
667.5	-1.62213e-05
668	-1.8276e-05
668.5	-2.09587e-05
669	-2.21629e-05
669.5	-2.74616e-05
670	-0.000170931
670.5	-0.000470064
671	0.000803224
671.5	6.67329e-06
672	-0.000242343
672.5	-5.83894e-05
673	-3.5803e-05
673.5	-3.04238e-05
674	-2.76181e-05
674.5	-2.57039e-05
675	-2.40874e-05
675.5	-2.2761e-05
676	-2.15753e-05
676.5	-2.03582e-05
677	-1.91768e-05
677.5	-1.78329e-05
678	-1.66007e-05
678.5	-1.56838e-05
679	-1.4152e-05
679.5	-1.29007e-05
680	-1.13063e-05
680.5	-1.05037e-05
681	-1.07693e-05
681.5	-1.02119e-05
682	-9.18341e-06
682.5	-9.22367e-06
683	-9.85845e-06
683.5	-1.03461e-05
684	-1.07205e-05
684.5	-1.14273e-05
685	-1.26957e-05
685.5	-1.46513e-05
686	-1.82555e-05
686.5	-4.00527e-05
687	-0.00034247
687.5	0.000413192
688	9.07379e-05
688.5	-0.000193805
689	-0.000145941
689.5	-3.14579e-05
690	-2.36898e-05
690.5	-2.10467e-05
691	-1.94505e-05
691.5	-1.81289e-05
692	-1.67128e-05
692.5	-1.5893e-05
693	-1.55586e-05
693.5	-1.42723e-05
694	-1.35597e-05
694.5	-1.26301e-05
695	-1.08828e-05
695.5	-8.07934e-06
696	-6.89897e-06
696.5	-7.28781e-06
697	-8.02676e-06
697.5	-8.72057e-06
698	-9.1922e-06
698.5	-9.38504e-06
699	-9.15081e-06
699.5	-8.91155e-06
700	-8.8505e-06
700.5	-9.38516e-06
701	-1.00945e-05
701.5	-1.07815e-05
702	-1.13021e-05
702.5	-1.17802e-05
703	-1.20858e-05
703.5	-1.25572e-05
704	-1.29989e-05
704.5	-1.33349e-05
705	-1.36724e-05
705.5	-1.4058e-05
706	-1.49282e-05
706.5	-1.71971e-05
707	-2.62168e-05
707.5	-0.000286421
708	0.000373223
708.5	5.55925e-05
709	-0.000177773
709.5	-0.000131957
710	-3.68148e-05
710.5	-2.46987e-05
711	-1.77671e-05
711.5	-1.51331e-05
712	-1.39015e-05
712.5	-1.26741e-05
713	-1.23354e-05
713.5	-1.17575e-05
714	-1.07476e-05
714.5	-1.05067e-05
715	-1.05059e-05
715.5	-1.07631e-05
716	-1.09662e-05
716.5	-1.09182e-05
717	-1.23112e-05
717.5	-1.33657e-05
718	-1.41258e-05
718.5	-1.49102e-05
719	-1.65478e-05
719.5	-1.67766e-05
720	-1.67349e-05
720.5	-1.8337e-05
721	-2.0614e-05
721.5	-3.41133e-05
722	-0.000148379
722.5	0.000634337
723	2.90959e-05
723.5	-0.000152077
724	-0.000133627
724.5	-3.30484e-05
725	-3.12247e-05
725.5	-3.02689e-05
726	-2.55491e-05
726.5	-2.07134e-05
727	-1.72337e-05
727.5	-1.54443e-05
728	-1.51841e-05
728.5	-1.55227e-05
729	-1.54311e-05
729.5	-1.42891e-05
730	-1.3781e-05
730.5	-1.34023e-05
731	-1.22395e-05
731.5	-1.13906e-05
732	-1.14137e-05
732.5	-1.1936e-05
733	-1.27263e-05
733.5	-1.28054e-05
734	-1.0003e-05
734.5	-9.30505e-06
735	-1.17346e-05
735.5	-1.81737e-05
736	-4.45907e-05
736.5	-0.000394606
737	0.000436477
737.5	5.32768e-05
738	-0.000191453
738.5	-0.000133804
739	-3.86688e-05
739.5	-3.04703e-05
740	-2.86759e-05
740.5	-2.58339e-05
741	-2.35092e-05
741.5	-2.1328e-05
742	-1.94761e-05
742.5	-1.77798e-05
743	-1.64021e-05
743.5	-1.54906e-05
744	-1.5414e-05
744.5	-1.58633e-05
745	-1.71598e-05
745.5	-1.85676e-05
746	-2.0188e-05
746.5	-2.26132e-05
747	-2.63557e-05
747.5	-4.96828e-05
748	-0.000462024
748.5	0.000449381
749	2.27e-05
749.5	-0.000202965
750	-0.000132319
750.5	-4.11772e-05
751	-3.78602e-05
751.5	-3.13242e-05
752	-2.62095e-05
752.5	-2.3206e-05
753	-1.99726e-05
753.5	-1.80321e-05
754	-1.67652e-05
754.5	-1.54873e-05
755	-1.44937e-05
755.5	-1.36293e-05
756	-1.29691e-05
756.5	-1.27077e-05
757	-1.2667e-05
757.5	-1.23535e-05
758	-1.2364e-05
758.5	-1.23806e-05
759	-1.26803e-05
759.5	-1.3241e-05
760	-1.41224e-05
760.5	-1.53153e-05
761	-1.61758e-05
761.5	-1.69569e-05
762	-1.78585e-05
762.5	-1.84793e-05
763	-1.81221e-05
763.5	-1.86468e-05
764	-1.86414e-05
764.5	-1.73199e-05
765	-1.64341e-05
765.5	-2.03177e-05
766	-5.95266e-05
766.5	-0.000442354
767	0.000539754
767.5	4.29176e-05
768	-0.000206082
768.5	-0.000118034
769	-2.75167e-05
769.5	-1.86525e-05
770	-1.48904e-05
770.5	-1.28157e-05
771	-1.17759e-05
771.5	-1.08023e-05
772	-1.01353e-05
772.5	-9.96485e-06
773	-9.55745e-06
773.5	-9.01312e-06
774	-8.82533e-06
774.5	-9.0108e-06
775	-8.56815e-06
775.5	-7.6018e-06
776	-7.43161e-06
776.5	-7.84485e-06
777	-8.12291e-06
777.5	-7.47423e-06
778	-6.96779e-06
778.5	-7.32549e-06
779	-8.63569e-06
779.5	-9.82542e-06
780	-1.06561e-05
780.5	-1.11475e-05
781	-1.14437e-05
781.5	-1.16884e-05
782	-1.20014e-05
782.5	-1.24705e-05
783	-1.33244e-05
783.5	-1.50228e-05
784	-2.03586e-05
784.5	-7.74185e-05
785	-0.000834135
785.5	0.000918001
786	0.000102375
786.5	-0.000204474
787	-4.57284e-05
787.5	-1.81992e-05
788	-1.24771e-05
788.5	-9.24784e-06
789	-9.31833e-06
789.5	-8.85413e-06
790	-8.32286e-06
790.5	-8.77584e-06
791	-8.04013e-06
791.5	-6.85139e-06
792	-5.52878e-06
792.5	-5.0154e-06
793	-5.0471e-06
793.5	-5.22314e-06
794	-5.84207e-06
794.5	-6.37201e-06
795	-6.62315e-06
795.5	-6.86959e-06
796	-7.20486e-06
796.5	-7.67779e-06
797	-8.41192e-06
797.5	-9.32182e-06
798	-1.05506e-05
798.5	-1.26463e-05
799	-1.74085e-05
799.5	-9.24066e-05
800	-0.000569287
800.5	0.000794142
801	-3.25922e-05
801.5	-0.000233107
802	-4.67226e-05
802.5	-2.11072e-05
803	-1.93903e-05
803.5	-2.07044e-05
804	-2.16786e-05
804.5	-2.00005e-05
805	-1.76633e-05
805.5	-1.57946e-05
806	-1.41729e-05
806.5	-1.29414e-05
807	-1.1861e-05
807.5	-1.16563e-05
808	-1.19058e-05
808.5	-1.23414e-05
809	-1.2908e-05
809.5	-1.37425e-05
810	-1.48548e-05
810.5	-1.57776e-05
811	-1.66955e-05
811.5	-1.73382e-05
812	-1.77841e-05
812.5	-1.91338e-05
813	-2.0695e-05
813.5	-2.19146e-05
814	-2.38947e-05
814.5	-2.74894e-05
815	-3.90582e-05
815.5	-0.000269497
816	0.000230067
816.5	0.000153939
817	-0.000116324
817.5	-0.000158516
818	-3.42756e-05
818.5	-3.13389e-05
819	-3.27909e-05
819.5	-3.30644e-05
820	-3.31817e-05
820.5	-3.13365e-05
821	-2.64589e-05
821.5	-2.34819e-05
822	-2.17274e-05
822.5	-2.11789e-05
823	-2.13056e-05
823.5	-2.12457e-05
824	-2.09639e-05
824.5	-2.04074e-05
825	-1.97248e-05
825.5	-1.91508e-05
826	-1.84162e-05
826.5	-1.79237e-05
827	-1.76251e-05
827.5	-1.75766e-05
828	-1.77639e-05
828.5	-1.81527e-05
829	-1.92723e-05
829.5	-2.13606e-05
830	-2.69475e-05
830.5	-0.000119492
831	-0.000684633
831.5	0.000599773
832	8.28817e-05
832.5	-0.000211983
833	-3.87918e-05
833.5	-2.63939e-05
834	-2.50725e-05
834.5	-2.75946e-05
835	-2.53731e-05
835.5	-2.3558e-05
836	-2.02767e-05
836.5	-1.7924e-05
837	-1.66267e-05
837.5	-1.61215e-05
838	-1.37617e-05
838.5	-1.33792e-05
839	-1.31669e-05
839.5	-1.46879e-05
840	-1.59617e-05
840.5	-1.73387e-05
841	-1.70607e-05
841.5	-1.79075e-05
842	-1.90043e-05
842.5	-1.94696e-05
843	-1.65498e-05
843.5	-1.63042e-05
844	-1.70695e-05
844.5	-1.83434e-05
845	-2.05708e-05
845.5	-2.53926e-05
846	-0.000196712
846.5	0.000127889
847	0.000992454
847.5	1.83063e-05
848	-0.000314578
848.5	-0.000134619
849	-1.47596e-05
849.5	-1.1092e-05
850	-1.15163e-05
850.5	-1.12528e-05
851	-1.10697e-05
851.5	-1.08254e-05
852	-1.04843e-05
852.5	-1.001e-05
853	-9.90237e-06
853.5	-9.73058e-06
854	-9.46407e-06
854.5	-9.06842e-06
855	-8.70546e-06
855.5	-8.27973e-06
856	-7.8575e-06
856.5	-6.94564e-06
857	-5.12658e-06
857.5	-4.16395e-06
858	-4.01893e-06
858.5	-4.38576e-06
859	-4.93896e-06
859.5	-4.89099e-06
860	-4.99781e-06
860.5	-5.58375e-06
861	-6.37897e-06
861.5	-6.74779e-06
862	-7.25068e-06
862.5	-8.07344e-06
863	-9.17536e-06
863.5	-1.01029e-05
864	-1.08183e-05
864.5	-1.18325e-05
865	-1.30273e-05
865.5	-1.41283e-05
866	-1.49765e-05
866.5	-1.59354e-05
867	-1.68241e-05
867.5	-1.78992e-05
868	-1.90308e-05
868.5	-2.02896e-05
869	-2.27172e-05
869.5	-3.04698e-05
870	-0.000192777
870.5	0.000762377
871	0.000396733
871.5	-9.36825e-05
872	-0.000211702
872.5	-3.86847e-05
873	-2.82302e-05
873.5	-2.60412e-05
874	-2.42692e-05
874.5	-2.09176e-05
875	-1.79878e-05
875.5	-1.59628e-05
876	-1.44853e-05
876.5	-1.42716e-05
877	-1.4683e-05
877.5	-1.55814e-05
878	-1.66098e-05
878.5	-1.74893e-05
879	-1.80583e-05
879.5	-1.83762e-05
880	-1.86029e-05
880.5	-1.9063e-05
881	-1.95789e-05
881.5	-2.00733e-05
882	-2.04942e-05
882.5	-2.0721e-05
883	-2.06833e-05
883.5	-2.09912e-05
884	-2.14495e-05
884.5	-2.2404e-05
885	-2.4211e-05
885.5	-2.89027e-05
886	-5.25601e-05
886.5	-0.000706947
887	0.000690119
887.5	0.000175114
888	-0.000167033
888.5	-0.000100144
889	-4.59968e-05
889.5	-3.36907e-05
890	-2.68609e-05
890.5	-2.13348e-05
891	-1.7947e-05
891.5	-1.63217e-05
892	-1.61963e-05
892.5	-1.66665e-05
893	-1.70445e-05
893.5	-1.71782e-05
894	-1.70838e-05
894.5	-1.68135e-05
895	-1.64884e-05
895.5	-1.64939e-05
896	-1.65257e-05
896.5	-1.6215e-05
897	-1.58012e-05
897.5	-1.55833e-05
898	-1.51534e-05
898.5	-1.4571e-05
899	-1.4132e-05
899.5	-1.36243e-05
900	-1.3066e-05
900.5	-1.13674e-05
901	-1.06306e-05
901.5	-9.72001e-06
902	-6.1727e-06
902.5	-4.73351e-06
903	-5.04639e-06
903.5	-6.02869e-06
904	-7.15141e-06
904.5	-7.83412e-06
905	-8.03111e-06
905.5	-7.75776e-06
906	-8.48599e-06
906.5	-9.42291e-06
907	-1.03615e-05
907.5	-1.0809e-05
908	-1.08416e-05
908.5	-1.05268e-05
909	-9.98348e-06
909.5	-9.55279e-06
910	-9.15505e-06
910.5	-8.78045e-06
911	-8.56529e-06
911.5	-8.39392e-06
912	-8.31938e-06
912.5	-8.30351e-06
913	-8.34053e-06
913.5	-7.05386e-06
914	-7.05978e-06
914.5	-7.41987e-06
915	-7.3721e-06
915.5	-6.54818e-06
916	-5.86415e-06
916.5	-6.21748e-06
917	-7.16787e-06
917.5	-9.31796e-06
918	-1.04993e-05
918.5	-1.14553e-05
919	-1.15967e-05
919.5	-1.19513e-05
920	-1.24603e-05
920.5	-1.26674e-05
921	-1.24975e-05
921.5	-1.24213e-05
922	-1.24888e-05
922.5	-1.24813e-05
923	-1.25808e-05
923.5	-1.29236e-05
924	-1.35297e-05
924.5	-1.41982e-05
925	-1.47927e-05
925.5	-1.56002e-05
926	-1.67696e-05
926.5	-1.83108e-05
927	-2.09615e-05
927.5	-2.68187e-05
928	-0.000138953
928.5	-0.000503312
929	0.000757557
929.5	-3.50203e-05
930	-0.000240991
930.5	-5.6586e-05
931	-3.39362e-05
931.5	-3.32524e-05
932	-2.70234e-05
932.5	-1.99266e-05
933	-1.53094e-05
933.5	-1.27875e-05
934	-1.21042e-05
934.5	-1.2738e-05
935	-1.39806e-05
935.5	-1.52976e-05
936	-1.643e-05
936.5	-1.7133e-05
937	-1.75641e-05
937.5	-1.83984e-05
938	-1.93083e-05
938.5	-2.03202e-05
939	-2.16657e-05
939.5	-2.31724e-05
940	-2.53795e-05
940.5	-2.98626e-05
941	-5.26021e-05
941.5	-0.000463777
942	0.000369754
942.5	3.65393e-05
943	-0.000173697
943.5	-0.000122202
944	-4.40354e-05
944.5	-3.95271e-05
945	-3.47452e-05
945.5	-3.02584e-05
946	-2.50804e-05
946.5	-2.15892e-05
947	-1.96002e-05
947.5	-1.86267e-05
948	-1.82987e-05
948.5	-1.84954e-05
949	-1.86036e-05
949.5	-1.8493e-05
950	-1.76515e-05
950.5	-1.67272e-05
951	-1.60125e-05
951.5	-1.57294e-05
952	-1.58295e-05
952.5	-1.62755e-05
953	-1.70449e-05
953.5	-1.88896e-05
954	-2.35633e-05
954.5	-0.000100882
955	-0.000620604
955.5	0.000732876
956	-1.12359e-05
956.5	-0.00022701
957	-7.22564e-05
957.5	-3.58914e-05
958	-3.2724e-05
958.5	-2.74131e-05
959	-2.406e-05
959.5	-2.15506e-05
960	-1.98613e-05
960.5	-1.85247e-05
961	-1.74796e-05
961.5	-1.66817e-05
962	-1.6146e-05
962.5	-1.53716e-05
963	-1.48443e-05
963.5	-1.44367e-05
964	-1.40867e-05
964.5	-1.39555e-05
965	-1.39529e-05
965.5	-1.38608e-05
966	-1.40702e-05
966.5	-1.47581e-05
967	-1.57055e-05
967.5	-1.70122e-05
968	-1.93896e-05
968.5	-2.64373e-05
969	-0.000181989
969.5	-7.86517e-05
970	0.000558285
970.5	1.02744e-05
971	-0.0002372
971.5	-4.54584e-05
972	-3.20568e-05
972.5	-2.60236e-05
973	-2.06962e-05
973.5	-1.66684e-05
974	-1.30528e-05
974.5	-1.08192e-05
975	-9.5739e-06
975.5	-9.07072e-06
976	-9.07156e-06
976.5	-1.03462e-05
977	-1.07053e-05
977.5	-1.06119e-05
978	-1.13819e-05
978.5	-1.24568e-05
979	-1.26318e-05
979.5	-1.11268e-05
980	-1.14778e-05
980.5	-1.24978e-05
981	-1.3574e-05
981.5	-1.29559e-05
982	-1.54975e-05
982.5	-1.75218e-05
983	-1.8667e-05
983.5	-1.90878e-05
984	-1.64102e-05
984.5	-1.38631e-05
985	-1.35392e-05
985.5	-1.33563e-05
986	-1.21842e-05
986.5	-1.03984e-05
987	-8.95876e-06
987.5	-8.00889e-06
988	-7.47486e-06
988.5	-7.39556e-06
989	-7.89775e-06
989.5	-8.60072e-06
990	-9.32563e-06
990.5	-9.73907e-06
991	-1.00724e-05
991.5	-1.02726e-05
992	-1.06414e-05
992.5	-1.0878e-05
993	-9.20373e-06
993.5	-7.59736e-06
994	-8.57307e-06
994.5	-9.75778e-06
995	-9.35301e-06
995.5	-9.88358e-06
996	-1.13293e-05
996.5	-1.12114e-05
997	-1.13023e-05
997.5	-1.46247e-05
998	-5.85672e-05
998.5	-0.000457731
999	0.00056814
999.5	2.52282e-05
1000	-0.000208209
