0.511 480698
0.514 440558
0.926 448761
1.783 529209
2.285 451031
3.612 349700
4.130 636791
4.900 436114
5.302 416635
5.773 645730
5.943 441636
6.306 393687
6.834 341463
7.316 357769
7.589 408159
8.456 601696
8.459 351745
8.579 465386
9.160 491015
9.419 672493
10.400 4971
10.425 4765
10.600 409891
11.050 4784
11.211 339637
11.500 4812
11.726 460328
11.945 460079
12.069 354177
12.141 527026
12.300 4733
12.450 4651
12.500 334509
12.625 4866
12.675 17038
12.750 4995
12.800 4657
13.125 334362
13.200 4735
13.425 334479
13.425 4713
13.450 338470
13.600 334624
13.725 334777
13.725 334783
13.875 334420
14.081 448995
14.125 334359
14.125 334417
14.325 334482
14.425 334714
14.450 17152
14.927 440240
15.000 334600
15.025 334149
15.150 334540
15.250 334513
15.401 385590
15.425 334357
15.450 334063
15.733 500143
16.100 334393
16.156 539418
16.800 17194
16.872 579454
17.575 17397
17.968 633114
17.975 17071
18.366 390210
18.516 435580
18.550 17233
18.675 355708
18.813 537787
18.950 17038
18.979 404341
19.095 377501
19.300 17037
19.797 459728
19.921 445894
20.061 399857
20.248 403046
20.667 354985
20.875 17124
20.938 415410
21.025 16994
21.876 442255
21.916 439814
22.243 394959
22.475 116488
22.525 115402
22.656 398824
22.701 360403
22.994 489130
23.125 112614
23.185 345934
23.216 368244
23.250 111948
23.300 134970
23.365 425160
23.375 136199
23.381 501032
23.504 426553
23.575 372135
23.650 483077
24.087 346445
24.437 511138
24.700 127461
24.925 115371
25.336 587198
25.354 490505
25.375 138394
25.450 114245
25.472 391995
25.525 100381
25.625 111999
25.700 110888
25.797 460697
25.875 100361
25.925 113753
26.000 2055
26.025 118957
26.108 524917
26.150 110835
26.150 146557
26.150 2143
26.150 4784
26.250 126310
26.275 120614
26.300 112534
26.300 116104
26.325 4733
26.349 387324
26.350 2276
26.425 98782
26.450 121107
26.450 123501
26.475 20224
26.475 2164
26.495 364876
26.500 109159
26.600 122803
26.625 131041
26.625 2170
26.650 111928
26.675 2274
26.700 17152
26.725 20142
26.725 20272
26.725 2099
26.725 4812
26.750 119448
26.750 20209
26.750 20257
26.750 4999
26.850 20241
26.900 135358
26.900 20225
26.900 2206
26.950 132216
26.975 4713
27.000 17194
27.025 115423
27.025 115911
27.050 117210
27.050 128639
27.050 4735
27.075 116015
27.075 124690
27.075 128589
27.100 139865
27.125 123591
27.125 334809
27.175 115438
27.200 4657
27.225 110775
27.276 347394
27.325 111427
27.350 114234
27.362 432496
27.400 119935
27.425 114281
27.425 121314
27.425 20275
27.425 2255
27.450 118297
27.475 133279
27.475 2291
27.500 113060
27.500 129279
27.600 121659
27.600 121762
27.600 126921
27.647 338795
27.800 131449
27.800 2186
27.816 363680
27.875 113784
27.900 2251
27.950 107986
28.000 112560
28.025 112643
28.025 127457
28.042 414001
28.075 119501
28.075 95313
28.124 381869
28.125 119577
28.175 123029
28.175 2076
28.219 358643
28.250 4866
28.275 121830
28.300 109156
28.325 115544
28.375 4651
28.375 4971
28.425 135036
28.450 338470
28.475 123898
28.475 136734
28.525 91876
28.550 121087
28.600 135582
28.625 17038
28.675 334870
28.699 491749
28.700 134326
28.700 2210
28.725 125753
28.759 366459
28.800 113156
28.825 130316
28.875 132727
28.925 134381
28.950 110904
28.950 2184
29.025 126428
29.025 2191
29.035 357351
29.125 112529
29.150 113127
29.175 125797
29.196 618410
29.200 133335
29.225 130400
29.300 139628
29.325 117075
29.325 132658
29.375 117718
29.450 112719
29.450 122892
29.450 97715
29.500 111420
29.575 127423
29.600 334059
29.625 112062
29.650 113107
29.650 334630
29.700 109785
29.700 133325
29.750 112649
29.750 119999
29.750 334539
29.850 146033
29.850 98735
29.950 132767
29.975 116626
29.975 134933
30.000 334447
30.050 98706
30.075 334596
30.100 117805
30.100 121213
30.100 133839
30.100 97037
30.117 352455
30.150 334837
30.175 121179
30.175 123000
30.200 118206
30.200 334869
30.225 113180
30.275 108519
30.275 118989
30.275 130162
30.300 118727
30.300 132711
30.303 681525
30.325 128596
30.325 129928
30.325 136178
30.350 334357
30.425 116599
30.425 125208
30.425 131476
30.425 334718
30.450 126318
30.450 334600
30.475 113631
30.500 125153
30.500 126981
30.500 334420
30.525 122849
30.525 334509
30.525 334724
30.550 108579
30.325 468
30.550 114884
30.550 334841
30.575 126288
30.575 131484
30.575 334626
30.577 358532
30.625 115502
30.650 334536
30.650 334717
30.675 128698
30.675 334182
30.700 334479
30.701 528249
30.725 137119
30.725 96562
30.750 120576
30.775 334063
30.775 334656
30.800 114943
30.850 106055
30.850 110306
30.850 123291
30.850 129709
30.875 2055
30.875 334540
30.925 334783
30.975 135556
31.000 2276
31.045 441552
31.046 467356
31.070 453975
31.075 334359
31.100 334777
31.150 120590
31.200 2143
31.225 123949
31.250 2099
31.250 334146
31.275 133910
31.300 2274
31.400 334386
31.425 109162
31.425 117167
31.450 2164
31.475 117195
31.475 2170
31.500 112027
31.550 128630
31.575 2206
31.600 128609
31.650 114958
31.697 376686
31.700 127010
31.726 473607
31.750 116095
31.775 110864
31.775 111341
31.825 334393
31.825 334714
31.975 334149
32.025 113786
32.025 2255
32.225 334513
32.425 2186
32.775 111395
32.775 334482
32.877 708787
32.953 439549
33.252 358031
33.500 2251
34.625 2191
34.825 334417
34.950 334809
35.125 334390
35.125 334452
35.250 334624
35.278 624779
35.600 334596
35.625 334539
35.700 334420
35.725 334870
35.736 367861
35.775 334837
35.800 334718
35.850 334479
35.975 334841
36.112 431854
36.200 334182
36.250 334063
36.250 334777
36.575 334447
36.753 430905
36.825 334783
37.200 334630
37.354 472457
37.388 382040
37.475 334146
37.475 334714
37.848 346351
37.870 357716
38.285 427650
39.617 371504
39.687 420243
40.279 474228
40.464 365540
40.911 463034
41.061 377172
42.049 389910
42.710 438513
42.810 427293
43.112 668586
43.171 391940
44.128 615098
44.139 346280
44.157 356376
44.214 342396
44.217 432850
44.261 340409
45.019 429522
45.761 469044
45.772 444344
45.800 4866
45.892 480870
46.025 4733
46.225 4651
46.275 4735
46.496 373361
46.902 585736
47.075 4971
47.175 4812
47.350 4713
47.475 4995
47.648 485675
47.800 338470
47.875 4765
48.187 390257
48.300 4999
48.303 441406
48.600 4657
48.666 372850
48.697 394043
48.761 412803
48.775 334536
49.241 465988
49.731 447785
49.994 383390
50.000 2184
50.354 346884
50.375 2170
51.171 378179
51.342 425588
51.462 423289
51.700 334714
52.090 397405
52.128 341890
52.220 347042
52.884 379792
53.026 489325
53.130 399961
53.229 385967
53.514 344326
54.026 348704
54.027 349449
54.106 484117
54.153 417172
54.594 540351
55.998 403050
56.034 630129
56.040 497392
56.045 356544
56.375 17124
56.807 479078
58.243 587539
58.250 334362
58.675 17038
59.611 370994
60.333 393629
60.560 454599
61.153 491826
61.225 4735
61.469 511108
61.543 393209
61.579 435732
61.919 348407
62.000 4995
62.049 363593
62.050 4866
62.425 4765
62.475 4999
62.500 4651
62.600 17037
62.875 4733
62.875 4784
63.350 9373
63.428 342683
63.638 400369
63.675 4657
63.680 391955
63.696 343438
63.727 525363
63.775 4971
63.825 334539
63.850 334536
64.250 334837
49.225 468
63.625 468
64.590 527415
64.718 427504
65.225 2210
65.449 452330
65.747 406710
65.775 17397
65.775 338470
65.778 607016
65.925 389311
65.971 352640
66.103 453943
66.125 334482
66.278 519932
66.322 614484
66.450 334509
66.652 509214
67.901 412436
68.464 401161
68.713 653648
69.266 406809
69.313 368890
69.525 17194
69.568 431693
70.000 17071
70.048 459311
70.132 502313
70.897 346375
70.934 368492
72.075 468595
72.131 363593
72.364 471373
72.592 431329
72.760 442080
72.859 380506
72.911 425860
73.107 473806
73.601 633114
73.826 614496
73.892 377313
74.436 411168
74.567 675139
74.890 349168
75.065 384756
75.245 346104
75.250 411300
75.565 358699
76.061 493062
76.083 351976
76.237 381780
76.831 387982
77.125 4971
77.125 4999
77.209 454397
77.710 392271
77.755 388174
77.925 4713
77.975 4765
77.975 4784
78.021 484719
78.159 609923
78.250 4733
78.450 334717
78.600 4651
78.621 484566
78.625 4866
78.675 4812
78.750 4735
78.811 509014
79.150 4657
79.250 4995
80.424 344410
80.575 17037
80.707 457580
81.064 522486
81.297 368601
81.852 349138
82.075 384711
82.150 17124
82.474 431769
83.850 350716
84.448 403320
84.661 453786
84.756 351035
85.648 342764
86.300 17397
86.779 725136
86.889 438963
86.977 597803
87.313 340135
87.314 370792
87.353 458970
88.134 345282
88.905 378798
89.016 593317
89.082 455438
89.297 444150
89.399 479310
89.835 431480
90.152 523553
90.163 385653
90.400 4866
90.612 377467
79.900 468
90.751 433772
90.872 478234
90.975 338470
91.000 375020
91.205 392110
92.075 4999
92.200 4713
92.284 536810
92.300 128698
92.650 4733
92.682 500232
92.779 476507
92.825 400230
93.050 4657
93.075 4995
93.150 10415
93.150 4784
93.200 17037
93.289 350716
93.300 10000
93.300 355506
93.873 351557
93.925 4651
93.950 334359
93.970 443169
94.222 348407
94.400 655543
94.613 445796
94.884 410998
94.900 334146
95.275 116015
95.603 377337
96.072 467511
96.184 545306
96.429 486563
96.771 528249
97.000 17038
97.974 378613
98.372 586378
98.634 390257
98.696 429397
98.703 346762
99.016 466423
99.081 346060
99.540 390757
100.050 113786
100.152 601605
100.226 349606
100.304 455645
100.709 416936
100.802 374943
101.361 416363
101.431 359800
102.247 445112
102.535 429066
102.944 395383
102.990 491527
104.428 377061
104.485 494469
104.881 454322
104.947 503381
104.975 121830
105.325 4812
105.325 4971
105.826 437654
106.375 4735
106.500 4713
106.625 4999
106.650 334182
106.675 4995
106.775 4733
106.950 4651
107.016 348762
107.275 4765
107.725 110775
107.777 443108
108.025 116488
108.400 111420
108.525 334777
108.600 4866
108.859 377501
108.998 407312
109.100 338470
109.625 4784
109.725 334630
109.727 452034
109.788 670848
110.071 345461
110.897 342092
111.029 476507
111.515 458072
111.535 492192
111.851 479688
112.244 413444
112.451 450332
112.925 2076
113.050 115371
113.085 619975
113.250 132216
113.275 131484
113.458 466122
113.827 535587
96.775 468
110.525 468
114.023 460215
114.086 353729
114.150 134381
114.911 647620
114.938 633139
115.000 2164
115.195 379638
115.350 2055
115.475 119935
115.563 437845
115.575 115438
115.625 128639
115.800 2170
116.025 126310
116.156 364115
116.300 127457
116.350 121213
116.352 481908
116.425 121659
116.475 125797
116.525 111948
116.699 366120
116.702 402356
116.775 123291
116.800 133910
116.950 118989
117.075 114281
117.475 121087
117.574 683546
117.650 106055
117.900 118727
117.900 136734
117.925 121314
118.125 133325
118.150 2210
118.275 126921
118.400 132658
118.425 113060
118.452 424559
118.500 115502
118.550 134970
118.631 448214
118.650 122892
118.700 109156
118.772 402540
118.800 20275
118.900 121762
118.900 20142
118.950 111395
118.975 20224
119.000 20272
119.025 118297
119.075 112560
119.100 20209
119.125 118206
119.125 20225
119.150 111341
119.150 2255
119.150 2291
119.175 20241
119.175 20257
119.190 421109
119.225 118957
119.250 2251
119.326 384785
119.375 113156
119.400 132727
119.466 357659
119.475 123501
119.525 2099
119.600 129928
119.625 542198
119.650 110835
119.675 2186
119.700 2191
119.725 131476
119.725 2206
119.750 134326
119.775 119501
119.775 2184
119.797 357484
119.800 117210
119.800 2143
119.800 488915
119.850 120576
119.900 123898
119.900 2276
119.925 123949
119.925 128698
119.950 127423
120.050 109785
120.050 122803
120.075 100361
120.075 110888
120.075 2076
120.091 641621
120.100 122849
120.150 120614
120.175 114884
120.200 112529
120.200 129709
120.225 115911
120.250 113631
120.275 131449
120.300 2274
120.350 146033
120.369 442538
120.375 114245
120.428 398672
120.500 111420
120.500 114234
120.625 125208
120.625 125753
120.650 127010
120.725 120590
120.725 334656
120.775 107986
120.775 128596
120.802 359078
120.825 110775
120.825 111999
120.850 116626
120.875 136178
120.900 108519
120.975 132767
121.000 17397
121.000 2164
121.025 116488
121.025 334837
121.100 130162
121.125 117805
121.125 338470
121.175 114943
121.175 135556
121.200 100381
121.200 126288
121.250 110306
121.264 412654
121.325 130400
121.325 131484
121.350 119999
121.375 119577
121.379 396088
121.400 116599
121.450 117718
121.500 136199
121.525 334386
121.525 334482
121.529 476507
121.550 108579
121.550 110864
121.575 115544
121.575 117195
121.575 121107
121.575 126981
121.600 113784
121.600 334596
121.650 334536
121.650 4999
121.675 116104
121.700 115402
121.750 112719
121.800 134933
121.825 133335
121.850 125153
121.850 128630
121.875 123591
121.875 334357
121.925 4812
121.953 362992
121.975 138394
122.025 2055
122.100 114958
122.100 127461
122.100 135358
122.100 2170
122.125 98782
122.175 98706
122.200 112062
122.200 112614
122.200 126428
122.225 124690
122.275 123029
122.275 334447
122.275 334626
122.325 139865
122.325 334717
122.400 131041
122.425 126318
122.425 334479
122.525 112534
122.525 117075
122.525 135582
122.550 334513
122.558 405524
122.575 112649
122.575 4657
122.600 128609
122.625 112643
122.700 121179
122.725 128589
122.725 334149
122.775 113127
122.775 334809
122.825 113180
122.825 133839
122.835 344966
122.838 400115
122.925 110904
122.925 334624
122.950 109159
122.950 115423
122.950 117167
122.950 119448
123.000 130316
123.000 334630
123.000 91876
123.025 334714
123.150 146557
123.175 139628
123.200 334417
123.200 334452
123.244 529341
123.250 116015
123.250 96562
123.298 417060
123.300 334146
123.325 112027
123.375 2210
123.375 334059
123.375 334509
123.425 111427
123.425 113107
123.425 115371
123.425 334420
123.450 132711
123.500 97037
123.550 98735
123.575 2291
123.675 334600
123.680 425160
123.700 113753
123.722 455414
123.725 133279
123.775 334539
123.825 111928
123.825 113786
123.850 2251
123.875 334718
123.900 2255
123.900 373808
123.975 2099
124.025 2186
124.050 121830
124.050 137119
124.097 363072
124.125 132216
124.150 95313
124.175 2143
124.200 2184
124.200 2206
124.225 123000
124.250 116095
124.300 2191
124.300 97715
124.325 2276
124.375 135036
124.425 119935
124.425 334393
124.475 109162
124.500 2076
124.600 2274
124.825 129279
124.925 334783
124.950 125797
125.025 121213
125.150 346119
125.175 334724
125.275 128639
125.275 340679
125.408 532429
125.507 402789
125.525 334359
125.650 334362
125.849 458742
125.925 334540
126.025 334777
126.050 334656
126.125 334869
126.150 334841
126.191 359599
126.325 334063
126.338 525293
126.475 334390
126.500 127457
126.545 409932
126.629 474796
126.646 489631
126.750 334182
126.800 334482
127.069 674452
127.075 334386
127.172 483839
127.283 440240
127.325 334149
127.600 334626
127.628 379897
127.675 334870
127.750 334837
128.449 610350
128.567 364596
128.700 334357
129.075 334513
129.100 334624
129.175 334630
129.250 334809
129.425 334717
129.725 334452
130.253 487805
130.827 632971
131.105 412498
131.147 409095
131.238 360977
131.524 499196
132.590 402045
133.178 476615
133.529 425014
133.543 558872
134.226 400129
134.374 367188
134.528 486328
134.975 4713
135.125 4784
135.142 345072
135.307 422168
135.359 523680
135.650 4651
136.300 4765
136.444 391973
136.925 4735
137.051 527543
137.354 347042
137.379 498305
137.450 4812
137.744 471385
137.800 9892
137.882 611808
137.975 338470
138.300 4971
138.350 4733
138.575 4999
138.679 349963
138.730 481334
138.900 4657
138.950 4866
139.975 476810
140.108 380506
140.855 459579
140.914 343061
141.700 17038
141.842 367501
142.254 467112
142.466 476615
143.536 348247
143.619 394088
143.811 440861
143.812 454472
144.155 429055
144.649 380593
144.724 669219
144.975 410702
145.695 451049
146.120 536242
146.270 411511
146.351 528119
146.486 610071
146.850 17152
146.930 373881
147.344 398936
147.412 610990
147.676 508971
148.216 408701
148.300 17038
148.649 501324
148.684 377501
148.702 377224
149.073 506332
149.343 341131
149.825 10073
149.948 492229
150.385 432519
151.250 4995
151.450 4812
151.850 334482
152.275 4733
152.425 4765
152.851 453952
153.025 4999
153.078 394613
153.225 334059
153.625 4971
153.800 17397
153.800 4735
154.125 334513
154.125 334809
154.155 515565
154.350 4657
154.675 4713
136.675 468
154.425 468
154.925 4784
154.938 449573
155.226 364327
155.229 406580
155.525 338470
155.539 393574
155.727 391332
155.750 334717
155.775 2170
155.805 434591
155.838 496048
156.075 16994
156.425 334362
156.527 387466
156.812 415813
156.972 670869
157.225 334783
157.465 476507
157.681 396150
157.985 494469
158.071 340644
158.438 428089
158.548 447902
158.948 416503
159.519 529894
160.216 344877
160.746 343091
161.270 366459
161.862 357351
162.453 426229
162.531 356748
162.580 362244
162.925 17397
163.121 523773
163.550 16994
163.818 472774
163.857 634972
164.084 492192
164.236 592906
164.361 394289
164.620 435070
164.650 4651
165.448 454096
165.656 630588
165.864 391955
166.605 431933
166.775 4971
166.838 342908
166.950 4812
167.050 4765
167.250 4657
167.290 381780
167.316 349476
167.433 506602
167.456 349607
167.504 400553
167.625 10415
167.742 405370
168.100 334714
168.525 437016
168.550 4735
168.577 380011
169.103 416361
169.277 342257
169.325 4866
169.408 463043
169.500 338470
169.550 4995
169.854 509214
170.250 334870
170.492 612996
170.969 367160
171.214 464815
171.727 597631
171.813 345402
172.839 501084
173.359 521877
173.549 370558
173.745 474796
174.033 380506
174.227 391595
174.413 380409
174.550 16994
174.704 365577
174.886 425286
175.235 500506
175.315 583808
175.361 626349
175.550 10455
175.688 365837
175.839 602078
176.030 422754
176.129 643954
176.367 423971
176.950 17397
177.397 476050
177.773 464173
177.837 393629
178.261 496048
178.700 4733
178.861 655543
179.015 494081
171.075 468
179.264 536014
179.325 359155
179.438 357423
179.800 4866
180.119 362191
180.600 4999
180.725 4651
180.851 487797
180.894 361424
181.254 368601
181.525 4784
181.741 346374
182.098 453865
182.225 334596
182.605 578603
182.606 396369
182.825 4765
182.900 4713
182.950 116104
183.125 4657
183.235 391940
183.350 4812
183.425 4995
183.444 508465
183.456 645867
183.475 10419
183.550 334777
183.550 338470
183.750 334870
183.825 334447
183.964 351452
184.124 348165
184.163 363316
184.350 334393
184.541 396544
184.575 4735
184.822 441812
184.888 366327
185.000 10138
186.076 589543
186.208 498829
186.400 359182
186.750 9998
187.005 440039
187.041 618729
187.125 17397
187.134 348015
187.560 484719
187.806 628445
188.038 382213
188.264 432711
188.344 353729
188.418 638777
188.553 447115
188.621 586029
188.697 350707
188.954 636171
189.512 388174
189.794 427588
190.038 443291
190.075 449950
190.168 353834
190.745 616642
191.072 424832
191.090 422310
191.246 614286
192.680 673564
192.944 517099
193.280 341131
193.886 429225
194.264 421635
194.624 488930
194.825 4971
195.100 4713
195.350 334869
195.525 4651
196.078 352612
196.100 4735
196.175 4999
196.450 4784
196.650 4657
196.750 4765
196.877 420591
196.997 481887
197.135 476574
197.426 405600
197.450 4812
197.525 338470
197.600 16994
197.850 4733
197.900 4866
198.049 373116
198.125 118727
198.355 457745
198.425 9902
198.567 427588
198.589 673568
198.628 669197
199.292 369836
199.585 463034
199.638 362268
199.775 594398
187.075 468
199.920 371261
200.352 669672
200.404 461722
201.537 494469
201.614 548742
201.956 377430
201.958 349110
202.175 429397
202.256 358099
202.654 399412
202.784 361544
202.992 361129
203.033 399857
203.076 381890
203.174 407861
203.603 426198
203.737 386457
203.843 419844
204.121 471294
204.146 356560
204.366 456813
204.815 351976
205.575 17397
205.808 357277
205.868 345754
206.221 372135
206.361 425053
206.937 613913
207.270 415559
207.308 389290
207.353 472458
207.603 345195
207.679 369493
207.792 348165
208.050 420101
208.175 4995
208.950 4784
209.211 378748
209.265 402437
209.300 4733
209.457 361275
209.771 413603
209.850 4971
209.895 395854
210.075 4735
210.086 542744
210.150 4657
210.375 4651
210.975 4812
211.075 334717
211.300 4713
211.307 535605
211.650 4999
211.675 334420
211.944 389696
211.996 406705
212.086 400875
212.384 411930
212.606 471389
212.659 417172
212.875 4866
213.300 334777
213.375 10284
214.150 334870
214.514 630750
214.959 342940
215.300 139628
215.325 17397
215.820 405023
215.918 436566
216.229 405370
216.318 371364
216.525 674504
217.575 2164
217.750 116626
217.977 427372
217.999 383539
218.080 472676
218.512 342466
218.512 478060
219.150 110904
219.236 417364
219.400 114281
220.716 444243
221.585 345791
221.749 398993
222.309 457647
222.367 476574
222.573 420677
223.850 123949
224.040 345342
224.125 338470
224.250 4866
224.325 115911
224.325 4765
224.500 134933
224.725 4812
224.900 4735
224.923 502706
225.029 435067
225.042 542266
225.125 4657
200.350 468
213.325 468
225.137 667141
225.150 4999
225.436 391416
225.704 655393
225.736 615098
225.750 124690
225.825 4995
226.125 126288
226.150 109156
226.150 4713
226.250 120576
226.275 112560
226.500 106055
226.525 116599
226.575 2055
226.675 2206
226.768 352573
226.800 4971
226.825 20142
226.839 596369
226.950 118727
226.950 2184
226.950 2186
227.125 114245
227.181 426924
227.326 464078
227.550 121179
227.600 121107
227.613 361670
227.700 111948
227.775 2291
227.780 460126
227.825 123291
227.950 2076
228.000 111341
228.100 110835
228.100 119935
228.125 100381
228.146 601080
228.175 117075
228.200 2164
228.225 111928
228.350 2143
228.425 2170
228.450 116488
228.523 351691
228.525 334393
228.593 377238
228.600 121659
228.675 112529
228.675 113107
228.700 375921
228.750 2099
228.825 10104
228.825 117718
228.975 110775
229.150 112534
229.275 134326
229.300 2210
229.350 100361
229.375 118297
229.497 604183
229.544 419234
229.575 2274
229.810 343530
229.925 130162
230.150 122892
230.150 2251
230.150 98735
230.200 123898
230.200 98706
230.225 125208
230.275 334146
230.300 2276
230.375 110864
230.475 109785
230.525 110888
230.525 334479
230.550 123501
230.575 127457
230.575 2191
230.600 134381
230.650 114943
230.675 334182
230.675 96562
230.725 108579
230.725 114234
230.750 118206
230.875 121314
230.975 116015
231.050 111427
231.050 128589
231.225 116626
231.225 117805
231.225 334149
231.275 114281
231.300 2255
231.375 131484
231.375 334386
231.398 454527
231.450 115438
231.450 129709
231.475 109159
231.525 122803
231.575 98782
231.600 115371
231.625 113631
231.625 95313
231.650 113060
231.675 113127
231.700 126981
231.700 131476
231.702 386884
231.736 394326
231.800 126318
231.875 121762
231.925 125153
232.025 2055
232.075 111395
232.075 120614
232.100 125753
232.125 130316
232.275 137119
232.300 128639
232.350 2186
232.375 126921
232.400 121087
232.400 2184
232.450 121830
232.475 113156
232.550 112614
232.550 2206
232.600 118989
232.624 383916
232.625 131449
232.634 351491
232.700 129928
232.725 132711
232.725 97037
232.800 115402
232.800 334536
232.825 108519
232.825 119501
232.825 132658
232.825 91876
232.875 123000
232.950 118957
232.975 115502
233.000 109162
233.003 454225
233.025 128596
233.050 115544
233.100 112643
233.125 135358
233.150 114884
233.175 117167
233.175 126310
233.175 133839
233.200 113180
233.225 107986
233.225 120590
233.225 2164
233.250 127423
233.250 132767
233.250 97715
233.275 128609
233.300 134970
233.350 127461
233.375 119999
233.400 119448
233.400 126428
233.400 133325
233.425 111420
233.425 128630
233.425 138394
233.425 2143
233.450 130400
233.450 133910
233.475 110306
233.475 117210
233.575 132727
233.575 139628
233.575 334059
233.607 340630
233.650 2076
233.675 334509
233.700 334630
233.700 334656
233.750 113753
233.750 2291
233.750 334540
233.850 112027
233.850 2099
233.875 334420
234.025 334837
234.075 139865
234.100 113784
234.125 128698
234.125 2210
234.200 334447
234.275 132216
234.300 116104
234.375 113786
234.375 135582
234.425 114958
234.425 117195
234.425 334513
234.450 110904
234.450 119577
234.475 334777
234.500 125797
234.550 112062
234.575 2170
234.600 123591
234.600 133279
234.600 136199
234.750 112649
234.775 136734
234.825 122849
234.850 134933
234.925 334714
234.975 111999
234.975 131041
235.050 334452
235.125 334600
235.175 115423
235.225 123029
235.300 334393
235.350 129279
235.400 2274
235.425 334390
235.450 334362
235.497 379907
235.500 136178
235.500 334357
235.625 2191
235.675 146557
235.706 356924
235.725 121213
235.725 334626
235.800 112719
235.850 2276
235.925 2251
235.950 127010
236.100 334359
236.152 364046
236.175 334539
236.200 334624
236.200 334783
236.225 135036
236.245 441583
236.250 116095
236.275 133335
236.325 334482
236.350 135556
236.400 2255
236.425 334596
236.473 370880
236.600 334841
236.600 334870
236.650 334479
236.725 146033
236.762 412030
236.800 334182
236.825 334869
236.850 334718
236.850 334809
237.018 342160
237.250 124690
237.275 334717
237.475 334724
237.781 388756
237.840 419850
238.050 334536
238.425 334509
238.439 447237
238.450 334540
238.550 17194
238.675 334513
238.802 484719
238.900 334656
238.971 498575
238.975 334417
239.072 491527
239.100 334837
239.425 334777
239.587 355888
239.634 375663
239.846 433956
240.622 380088
240.875 334783
241.250 334630
241.277 490259
241.825 334841
241.900 334869
241.900 334870
241.902 502008
241.954 390766
242.222 494890
242.665 513292
243.763 373448
243.998 406852
244.043 341454
244.195 489426
244.497 398951
244.605 402101
239.725 468
244.709 497161
244.760 525418
245.732 395263
245.860 410839
246.336 597063
246.550 4735
247.100 338470
247.300 4784
247.381 678649
247.500 4812
247.566 607016
247.982 588537
248.075 4651
248.075 4713
248.459 342682
248.606 468888
248.800 4733
249.086 508573
249.175 4866
249.200 368242
249.217 454805
249.243 376085
249.485 602884
249.575 4971
249.625 4657
249.687 609509
249.950 4995
250.000 4765
250.440 366562
250.890 419801
251.094 445467
251.125 4999
251.385 517099
253.051 362455
253.424 353834
253.425 17124
254.018 364327
254.116 437066
254.131 518954
254.221 516796
255.794 509070
256.308 384223
257.165 365577
257.841 529373
258.064 377569
258.234 708617
258.333 467112
259.072 494945
259.222 454422
259.532 438094
259.869 551256
259.951 388305
261.575 4651
261.595 510825
261.600 334182
262.175 338470
262.237 465759
262.413 361988
262.675 334509
262.734 625681
262.873 561559
262.875 4995
263.023 439279
263.104 463828
263.214 509493
263.225 4784
263.250 4657
263.275 4735
263.371 395744
263.525 4713
263.992 617357
264.325 4733
264.325 4765
264.420 444150
264.483 466894
264.500 4812
264.850 334420
264.854 361446
265.150 4866
265.175 4999
265.329 378414
265.360 408339
265.372 542046
265.400 334596
265.557 345584
265.750 334626
265.768 380012
265.850 334146
266.207 364173
266.339 424068
266.450 334869
266.596 426229
266.717 373064
266.956 342652
267.822 489512
268.013 431769
268.079 437446
268.417 348124
268.558 370778
268.647 500851
269.386 420985
269.653 526735
266.900 468
269.732 378203
269.800 460724
270.070 346104
270.524 411830
270.978 390099
271.111 392960
271.144 490272
271.220 437016
271.712 429522
271.826 424556
272.144 399750
272.472 361424
272.865 393687
272.875 334182
273.093 353342
273.113 452440
273.286 353162
273.288 474013
273.569 392076
274.519 406725
275.002 627923
275.073 526212
275.275 334149
277.345 357725
277.350 4713
277.362 519796
277.650 4971
278.075 4657
278.100 4733
278.272 668098
278.424 592906
278.446 437400
278.560 602257
278.609 361129
278.725 4866
278.783 342637
278.825 4812
279.459 379076
279.586 347329
279.673 409095
280.093 509014
280.144 447237
280.448 423289
280.779 583947
280.933 430501
281.125 334837
281.150 9902
281.400 338470
281.663 456839
281.730 412351
281.875 4999
284.952 383590
284.999 457649
285.115 380409
285.272 369441
285.583 429388
285.817 476294
286.018 452066
286.295 469265
286.661 361446
286.702 421559
287.059 395129
287.603 441827
287.936 380124
287.993 435624
288.065 370702
288.221 434477
288.231 445895
288.455 453575
288.792 413936
288.820 509282
289.050 4765
289.299 472597
290.043 656297
290.150 4735
290.408 511317
290.875 4784
291.625 4733
291.725 4651
292.259 385766
292.275 4812
292.375 4995
292.387 446175
292.975 4657
292.995 645389
293.007 374698
293.050 334386
293.225 4866
293.375 338470
293.500 4999
293.638 579404
293.688 465575
293.925 334420
294.624 455307
294.625 4971
294.900 334624
295.188 651004
295.500 512200
296.258 363226
296.375 110775
296.985 454717
298.834 461439
279.350 468
296.825 468
299.415 363498
299.886 366232
300.027 441323
300.287 534355
300.981 427265
301.122 668858
301.267 601080
301.295 510825
301.324 597809
301.580 479217
301.653 503309
302.048 359740
303.443 720511
304.408 433772
304.450 4713
304.480 537100
304.888 370107
305.300 4784
305.775 4657
305.885 486098
305.950 4651
306.013 355995
306.125 4812
306.150 4733
306.450 4999
306.520 369757
306.795 471136
306.900 334479
307.150 4995
307.200 4866
307.701 345037
307.830 416635
307.837 620731
308.025 4765
308.075 4971
308.694 349000
308.828 409749
309.027 379850
309.036 413898
309.084 425840
309.125 334420
309.164 435156
309.334 472676
309.741 700818
309.920 425195
309.944 400668
310.390 430181
310.927 491015
311.125 135582
311.224 414645
311.401 341944
311.491 452515
311.607 496078
311.705 390769
311.889 390346
311.966 400040
312.006 520125
312.635 644299
313.050 17037
313.062 498209
313.277 385653
314.140 386550
314.705 448070
315.771 505330
315.965 377569
316.032 357562
316.048 362130
316.422 464930
316.758 489297
317.075 334059
317.155 416842
317.425 4657
317.607 377254
318.275 4713
318.375 4735
318.650 107986
319.209 433912
319.409 448950
319.438 342375
320.011 389810
320.350 4765
320.476 498209
320.510 469633
320.675 4733
320.700 4971
320.775 4812
321.021 385481
321.200 338470
321.350 4784
321.368 528821
321.725 4995
321.739 472458
321.971 496078
322.325 4651
322.358 447287
322.558 486009
322.619 437827
322.634 360178
322.831 404296
322.850 4999
322.944 370113
323.576 390622
320.675 468
324.003 364859
324.115 391606
324.135 655543
324.665 645006
325.695 533488
326.847 421150
326.965 619579
327.462 359026
327.550 474774
328.377 421650
328.505 627121
328.741 373116
328.750 10284
328.758 644330
328.959 401169
329.466 520846
329.762 456281
330.017 362130
330.113 486009
330.510 610365
330.634 364991
331.077 632464
331.150 4713
331.240 431636
331.315 357956
331.359 609143
331.727 387270
332.369 539033
332.425 657076
332.455 367691
332.520 401356
332.572 451436
332.810 377246
333.025 4651
333.075 4735
333.100 4733
333.108 407851
333.410 609674
333.475 4866
333.734 349168
334.100 334656
334.100 359360
334.443 375499
334.912 452583
335.025 4784
335.058 517558
335.125 4971
335.475 334777
335.633 423969
336.225 4999
336.250 334513
336.548 379537
336.700 435709
336.800 4995
336.920 433912
337.619 436762
337.668 534255
338.080 438478
338.250 17233
338.408 626547
338.693 429055
339.439 353162
339.990 387879
340.076 456951
340.298 417374
340.400 433113
340.411 517692
340.829 417445
340.879 397258
340.912 402591
341.120 463309
341.278 461577
341.599 409136
341.973 644066
342.472 408738
342.572 472676
342.616 364596
342.816 415858
342.940 431815
343.050 4657
343.338 375202
343.608 644330
343.950 4713
344.305 415502
344.425 4765
344.637 350162
345.080 482545
345.275 4812
345.318 527026
345.850 4735
345.852 482593
345.975 4651
346.033 400115
346.663 349898
346.959 455768
347.337 438796
347.525 338470
347.775 334624
348.025 4733
348.025 4784
348.047 439009
348.068 357019
338.600 468
348.631 614027
348.916 435153
348.940 382018
349.318 463659
349.375 4995
349.495 342092
349.575 4999
350.096 479847
350.150 125797
350.393 505330
351.347 488099
351.603 485815
352.053 395100
352.096 407218
352.602 617719
352.662 450249
352.940 667634
353.218 389020
353.400 17152
353.561 402955
353.853 347189
354.140 369493
354.460 614348
354.650 110864
355.012 364906
355.067 342161
355.549 378983
356.025 106055
356.075 109156
356.214 483256
356.472 491309
356.768 668131
356.775 100381
357.025 98782
357.075 91876
357.200 128639
357.380 349700
357.425 95313
357.445 392960
357.970 371778
358.100 100361
358.160 405458
358.325 2099
358.358 355888
358.375 334059
358.525 334149
358.525 4713
358.650 98735
358.675 2055
358.700 111395
358.750 388003
358.763 406182
358.915 410095
359.050 334146
359.100 98706
359.125 136734
359.129 488731
359.200 96562
359.279 634740
359.375 114884
359.437 384692
359.450 97037
359.513 363960
359.558 630812
359.625 2076
359.669 416119
359.700 109785
359.775 110888
359.775 126921
359.825 20142
359.925 4866
360.175 117075
360.200 112534
360.475 110306
360.475 114245
360.525 126310
360.575 97715
360.625 334063
360.675 146557
360.700 115911
360.700 2143
360.725 120576
360.750 121659
360.900 112560
360.950 107986
361.125 112529
361.125 113180
361.150 123949
361.150 4971
361.175 117167
361.225 4812
361.254 485685
361.311 360468
361.400 109159
361.400 113107
361.425 116488
361.425 118957
361.436 485374
361.450 116599
361.450 4784
361.475 111341
361.500 20275
353.525 468
361.600 334182
361.625 2184
361.650 111420
361.700 118727
361.725 108519
361.750 113631
361.830 484022
361.850 110775
361.865 496001
362.000 111427
362.016 448533
362.025 113753
362.050 108579
362.050 117718
362.050 334393
362.075 334362
362.100 110835
362.100 122803
362.350 123291
362.375 10415
362.450 115371
362.462 408234
362.475 2186
362.475 334390
362.475 338470
362.500 114234
362.575 135358
362.600 2210
362.675 334359
362.700 334447
362.750 119935
362.775 112614
362.825 112649
362.825 20272
362.850 111948
362.875 132727
362.900 2191
362.925 112643
362.925 113784
362.950 146033
362.975 2099
363.025 113127
363.050 132711
363.050 2164
363.075 114943
363.175 20241
363.225 114958
363.225 115438
363.225 466402
363.250 115423
363.250 2251
363.275 119999
363.300 114281
363.334 371013
363.375 111928
363.375 119448
363.425 128630
363.450 117195
363.475 111999
363.500 121107
363.575 113060
363.600 2055
363.650 2255
363.675 139628
363.800 20209
363.825 113786
363.850 112027
363.850 334357
363.875 110904
363.875 20257
363.875 2276
363.900 126288
363.950 126981
363.975 109162
363.975 20225
364.000 334539
364.025 115402
364.025 334536
364.050 118297
364.125 117210
364.125 118206
364.125 2274
364.225 2170
364.275 128596
364.275 20224
364.300 115544
364.325 123898
364.325 126318
364.350 116015
364.350 334386
364.425 334509
364.550 334479
364.625 2206
364.650 126428
364.675 133279
364.675 334452
364.675 334513
364.700 123501
364.725 2291
364.750 112719
364.800 334420
364.808 488099
364.825 121087
364.825 125153
364.850 118989
364.850 119577
364.875 121179
364.925 127457
364.975 128609
365.000 123000
365.025 115502
365.125 113156
365.175 123591
365.200 334149
365.250 122849
365.275 334482
365.300 134326
365.325 130162
365.375 116626
365.450 334596
365.475 112062
365.475 121213
365.475 134381
365.500 120590
365.500 134970
365.552 389896
365.575 116104
365.575 127423
365.575 129709
365.575 2143
365.589 391186
365.700 334540
365.725 122892
365.825 123029
365.825 128589
365.825 131476
365.850 125753
365.875 117805
365.925 136178
365.975 125208
366.025 2184
366.050 120614
366.050 334630
366.150 124690
366.153 381297
366.175 134933
366.175 135036
366.225 132216
366.232 602078
366.250 133335
366.275 132658
366.300 127461
366.300 135582
366.300 334624
366.300 334626
366.325 334656
366.345 489929
366.354 433249
366.375 130400
366.375 131041
366.375 334718
366.394 402423
366.400 139865
366.450 121314
366.525 136199
366.575 133839
366.600 334600
366.675 121762
366.700 127010
366.700 130316
366.750 119501
366.750 128639
366.775 334417
366.825 116095
366.850 334809
366.900 2186
366.925 133325
366.930 375256
366.950 129928
366.950 133910
367.075 128698
367.075 2210
367.250 334717
367.275 125797
367.400 131449
367.429 355053
367.440 415410
367.450 121830
367.475 129279
367.475 131484
367.525 138394
367.607 372557
367.675 2191
367.700 334837
367.720 346485
367.800 334777
367.825 2251
368.150 132767
368.150 334841
368.175 334714
368.202 344140
368.250 334783
368.375 137119
368.507 364154
368.630 455680
368.750 2276
368.750 334870
368.775 334869
368.875 2255
368.950 135556
369.347 400799
369.350 334724
369.625 2291
369.761 381694
369.900 2274
370.125 426597
370.389 416439
370.466 377501
370.525 334509
370.544 349110
370.694 352952
370.850 334452
370.900 334536
370.925 334539
370.967 392268
371.136 534369
371.500 334630
371.625 334656
371.718 340679
371.800 334626
371.895 418420
372.007 391465
372.144 643070
372.275 334513
372.501 365814
372.510 596208
372.775 334714
373.769 365371
373.866 473235
374.079 495539
374.553 530140
374.692 391616
374.726 382040
375.253 424006
375.401 664842
375.452 427357
375.556 449568
375.816 411230
375.925 400301
375.968 394088
376.205 341890
376.322 346184
376.325 4651
377.307 451756
377.368 667141
378.025 4657
378.035 429006
378.456 396645
378.840 502349
378.925 4713
379.020 418716
379.022 367565
379.047 464543
379.180 491826
379.316 369005
379.325 4735
380.250 4765
380.900 4784
381.075 4999
381.083 606906
381.300 338470
381.300 4995
381.385 664067
381.752 434502
381.925 4971
382.416 412525
382.548 365728
382.640 524946
382.765 404710
382.850 4866
382.909 392803
382.968 389735
383.169 408339
383.314 526212
383.474 413603
383.720 402544
384.711 364529
384.960 500129
385.245 463828
385.563 428485
385.729 356856
385.901 408701
386.913 505562
387.219 537955
387.639 449568
387.787 450549
387.900 372815
388.418 364115
388.418 604183
389.167 422784
389.187 369021
389.246 444937
389.493 469490
390.137 344696
390.220 393209
390.491 501765
380.325 468
390.545 489688
390.987 438309
391.155 494325
391.838 672992
391.914 459341
392.005 583537
392.017 451756
392.403 367755
392.991 522859
393.107 481384
393.150 334182
393.350 4812
393.892 383534
394.075 17233
394.125 4651
394.166 389020
394.250 4735
394.316 339770
394.518 440355
394.611 395440
394.807 376466
395.348 473653
395.441 423147
395.516 526772
395.588 523255
395.750 9373
395.875 9930
395.898 502456
396.503 362903
396.525 4999
396.753 506440
396.922 474273
397.268 363429
397.604 467750
397.714 643954
398.000 4971
398.300 334837
398.817 378575
399.800 334869
400.013 472201
400.519 475128
401.650 4657
401.762 478737
401.763 498272
401.817 472201
402.340 484378
402.988 446408
403.039 372360
403.669 354331
403.672 487154
403.825 4733
404.000 10455
404.377 414571
404.432 442083
404.974 426797
405.000 4713
405.210 473235
405.243 496868
405.390 389898
405.562 461588
405.638 447865
405.716 352065
405.841 408326
406.593 410593
406.725 334452
406.924 413144
407.125 4812
407.142 430770
407.321 382171
407.368 620295
407.460 645730
407.542 340568
407.700 4784
407.850 334870
407.950 334714
407.950 4866
408.384 673568
408.450 10073
408.542 486328
408.625 338470
408.749 408143
408.875 4735
408.929 387879
409.475 4995
409.690 531402
410.061 527405
410.201 362903
410.229 366562
410.538 388865
411.400 4765
411.425 10283
411.583 386377
411.943 418209
412.391 424832
412.518 370113
412.675 609509
413.452 617719
413.851 416305
413.942 592650
414.140 450003
414.250 4651
414.553 364540
394.875 468
412.450 468
415.843 376233
416.100 375331
416.782 441664
417.015 470859
417.147 587217
417.311 401129
417.711 543204
418.091 443258
419.025 4784
419.537 370792
419.625 4733
419.650 10106
419.769 358699
419.950 127423
420.297 354962
420.453 509935
420.675 4999
421.217 499517
421.460 498096
421.625 334386
421.700 4995
421.768 659718
421.775 4735
422.275 4812
422.751 372440
423.050 4971
423.075 4657
423.250 334809
423.350 334724
423.449 441812
423.675 10977
423.742 667924
424.225 383412
424.350 4765
424.462 390027
424.541 452086
424.775 334777
425.203 645623
425.273 607255
425.527 415552
425.629 344959
426.061 443113
426.087 367497
426.125 10284
426.125 334482
427.000 17194
427.087 357390
427.109 372115
427.327 482484
427.350 361202
427.566 408160
427.644 405707
427.850 449859
428.590 435763
429.350 355356
429.629 398382
430.044 455882
430.168 683707
430.661 381565
431.010 364876
431.274 483048
431.299 543009
431.475 9902
431.749 441808
431.825 352588
432.060 349684
432.123 513956
432.162 539667
432.954 385468
432.961 523255
433.080 354331
433.398 507530
433.625 4733
433.626 442840
433.694 461439
433.712 627923
433.801 345396
433.850 4713
433.875 4995
433.975 4866
434.000 338470
434.097 631210
434.230 497624
434.675 4999
434.871 409639
435.005 372440
435.018 467356
435.175 116488
435.250 4765
435.500 4784
435.725 4812
436.650 4651
437.050 334513
437.115 594930
437.148 392411
437.192 400129
437.374 464078
437.500 4657
437.723 406725
438.375 119448
438.378 377694
438.619 419844
435.975 468
438.728 363228
438.872 347394
439.125 638777
439.417 442080
439.776 590897
439.787 478662
439.950 334063
440.452 359157
440.508 444150
440.787 500261
440.988 468496
441.240 445494
441.263 355550
441.611 405501
442.777 387864
443.845 477075
444.041 418103
444.193 416186
444.383 350263
444.545 339719
444.812 364910
444.987 500132
445.322 466137
445.619 451639
445.720 674452
445.941 642818
446.216 410839
446.613 609923
446.711 416512
446.900 334536
446.956 352932
447.221 389910
447.367 348738
447.460 392803
447.702 408234
447.742 529692
447.950 4971
448.123 433630
448.681 508885
448.725 4735
449.175 4651
449.575 334420
449.575 4765
449.698 358367
449.700 4995
449.880 516612
449.889 364310
449.900 4866
450.109 384086
450.305 536810
450.350 4812
450.425 4733
450.441 484012
450.459 352807
450.500 4784
450.621 503265
450.696 402722
450.984 427866
451.050 338470
451.076 365540
451.175 4657
451.225 4999
451.275 334869
451.293 648360
451.368 346715
451.475 4713
451.525 115438
452.367 510175
452.537 472149
452.748 542266
452.770 349585
452.907 341660
453.167 344148
453.175 334539
453.316 410580
454.219 526185
454.627 400267
455.037 386429
455.050 10170
455.160 669197
455.227 497351
455.674 353690
455.814 421495
455.824 400875
455.851 446045
456.079 483640
456.305 348762
456.636 415592
457.095 410593
457.375 443245
457.404 500282
457.454 385003
457.700 123591
457.796 427907
459.188 435070
459.481 455770
459.611 384147
459.830 352760
459.833 405760
460.211 497564
460.311 542190
460.859 394651
449.450 468
461.129 344696
461.441 419234
461.715 356326
462.177 469126
463.050 4971
463.079 688732
463.325 126288
463.325 4999
463.380 369598
463.575 4735
463.725 4733
464.075 4657
464.075 4995
464.325 4812
464.725 4784
465.125 4713
465.319 483082
465.575 4765
465.620 360349
465.675 334630
465.900 334447
465.963 380012
465.963 478824
465.975 338470
466.125 334624
466.449 364529
466.664 497158
466.707 356434
466.725 4866
466.759 511429
467.197 447665
467.300 400430
467.379 468031
467.750 4651
468.271 448070
468.863 504487
468.964 393574
469.544 475578
469.700 124690
469.809 484351
470.007 491788
470.687 355336
470.979 352630
471.426 341890
471.637 409976
471.757 391595
472.084 356376
472.412 494866
473.150 121659
473.183 354277
473.375 125208
473.441 485301
473.627 416936
473.725 123949
474.056 390073
474.336 498763
474.475 136178
474.696 354662
475.117 349912
475.860 389412
476.069 537894
476.454 447790
476.788 369170
477.675 4735
477.700 4999
478.367 346445
478.659 634647
478.675 4812
478.800 334539
478.850 4971
478.850 4995
478.875 126310
479.100 4733
479.108 418342
479.213 434344
479.405 416158
479.417 535796
479.575 4651
479.675 128630
479.925 4657
479.950 4765
480.363 399719
480.504 387997
480.575 4866
480.625 4713
480.800 4784
480.844 497161
480.849 349052
480.965 450254
481.050 334809
481.151 361670
481.575 338470
481.625 121762
481.675 421076
481.738 345301
481.775 17397
482.521 664842
482.692 359798
482.728 468888
483.499 490505
483.576 463857
483.594 452294
462.350 468
480.275 468
483.610 614319
483.674 496952
483.995 582040
484.707 467042
484.777 698521
484.950 2206
485.275 2143
485.325 2255
485.660 625384
485.689 666372
485.870 344821
486.000 2184
486.050 96562
486.099 341009
486.425 114943
486.439 404507
486.470 415552
486.481 385247
486.548 360215
486.575 112534
486.600 98706
486.650 113107
486.671 391465
486.675 100361
486.675 2099
486.800 113060
486.975 100381
487.125 334149
487.275 111341
487.375 109156
487.425 91876
487.525 17124
487.550 98735
487.712 424285
487.725 123291
487.850 334059
487.875 2076
487.876 342648
487.900 106055
488.075 115544
488.200 2055
488.337 356184
488.425 97037
488.600 136734
488.625 123949
488.700 98782
488.750 113784
488.775 334182
488.804 353762
488.898 379874
488.975 334146
488.978 415380
489.050 95313
489.106 587217
489.300 110775
489.325 113753
489.386 424285
489.425 20142
489.541 592650
489.615 362481
489.675 111427
489.725 334063
489.850 97715
489.868 489889
489.900 115911
490.064 339159
490.075 110888
490.100 117195
490.125 114245
490.150 119577
490.175 110864
490.175 114958
490.200 111948
490.256 400301
490.275 115371
490.330 422310
490.375 112560
490.529 596369
490.600 121213
490.725 113180
490.775 116488
490.791 535080
490.875 109159
490.875 112529
490.884 468698
490.975 110306
491.000 112614
491.025 110835
491.029 353498
491.125 111928
491.175 2186
491.275 111420
491.300 126921
491.375 108579
491.425 111395
491.425 334357
491.450 334386
491.475 113786
491.475 121659
491.525 113631
491.529 450332
491.575 127457
491.600 128698
491.650 107986
491.700 2143
491.767 497703
491.850 114234
491.850 2099
491.900 2164
491.950 334359
492.025 117167
492.025 20209
492.075 119935
492.075 133839
492.075 334390
492.075 4995
492.079 390091
492.100 334362
492.143 394364
492.175 108519
492.175 134326
492.225 117718
492.225 334447
492.250 2210
492.275 334417
492.300 109162
492.325 111999
492.325 334420
492.400 126310
492.425 109785
492.475 2206
492.500 126981
492.500 334539
492.525 2170
492.536 391136
492.550 112643
492.575 131476
492.600 114884
492.600 115402
492.650 2076
492.671 342621
492.675 112719
492.675 2184
492.700 112649
492.700 120576
492.704 352630
492.725 116599
492.725 135556
492.750 113127
492.750 2251
492.775 118206
492.775 20225
492.775 2274
492.800 114281
492.800 117210
492.800 20224
492.825 112027
492.850 117805
492.850 123898
492.875 115438
492.875 119448
492.887 416617
492.900 334452
492.949 519107
492.950 334393
492.975 121762
492.975 125153
493.025 116015
493.025 2191
493.125 334513
493.150 334059
493.175 118297
493.175 334536
493.180 495068
493.220 342257
493.250 128589
493.250 135358
493.275 122803
493.275 128630
493.275 334149
493.300 334509
493.325 334626
493.375 115502
493.375 17194
493.425 20241
493.475 115423
493.500 126318
493.525 123591
493.525 127423
493.525 2276
493.575 120590
493.600 4866
493.650 117075
493.675 122892
493.700 121830
493.700 126288
493.725 110904
493.725 123029
493.725 134933
493.775 334482
493.800 125208
493.825 334479
493.917 356364
493.925 112062
493.925 118727
493.925 121087
493.950 334182
494.000 116626
494.000 4971
494.014 405340
494.025 128596
494.025 334146
494.075 20272
494.100 118957
494.100 121107
494.120 496589
494.175 116095
494.175 334596
494.225 128639
494.250 20257
494.275 123000
494.288 436905
494.450 124690
494.550 125753
494.575 121179
494.575 4999
494.600 334624
494.625 116104
494.625 129709
494.625 334540
494.675 130162
494.700 2255
494.700 334656
494.750 130316
494.775 127461
494.800 113156
494.800 119999
494.925 134970
494.932 483956
494.950 2291
494.975 119501
495.125 20275
495.134 481556
495.225 121314
495.275 118989
495.300 134381
495.400 122849
495.425 334630
495.525 397405
495.581 426408
495.600 334724
495.625 2186
495.625 334600
495.700 123501
495.700 131484
495.725 133279
495.750 132727
495.750 139865
495.825 127010
495.875 120614
495.900 334714
495.925 129928
495.975 125797
496.050 130400
496.100 126428
496.100 146033
496.150 132767
496.200 132658
496.275 132711
496.275 334357
496.275 334386
496.325 138394
496.350 128609
496.350 2164
496.375 135582
496.450 133910
496.450 2143
496.450 334717
496.475 132216
496.475 146557
496.475 334777
496.575 131449
496.650 133335
496.675 2210
496.800 133325
496.800 334841
496.825 131041
496.900 135036
496.936 358247
497.275 139628
497.375 2191
497.384 393524
497.400 2170
497.400 334447
497.450 334718
497.475 2251
497.475 334783
497.575 129279
497.600 136199
497.725 334390
497.742 404710
497.850 334870
497.875 2274
498.025 334837
498.150 334417
498.275 136178
498.275 468
498.312 344120
498.525 334359
498.575 137119
498.577 434591
498.600 2276
498.600 334809
498.726 379076
498.750 334513
498.824 421297
498.950 334420
499.125 334452
499.331 586787
499.501 420018
499.750 2291
499.750 334509
499.900 2255
500.020 348709
500.407 386640
500.950 334869
501.025 334536
501.075 428602
501.105 425017
501.169 454717
501.325 334630
501.400 334714
503.200 334777
503.789 485873
504.043 429522
504.574 440563
504.632 488696
505.119 458680
505.376 357578
505.450 4657
505.466 512727
506.026 688732
506.039 360468
506.052 489658
506.147 368984
506.166 432345
506.390 390568
506.442 433113
506.475 4735
506.650 4713
507.050 434232
508.175 338470
508.208 354383
508.420 366881
508.550 4765
508.775 4733
508.801 506098
509.180 343438
509.950 4812
510.493 491397
510.655 448866
511.110 363072
511.125 9892
511.200 10176
511.380 525025
511.786 487998
511.864 512359
511.869 638777
513.590 493062
513.777 343530
514.094 478060
514.665 339185
514.943 431075
515.275 4999
515.363 367226
515.402 403302
515.471 472840
515.916 349369
516.028 368248
516.111 418342
516.447 368248
516.704 465044
517.061 442723
517.275 4651
518.190 391854
519.328 643451
519.625 9856
519.735 380907
519.948 634828
520.050 586378
520.134 364046
520.204 486874
520.549 665137
520.831 486527
520.899 355478
521.350 478264
521.464 475073
521.521 349744
522.100 4733
522.116 449742
522.275 334540
522.510 340630
522.511 355830
522.550 396066
523.254 400153
523.300 334452
523.600 334420
523.668 378203
523.950 334182
521.000 468
524.140 462279
524.175 4866
524.300 4784
524.469 411253
524.478 347224
524.496 674616
524.634 355888
524.865 396317
525.125 347042
525.250 334509
525.350 4812
526.200 338470
526.375 4995
526.405 415634
526.817 423355
527.067 493090
527.084 422763
527.107 445112
527.583 380473
527.726 419234
527.953 471703
528.296 697383
528.729 515816
529.058 451568
529.143 512727
529.430 374035
529.472 429055
530.824 459705
530.855 532874
530.884 402052
531.750 4999
531.844 441808
532.691 471294
533.547 352247
533.576 364063
533.754 500077
534.140 341152
535.025 4765
535.269 430501
535.300 4657
535.373 441827
535.550 4735
535.635 341334
535.725 4651
536.192 348263
536.353 512201
537.084 365728
537.105 356003
537.125 4812
537.350 4733
537.450 4713
537.525 4971
537.792 525025
537.834 464259
538.675 369415
538.871 488702
539.282 444922
539.443 461059
540.049 395440
540.144 356924
540.851 408483
541.137 403115
541.346 375499
541.352 529655
541.562 427265
542.000 334837
542.417 464212
542.550 10455
542.691 367718
542.801 394959
543.203 373835
543.592 375850
543.692 617719
544.425 10065
544.602 669197
545.330 531928
545.405 515816
545.797 443682
545.806 380698
545.862 464815
545.949 346539
546.099 377995
546.552 471243
547.150 4657
547.443 463436
547.650 334777
548.015 402082
548.139 431329
548.275 16994
549.075 351240
549.175 4651
549.950 4735
549.950 4765
550.125 334182
550.200 4784
550.225 481569
550.325 4713
550.437 362481
550.454 438963
550.519 365739
551.036 484226
551.098 449815
536.375 468
551.282 674504
551.303 455582
551.337 358017
551.504 344248
551.845 415502
552.225 4812
552.357 476501
552.525 334626
552.674 399961
552.814 391136
552.875 338470
552.875 4733
552.971 590182
553.000 334393
553.325 123501
553.450 4999
553.975 4995
554.243 401670
554.274 356100
554.366 345196
554.425 4971
555.112 365001
555.182 516408
555.183 441260
555.675 17233
555.678 409061
556.292 364484
556.866 649199
557.062 381055
557.379 512727
557.887 402566
558.265 400707
558.538 516971
559.007 432150
559.311 450910
559.410 454599
559.734 362842
560.092 450549
560.289 521561
560.392 349503
560.431 433653
560.548 471462
560.667 500753
560.849 416780
560.908 428083
561.193 374084
561.950 4866
562.166 421006
562.750 4657
562.987 342959
563.025 370097
563.055 362903
563.250 4733
563.377 401684
563.487 468740
563.487 484566
563.500 4735
564.200 4812
564.375 4651
564.548 381237
564.576 340133
565.201 404596
565.303 421856
565.325 4765
565.350 4713
565.450 334596
565.834 622960
565.875 17233
566.588 492670
566.643 607411
567.115 404142
567.150 334509
567.300 334357
567.327 370130
567.595 405023
567.823 510074
568.100 9892
568.162 463146
569.240 528082
569.354 360403
570.892 435186
571.427 459939
572.715 408234
573.413 432955
573.863 483839
575.395 397716
575.479 340135
575.624 461331
575.900 4971
576.016 379874
576.725 4784
576.726 479351
577.581 429030
577.811 426424
577.825 4812
578.005 421497
578.025 606807
578.375 4999
578.475 4866
578.599 347864
578.615 348587
579.100 338470
555.450 468
570.250 468
579.162 511434
579.450 4733
579.802 409136
579.819 381604
579.925 4735
580.000 4995
580.200 4765
580.257 510437
580.301 517692
580.625 4651
581.025 334390
581.061 345396
581.125 334783
581.162 481791
581.410 390466
582.029 354518
582.101 496656
582.197 429030
582.420 365009
582.675 4657
582.959 418174
583.640 363198
584.075 485675
584.644 393195
584.732 416018
585.113 454136
585.248 468238
585.967 468498
586.023 457649
586.030 458483
586.136 369989
586.582 518151
586.870 400668
586.908 376067
587.486 354414
587.930 480932
588.392 404156
588.565 412444
588.691 369764
589.085 402245
589.554 374397
589.757 479559
590.396 506139
590.450 4999
590.557 408514
590.675 334718
591.000 334783
591.350 334869
591.450 4971
591.820 421846
591.950 4812
591.987 461439
592.298 458273
592.431 352588
592.444 348954
592.547 400423
592.625 4866
592.730 340368
592.787 439388
592.818 404710
592.975 4784
593.337 376081
593.370 411168
593.375 4651
593.375 4735
593.400 4733
593.456 373440
593.500 4713
593.600 4657
593.648 379340
593.991 441204
594.175 10455
594.825 334630
595.072 383590
595.075 338470
595.883 381869
596.448 407782
596.550 4765
596.698 472597
596.800 334362
597.922 645867
598.175 126981
598.575 117210
599.271 455680
599.400 16994
599.405 697383
599.596 370994
600.300 110864
600.339 345584
600.353 609143
600.700 4995
601.102 532049
601.310 361037
601.413 374834
601.511 618410
601.750 112529
602.025 668884
602.400 17397
602.550 123291
602.791 638776
602.838 356305
603.318 361446
594.675 468
603.343 463682
603.447 419839
603.696 446073
603.822 415804
604.200 4971
604.350 4999
604.554 496584
604.600 334809
604.725 95313
604.849 424038
604.974 438796
604.975 114884
605.019 511214
605.142 392592
605.175 100381
605.400 114245
605.650 106055
605.675 108579
605.675 110888
605.950 10419
606.050 98735
606.114 458273
606.150 100361
606.225 4733
606.438 426045
606.450 128589
606.675 112534
606.688 579404
607.050 115423
607.075 121659
607.100 113107
607.121 611060
607.150 97715
607.250 2055
607.400 4812
607.425 2076
607.450 96562
607.600 98782
607.742 660764
607.848 384011
607.868 343912
608.225 334059
608.225 98706
608.400 4866
608.425 117805
608.450 123949
608.475 111395
608.550 2099
608.575 20142
608.600 117075
608.650 4651
608.700 109162
608.800 627121
609.050 334146
609.070 458263
609.125 112560
609.150 97037
609.200 2143
609.200 4765
609.375 113784
609.475 2210
609.475 334149
609.475 91876
609.500 108519
609.500 334063
609.525 114943
609.564 344148
609.600 115911
609.600 116015
609.700 2186
609.825 2191
609.850 112027
609.875 334479
609.900 2184
609.925 110306
609.950 118297
609.950 2164
610.075 110775
610.075 116626
610.094 350707
610.100 110835
610.100 123898
610.100 2251
610.125 109159
610.150 112649
610.225 113631
610.325 109156
610.325 113786
610.325 334182
610.375 121762
610.391 351240
610.408 369637
610.425 116104
610.475 124690
610.500 116599
610.550 111420
610.600 107986
610.616 645907
610.641 643451
610.658 681992
610.737 446662
610.750 115502
610.775 113156
610.825 133279
610.850 334357
610.900 123591
610.975 109785
611.000 121830
611.025 119501
611.075 119448
611.100 112614
611.125 117195
611.150 115544
611.150 2170
611.200 111341
611.200 111427
611.200 113060
611.200 118957
611.200 127010
611.248 387463
611.290 369266
611.300 112643
611.300 114281
611.400 111948
611.400 20209
611.425 20225
611.475 118727
611.475 128609
611.575 334452
611.600 117210
611.600 334509
611.625 116488
611.625 121179
611.650 113753
611.675 2055
611.700 129709
611.725 115371
611.791 392716
611.800 117167
611.825 110864
611.850 334447
611.900 334482
611.949 349138
611.950 123029
611.975 2076
612.000 112719
612.000 121314
612.025 119935
612.025 2206
612.050 134326
612.075 114234
612.075 114958
612.075 117718
612.075 334539
612.150 120576
612.200 113180
612.200 121087
612.225 334513
612.275 110904
612.325 126310
612.325 135358
612.350 130400
612.400 118989
612.425 334362
612.450 334393
612.500 334540
612.525 119577
612.575 121213
612.575 125753
612.575 130316
612.600 126318
612.625 128630
612.750 115438
612.800 112529
612.875 126288
612.900 118206
612.900 334536
612.975 126981
613.000 111928
613.025 113127
613.050 121107
613.050 125208
613.096 378179
613.150 112062
613.175 120590
613.175 133335
613.175 334626
613.200 129928
613.275 132658
613.275 2276
613.279 378613
613.300 126428
613.300 334359
613.450 111999
613.475 130162
613.475 17397
613.475 334386
613.500 126921
613.550 134970
613.575 125797
613.716 340135
613.740 493062
613.825 132727
613.825 334596
613.848 627923
613.900 132767
613.950 122892
613.950 123000
613.950 127457
613.975 127423
613.975 134381
614.000 2143
614.025 131484
614.050 131476
614.125 115402
614.175 334420
614.177 615098
614.225 123501
614.250 334417
614.275 119999
614.325 334656
614.350 334059
614.375 128596
614.400 116095
614.425 125153
614.440 464716
614.500 139865
614.575 2099
614.600 2164
614.624 362909
614.625 334390
614.675 2191
614.691 398748
614.723 444262
614.750 2186
614.800 2274
614.825 2184
614.825 2210
614.925 131041
614.950 133839
615.025 132216
615.050 2291
615.075 122849
615.075 127461
615.075 146557
615.100 136199
615.100 334630
615.200 134933
615.200 2255
615.205 364540
615.375 128639
615.425 135582
615.450 122803
615.475 120614
615.525 129279
615.600 334624
615.625 2251
615.650 131449
615.686 586433
615.700 133325
615.725 133910
615.725 136734
615.750 132711
615.750 135556
615.775 138394
615.900 334063
615.925 334718
615.925 334777
615.975 2170
616.000 334717
616.041 459108
616.075 334841
616.179 419361
616.192 412699
616.375 136178
616.425 334724
616.475 334479
616.500 334600
616.558 468588
616.575 334509
616.600 334447
616.650 135036
616.725 139628
616.775 128698
616.779 349468
616.850 334452
616.900 334146
616.900 334837
617.044 441989
617.050 334714
617.125 137119
617.125 334809
617.325 334482
617.938 551256
617.950 334783
618.050 334626
618.219 436601
618.250 146033
618.484 420985
618.600 334870
618.625 334869
618.667 393574
618.766 370152
618.925 334536
619.010 626547
619.175 2276
616.275 468
619.293 437845
619.491 538076
619.890 444880
620.181 355236
620.400 2291
621.087 508318
621.110 340630
621.275 334656
621.325 334624
621.375 334717
621.425 334841
621.700 334777
621.750 334724
622.175 358019
622.292 398283
622.346 366327
622.390 356530
622.500 334718
622.525 385073
622.861 485685
622.925 334837
623.741 388991
623.913 346445
624.325 4657
624.593 403838
624.843 476351
625.375 4713
625.389 497562
625.668 452347
626.250 4866
626.308 502313
626.576 667141
626.825 4733
627.586 508740
627.750 4735
628.160 361312
628.245 542046
628.600 4765
628.660 379765
628.671 405063
628.777 615707
628.862 352925
629.100 338470
629.348 468588
629.725 9787
630.450 4995
630.583 415650
630.875 4999
630.949 380763
630.984 505330
631.373 418649
631.435 601696
631.626 400799
631.773 494073
631.909 339231
632.068 406842
632.120 501324
632.322 352301
632.581 359429
632.831 357259
633.255 342375
633.920 348563
634.148 393709
634.755 363960
635.703 344853
636.012 455307
636.095 382723
636.102 496952
637.250 334146
637.283 539207
638.938 439836
639.347 350300
639.575 334540
639.734 392666
639.756 372725
640.016 384375
640.043 485685
640.056 405227
640.100 4713
640.575 4657
640.760 341944
640.925 4812
641.027 422009
641.044 435984
641.375 4651
641.793 424068
642.153 358876
642.175 4765
642.575 4866
642.825 334482
642.925 4784
643.194 417606
643.714 419813
643.754 401310
645.037 445217
645.550 334596
645.600 4999
645.900 334869
645.952 375921
646.296 407501
646.794 473233
646.959 348015
630.750 468
646.975 17397
647.046 371364
647.537 605369
647.910 494085
649.423 374084
649.498 380011
649.644 610071
649.893 419792
650.075 338470
650.555 412198
650.568 470970
650.583 421459
650.845 346526
651.100 10104
651.425 356068
651.684 457623
652.138 626194
652.946 422887
653.229 480354
653.525 4651
653.750 4765
653.791 361037
654.000 4657
654.275 4713
654.375 4733
654.575 4995
654.602 351247
654.800 479481
654.840 442840
655.106 487904
655.525 4866
655.893 427907
656.041 634117
656.429 340149
656.565 437673
656.808 473556
657.219 458866
657.331 495121
657.630 380764
658.475 4971
658.611 428602
659.350 334714
659.703 394959
660.232 486874
660.673 394043
660.788 434949
660.919 453575
661.825 415578
662.831 667634
663.141 438037
663.206 601605
663.394 346104
663.761 627923
663.874 402008
664.592 518151
664.603 388174
664.625 9930
664.734 627962
664.844 482907
665.124 363588
665.400 9856
665.463 471479
665.495 382811
665.500 4651
665.744 362904
665.761 624779
665.882 418716
665.925 4812
666.037 386880
666.071 439760
666.488 537688
666.575 4735
666.693 508318
666.750 334357
667.000 438309
667.375 4657
667.417 476044
667.575 4784
667.780 423180
668.328 515242
668.601 605369
668.865 348828
669.225 400999
669.576 462729
670.125 17124
670.505 468708
670.750 338470
671.196 354858
671.199 582487
671.769 344970
671.921 431769
672.597 452577
673.262 502706
673.273 438957
673.392 497063
673.764 417606
673.970 420722
674.140 515292
674.186 404596
674.631 488099
674.712 403046
674.741 451960
670.525 468
675.450 4733
675.465 484446
675.700 4999
676.244 359969
676.375 4866
676.446 350989
676.523 387198
676.602 371013
676.750 334596
676.775 4995
676.932 457174
676.935 354858
677.277 454136
677.377 340149
677.425 644485
678.083 357360
678.200 4812
678.347 392948
678.400 4651
678.431 433076
678.482 344248
678.518 667141
678.535 487876
678.725 4735
679.069 362471
679.150 4784
679.307 455968
679.370 342564
679.525 4765
679.550 116626
680.240 474049
680.250 4657
681.025 409749
681.300 17038
681.417 673806
681.559 399490
681.706 388865
681.911 588876
682.021 380524
682.551 447440
682.597 419953
682.741 372022
682.905 442123
682.988 544917
683.289 350880
683.306 360461
683.415 346389
683.850 4713
684.070 507198
684.337 374219
684.407 382171
684.435 390432
684.582 387444
685.180 633114
685.248 355709
685.309 434846
685.970 597063
686.703 386884
687.207 405227
687.576 438624
687.778 400751
687.900 357839
688.016 425290
688.417 429824
688.782 369989
688.814 473233
688.854 458870
689.415 352640
689.550 4971
689.575 452777
689.775 4999
690.247 353406
690.470 525217
690.574 379792
690.728 431933
690.800 334724
690.975 4735
691.150 4995
691.230 424559
691.325 123501
691.425 4812
691.500 4765
691.525 334630
692.075 4713
692.150 4657
692.175 4733
692.250 4866
692.325 4651
692.550 112062
692.875 10176
692.898 611675
693.900 334837
693.942 343869
694.262 368528
694.275 17038
694.350 334479
694.844 492709
694.940 427349
696.023 540111
696.025 16994
696.535 598904
696.860 619571
687.275 468
697.070 351745
697.357 599557
697.755 628363
698.078 395719
698.101 455555
698.269 382571
698.500 113180
698.615 344643
698.774 341944
698.947 421856
699.722 414127
699.739 487749
700.160 517394
700.389 465289
701.170 388738
701.323 486098
701.474 523012
702.685 367565
702.791 409827
703.650 370558
703.699 392136
703.750 4784
703.950 4971
704.050 4733
704.097 430454
704.363 348604
704.662 339036
704.773 673568
704.825 4713
705.156 600241
705.160 353162
705.161 667343
705.164 472439
705.239 494945
705.275 4866
705.350 338470
705.773 351200
705.775 4765
705.925 4999
705.950 4812
706.020 366327
706.162 494392
706.703 422511
706.825 4995
707.022 480815
707.097 358099
707.230 388305
708.004 397396
708.075 334630
708.250 4651
708.500 108519
708.725 112534
708.891 373621
708.921 509537
709.188 402358
709.384 464259
709.520 458263
709.525 111928
709.525 116104
709.825 100381
709.827 392110
709.950 2076
710.100 117167
710.343 421090
710.376 633114
710.644 485675
710.721 374207
710.778 469211
710.945 352925
710.950 109159
711.150 2055
711.236 343450
711.300 110888
711.350 91876
711.425 2099
711.501 409639
711.515 472676
711.575 107986
711.646 405033
711.700 97715
711.722 586069
711.725 110775
711.925 110835
712.025 2186
712.083 489512
712.261 481334
712.294 373808
712.317 507198
712.362 440558
712.414 424675
712.443 626514
712.482 649266
712.500 96562
712.600 112560
712.650 2143
712.750 115502
712.850 98782
712.950 113784
712.950 98706
713.094 652418
713.155 375600
713.243 407513
707.775 468
713.300 112643
713.475 110864
713.500 100361
713.734 361347
714.025 334063
714.079 654247
714.300 112027
714.425 111420
714.575 115544
714.625 118989
714.625 2191
714.650 2170
714.775 110306
714.800 117210
714.825 95313
714.850 115911
714.912 364296
714.925 114958
715.025 112719
715.100 110904
715.125 109785
715.225 123000
715.250 98735
715.375 109156
715.400 114884
715.500 109162
715.500 117195
715.500 129928
715.600 125153
715.625 125208
715.725 108579
715.750 114281
715.750 118957
715.825 114943
715.825 2076
715.842 609143
715.850 113753
715.879 354782
716.000 97037
716.125 111395
716.150 132727
716.150 334146
716.196 427959
716.200 2055
716.250 20142
716.275 112649
716.275 123029
716.275 20209
716.300 113107
716.300 116599
716.300 334182
716.349 356003
716.350 112529
716.366 521650
716.375 111427
716.425 334359
716.450 115402
716.450 116015
716.450 334362
716.475 106055
716.525 111999
716.600 114245
716.625 124690
716.625 2099
716.700 132216
716.725 123591
716.771 404550
716.775 113180
716.775 120576
716.775 20225
716.775 334482
716.825 334059
716.850 20224
716.875 119448
716.875 334393
716.925 117718
716.975 121314
717.000 334390
717.025 113786
717.050 111341
717.054 525217
717.075 118297
717.075 118727
717.075 125797
717.075 334513
717.100 115371
717.125 2164
717.175 20241
717.175 334357
717.200 115438
717.200 116626
717.400 119577
717.400 334452
717.425 113127
717.450 115423
717.450 116488
717.467 500851
717.475 112614
717.475 121179
717.475 334539
717.550 2184
717.650 131476
717.675 116095
717.700 114234
717.700 121762
717.725 118206
717.725 2210
717.750 117805
717.775 126288
717.825 121830
717.825 334479
717.875 334509
717.900 112062
717.900 113156
717.925 334447
717.975 132658
718.075 2143
718.080 388088
718.100 113060
718.132 348263
718.150 123501
718.175 121107
718.200 126981
718.200 334420
718.275 127457
718.300 130400
718.325 111948
718.375 122849
718.382 468205
718.425 334540
718.450 128698
718.550 126428
718.575 20257
718.650 334600
718.675 2255
718.700 127010
718.700 2186
718.750 133279
718.800 2206
718.875 121213
718.925 122892
718.925 127461
718.950 119935
718.950 121659
718.978 495153
719.025 20272
719.050 129279
719.100 120590
719.100 2170
719.100 334149
719.100 334417
719.175 119501
719.225 334386
719.300 334536
719.400 113631
719.400 128596
719.450 123949
719.525 126310
719.525 128589
719.550 334063
719.575 20275
719.625 334596
719.700 334630
719.800 130316
719.800 139628
719.825 126318
719.850 131041
719.850 2191
719.875 121087
719.900 126921
719.925 119999
720.000 120614
720.075 134970
720.125 2274
720.175 123291
720.300 123898
720.325 125753
720.325 2251
720.350 117075
720.400 136178
720.475 135582
720.475 2276
720.575 132711
720.575 334626
720.600 132767
720.675 122803
720.775 129709
720.842 407660
720.875 133325
720.875 133335
721.025 334146
721.069 342389
721.075 131449
721.150 133910
721.225 134933
721.225 135556
721.225 334724
721.275 128630
721.275 334718
721.300 134326
721.375 334359
721.425 334624
721.432 614861
721.525 128639
721.538 515292
721.550 138394
721.575 127423
721.600 2164
721.600 334393
721.625 334656
721.650 334841
721.675 334717
721.700 136199
721.850 133839
721.879 340271
721.906 339036
721.925 128609
721.925 334357
721.975 136734
722.000 334390
722.120 404142
722.175 2291
722.200 334809
722.225 2184
722.240 356748
722.375 334777
722.400 334482
722.475 134381
722.638 408857
722.675 131484
722.775 130162
722.850 2210
722.882 645730
722.896 475106
722.975 146033
722.975 334783
723.000 135036
723.092 375087
723.100 135358
723.125 334479
723.175 2255
723.225 334452
723.325 2206
723.450 137119
723.550 334714
723.575 334837
723.598 459504
723.700 334513
723.725 334509
723.993 459504
724.056 368843
724.340 404507
724.346 399961
724.425 2274
724.600 146557
724.631 359284
724.906 543204
725.050 334536
725.075 139865
725.425 334870
725.525 2276
725.594 427598
725.651 419234
725.671 480917
725.888 499685
725.950 2251
726.125 334869
726.293 368578
726.310 426957
726.355 400129
726.435 429493
726.450 408843
726.655 424857
726.938 412438
727.500 2291
727.600 334724
727.743 460865
727.825 334841
727.909 430316
728.259 622387
728.319 510194
728.398 452515
728.844 525293
729.057 478737
730.028 428412
730.075 405938
730.275 4735
730.600 4651
730.675 4657
730.805 369428
730.925 338470
730.987 610412
731.143 466694
731.325 4765
731.400 4713
731.439 453786
731.465 531402
731.619 348738
731.775 655659
731.961 408615
731.976 378790
731.991 351843
732.276 501535
732.495 353639
732.805 353162
733.117 487880
722.500 468
733.186 523200
733.292 511115
733.711 342389
734.647 390766
734.664 587539
734.825 4866
735.010 411230
735.335 410843
735.364 615098
735.643 348289
735.754 495679
735.817 395100
735.911 458235
736.101 385602
736.316 614348
736.428 429493
736.593 460526
736.600 4812
736.908 396544
737.157 366562
737.775 4999
737.844 463146
738.339 445494
738.600 10455
738.650 4971
738.922 352030
739.750 4995
740.149 452625
740.538 344853
740.599 407254
740.950 395100
741.006 496589
741.029 615932
741.225 404583
741.321 448214
742.407 431244
742.685 468190
742.841 459954
743.048 501649
743.203 594930
743.497 609674
743.575 4713
743.711 371778
744.075 334420
744.107 424784
744.564 469126
745.171 453200
745.253 431154
746.423 463544
746.475 344728
746.575 4784
746.650 4651
747.000 4765
747.475 4733
747.500 4866
747.619 354037
747.620 375450
747.988 391762
748.011 475106
748.150 334452
748.214 524917
748.364 479688
748.925 4657
749.074 393195
749.127 454097
749.243 404501
749.875 413814
750.115 441636
750.400 4735
750.850 334783
751.147 395061
751.335 471627
752.355 505330
752.910 582720
753.287 400303
753.477 420922
753.706 369671
754.150 4999
754.669 653058
754.850 348016
755.173 498079
755.225 4995
755.379 389221
756.021 588063
756.079 400369
756.448 413973
756.850 492029
757.187 611060
757.505 485815
757.675 338470
757.850 389810
758.451 516412
758.493 372863
759.278 378437
759.329 539626
759.352 440669
759.424 395884
759.600 4812
759.855 383251
759.880 398212
759.900 334837
759.955 389066
736.725 468
748.225 468
760.350 122892
760.675 4713
760.754 404770
760.781 400751
761.175 4765
761.350 10100
761.350 4651
761.409 500085
761.650 4657
762.000 113631
762.167 433335
762.220 359798
762.450 4735
762.500 334146
762.589 417445
762.642 362311
762.750 334417
763.106 371878
763.118 387868
763.662 451639
764.244 386201
764.727 435763
764.857 454717
766.055 404247
766.096 511214
766.267 386201
766.460 444502
766.520 419792
766.826 350300
766.887 464831
767.179 435156
767.375 100381
767.580 343054
767.834 634117
767.842 448076
768.522 486563
769.275 4971
770.106 342389
770.575 431636
770.600 17071
770.650 451585
770.699 366137
771.148 392228
771.158 527119
771.425 4999
771.622 356218
771.680 445049
771.719 427347
771.745 467112
771.750 4866
771.850 4733
772.000 4995
772.250 334783
772.325 4784
772.549 384223
773.097 379944
773.163 556667
773.437 421150
773.483 348124
773.553 483077
773.774 365869
773.800 334656
774.000 4735
774.049 602257
774.075 4713
774.100 334717
774.221 449516
774.315 387868
774.385 381780
774.488 413269
774.625 4765
774.651 345636
774.700 4812
774.875 4657
774.998 505182
775.586 398223
775.651 440669
776.122 356376
776.204 405023
776.832 531986
776.941 365711
776.963 399412
777.486 366137
777.616 460027
777.926 426198
778.168 373613
778.326 628445
779.279 372678
779.785 425860
779.850 482593
780.054 423515
780.199 614711
780.253 352588
780.590 417617
780.734 367644
781.173 350343
781.805 633139
781.833 402544
782.262 369428
782.633 394651
782.649 366292
782.697 378983
766.725 468
782.906 367284
783.050 10346
783.698 420477
784.360 534573
784.364 453952
784.821 596409
784.935 357716
785.058 392883
785.464 373621
785.552 346351
785.597 465981
785.650 4995
785.700 338470
785.766 495068
785.938 368076
785.995 375415
786.211 436114
786.577 407128
786.625 4999
787.100 4812
787.157 614027
787.183 494469
787.200 4765
787.225 4735
787.237 456823
787.453 431017
787.725 4713
787.750 4651
787.981 346184
788.281 426919
788.325 4784
788.350 4866
788.600 4733
789.200 334630
789.600 334809
790.325 334837
790.369 451436
790.434 437654
790.483 420573
790.488 342148
790.537 447287
790.782 452719
790.825 131476
790.913 453200
791.025 334479
791.183 465575
792.236 417781
792.262 539667
792.361 360302
792.528 375516
792.748 440075
792.782 422668
792.839 466251
792.934 384296
793.353 595253
794.438 454787
794.673 499517
794.924 462144
795.818 469101
796.359 599557
796.486 494081
796.518 454907
796.611 432692
797.197 482533
797.363 398310
797.390 421090
797.494 395375
797.921 369493
797.964 499336
798.040 597825
798.948 356600
798.995 465044
800.025 4971
800.319 396435
800.388 358343
800.475 4812
800.700 338470
800.914 445194
801.230 666805
801.250 4999
801.675 4733
802.025 4657
802.172 380011
802.180 393455
802.275 4995
802.313 694953
802.382 423980
802.800 4713
802.837 378798
802.858 395129
802.875 4735
802.875 4784
802.980 582817
803.159 422707
803.500 4651
803.700 4765
803.798 761242
804.050 334447
804.418 390757
804.550 334390
804.716 340930
804.846 396088
785.050 468
800.050 468
805.027 416842
805.635 410403
805.718 398980
805.892 354017
806.188 472545
806.270 401356
806.344 416503
806.575 17038
806.773 347747
807.156 509935
807.286 407086
807.295 472845
808.108 535120
808.670 644066
808.732 386614
808.801 683546
809.013 526087
809.038 349138
809.363 357687
809.443 458866
809.674 365367
810.464 667141
810.493 357259
811.185 441812
811.309 456006
811.388 554027
812.223 403320
812.246 414098
812.299 583836
812.572 493311
813.040 342148
813.399 357277
813.399 360464
813.646 360590
813.834 407309
814.088 462288
814.230 394975
814.239 413138
814.466 471018
814.563 447237
814.685 613689
814.800 4995
814.954 536925
815.085 483957
815.220 443896
815.650 4866
815.653 464486
815.700 334869
816.025 4971
816.192 445049
816.329 506258
816.400 4657
816.550 4784
816.654 626727
816.775 4812
816.950 4733
816.950 4765
817.000 4999
817.050 4735
817.075 4713
817.216 425840
817.329 352301
817.400 334390
817.600 134970
817.740 620731
817.774 414367
817.950 334777
818.350 338470
818.537 462449
818.625 334146
818.729 407312
818.913 543431
819.025 334362
819.575 118206
819.684 491727
819.823 377467
820.030 390769
820.056 472472
820.168 345282
820.352 358099
820.800 119935
821.075 130316
821.897 406182
822.075 476682
822.867 525418
823.199 354414
823.218 624779
823.235 659629
823.412 411422
824.019 598904
824.251 521156
824.305 388107
824.660 364296
824.662 436863
824.755 511115
825.162 683707
825.198 615707
825.300 461722
826.052 592530
826.566 353481
826.635 423783
826.821 458732
815.825 468
827.346 382479
828.002 354518
828.065 404142
828.196 511644
828.275 114884
828.287 342811
828.930 521810
829.112 376261
829.170 367712
829.413 397347
829.575 4995
830.375 116104
830.387 495080
830.389 457122
830.525 132658
830.875 4651
830.906 384088
830.975 334596
831.100 4733
831.125 4812
831.325 126310
831.581 681525
831.675 110306
831.800 334724
831.845 373603
831.872 422656
831.900 4866
831.931 408296
831.975 97715
832.025 4999
832.100 98782
832.150 133910
832.158 497948
832.200 334452
832.275 123591
832.325 125753
832.563 357484
832.625 4765
832.661 408067
832.778 595909
832.975 4657
833.025 4713
833.081 379340
833.125 134933
833.323 433912
833.375 2099
833.400 110775
833.425 133839
833.500 356293
833.675 109156
833.675 4784
833.725 132216
833.750 115502
833.825 109159
833.850 111420
834.000 2076
834.008 453786
834.100 2191
834.175 118989
834.183 481074
834.227 467356
834.325 2164
834.400 2170
834.475 107986
834.475 111948
834.675 2210
834.750 113753
834.764 383587
834.801 496653
834.807 604236
834.850 114943
834.850 117075
834.850 4735
834.925 115438
835.025 2186
835.025 2291
835.175 114234
835.200 334447
835.211 470065
835.225 119577
835.275 2276
835.325 118957
835.350 20142
835.350 2184
835.375 123029
835.375 2055
835.525 110888
835.575 113107
835.675 110864
835.675 95313
835.775 2251
835.900 121213
835.925 136178
835.950 115402
835.950 122892
835.964 467112
836.000 119448
836.000 2274
836.025 112719
836.025 2143
836.050 113786
836.075 108579
831.000 468
836.105 540351
836.116 425959
836.125 334063
836.200 110835
836.200 115911
836.225 109162
836.250 124690
836.325 115544
836.350 2206
836.425 132727
836.450 96562
836.550 128698
836.625 113784
836.700 334146
836.710 450332
836.775 134326
836.825 121314
836.825 127457
836.830 492885
836.850 91876
836.875 112534
836.950 132767
836.975 117195
837.000 334059
837.025 117210
837.025 120590
837.025 121830
837.025 127010
837.100 139628
837.125 108519
837.150 334479
837.175 116015
837.200 334600
837.225 100381
837.225 2255
837.250 133335
837.275 334390
837.350 123898
837.375 334513
837.425 123000
837.525 123501
837.550 334362
837.575 114958
837.600 115371
837.625 334359
837.675 100361
837.675 113180
837.696 343011
837.900 113156
837.900 127423
837.975 111395
837.975 116488
837.975 129279
837.975 131484
837.975 98706
837.993 363593
838.050 111928
838.050 112649
838.050 130400
838.075 119935
838.150 146557
838.222 352255
838.250 123291
838.325 131041
838.342 437088
838.350 111999
838.350 117718
838.350 118297
838.450 106055
838.600 114281
838.625 110904
838.625 112027
838.650 111427
838.700 120576
838.775 97037
838.800 109785
838.925 113060
838.925 98735
838.950 2099
839.000 134970
839.025 112062
839.025 112643
839.050 129709
839.050 132711
839.050 135582
839.100 116095
839.100 119501
839.150 133279
839.200 117805
839.225 119999
839.275 2170
839.288 419318
839.325 113631
839.350 131449
839.350 2076
839.375 121762
839.425 334783
839.550 135036
839.558 406795
839.575 121179
839.600 2191
839.625 136734
839.675 114245
839.675 115423
839.700 112560
839.750 128630
839.750 2210
839.775 117167
839.775 127461
839.775 130316
839.800 112614
839.825 118727
839.975 123949
840.000 121107
840.000 129928
840.000 334393
840.025 2164
840.050 113127
840.150 2055
840.200 118206
840.249 618681
840.250 121087
840.275 131476
840.300 111341
840.300 128589
840.350 125797
840.350 126428
840.375 122849
840.400 334626
840.450 116599
840.475 2186
840.500 125153
840.500 126981
840.500 334630
840.575 334149
840.600 334182
840.625 2276
840.650 116626
840.650 128596
840.725 128609
840.725 2143
840.750 126288
840.750 126921
840.850 121659
840.850 2184
840.950 135358
840.975 2274
840.975 334717
841.000 136199
841.025 334420
841.075 120614
841.149 424837
841.150 334809
841.175 114884
841.200 126318
841.200 334063
841.200 334841
841.225 133325
841.225 334624
841.325 334777
841.350 146033
841.400 134381
841.409 529940
841.425 334539
841.475 334596
841.500 138394
841.500 334724
841.525 2251
841.550 334452
841.600 125208
841.600 135556
841.600 334536
841.625 2206
841.625 334656
841.675 334837
841.725 112529
841.750 334540
841.850 334357
841.875 334509
841.950 2291
841.975 334870
842.000 122803
842.000 125753
842.075 334482
842.100 334059
842.225 334447
842.225 334714
842.275 334417
842.300 334869
842.525 334718
842.689 374986
842.725 128639
842.725 334386
842.875 137119
842.925 334600
842.950 130162
842.975 334513
843.043 375929
843.075 410839
843.250 334390
843.475 334479
843.925 139865
844.068 357038
844.489 377569
844.501 379431
844.579 419792
844.725 334359
845.075 334783
845.638 434846
845.777 377904
845.875 334841
846.162 427347
846.250 334809
846.300 334837
846.400 334777
846.475 334656
846.745 525451
846.825 334717
847.025 334626
847.065 365718
847.125 334870
847.150 334714
847.230 587831
847.561 376280
848.171 361955
848.857 516680
848.965 375087
849.006 605570
850.087 409756
850.823 467401
852.200 338470
852.259 468238
852.329 359740
852.446 472845
852.520 432304
853.200 4713
853.300 4733
853.375 4971
853.400 4812
853.417 425290
853.450 4784
853.900 4651
853.943 351346
854.225 4866
854.355 344168
854.525 4657
854.950 4765
855.255 372527
855.333 354017
855.662 501672
855.675 4999
856.065 424113
856.214 469490
856.250 4995
856.300 4735
856.362 349503
856.545 508465
856.761 449170
856.829 342196
856.908 346539
857.295 414670
857.661 643954
857.975 2186
858.058 514162
858.179 463719
858.382 472844
858.596 450176
859.401 649266
859.506 523553
859.949 423971
860.181 369931
860.770 360933
861.006 609674
861.575 344278
862.334 342940
862.527 506360
862.604 538495
862.997 417617
863.050 394784
863.610 396682
863.876 344728
864.382 484148
864.869 366572
865.093 509070
865.102 427265
865.260 356376
866.144 439760
866.232 519796
866.269 519344
867.355 478677
867.399 467042
867.600 4971
867.700 4651
867.885 385913
868.476 356364
868.489 359284
868.725 4733
868.950 4735
868.959 453865
869.825 4995
869.902 365743
869.950 4866
870.050 334420
870.071 341785
870.450 4812
870.750 4713
846.850 468
870.375 468
870.775 352685
870.800 4784
870.825 334479
870.923 409136
871.000 338470
871.150 334783
871.312 410095
871.650 4765
871.712 418209
872.063 358431
872.100 4999
872.275 334718
872.450 334809
872.813 355095
872.968 340135
873.000 365718
873.441 391606
873.729 622790
873.738 402356
873.880 496589
874.552 467195
875.697 400543
875.720 482102
876.542 444642
876.607 407085
876.945 343445
877.235 593317
877.301 361099
877.780 343450
877.849 454347
878.089 341062
878.926 372870
878.999 439111
879.301 483756
879.311 482907
879.320 378203
879.897 465079
880.080 586029
880.360 380378
880.513 473530
880.684 381323
880.741 525044
880.929 557614
881.023 511317
881.097 392592
881.401 431480
881.526 442123
881.819 432185
881.981 512965
882.104 385088
882.137 368879
882.448 443682
882.520 510194
882.847 423281
883.500 4657
883.525 4812
883.676 603170
883.700 4866
883.775 4784
883.800 334359
883.821 437845
883.950 4971
884.250 334626
884.500 334146
884.525 4765
884.750 4651
884.875 334357
884.933 341291
885.150 4733
885.162 611692
885.925 4999
886.000 334417
886.250 334362
886.450 4995
886.650 120614
886.725 4735
887.051 390599
887.395 437888
887.496 342273
887.901 558983
888.037 454308
888.115 342940
888.350 646146
888.352 527208
888.637 489426
888.724 370140
888.787 355510
888.841 381571
888.868 353639
891.705 640031
892.299 458870
892.671 419801
892.977 431987
893.678 499336
894.029 483082
894.068 508885
894.135 441269
895.422 450654
897.154 373621
897.175 4784
898.179 351934
898.275 4971
886.625 468
898.611 408615
898.625 4866
898.650 4651
898.975 4733
899.091 348263
899.100 4995
899.450 4812
899.676 505330
899.800 338470
899.976 494643
900.150 334540
900.472 489512
900.600 452577
901.925 4713
902.277 622790
902.290 357562
902.886 497028
903.265 480392
903.625 334783
903.736 467750
903.808 398993
904.245 373787
904.488 343001
905.235 478234
905.506 421297
907.280 607016
908.466 672886
909.513 474228
909.950 4651
909.975 628363
910.170 467287
910.469 356924
910.710 377644
910.958 473941
911.245 357787
911.275 17038
911.314 350343
911.434 377246
911.483 342257
911.525 4765
912.075 4784
912.375 4735
912.450 4657
912.461 688496
912.538 476351
912.577 476427
912.975 100381
913.075 4999
913.100 334656
913.150 4812
913.325 4866
913.400 4713
913.495 339036
913.725 4971
913.825 390568
914.214 472846
914.600 4733
914.822 542744
915.310 341131
915.332 372003
915.525 338470
915.529 483723
915.605 343271
915.800 4995
915.825 334630
915.985 427347
915.987 469552
916.038 432955
916.055 345636
916.590 429543
916.875 334600
916.922 422442
917.183 480354
917.797 341062
918.005 345791
918.597 343562
919.607 347265
919.654 372188
920.100 17038
920.134 438889
920.171 408615
920.687 435156
920.704 383983
921.620 405707
921.866 516796
921.908 425588
922.735 348828
923.289 432173
923.337 450176
923.925 377569
924.066 487749
924.386 360178
924.465 351491
925.431 400303
925.571 414697
925.763 396948
926.325 4866
926.450 4735
926.734 367226
926.844 532096
926.850 334359
927.100 4657
927.325 4765
927.450 4995
927.975 4651
927.975 4733
928.013 472906
928.025 4971
928.050 4812
928.200 334479
928.209 489430
928.340 516072
928.400 4999
928.550 338470
928.575 4784
928.771 340135
928.990 496589
929.163 361099
929.350 4713
929.950 334420
930.013 537787
930.225 17038
930.314 362481
930.323 410944
930.370 523773
930.504 409025
930.550 334656
930.651 475724
930.667 445033
930.728 649859
931.080 371714
931.201 491168
931.230 467386
931.561 517174
931.669 359969
932.244 446994
932.275 123591
932.538 489426
932.926 454527
933.307 396066
933.426 491015
933.603 370691
933.702 561559
933.744 447093
933.973 407128
934.549 374035
935.041 497161
935.490 416330
935.725 365931
935.732 438613
936.421 397396
936.462 597631
936.567 375087
936.634 415911
936.795 342161
937.219 505446
937.551 450640
938.128 398251
938.159 376085
938.817 374866
938.925 4784
939.032 609143
939.183 365277
939.702 617357
940.100 4735
940.339 450647
940.375 4651
940.675 4971
940.700 4657
940.850 656438
940.950 4765
941.008 465044
941.103 394420
941.500 334809
941.725 4713
941.725 4995
941.900 4866
942.200 4812
942.425 334714
942.650 342899
942.725 4733
942.818 391332
943.074 404507
943.150 334509
944.051 387997
944.184 492029
944.439 499814
944.547 407966
944.650 334626
944.779 357713
944.861 355681
945.806 392615
945.848 464930
945.909 432955
946.163 407900
946.423 356434
946.567 357424
946.749 418649
946.956 494879
946.983 367226
947.521 478545
947.587 457689
948.046 363715
948.471 355800
928.525 468
941.700 468
948.512 367188
948.911 380318
949.138 404466
949.948 344489
949.954 391492
950.225 455645
950.881 375794
950.982 505731
951.021 499913
951.073 691016
951.089 472092
951.745 344148
951.830 634384
952.060 428840
952.375 338470
952.500 4784
952.509 380473
952.750 4999
952.925 4651
953.166 406725
953.213 536242
953.725 4733
953.750 4995
953.762 486874
953.772 388014
953.874 597143
954.104 527405
954.275 4735
954.398 431357
954.519 494879
954.550 4866
954.686 352301
954.775 4765
954.863 624666
955.647 365199
955.650 4971
956.052 388107
956.404 542526
956.650 117167
956.807 345187
956.970 468873
957.131 461113
958.244 393399
958.444 385073
958.763 440190
959.119 502182
959.352 443075
959.876 442019
959.920 520696
960.159 347919
960.518 415592
961.097 445526
961.538 472622
961.704 508367
962.489 385200
962.689 554027
963.335 391075
963.342 435624
963.356 480082
963.534 366327
964.208 431854
964.678 471389
965.269 419668
965.379 411342
965.513 356544
965.623 442135
965.750 123898
965.900 4657
966.763 668098
966.925 4812
967.000 4713
967.149 456328
967.270 461439
967.325 4733
967.607 614365
967.649 489512
967.750 100361
967.925 4784
968.350 132658
968.433 340679
968.646 423980
968.675 4735
968.700 4866
968.879 491204
969.150 4995
969.325 98706
969.475 4765
969.813 350008
969.825 338470
970.000 4971
970.375 4999
970.650 100381
971.209 386377
971.450 135358
972.275 2055
972.513 460126
972.525 115911
972.950 109159
972.971 343271
973.000 112062
973.025 106055
973.125 114234
955.075 468
969.450 468
973.250 2143
973.275 2099
973.400 2076
973.450 112534
973.525 110835
973.575 334059
973.625 112529
973.725 111341
973.950 111427
974.040 547313
974.075 109785
974.129 440911
974.150 108579
974.288 630211
974.450 2206
974.500 97715
974.525 107986
974.525 98735
974.600 91876
974.625 95313
974.723 391465
974.725 114884
974.733 422450
974.750 111948
974.800 117718
974.900 2291
974.925 2274
974.950 116104
974.975 98782
975.000 334146
975.000 362015
975.050 118206
975.055 501649
975.075 96562
975.204 353481
975.250 113060
975.300 124690
975.325 134970
975.350 110864
975.450 110306
975.500 2186
975.525 116095
975.525 334149
975.550 112560
975.550 130316
975.575 126428
975.575 2164
975.700 2191
975.700 334063
975.750 128609
975.816 481569
975.819 503309
975.825 2170
975.875 113784
976.004 389735
976.025 120576
976.050 2251
976.050 334182
976.075 97037
976.100 139865
976.200 111928
976.200 135036
976.232 362662
976.325 117210
976.341 495068
976.350 118727
976.375 2276
976.384 380416
976.425 109156
976.425 110775
976.425 111395
976.425 118297
976.475 108519
976.550 109162
976.588 416284
976.600 113180
976.604 355095
976.750 2184
976.750 334357
976.775 2055
976.800 2210
976.825 121659
976.825 131476
976.900 117075
976.975 117195
977.175 114958
977.175 123591
977.250 126310
977.300 123898
977.300 334447
977.325 123291
977.350 139628
977.400 334359
977.425 112649
977.475 123501
977.500 119935
977.550 113786
977.550 116599
977.675 125753
977.700 114943
977.700 334362
977.744 369417
977.775 115371
977.775 334386
977.775 334420
977.791 630588
977.800 116488
977.875 334417
978.003 356530
978.025 2099
978.050 128596
978.075 127423
978.100 146557
978.120 642818
978.150 110904
978.150 2076
978.167 368601
978.175 113631
978.206 419145
978.300 111999
978.325 114245
978.325 334390
978.325 334452
978.350 119501
978.375 115402
978.400 121107
978.400 133335
978.425 118989
978.425 126318
978.450 117167
978.450 129709
978.550 334059
978.600 110888
978.625 119448
978.625 131484
978.625 20224
978.700 120590
978.700 121762
978.725 113107
978.750 112614
978.750 114281
978.750 116015
978.775 334539
978.800 123949
978.850 126921
978.850 128589
978.875 113753
978.875 334393
978.875 334536
978.925 122803
978.925 334596
978.950 121314
979.025 113127
979.050 116626
979.100 136734
979.150 20257
979.150 334479
979.175 117805
979.175 334509
979.175 334626
979.225 2143
979.275 133279
979.325 111420
979.350 131449
979.375 125153
979.375 127461
979.450 115423
979.475 112643
979.500 334624
979.525 118957
979.550 130162
979.600 119577
979.600 125797
979.650 121179
979.650 134326
979.700 132727
979.700 334146
979.750 128698
979.775 126288
979.825 115544
979.825 334513
979.875 119999
979.875 2255
979.900 121087
979.900 121830
979.900 129928
979.925 134933
979.925 2206
979.950 112027
979.975 121213
979.975 122892
979.985 420832
980.000 127010
980.025 2291
980.050 334718
980.100 128630
980.150 115502
980.175 2186
980.175 334714
980.200 334063
980.200 334717
980.225 2164
980.275 122849
980.300 125208
980.325 2274
980.350 126981
980.350 127457
980.350 135358
980.350 138394
980.350 334149
980.375 113156
980.375 334656
980.376 644299
980.400 334540
980.450 130400
980.450 334630
980.600 334482
980.625 128639
980.643 399131
980.650 2170
980.650 2191
980.650 334777
980.700 115438
980.700 133839
980.725 123029
980.725 334600
980.750 131041
980.750 146033
980.750 334182
980.775 120614
980.875 136178
980.950 2251
980.975 334841
981.000 132658
981.000 334724
981.016 456911
981.025 412138
981.050 334837
981.100 135582
981.125 334809
981.136 400040
981.150 2184
981.150 334357
981.200 132216
981.200 132767
981.250 134381
981.250 2276
981.300 112719
981.425 334783
981.450 2210
981.550 123000
981.600 133910
981.600 136199
981.625 132711
981.675 129279
981.700 334869
981.700 334870
981.875 334447
982.175 133325
982.250 334420
982.325 334359
982.325 334417
982.500 137119
982.750 135556
982.782 340135
982.850 334386
982.968 348025
983.117 358026
983.125 334539
983.225 334390
983.350 334596
983.500 334536
983.750 334626
983.825 334479
984.000 334393
984.275 334452
984.450 334513
984.625 334509
984.716 422460
984.725 334714
984.800 334624
984.801 455770
985.027 417233
985.125 334630
985.166 473222
985.300 334656
985.350 334777
985.428 392745
985.438 353342
985.549 602786
985.600 334809
985.624 407309
985.750 334783
985.900 334724
986.000 334482
986.025 334869
986.100 334718
986.150 334837
986.275 334841
986.475 334870
986.542 349052
986.600 334540
987.295 441636
988.192 350431
988.403 352702
989.421 389213
989.615 424276
989.672 506440
989.725 4657
989.841 665651
989.875 4651
990.161 433076
990.377 363726
991.106 383539
991.700 4735
991.789 462638
992.222 438894
992.555 415634
993.075 4713
993.325 4733
993.395 675917
993.530 463857
993.600 4971
993.925 4765
994.077 362481
994.225 4999
994.553 379944
994.625 338470
994.875 4812
995.369 439760
995.502 348854
995.689 352491
995.741 469840
996.963 496120
997.025 17038
997.174 509493
997.338 410252
997.385 408857
997.689 464862
998.302 380604
998.783 518785
999.443 387466
999.719 474760
999.723 432955
1000.122 493475
1000.360 618896
1000.382 427504
1001.100 339766
1001.137 457689
1001.326 431154
1001.383 345789
1001.504 440358
1001.585 401645
1001.854 537688
1002.093 610365
1002.358 394675
1002.635 463146
1002.642 352932
1002.711 495121
1002.825 334393
1002.976 376686
1003.275 4784
1003.350 334059
1004.268 604707
1004.500 4651
1004.600 4657
1004.843 473806
1005.301 451049
1005.399 437668
1005.650 405933
1005.892 599867
1006.112 488114
1006.125 334386
1006.175 4735
1006.215 392271
1006.725 4812
1007.325 4866
1007.603 343267
1007.775 4995
1007.804 361008
1008.075 4713
1008.425 10283
1008.475 334513
1008.550 4733
1008.616 363255
1008.677 391136
1008.853 409700
1009.225 4971
1009.544 672559
1009.800 334596
1009.850 4999
1010.254 667506
1010.621 372022
1011.013 394675
1011.037 509282
1011.256 385420
1011.684 468205
1011.992 459939
1012.031 424285
1012.527 424559
1013.675 453575
1013.750 683707
1013.887 412351
1013.914 355095
1014.092 542198
1014.175 370147
1014.549 361027
1014.701 399490
998.700 468
