0	0
0.5	8.60568e-24
1	-3.06311e-25
1.5	4.23179e-24
2	2.46617e-24
2.5	5.73286e-24
3	1.07175e-24
3.5	-5.9289e-07
4	-1.59651e-06
4.5	-2.57837e-06
5	-3.33188e-06
5.5	-4.60376e-06
6	-6.05521e-06
6.5	-7.23726e-06
7	-8.08599e-06
7.5	-8.45903e-06
8	-9.11473e-06
8.5	-9.52761e-06
9	-9.93708e-06
9.5	-1.0455e-05
10	-1.0884e-05
10.5	-1.15324e-05
11	-1.26459e-05
11.5	-1.3728e-05
12	-1.47666e-05
12.5	-1.57518e-05
13	-1.66474e-05
13.5	-1.72614e-05
14	-1.6411e-05
14.5	-1.07551e-05
15	-9.80376e-06
15.5	-9.88204e-06
16	-1.47458e-05
16.5	-1.89605e-05
17	-2.18016e-05
17.5	-2.19992e-05
18	-2.39338e-05
18.5	-4.7691e-05
19	-3.64692e-05
19.5	-2.75184e-05
20	-2.97486e-05
20.5	-3.62371e-05
21	-2.29544e-05
21.5	-1.87319e-05
22	-1.64228e-05
22.5	-1.1391e-05
23	-1.25613e-05
23.5	-1.58475e-05
24	-3.02676e-05
24.5	-3.29303e-05
25	-4.18226e-05
25.5	-4.46437e-05
26	-9.34714e-05
26.5	5.18266e-06
27	-4.19428e-06
27.5	0.000152119
28	-0.000245255
28.5	-0.000140823
29	-0.000107722
29.5	-0.000149263
30	-0.000193972
30.5	-2.5148e-05
31	0.000183848
31.5	0.000223651
32	0.00025322
32.5	-0.000729229
33	-0.000415464
33.5	-0.000136313
34	-5.23666e-05
34.5	-2.45961e-05
35	3.55182e-05
35.5	3.74803e-05
36	3.29741e-05
36.5	1.05032e-05
37	7.51437e-06
37.5	4.64277e-06
38	-2.57707e-07
38.5	-4.43536e-06
39	-8.49892e-06
39.5	-1.06982e-05
40	-1.50086e-05
40.5	-1.73322e-05
41	-1.63013e-05
41.5	-1.45087e-05
42	-1.29105e-05
42.5	-1.18735e-05
43	-1.14302e-05
43.5	-1.1159e-05
44	-1.06067e-05
44.5	-1.01699e-05
45	-9.98003e-06
45.5	-9.86241e-06
46	-9.54538e-06
46.5	-8.9557e-06
47	-8.53285e-06
47.5	-8.69393e-06
48	-9.02485e-06
48.5	-7.02665e-06
49	-8.06896e-06
49.5	-6.05297e-06
50	-6.76136e-06
50.5	1.93847e-06
51	1.2294e-06
51.5	-2.19642e-06
52	-7.40272e-06
52.5	-1.07637e-05
53	-1.46409e-05
53.5	-1.58829e-05
54	-1.66102e-05
54.5	-1.73538e-05
55	-1.84239e-05
55.5	-1.94898e-05
56	-2.0193e-05
56.5	-2.06132e-05
57	-2.07134e-05
57.5	-2.08571e-05
58	-2.07245e-05
58.5	-2.02836e-05
59	-1.95766e-05
59.5	-1.88337e-05
60	-1.81462e-05
60.5	-1.74687e-05
61	-1.71004e-05
61.5	-1.65984e-05
62	-1.58355e-05
62.5	-1.52065e-05
63	-1.10271e-05
63.5	-7.4898e-06
64	-6.89285e-06
64.5	-6.68805e-06
65	-3.96654e-06
65.5	-1.20317e-06
66	1.56142e-06
66.5	-1.6917e-06
67	-3.49147e-06
67.5	-8.31518e-06
68	-1.01326e-05
68.5	-1.38647e-05
69	-1.69546e-05
69.5	-1.8361e-05
70	-1.76649e-05
70.5	-1.71259e-05
71	-1.70596e-05
71.5	-1.70678e-05
72	-1.71565e-05
72.5	-1.69376e-05
73	-1.68177e-05
73.5	-1.71553e-05
74	-1.72794e-05
74.5	-1.72833e-05
75	-1.7237e-05
75.5	-1.71083e-05
76	-1.67289e-05
76.5	-1.59327e-05
77	-1.54091e-05
77.5	-1.49147e-05
78	-1.4552e-05
78.5	-1.44516e-05
79	-1.26105e-05
79.5	-6.52685e-06
80	-7.93911e-06
80.5	-7.00042e-06
81	-1.06018e-05
81.5	-1.71228e-05
82	-1.57136e-05
82.5	-1.5593e-05
83	-1.71861e-05
83.5	-1.75663e-05
84	-1.7762e-05
84.5	-1.76549e-05
85	-1.73112e-05
85.5	-1.72079e-05
86	-1.73308e-05
86.5	-1.7352e-05
87	-1.79027e-05
87.5	-1.82665e-05
88	-1.83059e-05
88.5	-1.83981e-05
89	-1.83908e-05
89.5	-1.82109e-05
90	-1.78558e-05
90.5	-1.7499e-05
91	-1.70263e-05
91.5	-1.64389e-05
92	-1.57526e-05
92.5	-1.50316e-05
93	-1.44075e-05
93.5	-1.40332e-05
94	-1.04262e-05
94.5	-2.91658e-06
95	-3.38142e-06
95.5	-3.39569e-06
96	-6.34781e-06
96.5	-1.06812e-05
97	-1.27158e-05
97.5	-1.72231e-05
98	-1.82954e-05
98.5	-1.51627e-05
99	-1.37481e-05
99.5	-1.36528e-05
100	-1.39187e-05
100.5	-1.4178e-05
101	-1.51183e-05
101.5	-1.63543e-05
102	-3.31096e-05
102.5	-3.74605e-05
103	-2.87602e-05
103.5	-2.38112e-05
104	-1.91857e-05
104.5	-2.05882e-05
105	-2.0657e-05
105.5	-2.05127e-05
106	-2.00954e-05
106.5	-1.95959e-05
107	-1.93381e-05
107.5	-2.58127e-05
108	-2.09589e-05
108.5	-1.13191e-05
109	-7.47874e-06
109.5	-3.55512e-06
110	-4.42047e-06
110.5	-6.78329e-06
111	-1.51675e-05
111.5	-1.73012e-05
112	-1.76061e-05
112.5	-3.05808e-05
113	-2.6543e-05
113.5	-2.52158e-05
114	-2.56428e-05
114.5	-2.82064e-05
115	-2.97731e-05
115.5	-2.91953e-05
116	-2.8537e-05
116.5	-2.82926e-05
117	-3.1847e-05
117.5	-3.09223e-05
118	-4.40952e-05
118.5	-4.47444e-05
119	-6.07326e-05
119.5	-0.000209112
120	0.000116847
120.5	0.000715862
121	-6.22377e-05
121.5	-0.000284174
122	-9.88191e-05
122.5	-0.000119527
123	-0.000141665
123.5	-0.000240959
124	-3.32719e-05
124.5	0.000205875
125	0.000735409
125.5	-1.41307e-05
126	-0.000539478
126.5	-0.000209623
127	-0.000141148
127.5	-9.45759e-05
128	-1.84594e-06
128.5	2.00313e-05
129	3.10524e-05
129.5	2.3762e-05
130	-2.30482e-06
130.5	-1.36978e-05
131	-1.35401e-05
131.5	-1.43405e-05
132	-1.39835e-05
132.5	-1.67206e-05
133	-1.73176e-05
133.5	-1.5713e-05
134	-1.41246e-05
134.5	-1.39129e-05
135	-1.24527e-05
135.5	-1.13843e-05
136	-1.04092e-05
136.5	-9.57933e-06
137	-8.77293e-06
137.5	-7.97423e-06
138	-7.72776e-06
138.5	-7.8092e-06
139	-7.98874e-06
139.5	-7.87875e-06
140	-7.53735e-06
140.5	-5.33423e-06
141	-4.98708e-06
141.5	-1.99429e-06
142	-2.9896e-06
142.5	-6.24844e-06
143	-2.94866e-06
143.5	-1.93795e-06
144	-6.09894e-06
144.5	-1.00816e-05
145	-1.29012e-05
145.5	-1.28945e-05
146	-1.35681e-05
146.5	-1.42198e-05
147	-1.4734e-05
147.5	-1.5118e-05
148	-1.48809e-05
148.5	-1.4396e-05
149	-1.37157e-05
149.5	-1.3166e-05
150	-1.33434e-05
150.5	-1.39528e-05
151	-1.45288e-05
151.5	-1.49842e-05
152	-1.50863e-05
152.5	-1.47443e-05
153	-1.40635e-05
153.5	-1.29311e-05
154	-1.21314e-05
154.5	-1.39549e-05
155	-1.29937e-05
155.5	-1.15492e-05
156	-1.03522e-05
156.5	-5.6085e-06
157	-3.23393e-06
157.5	-1.73538e-07
158	6.00872e-08
158.5	1.71358e-06
159	-5.55763e-06
159.5	-8.26565e-06
160	-1.3061e-05
160.5	-1.25387e-05
161	-1.07863e-05
161.5	-7.4273e-06
162	-7.06555e-06
162.5	-8.17073e-06
163	-9.14836e-06
163.5	-1.00554e-05
164	-1.10098e-05
164.5	-1.15052e-05
165	-1.18634e-05
165.5	-1.20041e-05
166	-1.18395e-05
166.5	-1.15882e-05
167	-1.13528e-05
167.5	-1.09764e-05
168	-1.02357e-05
168.5	-9.54416e-06
169	-8.9947e-06
169.5	-8.60796e-06
170	-8.18102e-06
170.5	-7.48291e-06
171	-3.99889e-06
171.5	-1.48014e-06
172	2.76794e-06
172.5	1.39202e-06
173	-1.86909e-06
173.5	-2.73674e-06
174	-5.91883e-06
174.5	-8.82403e-06
175	-1.10157e-05
175.5	-1.21386e-05
176	-1.28231e-05
176.5	-1.3653e-05
177	-1.45137e-05
177.5	-1.56305e-05
178	-1.6328e-05
178.5	-1.64412e-05
179	-1.60645e-05
179.5	-1.53789e-05
180	-1.46489e-05
180.5	-1.37459e-05
181	-1.30242e-05
181.5	-1.24127e-05
182	-1.19491e-05
182.5	-1.14284e-05
183	-1.09694e-05
183.5	-1.03763e-05
184	-9.54237e-06
184.5	-6.8027e-06
185	-4.17099e-06
185.5	-2.41573e-06
186	5.18263e-07
186.5	3.98978e-06
187	6.09787e-06
187.5	-3.68776e-07
188	-9.79155e-06
188.5	-2.08158e-05
189	-1.78912e-05
189.5	-1.59431e-05
190	-1.59208e-05
190.5	-1.42354e-05
191	-1.26948e-05
191.5	-1.10423e-05
192	-9.15524e-06
192.5	-7.68671e-06
193	-7.16083e-06
193.5	-7.26159e-06
194	-7.65732e-06
194.5	-8.34299e-06
195	-9.11823e-06
195.5	-9.95857e-06
196	-1.06106e-05
196.5	-1.1029e-05
197	-1.11739e-05
197.5	-1.10253e-05
198	-1.08532e-05
198.5	-7.38103e-06
199	-3.84338e-06
199.5	-2.12917e-06
200	3.5243e-07
200.5	5.10052e-06
201	3.67939e-06
201.5	1.48446e-06
202	-2.0357e-06
202.5	-2.22553e-06
203	-7.05734e-06
203.5	-8.27874e-06
204	-8.57516e-06
204.5	-8.93335e-06
205	-1.10983e-05
205.5	-1.13908e-05
206	-1.14836e-05
206.5	-1.13738e-05
207	-1.17584e-05
207.5	-1.23064e-05
208	-1.31182e-05
208.5	-1.40417e-05
209	-1.45398e-05
209.5	-1.46132e-05
210	-1.43768e-05
210.5	-1.43388e-05
211	-1.43409e-05
211.5	-1.44538e-05
212	-1.46064e-05
212.5	-7.66451e-06
213	-6.65779e-06
213.5	-5.44442e-06
214	-8.00556e-06
214.5	-1.04343e-05
215	-1.28599e-05
215.5	-1.13126e-05
216	-9.69434e-06
216.5	-7.57329e-06
217	-1.04354e-05
217.5	-1.1852e-05
218	-1.04775e-05
218.5	-1.00992e-05
219	-1.07143e-05
219.5	-1.20382e-05
220	-1.35428e-05
220.5	-1.47514e-05
221	-1.59986e-05
221.5	-1.70835e-05
222	-1.77846e-05
222.5	-1.84853e-05
223	-1.9038e-05
223.5	-1.96018e-05
224	-1.96528e-05
224.5	-1.97231e-05
225	-2.2939e-05
225.5	-1.52736e-05
226	-1.64459e-05
226.5	-1.77267e-05
227	-1.62907e-05
227.5	-1.74009e-05
228	-1.6983e-05
228.5	-2.08628e-05
229	-1.41369e-05
229.5	-1.45072e-05
230	-1.53237e-05
230.5	-1.88347e-05
231	-2.16908e-05
231.5	-2.60473e-05
232	-2.56665e-05
232.5	-4.0302e-05
233	-3.834e-05
233.5	-2.29473e-05
234	-2.11246e-05
234.5	-2.22928e-05
235	-3.07686e-05
235.5	-3.3433e-05
236	-2.06587e-05
236.5	-1.91942e-05
237	-5.09879e-05
237.5	-5.34793e-05
238	-0.000176627
238.5	1.96879e-05
239	0.000632962
239.5	-2.58504e-06
240	-0.000219229
240.5	-0.000139027
241	-0.00015704
241.5	-0.000156083
242	-0.000193119
242.5	-1.76192e-05
243	0.000100978
243.5	0.000632449
244	-0.000148824
244.5	-0.000515941
245	-0.00015349
245.5	-0.000106218
246	-1.35594e-05
246.5	-5.14725e-05
247	1.37721e-05
247.5	1.69487e-05
248	-1.14344e-07
248.5	-2.34173e-06
249	-5.94404e-06
249.5	-9.54449e-06
250	-1.22032e-05
250.5	-1.34671e-05
251	-1.4551e-05
251.5	-1.4493e-05
252	-1.52818e-05
252.5	-1.43721e-05
253	-1.3449e-05
253.5	-1.29463e-05
254	-1.25046e-05
254.5	-1.21398e-05
255	-1.19123e-05
255.5	-1.17694e-05
256	-1.04451e-05
256.5	-7.92645e-06
257	-5.31286e-06
257.5	-5.64492e-06
258	-4.65859e-06
258.5	-5.40586e-06
259	-3.28571e-07
259.5	1.5806e-06
260	-1.5914e-06
260.5	-4.81903e-06
261	-7.2075e-06
261.5	-8.74768e-06
262	-9.79529e-06
262.5	-1.06287e-05
263	-1.1353e-05
263.5	-1.1476e-05
264	-1.137e-05
264.5	-1.13016e-05
265	-1.12793e-05
265.5	-1.12417e-05
266	-1.13946e-05
266.5	-1.20193e-05
267	-1.25408e-05
267.5	-1.29693e-05
268	-1.3227e-05
268.5	-1.03455e-05
269	-9.96648e-06
269.5	-1.01799e-05
270	-1.00682e-05
270.5	-6.3901e-06
271	-4.38232e-06
271.5	-3.74927e-06
272	-4.65577e-06
272.5	-5.82715e-06
273	-3.15085e-06
273.5	-5.25291e-06
274	-7.34805e-06
274.5	-8.9306e-06
275	-9.93472e-06
275.5	-1.07489e-05
276	-1.1155e-05
276.5	-1.20275e-05
277	-1.35433e-05
277.5	-1.53686e-05
278	-1.74202e-05
278.5	-1.72609e-05
279	-1.68028e-05
279.5	-1.66114e-05
280	-1.66824e-05
280.5	-1.68953e-05
281	-1.69069e-05
281.5	-1.92982e-05
282	-1.63727e-05
282.5	-1.44565e-05
283	-1.38903e-05
283.5	-1.369e-05
284	-1.18154e-05
284.5	-1.11002e-05
285	-4.5978e-06
285.5	-2.22108e-06
286	-4.20457e-06
286.5	-2.96536e-06
287	-3.86788e-06
287.5	-4.35372e-06
288	-9.72333e-06
288.5	-1.23092e-05
289	-1.36626e-05
289.5	-1.41363e-05
290	-1.43171e-05
290.5	-1.43023e-05
291	-1.39813e-05
291.5	-1.36692e-05
292	-1.31437e-05
292.5	-1.2229e-05
293	-1.11137e-05
293.5	-1.02201e-05
294	-9.65504e-06
294.5	-9.10951e-06
295	-8.46228e-06
295.5	-6.56886e-06
296	-6.00776e-06
296.5	-1.02956e-05
297	-6.5769e-06
297.5	-6.00828e-06
298	-5.7388e-06
298.5	-1.07394e-06
299	-2.73492e-06
299.5	-5.63169e-06
300	-6.70738e-06
300.5	-6.65666e-06
301	-8.4822e-06
301.5	-8.49758e-06
302	-9.92172e-06
302.5	-1.14287e-05
303	-1.40551e-05
303.5	-1.63947e-05
304	-1.83281e-05
304.5	-1.98042e-05
305	-2.13477e-05
305.5	-2.2688e-05
306	-1.91356e-05
306.5	-1.93767e-05
307	-2.09374e-05
307.5	-2.25798e-05
308	-2.4113e-05
308.5	-2.51942e-05
309	-2.48248e-05
309.5	-2.16448e-05
310	-1.96645e-05
310.5	-2.26742e-05
311	-2.47806e-05
311.5	-2.49968e-05
312	-2.21137e-05
312.5	-1.87894e-05
313	-1.98962e-05
313.5	-2.22274e-05
314	-2.28341e-05
314.5	-2.15178e-05
315	-2.2072e-05
315.5	-2.28701e-05
316	-2.31571e-05
316.5	-2.26132e-05
317	-2.19396e-05
317.5	-2.11048e-05
318	-2.00595e-05
318.5	-1.89964e-05
319	-1.85868e-05
319.5	-1.84131e-05
320	-1.81062e-05
320.5	-1.79574e-05
321	-1.78217e-05
321.5	-1.74127e-05
322	-1.69646e-05
322.5	-1.64037e-05
323	-1.59416e-05
323.5	-1.5399e-05
324	-1.18368e-05
324.5	-5.30548e-06
325	-2.12185e-06
325.5	-3.2663e-06
326	-3.32691e-05
326.5	-1.69567e-05
327	-1.57772e-05
327.5	-1.41398e-05
328	-1.25941e-05
328.5	-1.35522e-05
329	-1.52911e-05
329.5	-1.48457e-05
330	-1.41686e-05
330.5	-1.37511e-05
331	-1.3616e-05
331.5	-1.33807e-05
332	-1.32548e-05
332.5	-1.33156e-05
333	-1.35479e-05
333.5	-1.38345e-05
334	-1.41494e-05
334.5	-1.47048e-05
335	-1.56938e-05
335.5	-1.64159e-05
336	-1.70455e-05
336.5	-1.73056e-05
337	-1.7309e-05
337.5	-1.70352e-05
338	-1.6555e-05
338.5	-1.58443e-05
339	-1.23186e-05
339.5	-5.57691e-06
340	-4.44061e-07
340.5	2.18743e-06
341	-2.80091e-06
341.5	-4.07341e-06
342	-9.27965e-06
342.5	-1.04187e-05
343	-1.41723e-05
343.5	-2.54903e-05
344	-2.10142e-05
344.5	-1.87153e-05
345	-1.73424e-05
345.5	-1.66392e-05
346	-1.67787e-05
346.5	-1.73897e-05
347	-1.79957e-05
347.5	-1.83601e-05
348	-1.85134e-05
348.5	-1.80264e-05
349	-2.24653e-05
349.5	-2.1509e-05
350	-2.05958e-05
350.5	-2.02076e-05
351	-2.80957e-05
351.5	-2.55283e-05
352	-2.40722e-05
352.5	-2.02731e-05
353	-1.86434e-05
353.5	-1.47735e-05
354	-1.33591e-05
354.5	-1.47624e-05
355	-1.30664e-05
355.5	-1.00679e-05
356	-1.83821e-05
356.5	-1.45723e-05
357	-1.77406e-05
357.5	-1.78498e-05
358	-9.79243e-06
358.5	-1.42303e-05
359	-1.39456e-05
359.5	-2.48238e-05
360	-3.53943e-05
360.5	-3.87146e-05
361	-5.21691e-05
361.5	-6.16671e-05
362	-0.000130968
362.5	0.000108712
363	2.28509e-05
363.5	0.000659122
364	-0.000124004
364.5	-0.000343797
365	-0.000140805
365.5	-0.000164918
366	-0.000162328
366.5	-0.000197509
367	5.25219e-05
367.5	6.87547e-05
368	0.000257026
368.5	0.000187026
369	-0.000655626
369.5	-0.000329376
370	-0.000165934
370.5	-7.76333e-05
371	-3.13498e-05
371.5	-8.92993e-06
372	-2.03577e-05
372.5	-2.23295e-05
373	5.20116e-06
373.5	-5.63014e-06
374	-1.14762e-05
374.5	-4.46039e-06
375	-9.84055e-06
375.5	-1.44722e-05
376	-1.59726e-05
376.5	-1.65607e-05
377	-2.04509e-05
377.5	-1.91414e-05
378	-1.64147e-05
378.5	-1.4249e-05
379	-1.28028e-05
379.5	-1.25485e-05
380	-1.26177e-05
380.5	-1.27915e-05
381	-1.28968e-05
381.5	-1.29504e-05
382	-9.78016e-06
382.5	-2.74539e-06
383	-9.14904e-07
383.5	-3.24519e-06
384	-6.14423e-06
384.5	-8.03129e-06
385	-3.29364e-07
385.5	2.37358e-06
386	-2.80678e-07
386.5	-5.26941e-06
387	-8.96735e-06
387.5	-1.08922e-05
388	-1.22098e-05
388.5	-1.33838e-05
389	-1.41191e-05
389.5	-1.45672e-05
390	-1.48604e-05
390.5	-1.49807e-05
391	-1.49914e-05
391.5	-1.49364e-05
392	-1.48953e-05
392.5	-1.47359e-05
393	-1.43144e-05
393.5	-1.44906e-05
394	-1.54574e-05
394.5	-1.603e-05
395	-1.66371e-05
395.5	-1.68566e-05
396	-1.75143e-05
396.5	-1.79798e-05
397	-1.53694e-05
397.5	-1.56047e-05
398	-1.46492e-05
398.5	-7.77943e-06
399	-9.06397e-06
399.5	-1.09706e-05
400	-1.05412e-05
400.5	-8.46089e-06
401	-9.74503e-06
401.5	-1.17341e-05
402	-1.28408e-05
402.5	-1.29789e-05
403	-1.27473e-05
403.5	-1.22244e-05
404	-1.19571e-05
404.5	-1.17779e-05
405	-1.1696e-05
405.5	-1.15043e-05
406	-1.12526e-05
406.5	-1.12746e-05
407	-1.14002e-05
407.5	-1.16676e-05
408	-1.18758e-05
408.5	-1.16628e-05
409	-1.14877e-05
409.5	-9.34194e-06
410	-8.19187e-06
410.5	-9.62297e-06
411	-1.14657e-05
411.5	-1.05519e-05
412	-1.15996e-05
412.5	-1.42564e-05
413	-1.18259e-05
413.5	-1.24036e-05
414	-1.68844e-05
414.5	-2.04634e-05
415	-2.17219e-05
415.5	-2.19361e-05
416	-2.23286e-05
416.5	-2.294e-05
417	-2.14399e-05
417.5	-2.05393e-05
418	-2.01741e-05
418.5	-2.02909e-05
419	-2.0241e-05
419.5	-1.99748e-05
420	-1.90538e-05
420.5	-1.8234e-05
421	-1.78451e-05
421.5	-1.78941e-05
422	-1.79278e-05
422.5	-1.71016e-05
423	-1.49081e-05
423.5	-1.47532e-05
424	-1.5069e-05
424.5	-1.52373e-05
425	-1.35652e-05
425.5	-1.0612e-05
426	-6.96078e-06
426.5	-5.36882e-06
427	-5.34475e-06
427.5	1.28073e-06
428	-6.11736e-06
428.5	-9.20076e-06
429	-1.07988e-05
429.5	-1.19614e-05
430	-1.49075e-05
430.5	-1.52821e-05
431	-1.59172e-05
431.5	-1.71899e-05
432	-1.83672e-05
432.5	-1.93064e-05
433	-1.99046e-05
433.5	-1.99959e-05
434	-1.96649e-05
434.5	-1.9077e-05
435	-1.84207e-05
435.5	-1.76985e-05
436	-1.69665e-05
436.5	-1.64998e-05
437	-1.46915e-05
437.5	-1.29081e-05
438	-1.25534e-05
438.5	-9.15924e-06
439	-8.03265e-06
439.5	-3.63816e-06
440	-5.20127e-06
440.5	-5.06273e-06
441	-7.55799e-06
441.5	-1.02724e-05
442	-1.16971e-05
442.5	-1.23587e-05
443	-1.54052e-05
443.5	-1.45896e-05
444	-1.34544e-05
444.5	-1.25697e-05
445	-1.24765e-05
445.5	-1.26506e-05
446	-1.3198e-05
446.5	-1.35361e-05
447	-7.95692e-06
447.5	-8.71969e-06
448	-1.21329e-05
448.5	-1.3464e-05
449	-1.39183e-05
449.5	-1.40136e-05
450	-1.41553e-05
450.5	-1.46387e-05
451	-1.53651e-05
451.5	-1.64312e-05
452	-1.75141e-05
452.5	-1.84355e-05
453	-2.27748e-05
453.5	-1.06699e-05
454	-9.05306e-06
454.5	-1.09177e-05
455	-1.24686e-05
455.5	-1.98519e-05
456	-2.24677e-05
456.5	-1.88596e-05
457	-1.9391e-05
457.5	-2.44066e-05
458	-3.00575e-05
458.5	-2.61979e-05
459	-2.34839e-05
459.5	-2.18398e-05
460	-2.09187e-05
460.5	-2.06152e-05
461	-2.03307e-05
461.5	-2.05125e-05
462	-2.1524e-05
462.5	-2.2368e-05
463	-2.27026e-05
463.5	-2.26153e-05
464	-2.20598e-05
464.5	-2.1563e-05
465	-2.16106e-05
465.5	-2.15661e-05
466	-2.23043e-05
466.5	-2.39637e-05
467	-1.86314e-05
467.5	-6.45744e-06
468	-6.67543e-06
468.5	-1.17441e-06
469	-1.16649e-05
469.5	-6.65845e-06
470	-9.84271e-06
470.5	-1.10645e-05
471	-9.0694e-06
471.5	-1.18156e-05
472	-1.71591e-05
472.5	-2.02305e-05
473	-2.04518e-05
473.5	-2.05884e-05
474	-2.0704e-05
474.5	-2.08559e-05
475	-2.10912e-05
475.5	-2.11123e-05
476	-2.06832e-05
476.5	-2.0356e-05
477	-2.01484e-05
477.5	-1.95481e-05
478	-1.90467e-05
478.5	-1.89368e-05
479	-1.8829e-05
479.5	-1.69626e-05
480	-1.34295e-05
480.5	-1.43368e-05
481	-1.02593e-05
481.5	-1.01297e-05
482	-1.17879e-05
482.5	-4.97382e-06
483	-1.08108e-05
483.5	-1.11838e-05
484	-1.26692e-05
484.5	-1.41487e-05
485	-1.37142e-05
485.5	-1.52198e-05
486	-1.47241e-05
486.5	-1.39226e-05
487	-1.35824e-05
487.5	-1.33113e-05
488	-1.31891e-05
488.5	-1.2983e-05
489	-1.26576e-05
489.5	-1.26642e-05
490	-1.26575e-05
490.5	-2.54145e-05
491	-2.38905e-05
491.5	-2.45256e-05
492	-1.83238e-05
492.5	-1.54824e-05
493	-1.40736e-05
493.5	-1.40757e-05
494	-2.08104e-05
494.5	-2.80333e-05
495	-1.64394e-05
495.5	-8.95902e-06
496	-5.68959e-06
496.5	-5.92684e-06
497	-9.40445e-06
497.5	-2.02e-05
498	-2.09107e-05
498.5	-3.96547e-05
499	-2.918e-05
499.5	-2.12301e-05
500	-5.258e-05
500.5	-0.000165806
501	9.86745e-05
501.5	-0.000100211
502	0.000749655
502.5	-0.000154377
503	-0.000380785
503.5	-0.000185112
504	-0.000155506
504.5	-0.000169318
505	-0.000137104
505.5	5.76724e-05
506	2.76986e-05
506.5	0.000140048
507	0.000357695
507.5	-0.00061306
508	-0.000483852
508.5	-0.000148054
509	-4.83235e-05
509.5	-2.62442e-05
510	-1.18079e-05
510.5	-2.54051e-06
511	-7.32027e-06
511.5	5.13606e-06
512	-9.11156e-07
512.5	-1.24152e-05
513	-2.36011e-05
513.5	-2.65225e-05
514	-2.51214e-05
514.5	-2.29375e-05
515	-1.96867e-05
515.5	-1.75692e-05
516	-1.69898e-05
516.5	-1.73273e-05
517	-1.77211e-05
517.5	-1.77643e-05
518	-1.77636e-05
518.5	-1.76151e-05
519	-1.68317e-05
519.5	-1.46942e-05
520	-1.49774e-05
520.5	-1.59287e-05
521	-1.44566e-05
521.5	-1.30159e-05
522	-9.8844e-06
522.5	-9.337e-06
523	-1.23317e-05
523.5	-1.16257e-05
524	-1.05979e-05
524.5	-7.26889e-06
525	-6.13383e-06
525.5	-7.84579e-06
526	-9.17803e-06
526.5	-9.6324e-06
527	-9.73061e-06
527.5	-9.916e-06
528	-1.03776e-05
528.5	-1.12309e-05
529	-1.2528e-05
529.5	-1.36223e-05
530	-1.43975e-05
530.5	-1.49509e-05
531	-1.5183e-05
531.5	-1.4969e-05
532	-1.45077e-05
532.5	-1.39508e-05
533	-1.36024e-05
533.5	-1.52768e-05
534	-7.54758e-06
534.5	-1.00863e-05
535	-9.34522e-06
535.5	-9.47357e-06
536	-1.02174e-05
536.5	-1.19137e-05
537	-1.30914e-05
537.5	-1.72313e-05
538	-1.65695e-05
538.5	-1.50624e-05
539	-1.39073e-05
539.5	-1.35808e-05
540	-1.34143e-05
540.5	-1.32265e-05
541	-1.28135e-05
541.5	-1.26567e-05
542	-1.20217e-05
542.5	-1.18506e-05
543	-1.20513e-05
543.5	-1.22748e-05
544	-1.26547e-05
544.5	-1.32817e-05
545	-1.35618e-05
545.5	-1.3964e-05
546	-1.44977e-05
546.5	-1.47793e-05
547	-1.49623e-05
547.5	-1.78031e-05
548	-1.8289e-05
548.5	-1.94565e-05
549	-1.21667e-05
549.5	2.20597e-06
550	1.37004e-06
550.5	-5.37131e-06
551	-8.46211e-06
551.5	-7.68445e-06
552	-9.27854e-06
552.5	-1.33573e-05
553	-1.59231e-05
553.5	-2.59492e-05
554	-2.10635e-05
554.5	-2.12562e-05
555	-2.16193e-05
555.5	-2.17156e-05
556	-2.15233e-05
556.5	-2.10253e-05
557	-2.09272e-05
557.5	-2.09727e-05
558	-2.11112e-05
558.5	-2.12495e-05
559	-2.16382e-05
559.5	-2.20513e-05
560	-2.23474e-05
560.5	-2.24531e-05
561	-2.23877e-05
561.5	-2.21116e-05
562	-2.17146e-05
562.5	-1.48155e-05
563	-1.24147e-05
563.5	-3.23415e-06
564	-5.53796e-07
564.5	-6.96054e-07
565	5.97619e-07
565.5	-1.85753e-06
566	-7.58715e-06
566.5	-5.70389e-06
567	-1.06379e-05
567.5	-1.40242e-05
568	-1.59261e-05
568.5	-1.67532e-05
569	-1.71046e-05
569.5	-1.71674e-05
570	-1.72794e-05
570.5	-1.74049e-05
571	-1.70933e-05
571.5	-1.70428e-05
572	-1.69338e-05
572.5	-1.65629e-05
573	-1.6342e-05
573.5	-1.64308e-05
574	-1.66243e-05
574.5	-1.67544e-05
575	-1.68668e-05
575.5	-1.37895e-05
576	-1.32894e-05
576.5	-1.38605e-05
577	-9.39388e-06
577.5	-4.8778e-06
578	-8.43959e-06
578.5	-1.44369e-06
579	-3.30438e-06
579.5	-5.74793e-06
580	-5.30257e-06
580.5	-8.24963e-06
581	-8.2149e-06
581.5	-9.31566e-06
582	-1.07946e-05
582.5	-1.20332e-05
583	-1.32462e-05
583.5	-1.41082e-05
584	-1.49906e-05
584.5	-1.55467e-05
585	-1.57162e-05
585.5	-1.55802e-05
586	-1.51747e-05
586.5	-1.4395e-05
587	-1.3563e-05
587.5	-1.3033e-05
588	-1.26513e-05
588.5	-1.16354e-05
589	-9.20196e-06
589.5	-7.01491e-06
590	-3.91992e-06
590.5	9.89668e-07
591	-2.15166e-06
591.5	-3.46379e-06
592	-1.39317e-06
592.5	-1.17583e-06
593	-3.96164e-06
593.5	-8.03804e-06
594	-1.17508e-05
594.5	-1.37012e-05
595	-1.31339e-05
595.5	-1.17432e-05
596	-1.04914e-05
596.5	-9.52157e-06
597	-9.28662e-06
597.5	-9.72164e-06
598	-1.05943e-05
598.5	-1.14632e-05
599	-1.21895e-05
599.5	-1.27071e-05
600	-1.22402e-05
600.5	-1.18798e-05
601	-1.31224e-05
601.5	-1.47041e-05
602	-1.57938e-05
602.5	-1.63476e-05
603	-1.62845e-05
603.5	-1.6113e-05
604	-1.59003e-05
604.5	-1.17071e-05
605	-1.13706e-05
605.5	-6.41188e-06
606	2.86975e-06
606.5	1.53636e-06
607	-2.01891e-06
607.5	-1.90544e-05
608	-1.58159e-05
608.5	-1.59982e-05
609	-2.18725e-05
609.5	-1.94895e-05
610	-1.51518e-05
610.5	-2.15421e-05
611	-1.35282e-05
611.5	-1.17761e-05
612	-1.60471e-05
612.5	-1.2068e-05
613	-1.31733e-05
613.5	-1.17514e-05
614	-2.24183e-05
614.5	-5.17353e-06
615	-4.86422e-06
615.5	-9.57806e-06
616	-3.48664e-05
616.5	-2.33866e-05
617	-3.27576e-05
617.5	-4.0468e-05
618	-2.49814e-05
618.5	-1.98436e-05
619	-5.57917e-05
619.5	-0.000120342
620	6.76961e-05
620.5	0.000283471
621	-6.67058e-05
621.5	-0.000157691
622	-0.00010859
622.5	-9.64745e-05
623	-7.81151e-05
623.5	-0.000126432
624	-0.000204894
624.5	0.000210392
625	0.000215197
625.5	0.000135246
626	-0.000683289
626.5	-0.000367125
627	-0.0001175
627.5	-8.94673e-05
628	-4.27149e-05
628.5	1.05054e-06
629	5.75039e-06
629.5	-1.54542e-05
630	1.44086e-05
630.5	8.0684e-06
631	-9.98475e-07
631.5	-9.29724e-07
632	-3.84179e-06
632.5	-7.0204e-06
633	-1.09719e-05
633.5	-1.50212e-05
634	-1.51458e-05
634.5	-1.41525e-05
635	-1.32505e-05
635.5	-1.2871e-05
636	-1.28708e-05
636.5	-1.28393e-05
637	-1.29289e-05
637.5	-1.27681e-05
638	-1.23202e-05
638.5	-1.17811e-05
639	-1.12278e-05
639.5	-1.07601e-05
640	-1.02065e-05
640.5	-6.23312e-06
641	-3.62267e-06
641.5	3.04725e-06
642	2.11101e-06
642.5	1.8212e-06
643	3.21551e-06
643.5	6.86151e-06
644	4.51663e-06
644.5	-4.75603e-07
645	-4.44444e-06
645.5	-7.19796e-06
646	-8.86927e-06
646.5	-9.84591e-06
647	-1.09234e-05
647.5	-1.1766e-05
648	-1.23289e-05
648.5	-1.25986e-05
649	-1.27619e-05
649.5	-1.27547e-05
650	-1.28178e-05
650.5	-1.27242e-05
651	-1.28058e-05
651.5	-1.31587e-05
652	-1.3385e-05
652.5	-1.38196e-05
653	-1.45028e-05
653.5	-1.48924e-05
654	-1.48584e-05
654.5	-1.46609e-05
655	-1.4229e-05
655.5	-1.44903e-05
656	-1.19608e-05
656.5	-8.4521e-06
657	-3.7557e-06
657.5	9.98675e-07
658	-3.72201e-06
658.5	-1.21633e-05
659	-1.34636e-05
659.5	-1.0732e-05
660	-1.29955e-05
660.5	-1.49831e-05
661	-1.37339e-05
661.5	-1.45026e-05
662	-1.5713e-05
662.5	-1.6661e-05
663	-1.73556e-05
663.5	-1.77441e-05
664	-1.7513e-05
664.5	-1.70834e-05
665	-1.67456e-05
665.5	-1.66825e-05
666	-1.65747e-05
666.5	-1.72255e-05
667	-1.85486e-05
667.5	-2.0337e-05
668	-2.25418e-05
668.5	-2.41122e-05
669	-2.50775e-05
669.5	-2.54006e-05
670	-2.54787e-05
670.5	-2.23363e-05
671	-2.10934e-05
671.5	-2.16353e-05
672	-2.05338e-05
672.5	-1.83679e-05
673	-1.76291e-05
673.5	-1.9945e-05
674	-1.84161e-05
674.5	-1.78494e-05
675	-1.84981e-05
675.5	-1.82692e-05
676	-1.85476e-05
676.5	-1.85119e-05
677	-1.81779e-05
677.5	-1.79784e-05
678	-1.79976e-05
678.5	-1.82766e-05
679	-1.87077e-05
679.5	-1.93813e-05
680	-1.98656e-05
680.5	-2.00545e-05
681	-2.01748e-05
681.5	-1.98644e-05
682	-1.72752e-05
682.5	-1.48552e-05
683	-1.62648e-05
683.5	-1.79975e-05
684	-1.28359e-05
684.5	-1.04085e-05
685	-1.3509e-05
685.5	-1.80594e-05
686	-1.72252e-05
686.5	-1.854e-05
687	-1.83549e-05
687.5	-1.67804e-05
688	-1.61565e-05
688.5	-1.46501e-05
689	-1.50909e-05
689.5	-1.5785e-05
690	-1.61794e-05
690.5	-2.95219e-05
691	-2.16079e-05
691.5	-1.86024e-05
692	-1.72785e-05
692.5	-1.68086e-05
693	-1.64571e-05
693.5	-1.61945e-05
694	-1.57927e-05
694.5	-1.35312e-05
695	-1.18468e-05
695.5	-1.09565e-05
696	-7.84064e-06
696.5	-8.49041e-06
697	-9.92111e-06
697.5	-1.24863e-05
698	-1.36288e-05
698.5	-1.607e-05
699	-1.80676e-05
699.5	-1.63943e-05
700	-1.49797e-05
700.5	-1.71042e-05
701	-1.02412e-05
701.5	-1.17999e-05
702	-1.39813e-05
702.5	-1.49552e-05
703	-1.53439e-05
703.5	-1.5339e-05
704	-1.54108e-05
704.5	-1.55997e-05
705	-1.60179e-05
705.5	-1.64052e-05
706	-1.70305e-05
706.5	-1.7319e-05
707	-1.67842e-05
707.5	-1.36505e-05
708	-1.32845e-05
708.5	-1.35968e-05
709	-1.30756e-05
709.5	-8.6426e-06
710	-8.83096e-06
710.5	-8.30177e-06
711	-5.96957e-06
711.5	-7.82394e-06
712	-1.04003e-05
712.5	-2.27212e-05
713	-1.9802e-05
713.5	-1.54409e-05
714	-2.59747e-05
714.5	-2.98166e-05
715	-2.67795e-05
715.5	-1.62299e-05
716	-1.30594e-05
716.5	-1.3151e-05
717	-1.32496e-05
717.5	-1.34417e-05
718	-1.37138e-05
718.5	-1.38368e-05
719	-1.47703e-05
719.5	-1.59171e-05
720	-1.68332e-05
720.5	-1.72726e-05
721	-1.78016e-05
721.5	-1.79933e-05
722	-1.79996e-05
722.5	-1.61753e-05
723	-1.41158e-05
723.5	-2.65692e-05
724	-2.05866e-05
724.5	-1.56658e-05
725	-2.31682e-05
725.5	-1.64262e-05
726	-1.29795e-05
726.5	-3.17266e-05
727	-2.85625e-05
727.5	-2.58644e-05
728	-2.32723e-05
728.5	-2.89909e-05
729	-2.41518e-05
729.5	-2.49619e-05
730	-1.96927e-05
730.5	-3.11781e-05
731	-2.0165e-05
731.5	-3.33984e-05
732	-0.000106914
732.5	-5.703e-06
733	-1.27851e-05
733.5	0.000453682
734	-0.000126843
734.5	-0.000250043
735	-9.31311e-05
735.5	-0.000169616
736	-0.000153505
736.5	-0.000166354
737	5.96462e-07
737.5	0.00013847
738	0.00070746
738.5	-0.000186423
739	-0.000491591
739.5	-0.000183454
740	-7.64616e-05
740.5	-0.00010217
741	-5.51994e-05
741.5	4.13304e-06
742	-1.33786e-06
742.5	3.76456e-06
743	1.1506e-05
743.5	1.88578e-05
744	1.62087e-05
744.5	-3.61028e-06
745	2.21299e-06
745.5	-1.64877e-06
746	-4.57017e-06
746.5	-1.035e-05
747	-1.19506e-05
747.5	-1.17667e-05
748	-1.23872e-05
748.5	-1.37041e-05
749	-1.32287e-05
749.5	-1.24334e-05
750	-1.15176e-05
750.5	-1.06066e-05
751	-9.82057e-06
751.5	-9.09043e-06
752	-8.61032e-06
752.5	-7.56254e-06
753	-6.59184e-06
753.5	2.92203e-07
754	1.58547e-06
754.5	2.89899e-06
755	3.61796e-07
755.5	-1.53659e-06
756	-3.16775e-06
756.5	-4.34488e-06
757	-5.40704e-06
757.5	-6.39086e-06
758	-7.07374e-06
758.5	-7.39609e-06
759	-3.62237e-06
759.5	-3.27053e-06
760	-2.3618e-06
760.5	-3.80115e-06
761	-5.59088e-06
761.5	-7.13678e-06
762	-8.29884e-06
762.5	-9.03658e-06
763	-9.47008e-06
763.5	-9.43286e-06
764	-9.21323e-06
764.5	-9.03117e-06
765	-8.7715e-06
765.5	-9.77095e-06
766	-9.93899e-06
766.5	-6.08907e-06
767	-2.82539e-06
767.5	4.0397e-07
768	-2.45251e-06
768.5	-3.96752e-06
769	-6.17621e-06
769.5	-7.22163e-06
770	-7.87375e-06
770.5	-8.44701e-06
771	-9.0918e-06
771.5	-7.71358e-06
772	-8.74286e-06
772.5	-9.37298e-06
773	-8.5259e-06
773.5	-8.14446e-06
774	-8.01098e-06
774.5	-6.75397e-06
775	-6.45187e-06
775.5	-7.32781e-06
776	-8.13909e-06
776.5	-8.83332e-06
777	-9.56055e-06
777.5	-1.04805e-05
778	-1.08719e-05
778.5	-1.07333e-05
779	-1.0233e-05
779.5	-9.64223e-06
780	-9.19682e-06
780.5	-6.46948e-06
781	-6.4909e-06
781.5	-5.60805e-06
782	-2.17839e-06
782.5	-9.40984e-07
783	-1.76715e-06
783.5	-1.97891e-06
784	-3.31479e-06
784.5	-4.93836e-06
785	-4.43427e-06
785.5	-8.03093e-06
786	-8.49788e-06
786.5	-8.76243e-06
787	-1.03611e-05
787.5	-1.16704e-05
788	-2.00807e-05
788.5	-2.1076e-05
789	-1.75658e-05
789.5	-1.56091e-05
790	-1.45799e-05
790.5	-1.40002e-05
791	-1.06946e-05
791.5	-1.07472e-05
792	-1.12044e-05
792.5	-1.0048e-05
793	-1.16063e-05
793.5	-1.32326e-05
794	-1.4038e-05
794.5	-1.47143e-05
795	-1.53435e-05
795.5	-1.5626e-05
796	-1.57344e-05
796.5	-1.52228e-05
797	-1.26638e-05
797.5	-1.29351e-05
798	-1.17315e-05
798.5	-9.20854e-06
799	-5.30417e-06
799.5	4.61079e-06
800	5.22551e-06
800.5	1.85833e-06
801	-1.13096e-06
801.5	-3.06615e-06
802	-6.35635e-06
802.5	-8.57645e-06
803	-9.72107e-06
803.5	-9.89304e-06
804	-9.35647e-06
804.5	-8.82293e-06
805	-8.76144e-06
805.5	-9.13096e-06
806	-1.00541e-05
806.5	-1.08201e-05
807	-1.10879e-05
807.5	-1.10719e-05
808	-1.1215e-05
808.5	-1.16312e-05
809	-1.22057e-05
809.5	-1.33124e-05
810	-1.45404e-05
810.5	-1.5852e-05
811	-1.70659e-05
811.5	-1.78176e-05
812	-1.81865e-05
812.5	-1.54949e-05
813	-1.44782e-05
813.5	-1.02471e-05
814	-8.42156e-06
814.5	-9.25619e-06
815	-8.77806e-06
815.5	-2.65634e-06
816	-8.03021e-06
816.5	-1.30897e-05
817	-3.01407e-05
817.5	-4.22629e-05
818	-3.49225e-05
818.5	-2.58925e-05
819	-2.25949e-05
819.5	-1.94829e-05
820	-1.76932e-05
820.5	-1.6535e-05
821	-1.60138e-05
821.5	-1.59064e-05
822	-1.63494e-05
822.5	-1.72361e-05
823	-1.83616e-05
823.5	-1.90987e-05
824	-1.95909e-05
824.5	-2.00564e-05
825	-2.0618e-05
825.5	-2.14371e-05
826	-2.2882e-05
826.5	-2.4358e-05
827	-2.56083e-05
827.5	-2.71326e-05
828	-2.60261e-05
828.5	-2.27378e-05
829	-1.40653e-05
829.5	-7.72313e-06
830	8.39882e-08
830.5	1.9027e-06
831	-5.41841e-06
831.5	-1.24643e-05
832	-1.6129e-05
832.5	-1.85145e-05
833	-2.05669e-05
833.5	-2.1169e-05
834	-1.99849e-05
834.5	-1.87348e-05
835	-1.74975e-05
835.5	-1.65858e-05
836	-1.60952e-05
836.5	-1.57809e-05
837	-1.58891e-05
837.5	-1.63882e-05
838	-1.68223e-05
838.5	-1.70619e-05
839	-1.72459e-05
839.5	-1.73285e-05
840	-1.72612e-05
840.5	-1.70893e-05
841	-1.67205e-05
841.5	-1.63515e-05
842	-1.60477e-05
842.5	-1.59181e-05
843	-1.18529e-05
843.5	-8.41781e-06
844	-1.97119e-05
844.5	-1.38225e-05
845	-3.22568e-05
845.5	-7.3381e-05
846	-0.000126203
846.5	0.000115582
847	0.000122079
847.5	0.000543073
848	-0.000202866
848.5	-0.000256635
849	-8.49564e-05
849.5	-5.68783e-05
850	-8.10329e-05
850.5	-0.000131083
851	-0.000183529
851.5	-0.000124327
852	0.000144371
852.5	0.000729508
853	-0.000199578
853.5	-0.000439148
854	-0.000151388
854.5	-0.00012801
855	-0.000108376
855.5	-0.000113485
856	4.88209e-05
856.5	0.000156921
857	-3.15054e-05
857.5	-3.01348e-05
858	-6.13594e-05
858.5	-5.20299e-05
859	-4.45001e-05
859.5	-5.23197e-05
860	-3.35305e-05
860.5	-2.33186e-05
861	-3.70048e-05
861.5	-2.67301e-05
862	-2.9888e-05
862.5	-2.01e-05
863	-1.59596e-05
863.5	-1.33447e-05
864	-1.13796e-05
864.5	-1.29049e-05
865	-1.46969e-05
865.5	-1.43002e-05
866	-1.60349e-05
866.5	-1.54528e-05
867	-1.44926e-05
867.5	-1.38282e-05
868	-1.32727e-05
868.5	-1.27131e-05
869	-1.19805e-05
869.5	-6.0344e-06
870	-3.67289e-06
870.5	-5.50904e-06
871	-4.79327e-06
871.5	-6.735e-06
872	-8.43385e-06
872.5	-6.91877e-06
873	-7.33325e-06
873.5	-3.92095e-06
874	-5.54666e-06
874.5	-7.24854e-06
875	-4.07854e-06
875.5	-4.40682e-06
876	-5.42558e-06
876.5	-5.96758e-06
877	-6.31936e-06
877.5	-6.57566e-06
878	-7.31428e-06
878.5	-6.3109e-06
879	-6.3823e-06
879.5	-7.19845e-06
880	-7.98292e-06
880.5	-8.63465e-06
881	-9.61247e-06
881.5	-1.04981e-05
882	-1.14944e-05
882.5	-1.14543e-05
883	-9.54192e-06
883.5	-1.04488e-05
884	-9.32915e-06
884.5	-9.7665e-06
885	-1.1716e-05
885.5	-1.20601e-05
886	-1.28323e-05
886.5	-1.21764e-05
887	-1.08812e-05
887.5	-1.30376e-05
888	-1.52062e-05
888.5	-1.69184e-05
889	-1.79629e-05
889.5	-1.8542e-05
890	-1.54712e-05
890.5	-1.29266e-05
891	-1.26259e-05
891.5	-1.26455e-05
892	-1.28841e-05
892.5	-1.26961e-05
893	-1.20095e-05
893.5	-1.11108e-05
894	-1.03575e-05
894.5	-9.70183e-06
895	-9.65137e-06
895.5	-1.24207e-05
896	-1.19937e-05
896.5	-1.12349e-05
897	-6.47135e-06
897.5	-6.06543e-06
898	-1.51861e-06
898.5	-1.89632e-06
899	-4.32721e-06
899.5	-6.52843e-06
900	-6.26781e-06
900.5	-6.72049e-06
901	-1.13938e-05
901.5	-1.41789e-05
902	-1.63317e-05
902.5	-1.79122e-05
903	-1.8708e-05
903.5	-1.82026e-05
904	-1.81842e-05
904.5	-1.9488e-05
905	-2.06155e-05
905.5	-2.15266e-05
906	-1.98258e-05
906.5	-1.99368e-05
907	-2.04886e-05
907.5	-2.04426e-05
908	-2.07093e-05
908.5	-2.10455e-05
909	-2.09022e-05
909.5	-2.03382e-05
910	-1.97164e-05
910.5	-1.8994e-05
911	-1.8048e-05
911.5	-1.63341e-05
912	-1.49071e-05
912.5	-1.18405e-05
913	-6.06504e-06
913.5	-3.78397e-06
914	-4.17666e-06
914.5	-6.4994e-06
915	-6.76552e-06
915.5	-8.42382e-06
916	-8.76459e-06
916.5	-2.72001e-05
917	-1.3104e-05
917.5	-1.19376e-05
918	-1.22727e-05
918.5	-1.21761e-05
919	-1.19695e-05
919.5	-1.20876e-05
920	-1.6807e-05
920.5	-1.22146e-05
921	-1.29781e-05
921.5	-1.3969e-05
922	-1.44528e-05
922.5	-1.44817e-05
923	-1.42524e-05
923.5	-1.37533e-05
924	-1.27722e-05
924.5	-1.23077e-05
925	-1.15511e-05
925.5	-9.65816e-06
926	-1.00004e-05
926.5	-1.05417e-05
927	-9.04228e-06
927.5	-7.91759e-06
928	-2.39011e-06
928.5	-3.88066e-06
929	-6.13415e-06
929.5	-7.75978e-06
930	-1.68888e-05
930.5	-1.75434e-05
931	-1.71334e-05
931.5	-1.66283e-05
932	-1.6196e-05
932.5	-1.61094e-05
933	-1.64059e-05
933.5	-1.69512e-05
934	-1.72772e-05
934.5	-1.76905e-05
935	-1.82201e-05
935.5	-1.87752e-05
936	-1.94179e-05
936.5	-1.95788e-05
937	-1.92725e-05
937.5	-1.8878e-05
938	-1.84662e-05
938.5	-1.81193e-05
939	-1.75483e-05
939.5	-1.71649e-05
940	-1.33339e-05
940.5	-8.32152e-06
941	-1.04043e-05
941.5	-1.36561e-06
942	-1.9196e-06
942.5	-3.79244e-06
943	-5.4906e-06
943.5	-9.79414e-06
944	-1.27778e-05
944.5	-1.34388e-05
945	-1.39321e-05
945.5	-1.51756e-05
946	-1.59089e-05
946.5	-1.55703e-05
947	-1.57515e-05
947.5	-1.63655e-05
948	-1.67694e-05
948.5	-1.69274e-05
949	-1.69262e-05
949.5	-1.66903e-05
950	-1.60261e-05
950.5	-1.57341e-05
951	-1.57642e-05
951.5	-1.59778e-05
952	-1.61871e-05
952.5	-1.66929e-05
953	-1.44359e-05
953.5	-1.16133e-05
954	-1.29986e-05
954.5	-1.6342e-05
955	-2.32604e-05
955.5	-1.45809e-05
956	-8.79151e-06
956.5	-6.47302e-06
957	-4.94467e-06
957.5	-7.06277e-06
958	-9.94261e-06
958.5	-1.11348e-05
959	-1.49658e-05
959.5	-1.94496e-05
960	-1.89366e-05
960.5	-1.50902e-05
961	-1.55206e-05
961.5	-1.85798e-05
962	-2.06195e-05
962.5	-2.17254e-05
963	-2.22655e-05
963.5	-2.23915e-05
964	-2.24653e-05
964.5	-2.22409e-05
965	-2.18326e-05
965.5	-2.10503e-05
966	-1.99915e-05
966.5	-3.81949e-05
967	-3.17642e-05
967.5	-3.53358e-05
968	-2.28464e-05
968.5	-1.85359e-05
969	-1.74194e-05
969.5	-2.00243e-05
970	-1.78401e-05
970.5	-3.03169e-05
971	-2.39873e-05
971.5	-2.75122e-05
972	-5.70116e-05
972.5	-0.000175209
973	0.000146839
973.5	0.00090519
974	-3.5871e-05
974.5	-0.000270935
975	-8.70877e-05
975.5	-7.02223e-05
976	-0.000118055
976.5	-8.97016e-05
977	-8.55239e-05
977.5	-7.90402e-05
978	-8.69103e-05
978.5	-3.19336e-06
979	0.000134626
979.5	0.000477834
980	-0.000379738
980.5	-0.000446567
981	-0.000143987
981.5	-0.000102967
982	-0.000181199
982.5	0.000105629
983	5.62047e-05
983.5	-5.49173e-05
984	-4.38879e-05
984.5	-8.78285e-05
985	-6.58108e-05
985.5	-2.71044e-05
986	-3.28852e-05
986.5	-1.6735e-05
987	-9.83943e-06
987.5	-1.64296e-05
988	-2.21344e-05
988.5	-2.41101e-05
989	-1.96465e-05
989.5	-1.58868e-05
990	-1.29376e-05
990.5	-1.37332e-05
991	-1.31805e-05
991.5	-1.19674e-05
992	-1.16643e-05
992.5	-1.17056e-05
993	-1.2001e-05
993.5	-1.26072e-05
994	-1.34898e-05
994.5	-1.48214e-05
995	-1.27307e-05
995.5	-1.17082e-05
996	-1.00535e-05
996.5	-8.2129e-06
997	-8.4208e-06
997.5	-8.9133e-06
998	-7.50128e-06
998.5	-7.99889e-06
999	-9.27275e-06
999.5	-1.13509e-05
1000	-1.28783e-05
