0	0
0.5	3.02387e-06
1	3.02422e-06
1.5	3.02428e-06
2	3.02423e-06
2.5	3.02412e-06
3	3.02397e-06
3.5	3.0238e-06
4	1.96726e-06
4.5	6.87259e-07
5	-2.61792e-08
5.5	-5.08835e-07
6	-2.14109e-06
6.5	-4.59899e-06
7	-5.60983e-06
7.5	-5.97438e-06
8	-6.43239e-06
8.5	-7.2117e-06
9	-8.44237e-06
9.5	-1.17058e-05
10	-1.29438e-05
10.5	-1.32276e-05
11	-1.35127e-05
11.5	-1.34001e-05
12	-1.31156e-05
12.5	-1.26535e-05
13	-1.46406e-05
13.5	-2.48577e-05
14	-3.0107e-05
14.5	-2.73424e-05
15	6.65371e-06
15.5	9.50817e-06
16	3.70581e-06
16.5	1.45153e-05
17	3.27445e-05
17.5	1.23684e-05
18	7.55945e-06
18.5	1.03476e-05
19	1.25875e-05
19.5	1.17378e-05
20	8.89429e-06
20.5	3.16266e-06
21	1.91172e-06
21.5	2.58327e-06
22	2.46101e-06
22.5	3.86898e-06
23	-4.05642e-06
23.5	-6.31324e-06
24	-3.55808e-06
24.5	-5.54501e-06
25	-5.96079e-06
25.5	-6.25155e-06
26	-6.18012e-05
26.5	6.26054e-05
27	0.000118287
27.5	-0.00263266
28	-0.000928182
28.5	-0.000502014
29	-0.000262126
29.5	-0.000390336
30	-0.000282972
30.5	-0.000261197
31	-0.000257882
31.5	-0.000212235
32	-0.000130237
32.5	-6.57779e-05
33	-7.83183e-05
33.5	-5.30545e-05
34	-0.000130916
34.5	-0.000159046
35	-9.32161e-05
35.5	-6.47698e-05
36	-6.47753e-05
36.5	-8.20081e-05
37	-0.000211589
37.5	-0.000223464
38	-0.000228817
38.5	-0.000232108
39	-0.000227897
39.5	-0.000221116
40	-0.000201733
40.5	-0.000189354
41	-0.000174756
41.5	-0.000159278
42	-0.000141883
42.5	-0.000122849
43	-0.000103405
43.5	-8.43329e-05
44	-6.67384e-05
44.5	-5.11939e-05
45	-3.75067e-05
45.5	-2.60002e-05
46	-1.7046e-05
46.5	-1.08608e-05
47	-7.10113e-06
47.5	-3.95841e-06
48	-2.49442e-06
48.5	-2.00209e-06
49	-1.55573e-06
49.5	-3.23902e-06
50	-4.03087e-06
50.5	-4.57053e-06
51	4.10782e-06
51.5	9.35634e-06
52	8.34116e-06
52.5	4.76046e-06
53	1.26976e-06
53.5	-7.8443e-07
54	-1.96689e-06
54.5	-2.55418e-06
55	-2.83156e-06
55.5	-2.99282e-06
56	-3.53936e-06
56.5	-3.35826e-06
57	-2.92983e-06
57.5	-2.86063e-06
58	-3.13103e-06
58.5	-3.18431e-06
59	-2.75389e-06
59.5	-2.49238e-06
60	-3.54527e-06
60.5	-4.25813e-06
61	-4.04409e-06
61.5	-4.08642e-06
62	-4.50955e-06
62.5	-5.5853e-06
63	-6.61085e-06
63.5	-7.97821e-06
64	-8.48876e-06
64.5	-8.9625e-06
65	-8.9119e-06
65.5	-8.86603e-06
66	-6.05354e-06
66.5	-2.85444e-05
67	-2.70607e-05
67.5	-1.96134e-05
68	-1.1339e-05
68.5	-8.0789e-06
69	-8.53125e-06
69.5	-8.42036e-06
70	-9.42608e-06
70.5	-9.85402e-06
71	-9.53434e-06
71.5	-8.88894e-06
72	-8.08597e-06
72.5	-7.69274e-06
73	-7.21793e-06
73.5	-7.07403e-06
74	-7.196e-06
74.5	-7.11515e-06
75	-7.65292e-06
75.5	-8.19079e-06
76	-8.67751e-06
76.5	-9.29915e-06
77	-1.10806e-05
77.5	-1.18933e-05
78	-9.9052e-06
78.5	-9.23193e-06
79	-7.99489e-06
79.5	-4.10719e-08
80	1.70963e-06
80.5	1.7614e-06
81	2.21176e-06
81.5	1.93782e-06
82	1.05441e-06
82.5	1.5355e-06
83	4.95602e-06
83.5	5.34047e-05
84	2.55351e-05
84.5	1.91757e-05
85	1.51394e-05
85.5	1.4065e-05
86	1.03737e-05
86.5	3.17633e-06
87	3.93752e-06
87.5	5.22296e-06
88	4.90599e-06
88.5	4.26771e-06
89	3.73833e-06
89.5	2.33669e-06
90	1.68631e-06
90.5	8.34413e-06
91	-1.47824e-05
91.5	-1.63006e-05
92	-1.29195e-05
92.5	-9.15805e-06
93	-6.9898e-06
93.5	-4.8759e-06
94	-3.89722e-06
94.5	-4.84824e-06
95	-5.77066e-06
95.5	-3.37851e-06
96	1.53373e-08
96.5	4.79038e-06
97	5.10631e-06
97.5	1.05853e-05
98	9.32952e-06
98.5	7.89878e-06
99	5.81202e-06
99.5	-3.03569e-06
100	-5.55785e-06
100.5	-5.40346e-06
101	-5.55885e-06
101.5	-5.9557e-06
102	-5.85872e-06
102.5	-5.72159e-06
103	-5.39616e-06
103.5	-5.16921e-06
104	-6.28459e-06
104.5	-5.7937e-06
105	-5.49814e-06
105.5	-2.16905e-05
106	-2.59375e-05
106.5	-3.11541e-05
107	-2.72288e-05
107.5	-1.86662e-05
108	-2.82145e-05
108.5	-2.39601e-05
109	-1.75655e-05
109.5	-7.71986e-06
110	2.30838e-05
110.5	2.3866e-05
111	1.53618e-05
111.5	5.2461e-06
112	1.87211e-05
112.5	3.09886e-05
113	2.4706e-05
113.5	3.99377e-05
114	4.35407e-05
114.5	5.35341e-05
115	3.57936e-05
115.5	3.47805e-05
116	5.52689e-05
116.5	6.29621e-05
117	4.11556e-05
117.5	1.93786e-05
118	4.55048e-05
118.5	2.60258e-05
119	5.46013e-05
119.5	-6.31753e-05
120	7.36193e-05
120.5	8.40835e-05
121	0.000181658
121.5	6.21687e-05
122	-9.18234e-05
122.5	-8.30344e-05
123	-0.000102161
123.5	-0.000139501
124	-0.000113607
124.5	-4.02392e-05
125	-3.9493e-05
125.5	-2.98701e-05
126	-4.52314e-05
126.5	-0.000206323
127	-0.000133333
127.5	-9.16567e-05
128	-0.000100886
128.5	-0.000114086
129	-0.000106722
129.5	-8.97115e-05
130	-8.34761e-05
130.5	-7.8855e-05
131	-7.2166e-05
131.5	-6.28067e-05
132	-5.25685e-05
132.5	-4.22101e-05
133	-3.33086e-05
133.5	-2.0653e-05
134	-1.30837e-05
134.5	-6.82882e-06
135	-1.2845e-06
135.5	3.18669e-06
136	6.82422e-06
136.5	9.51803e-06
137	1.14358e-05
137.5	1.27559e-05
138	1.36091e-05
138.5	1.38191e-05
139	1.39115e-05
139.5	1.5604e-05
140	1.82967e-05
140.5	1.68143e-05
141	1.60874e-05
141.5	1.37119e-05
142	1.09795e-05
142.5	9.4398e-06
143	9.48802e-06
143.5	1.03829e-05
144	9.22947e-06
144.5	8.33343e-06
145	7.87895e-06
145.5	7.49252e-06
146	7.07482e-06
146.5	5.85184e-06
147	4.68965e-06
147.5	4.04356e-06
148	2.88657e-06
148.5	2.41216e-06
149	1.75265e-06
149.5	1.37792e-06
150	1.44164e-06
150.5	1.84386e-06
151	1.69398e-06
151.5	1.69767e-06
152	5.83191e-07
152.5	-1.10649e-07
153	-1.06721e-06
153.5	-2.35689e-06
154	-2.84154e-06
154.5	-2.16456e-06
155	-4.61495e-06
155.5	-4.34551e-06
156	-3.9255e-06
156.5	-3.6332e-06
157	6.51712e-07
157.5	1.55041e-06
158	6.10211e-06
158.5	8.53849e-06
159	5.78505e-06
159.5	1.01373e-05
160	1.28383e-05
160.5	1.20239e-05
161	1.23614e-05
161.5	1.18286e-05
162	9.97335e-06
162.5	8.59808e-06
163	7.30716e-06
163.5	6.02589e-06
164	4.30699e-06
164.5	3.3013e-06
165	2.97959e-06
165.5	3.04173e-06
166	3.34226e-06
166.5	2.66989e-06
167	1.44831e-06
167.5	9.96825e-07
168	6.19501e-07
168.5	7.82143e-07
169	9.50236e-07
169.5	1.20777e-06
170	1.5666e-06
170.5	1.7372e-06
171	1.06489e-06
171.5	1.21161e-06
172	1.24996e-06
172.5	3.47356e-06
173	3.90612e-06
173.5	6.69258e-06
174	9.02224e-06
174.5	8.80051e-06
175	8.43919e-06
175.5	8.03007e-06
176	7.71443e-06
176.5	7.72339e-06
177	7.32426e-06
177.5	7.13846e-06
178	6.39219e-06
178.5	4.84788e-06
179	3.6511e-06
179.5	2.52306e-06
180	2.5576e-06
180.5	3.23026e-06
181	3.74254e-06
181.5	3.62484e-06
182	3.85612e-06
182.5	2.85639e-06
183	2.04129e-06
183.5	1.96715e-06
184	1.96671e-06
184.5	1.70093e-06
185	9.56512e-06
185.5	1.14726e-05
186	1.14685e-05
186.5	1.18709e-05
187	1.04362e-05
187.5	1.28939e-05
188	1.32938e-05
188.5	1.1562e-05
189	9.42481e-06
189.5	1.10498e-05
190	1.08666e-05
190.5	9.49961e-06
191	8.76193e-06
191.5	5.87197e-06
192	5.1775e-06
192.5	5.19251e-06
193	3.94442e-06
193.5	3.65474e-06
194	3.17664e-06
194.5	1.78695e-06
195	5.2652e-07
195.5	8.27697e-08
196	3.87463e-07
196.5	9.34724e-07
197	1.31865e-06
197.5	1.47258e-06
198	1.45596e-06
198.5	-7.57611e-07
199	-3.83045e-06
199.5	-2.17045e-06
200	-9.86557e-07
200.5	1.51642e-06
201	5.12596e-06
201.5	1.05361e-05
202	6.04035e-06
202.5	1.1695e-05
203	9.54783e-06
203.5	6.50364e-06
204	5.96319e-06
204.5	5.62653e-06
205	5.03093e-06
205.5	4.57628e-06
206	3.93618e-06
206.5	2.37953e-06
207	-4.92383e-07
207.5	-5.48431e-06
208	-6.7959e-06
208.5	-1.11482e-05
209	-1.07347e-05
209.5	-9.40332e-06
210	-8.11003e-06
210.5	-7.44525e-06
211	-8.37396e-06
211.5	-1.52923e-05
212	-1.28543e-05
212.5	-1.14865e-05
213	-1.5096e-05
213.5	-2.32447e-05
214	-3.10901e-05
214.5	-1.48125e-05
215	-3.10704e-05
215.5	-2.21741e-05
216	-5.29666e-06
216.5	4.18969e-05
217	3.35598e-05
217.5	3.24202e-05
218	3.39172e-05
218.5	5.37713e-05
219	4.5877e-05
219.5	1.04752e-05
220	-2.18443e-06
220.5	-3.91773e-07
221	-3.22108e-05
221.5	3.42145e-05
222	5.66657e-05
222.5	0.000142189
223	0.000173924
223.5	0.000256155
224	0.000198368
224.5	7.59236e-06
225	-2.3083e-05
225.5	-4.97735e-05
226	-8.74905e-05
226.5	-0.000234595
227	-0.00013032
227.5	-9.66918e-05
228	-7.24733e-05
228.5	-5.07489e-05
229	-6.23398e-05
229.5	-7.48968e-05
230	-8.2643e-05
230.5	-8.17961e-05
231	-8.22938e-05
231.5	-8.13244e-05
232	-6.95967e-05
232.5	-6.48081e-05
233	-5.15506e-05
233.5	-3.70845e-05
234	-4.54261e-05
234.5	-1.23201e-05
235	-6.31553e-07
235.5	4.58916e-06
236	7.8474e-06
236.5	1.03007e-05
237	1.27627e-05
237.5	1.52953e-05
238	1.73734e-05
238.5	1.88682e-05
239	2.09467e-05
239.5	2.01296e-05
240	1.87589e-05
240.5	1.78949e-05
241	1.7471e-05
241.5	1.92479e-05
242	1.76408e-05
242.5	1.69784e-05
243	1.58001e-05
243.5	1.48319e-05
244	1.64927e-05
244.5	1.60562e-05
245	1.48632e-05
245.5	1.53757e-05
246	1.50711e-05
246.5	1.45042e-05
247	1.40762e-05
247.5	1.5454e-05
248	-7.24336e-08
248.5	-1.72376e-08
249	2.12144e-06
249.5	4.66472e-06
250	5.84853e-06
250.5	1.92016e-06
251	1.63991e-06
251.5	1.13916e-06
252	4.84259e-07
252.5	2.33244e-07
253	-3.15962e-07
253.5	-2.2577e-07
254	-5.42988e-07
254.5	-3.60658e-07
255	-5.73295e-07
255.5	-2.2964e-07
256	-1.00713e-06
256.5	-9.76717e-07
257	-6.72719e-07
257.5	-1.55273e-06
258	-4.58878e-07
258.5	6.24243e-07
259	1.82863e-06
259.5	1.66376e-06
260	9.87656e-07
260.5	5.60606e-06
261	6.59031e-06
261.5	6.13155e-06
262	6.21918e-06
262.5	5.20481e-06
263	4.67636e-06
263.5	4.49563e-06
264	4.59444e-06
264.5	4.80761e-06
265	5.13003e-06
265.5	5.3811e-06
266	5.53004e-06
266.5	5.64714e-06
267	5.50823e-06
267.5	4.36057e-06
268	3.76021e-06
268.5	2.46069e-06
269	1.90999e-06
269.5	2.25244e-06
270	3.66407e-06
270.5	4.05607e-06
271	3.54808e-06
271.5	3.34992e-06
272	4.47366e-06
272.5	5.28695e-06
273	7.40182e-06
273.5	7.74821e-06
274	6.7879e-06
274.5	5.80389e-06
275	4.81698e-06
275.5	9.94758e-06
276	9.81225e-06
276.5	8.5374e-06
277	7.91537e-06
277.5	7.51192e-06
278	6.46271e-06
278.5	5.82676e-06
279	5.15445e-06
279.5	3.10698e-06
280	8.89902e-07
280.5	3.69214e-07
281	1.65462e-09
281.5	-1.05423e-06
282	-4.29266e-06
282.5	-6.26317e-06
283	-5.73023e-06
283.5	-6.28463e-06
284	-2.10363e-05
284.5	-2.41583e-05
285	-1.11447e-05
285.5	-5.85919e-06
286	-7.21223e-06
286.5	-4.69381e-06
287	-4.04563e-06
287.5	-1.86255e-06
288	-1.27127e-05
288.5	-1.30806e-05
289	-1.00891e-05
289.5	-5.51802e-06
290	-2.32654e-06
290.5	1.2181e-06
291	4.22268e-06
291.5	3.90477e-06
292	3.74151e-06
292.5	3.96813e-06
293	4.33947e-06
293.5	4.50934e-06
294	3.76435e-06
294.5	2.65255e-06
295	1.44401e-06
295.5	1.69469e-06
296	1.56507e-06
296.5	1.31701e-06
297	1.28755e-06
297.5	9.50697e-07
298	8.79388e-07
298.5	-8.68745e-07
299	-4.29661e-06
299.5	-5.10234e-06
300	-8.29266e-06
300.5	3.071e-06
301	9.4842e-06
301.5	1.31502e-05
302	3.21956e-05
302.5	2.88992e-05
303	2.34811e-05
303.5	2.06134e-05
304	2.30177e-05
304.5	2.03089e-05
305	1.75709e-05
305.5	1.53405e-05
306	1.36598e-05
306.5	1.13473e-05
307	8.80797e-06
307.5	6.89743e-06
308	6.65122e-06
308.5	1.10115e-05
309	-1.36293e-05
309.5	-1.27079e-05
310	-7.00186e-06
310.5	-2.1792e-06
311	7.81159e-07
311.5	2.33365e-06
312	3.01718e-06
312.5	1.35378e-06
313	-2.78989e-06
313.5	-2.51773e-06
314	-3.56206e-07
314.5	-6.04851e-07
315	-1.64168e-06
315.5	-4.63832e-06
316	-2.00703e-07
316.5	-2.4775e-06
317	3.12019e-05
317.5	1.99627e-05
318	1.35989e-05
318.5	6.15626e-06
319	2.92835e-06
319.5	4.26003e-06
320	-1.25809e-05
320.5	-6.25233e-06
321	1.42606e-07
321.5	-1.74251e-05
322	-1.07982e-05
322.5	-2.87933e-06
323	1.20887e-06
323.5	2.78144e-06
324	1.63382e-06
324.5	1.22446e-06
325	3.15119e-07
325.5	-3.23917e-07
326	-7.42239e-07
326.5	-9.0575e-07
327	-1.16372e-06
327.5	-3.54051e-06
328	-6.69141e-06
328.5	-6.92641e-06
329	-5.68129e-06
329.5	-2.17289e-06
330	9.59296e-07
330.5	-7.2771e-06
331	-7.31005e-06
331.5	-2.40038e-06
332	-1.26321e-06
332.5	3.20491e-05
333	1.74283e-05
333.5	1.44604e-05
334	1.24659e-05
334.5	1.20383e-05
335	8.982e-06
335.5	6.58274e-06
336	6.07356e-06
336.5	6.15699e-06
337	6.51448e-06
337.5	7.10031e-06
338	5.94869e-06
338.5	1.59515e-05
339	1.77985e-05
339.5	2.11671e-05
340	2.54833e-05
340.5	2.69805e-05
341	2.76307e-05
341.5	2.83855e-05
342	2.92943e-05
342.5	3.56361e-05
343	2.99039e-05
343.5	2.72398e-05
344	2.32802e-05
344.5	2.24484e-05
345	1.75658e-05
345.5	3.19326e-05
346	1.65294e-05
346.5	3.17173e-05
347	2.52604e-05
347.5	3.26486e-05
348	3.58798e-05
348.5	1.61345e-05
349	-0.000199464
349.5	-6.28924e-05
350	-4.91454e-05
350.5	-9.92987e-05
351	6.30163e-05
351.5	0.000306587
352	0.000310136
352.5	0.000300289
353	1.57001e-06
353.5	-4.53242e-05
354	-4.97436e-05
354.5	-3.79316e-05
355	-0.000162021
355.5	-8.71409e-05
356	-9.96714e-05
356.5	-9.86633e-05
357	-7.30256e-05
357.5	-7.37775e-05
358	-7.64522e-05
358.5	-7.52196e-05
359	-7.11097e-05
359.5	-6.6863e-05
360	-6.09166e-05
360.5	-5.41247e-05
361	-4.76346e-05
361.5	-3.81846e-05
362	-2.98283e-05
362.5	-2.33207e-05
363	-1.68328e-05
363.5	-1.18336e-05
364	-7.20753e-06
364.5	-1.82564e-06
365	3.6141e-06
365.5	7.95559e-06
366	1.12088e-05
366.5	1.3315e-05
367	1.47059e-05
367.5	1.59401e-05
368	1.68594e-05
368.5	1.64972e-05
369	1.66978e-05
369.5	1.83236e-05
370	1.71242e-05
370.5	1.68994e-05
371	1.59842e-05
371.5	1.68265e-05
372	1.60789e-05
372.5	1.39544e-05
373	1.25823e-05
373.5	1.08216e-05
374	8.9698e-06
374.5	8.01241e-06
375	8.02425e-06
375.5	8.06865e-06
376	7.81154e-06
376.5	7.14287e-06
377	6.91264e-06
377.5	6.23458e-06
378	5.66536e-06
378.5	5.76661e-06
379	5.80278e-06
379.5	4.92233e-06
380	-1.95208e-06
380.5	-1.22516e-05
381	-1.19944e-05
381.5	-6.34675e-06
382	3.34772e-06
382.5	5.20193e-06
383	-3.43097e-08
383.5	8.8941e-08
384	8.39262e-06
384.5	8.00243e-06
385	6.87225e-06
385.5	5.53548e-06
386	7.32186e-06
386.5	7.73911e-06
387	8.32686e-06
387.5	7.72194e-06
388	6.81824e-06
388.5	4.68513e-06
389	2.65595e-06
389.5	1.86308e-06
390	2.03333e-06
390.5	2.46431e-06
391	3.00618e-06
391.5	3.69448e-06
392	3.99277e-06
392.5	3.19598e-06
393	2.64057e-06
393.5	2.4398e-06
394	2.41878e-06
394.5	9.2765e-07
395	-1.61521e-07
395.5	-1.02602e-06
396	-1.31328e-06
396.5	-2.16081e-06
397	-2.7258e-06
397.5	-1.64977e-06
398	1.86747e-07
398.5	7.37498e-06
399	9.02933e-06
399.5	8.40333e-06
400	8.02334e-06
400.5	5.40749e-06
401	6.11469e-06
401.5	7.2298e-06
402	9.82408e-06
402.5	8.7475e-06
403	7.52696e-06
403.5	6.99892e-06
404	6.78292e-06
404.5	6.83617e-06
405	6.88975e-06
405.5	7.2409e-06
406	7.68412e-06
406.5	8.23679e-06
407	8.77813e-06
407.5	8.81022e-06
408	8.43242e-06
408.5	8.08869e-06
409	8.11066e-06
409.5	8.21487e-06
410	7.81839e-06
410.5	6.96869e-06
411	6.03005e-06
411.5	5.29854e-06
412	6.92996e-06
412.5	3.83894e-06
413	-1.12496e-06
413.5	-3.3059e-06
414	-3.27539e-06
414.5	-3.13413e-06
415	1.3718e-06
415.5	3.26687e-06
416	6.91915e-06
416.5	1.30076e-05
417	6.59958e-06
417.5	-1.11958e-06
418	1.33059e-06
418.5	3.46562e-06
419	4.86285e-06
419.5	5.90976e-06
420	6.3576e-06
420.5	3.96043e-06
421	2.11384e-06
421.5	4.17999e-06
422	6.09563e-06
422.5	6.82339e-06
423	7.08768e-06
423.5	7.1923e-06
424	6.90925e-06
424.5	6.40058e-06
425	5.45266e-06
425.5	5.29759e-06
426	7.1284e-06
426.5	1.02614e-05
427	1.09642e-05
427.5	1.10264e-05
428	1.10163e-05
428.5	1.14834e-05
429	1.15878e-05
429.5	1.06727e-05
430	-2.01413e-05
430.5	-5.65546e-06
431	1.12527e-05
431.5	1.63931e-05
432	1.7914e-05
432.5	1.78939e-05
433	1.75331e-05
433.5	1.68984e-05
434	1.65023e-05
434.5	1.52162e-05
435	1.28333e-05
435.5	1.19417e-05
436	1.14789e-05
436.5	1.09887e-05
437	1.05237e-05
437.5	9.45751e-06
438	8.93336e-06
438.5	8.29493e-06
439	7.39901e-06
439.5	6.72382e-06
440	6.37125e-06
440.5	4.76964e-06
441	6.08907e-06
441.5	9.91672e-06
442	8.4211e-06
442.5	-2.82005e-06
443	-2.96385e-06
443.5	3.95367e-06
444	4.79816e-06
444.5	3.04203e-06
445	9.07548e-06
445.5	1.21997e-05
446	1.26904e-05
446.5	1.23585e-05
447	1.01895e-05
447.5	9.04263e-06
448	6.64192e-06
448.5	4.91939e-06
449	3.17961e-06
449.5	2.42286e-06
450	2.41886e-06
450.5	2.1605e-06
451	1.97586e-06
451.5	1.70285e-06
452	6.14002e-07
452.5	-6.85043e-07
453	-1.68285e-06
453.5	-1.88447e-06
454	-1.98139e-06
454.5	-2.30379e-06
455	-1.61522e-06
455.5	6.36839e-06
456	1.34649e-05
456.5	1.16207e-05
457	1.3516e-05
457.5	8.49878e-07
458	5.42286e-06
458.5	7.73073e-06
459	8.3557e-06
459.5	5.21422e-06
460	-8.43936e-06
460.5	-1.29059e-05
461	-1.09151e-05
461.5	-3.74547e-06
462	-3.03656e-08
462.5	-8.10813e-06
463	-6.52112e-06
463.5	-1.92641e-06
464	6.05563e-07
464.5	-3.22778e-05
465	-2.49077e-05
465.5	-2.1078e-05
466	-1.83014e-05
466.5	-1.69408e-05
467	-1.58966e-05
467.5	-1.3939e-05
468	-1.13763e-05
468.5	-9.04805e-06
469	-6.15598e-06
469.5	-3.73533e-06
470	-5.65099e-07
470.5	3.74756e-07
471	2.20278e-06
471.5	1.66116e-05
472	2.83265e-05
472.5	2.67163e-05
473	2.04639e-05
473.5	1.2496e-05
474	3.93665e-05
474.5	4.83085e-05
475	6.24952e-05
475.5	0.000115067
476	0.000122649
476.5	0.000159258
477	0.000211865
477.5	0.000258431
478	7.49513e-05
478.5	5.57454e-05
479	2.0714e-06
479.5	8.3609e-06
480	3.14619e-05
480.5	1.62874e-05
481	-0.000718429
481.5	-0.000454066
482	-0.000324181
482.5	-0.000266517
483	-0.000232437
483.5	-0.000185543
484	-9.84844e-05
484.5	-8.30527e-05
485	-3.9697e-05
485.5	-4.81818e-05
486	-4.07654e-05
486.5	-3.88541e-05
487	-3.92685e-05
487.5	-3.5832e-05
488	-2.5305e-05
488.5	-1.15039e-05
489	-6.32303e-06
489.5	-7.82557e-06
490	-2.20429e-06
490.5	1.66537e-06
491	4.04069e-06
491.5	6.1922e-06
492	8.45788e-06
492.5	1.07198e-05
493	1.24092e-05
493.5	1.33916e-05
494	1.49289e-05
494.5	1.65053e-05
495	1.77847e-05
495.5	1.70211e-05
496	2.58723e-05
496.5	2.62526e-05
497	2.56332e-05
497.5	2.65021e-05
498	2.57557e-05
498.5	2.61457e-05
499	2.24871e-05
499.5	1.93469e-05
500	1.81788e-05
500.5	1.62791e-05
501	1.40594e-05
501.5	9.92743e-06
502	7.70787e-06
502.5	6.51593e-06
503	6.50191e-06
503.5	4.60837e-06
504	3.49042e-06
504.5	2.27656e-06
505	8.3173e-07
505.5	-1.36647e-07
506	-3.68519e-07
506.5	1.92898e-08
507	-3.96625e-07
507.5	1.37264e-06
508	-5.39161e-06
508.5	-1.44777e-05
509	-1.37673e-05
509.5	-5.74287e-06
510	5.21436e-06
510.5	1.02502e-05
511	1.34513e-05
511.5	1.36268e-05
512	1.24448e-05
512.5	1.13491e-05
513	1.27771e-05
513.5	1.2561e-05
514	1.14078e-05
514.5	1.0065e-05
515	8.99788e-06
515.5	8.29368e-06
516	8.84803e-06
516.5	7.90555e-06
517	7.41268e-06
517.5	7.69776e-06
518	8.30778e-06
518.5	8.60786e-06
519	8.66289e-06
519.5	8.7505e-06
520	9.00722e-06
520.5	8.77702e-06
521	7.87376e-06
521.5	6.5505e-06
522	5.47208e-06
522.5	5.17704e-06
523	4.08448e-06
523.5	3.60842e-06
524	3.44564e-06
524.5	4.69934e-06
525	8.08221e-06
525.5	7.12586e-06
526	8.19209e-06
526.5	8.74949e-06
527	8.52142e-06
527.5	7.00541e-06
528	7.31203e-06
528.5	7.26489e-06
529	7.28639e-06
529.5	5.76831e-06
530	1.4116e-06
530.5	1.52773e-07
531	-7.51376e-06
531.5	-5.65944e-06
532	-4.3213e-06
532.5	-3.30146e-06
533	-2.86543e-06
533.5	-2.31425e-06
534	-8.68331e-07
534.5	5.07551e-06
535	-1.63991e-05
535.5	-1.50867e-05
536	-9.50452e-06
536.5	-5.80088e-06
537	-3.04272e-06
537.5	-1.32018e-06
538	-3.32556e-08
538.5	4.76235e-07
539	9.97935e-07
539.5	1.36338e-06
540	1.47311e-06
540.5	2.94504e-07
541	3.53162e-06
541.5	1.08973e-05
542	2.31406e-05
542.5	2.03762e-05
543	1.74842e-05
543.5	1.72965e-05
544	1.67345e-05
544.5	1.33767e-05
545	1.19208e-05
545.5	1.08568e-05
546	8.90085e-06
546.5	7.3083e-06
547	6.10058e-06
547.5	5.30664e-06
548	4.78929e-06
548.5	3.84213e-06
549	2.99789e-06
549.5	2.76431e-06
550	2.17098e-06
550.5	8.95195e-07
551	8.55831e-07
551.5	-5.66074e-07
552	-2.48463e-05
552.5	-2.18004e-05
553	-5.55492e-06
553.5	1.56891e-07
554	-1.68996e-06
554.5	-9.371e-06
555	-5.99783e-06
555.5	7.28252e-06
556	8.56924e-06
556.5	1.73963e-05
557	1.54602e-05
557.5	1.25376e-05
558	1.14635e-05
558.5	1.14874e-05
559	1.03312e-05
559.5	1.07288e-05
560	7.66586e-06
560.5	8.88491e-06
561	1.09504e-05
561.5	1.13849e-05
562	1.25936e-05
562.5	3.95112e-07
563	-7.62295e-06
563.5	-7.45164e-06
564	-5.09488e-06
564.5	-7.17576e-06
565	-2.52383e-06
565.5	5.2676e-07
566	3.07157e-06
566.5	-1.55834e-05
567	-1.94155e-05
567.5	-1.44073e-05
568	-8.65025e-06
568.5	-8.32704e-06
569	-5.87141e-06
569.5	-1.92964e-06
570	-7.03205e-06
570.5	-2.18503e-05
571	-8.24176e-06
571.5	-1.15657e-06
572	-1.19548e-06
572.5	-2.30457e-06
573	-2.07565e-06
573.5	-4.99113e-06
574	-9.56607e-06
574.5	-1.21107e-05
575	-3.47123e-06
575.5	1.345e-06
576	2.52517e-06
576.5	3.80797e-06
577	4.11003e-06
577.5	4.30678e-06
578	3.43829e-06
578.5	3.24339e-06
579	2.98765e-06
579.5	2.86942e-06
580	2.83032e-06
580.5	1.55451e-06
581	3.47039e-07
581.5	-1.66103e-07
582	-5.00067e-07
582.5	-1.41625e-06
583	-2.15154e-06
583.5	-7.69322e-07
584	-2.63638e-06
584.5	1.34715e-06
585	-6.44776e-06
585.5	-2.53564e-06
586	-4.47619e-08
586.5	-7.77188e-07
587	-1.67859e-06
587.5	-4.62885e-06
588	-2.99211e-06
588.5	-1.61845e-06
589	-3.28851e-05
589.5	-2.32136e-05
590	-2.0623e-05
590.5	-2.00091e-05
591	-1.69998e-05
591.5	-1.39065e-05
592	-1.90901e-05
592.5	-1.5836e-05
593	-1.52536e-05
593.5	-1.44669e-05
594	-1.58531e-05
594.5	-7.89362e-05
595	-6.00793e-05
595.5	-4.31934e-05
596	-3.40046e-05
596.5	-2.84967e-05
597	-2.11242e-05
597.5	-4.36236e-05
598	-2.49676e-05
598.5	-1.73803e-05
599	-1.64272e-05
599.5	3.29e-05
600	3.81163e-05
600.5	0.000197972
601	-0.00366822
601.5	-0.000524038
602	-0.000292221
602.5	-0.000320308
603	-0.000312599
603.5	-0.000383056
604	-0.000290423
604.5	-0.000229089
605	-0.000129647
605.5	-3.8489e-05
606	4.30339e-05
606.5	5.91054e-05
607	4.29269e-05
607.5	2.73507e-05
608	1.34037e-05
608.5	8.24369e-06
609	1.48592e-06
609.5	8.10311e-07
610	1.01267e-06
610.5	2.76202e-06
611	1.19419e-05
611.5	1.7691e-05
612	1.67245e-05
612.5	1.86076e-05
613	1.88656e-05
613.5	1.91774e-05
614	2.00749e-05
614.5	2.09502e-05
615	2.1197e-05
615.5	2.09791e-05
616	2.09127e-05
616.5	2.08461e-05
617	2.01395e-05
617.5	1.85398e-05
618	1.65326e-05
618.5	1.41375e-05
619	1.31486e-05
619.5	1.2675e-05
620	1.22714e-05
620.5	1.00614e-05
621	9.26918e-06
621.5	7.50859e-06
622	1.63591e-05
622.5	1.6688e-05
623	1.47218e-05
623.5	1.26732e-05
624	1.19904e-05
624.5	1.16403e-05
625	1.2907e-05
625.5	4.60324e-06
626	-5.46817e-06
626.5	-3.01392e-06
627	-1.59724e-06
627.5	8.43536e-07
628	1.15486e-06
628.5	-3.28988e-06
629	-7.62746e-07
629.5	2.40722e-06
630	3.26944e-06
630.5	3.33512e-06
631	2.66314e-06
631.5	9.01617e-07
632	-7.99718e-07
632.5	-4.11457e-06
633	-5.83759e-06
633.5	-4.62247e-06
634	-5.34522e-06
634.5	-6.11163e-06
635	-3.96483e-06
635.5	-2.3139e-06
636	4.27626e-06
636.5	5.13562e-06
637	4.58235e-06
637.5	4.22895e-06
638	4.29002e-06
638.5	5.06868e-06
639	5.78852e-06
639.5	4.5569e-06
640	3.24162e-06
640.5	1.78863e-06
641	7.60263e-08
641.5	-6.71487e-07
642	7.92093e-07
642.5	7.00893e-07
643	3.1303e-07
643.5	5.92747e-08
644	-7.64247e-08
644.5	-1.03011e-06
645	-1.66937e-06
645.5	-2.30152e-06
646	-2.71835e-06
646.5	-2.80218e-06
647	-2.71301e-06
647.5	-3.5171e-06
648	-4.76942e-06
648.5	-5.141e-06
649	-5.11403e-06
649.5	-5.37202e-06
650	-4.55046e-06
650.5	-1.40882e-06
651	-1.07636e-06
651.5	-8.11381e-07
652	-2.4141e-06
652.5	-1.02728e-06
653	2.25441e-06
653.5	1.60769e-05
654	-5.2238e-06
654.5	2.55996e-05
655	5.01216e-05
655.5	4.88639e-05
656	4.29046e-05
656.5	3.01203e-05
657	2.70942e-05
657.5	2.43414e-05
658	2.18002e-05
658.5	1.82719e-05
659	1.48428e-05
659.5	1.11621e-05
660	8.84665e-06
660.5	7.82232e-06
661	6.53149e-06
661.5	4.97757e-06
662	4.75806e-06
662.5	4.80191e-06
663	4.6733e-06
663.5	3.4597e-06
664	2.39372e-06
664.5	1.22944e-06
665	-8.65616e-07
665.5	1.00635e-05
666	1.27269e-05
666.5	1.45261e-05
667	1.22606e-05
667.5	1.16671e-05
668	1.39408e-05
668.5	1.06303e-05
669	9.79653e-06
669.5	1.06024e-05
670	1.10144e-05
670.5	8.79981e-06
671	4.3927e-06
671.5	1.17644e-06
672	-3.77965e-07
672.5	-9.18971e-07
673	-1.29805e-06
673.5	-1.17592e-06
674	-6.59051e-07
674.5	-1.106e-06
675	-1.41982e-06
675.5	-5.4288e-06
676	-8.44446e-06
676.5	-1.22606e-05
677	-1.02635e-05
677.5	-9.47862e-06
678	-7.89677e-06
678.5	-7.55222e-06
679	-1.51501e-05
679.5	-3.22696e-05
680	-4.57869e-05
680.5	-3.75273e-05
681	-3.54158e-05
681.5	3.55222e-05
682	4.02344e-05
682.5	1.23339e-05
683	2.6967e-05
683.5	6.41578e-05
684	1.57772e-05
684.5	1.78695e-05
685	2.42874e-05
685.5	2.48705e-05
686	2.3663e-05
686.5	2.00786e-05
687	1.74166e-05
687.5	1.5562e-05
688	1.21261e-05
688.5	7.81297e-06
689	7.34348e-06
689.5	8.25197e-06
690	8.13921e-06
690.5	7.57427e-06
691	7.03059e-06
691.5	6.79065e-06
692	5.8176e-06
692.5	4.72476e-06
693	4.57772e-06
693.5	4.66699e-06
694	4.10826e-06
694.5	2.13168e-06
695	2.79112e-06
695.5	-2.52895e-07
696	1.06507e-06
696.5	5.67441e-06
697	7.58261e-06
697.5	5.2931e-06
698	1.68687e-05
698.5	1.55039e-05
699	1.46315e-05
699.5	1.32407e-05
700	1.25776e-05
700.5	1.20345e-05
701	1.14579e-05
701.5	1.03584e-05
702	7.92809e-06
702.5	6.23023e-06
703	5.70331e-06
703.5	-8.60464e-06
704	-4.97036e-06
704.5	-5.02009e-07
705	3.31956e-06
705.5	-1.71858e-05
706	-1.17721e-05
706.5	-0.000161986
707	-0.000102318
707.5	-7.46572e-05
708	-5.58864e-05
708.5	-0.00285847
709	-0.00122815
709.5	-0.000872477
710	-0.000610025
710.5	-0.000364109
711	-0.000133307
711.5	-0.000106147
712	-4.08291e-05
712.5	0.000165296
713	-1.32813e-05
713.5	-7.47261e-05
714	-0.000145568
714.5	-8.32128e-05
715	-5.4125e-05
715.5	5.32926e-06
716	8.37959e-06
716.5	4.48148e-05
717	1.44057e-05
717.5	-1.22815e-05
718	-2.31973e-05
718.5	-0.000178021
719	-0.000189709
719.5	-0.000194748
720	-0.000190327
720.5	-0.000192306
721	-0.0001687
721.5	-0.000161506
722	-0.000154013
722.5	-0.000142903
723	-0.000128888
723.5	-0.000112667
724	-9.59216e-05
724.5	-7.98476e-05
725	-6.37542e-05
725.5	-4.88452e-05
726	-3.56356e-05
726.5	-2.41388e-05
727	-1.45948e-05
727.5	-6.96336e-06
728	-9.04241e-07
728.5	3.51838e-06
729	6.37227e-06
729.5	8.58176e-06
730	1.00792e-05
730.5	1.03892e-05
731	9.36694e-06
731.5	9.79962e-06
732	9.91039e-06
732.5	1.05042e-05
733	1.24025e-05
733.5	1.24375e-05
734	1.12394e-05
734.5	1.50248e-05
735	1.50054e-05
735.5	1.39066e-05
736	1.27441e-05
736.5	1.16781e-05
737	1.01593e-05
737.5	9.22471e-06
738	8.46488e-06
738.5	8.35864e-06
739	8.15691e-06
739.5	7.68091e-06
740	6.32175e-06
740.5	3.09379e-06
741	1.16589e-06
741.5	7.40986e-07
742	9.20135e-07
742.5	6.81632e-07
743	7.97532e-07
743.5	5.45909e-07
744	4.18259e-07
744.5	3.01273e-07
745	8.81768e-08
745.5	-6.90831e-08
746	7.53938e-07
746.5	-5.09696e-06
747	-3.08449e-05
747.5	-1.26375e-05
748	7.47688e-06
748.5	7.82774e-06
749	8.44565e-06
749.5	7.1732e-06
750	6.32501e-06
750.5	5.32174e-06
751	3.93553e-06
751.5	2.48937e-06
752	2.17696e-06
752.5	2.2856e-06
753	1.8369e-06
753.5	6.83779e-07
754	-3.41104e-07
754.5	-4.78721e-06
755	-1.41014e-05
755.5	-1.47563e-05
756	-1.3935e-05
756.5	-1.1821e-05
757	-8.42495e-06
757.5	-5.79534e-06
758	-3.96132e-06
758.5	-3.11751e-06
759	-1.71188e-06
759.5	-1.17788e-05
760	-1.75467e-05
760.5	-1.74602e-05
761	-3.77789e-06
761.5	1.02333e-05
762	1.11301e-05
762.5	1.03653e-05
763	1.15668e-05
763.5	1.08924e-05
764	1.04272e-05
764.5	1.1429e-05
765	9.03065e-07
765.5	-5.89484e-07
766	-1.30083e-06
766.5	-3.22951e-06
767	-3.56587e-06
767.5	-3.69043e-06
768	-4.52046e-06
768.5	-4.50283e-06
769	-4.14991e-06
769.5	-3.55323e-06
770	-5.19339e-06
770.5	-7.02147e-06
771	-7.82015e-06
771.5	-7.18383e-06
772	-6.52438e-06
772.5	-6.06516e-06
773	-5.05481e-06
773.5	-3.93934e-06
774	-3.94625e-06
774.5	-6.61361e-06
775	-1.13489e-05
775.5	-1.17749e-05
776	-7.06431e-06
776.5	-4.37779e-06
777	1.09233e-06
777.5	6.60188e-06
778	9.12166e-06
778.5	1.93302e-05
779	1.98152e-05
779.5	1.77938e-05
780	1.5025e-05
780.5	-4.76539e-06
781	-3.08501e-06
781.5	-2.59103e-06
782	-2.11646e-06
782.5	-2.33727e-06
783	-2.19671e-06
783.5	-1.7493e-06
784	-1.27016e-06
784.5	-4.2709e-07
785	-2.2491e-07
785.5	6.16798e-08
786	4.55597e-07
786.5	4.88267e-07
787	-2.00958e-06
787.5	-4.1053e-06
788	-1.65292e-06
788.5	4.95482e-07
789	-1.18711e-06
789.5	-7.52787e-06
790	-1.58806e-05
790.5	-1.03523e-05
791	-1.87934e-06
791.5	9.70475e-07
792	8.11937e-07
792.5	2.06827e-05
793	2.57402e-05
793.5	1.94355e-05
794	1.49459e-05
794.5	9.92644e-06
795	6.55752e-06
795.5	2.82394e-06
796	-2.46831e-06
796.5	-6.33157e-06
797	-7.7408e-06
797.5	-5.84299e-06
798	-5.49379e-06
798.5	-2.48599e-06
799	-9.72301e-10
799.5	2.13701e-06
800	-1.22368e-05
800.5	-3.37154e-05
801	-1.46054e-05
801.5	-3.27387e-06
802	-5.9357e-07
802.5	-3.69134e-07
803	-9.76354e-07
803.5	-1.18088e-06
804	-1.29806e-06
804.5	2.37129e-06
805	4.98354e-06
805.5	5.96308e-06
806	2.06638e-05
806.5	2.08931e-05
807	1.74056e-05
807.5	1.3466e-05
808	1.22463e-05
808.5	1.09391e-05
809	9.39803e-06
809.5	4.57402e-06
810	3.11694e-06
810.5	2.68724e-06
811	2.68759e-06
811.5	1.49594e-06
812	1.28891e-06
812.5	1.59656e-06
813	1.92227e-06
813.5	2.16572e-06
814	1.1383e-06
814.5	3.62577e-07
815	5.96297e-07
815.5	1.09477e-06
816	9.73349e-07
816.5	5.68434e-07
817	1.07875e-06
817.5	9.73162e-07
818	1.95045e-06
818.5	1.63466e-07
819	-5.6202e-07
819.5	4.87718e-07
820	1.8847e-06
820.5	1.49101e-06
821	6.44434e-06
821.5	7.60035e-06
822	4.99553e-06
822.5	-1.68893e-06
823	-4.20617e-06
823.5	2.88701e-06
824	-8.26025e-05
824.5	-4.17488e-05
825	-1.93967e-05
825.5	-1.01436e-05
826	-5.28115e-06
826.5	2.83777e-05
827	2.13687e-05
827.5	1.53516e-05
828	1.1596e-05
828.5	5.89745e-07
829	2.82633e-05
829.5	6.1553e-05
830	0.0001085
830.5	0.000127089
831	0.0001585
831.5	0.000225115
832	9.47602e-05
832.5	-2.94306e-05
833	-9.32446e-05
833.5	-0.00014192
834	-5.18717e-05
834.5	-2.10781e-05
835	-0.000246402
835.5	-0.000230093
836	-0.000205688
836.5	-0.000198098
837	-0.000224182
837.5	-0.00016354
838	-0.000123345
838.5	-7.39172e-05
839	-5.88756e-05
839.5	-2.64359e-05
840	-3.02846e-05
840.5	-2.61129e-05
841	-2.81613e-05
841.5	-2.80185e-05
842	-2.62154e-05
842.5	-2.30165e-05
843	-1.37896e-05
843.5	-1.00266e-05
844	-7.68404e-06
844.5	-4.68078e-06
845	-1.11588e-06
845.5	9.85955e-07
846	3.54889e-06
846.5	6.17725e-06
847	8.31352e-06
847.5	9.51508e-06
848	1.05317e-05
848.5	1.19804e-05
849	1.33026e-05
849.5	1.42263e-05
850	1.15512e-05
850.5	9.26238e-06
851	8.47905e-06
851.5	9.46792e-06
852	1.66114e-05
852.5	1.77025e-05
853	1.55636e-05
853.5	1.38823e-05
854	1.23597e-05
854.5	1.11317e-05
855	9.61541e-06
855.5	8.63717e-06
856	8.07199e-06
856.5	7.74218e-06
857	7.10398e-06
857.5	5.83986e-06
858	5.41131e-06
858.5	3.85981e-06
859	1.93403e-06
859.5	4.5246e-08
860	-1.1104e-06
860.5	-1.22585e-06
861	-5.92071e-07
861.5	4.04745e-07
862	1.59015e-06
862.5	1.9913e-06
863	3.24401e-06
863.5	-1.16409e-05
864	-5.18758e-06
864.5	-3.30144e-06
865	3.16819e-06
865.5	2.05801e-06
866	4.96946e-06
866.5	5.85146e-06
867	5.35422e-06
867.5	4.86352e-06
868	7.31957e-06
868.5	7.49456e-06
869	7.9458e-06
869.5	6.8572e-06
870	2.38662e-06
870.5	1.65486e-07
871	-2.26543e-06
871.5	8.54113e-07
872	5.91153e-06
872.5	6.41855e-06
873	-3.35573e-06
873.5	-9.04734e-06
874	-6.86395e-06
874.5	-3.18515e-06
875	-2.43705e-06
875.5	-1.40744e-06
876	-6.77485e-07
876.5	5.69166e-07
877	-1.13469e-06
877.5	1.08373e-06
878	-1.08594e-05
878.5	5.40983e-06
879	1.22604e-05
879.5	1.13132e-05
880	1.04187e-05
880.5	8.31219e-06
881	6.52871e-06
881.5	6.0467e-06
882	5.96302e-06
882.5	5.67359e-06
883	5.11363e-06
883.5	4.11518e-06
884	3.89149e-06
884.5	3.27735e-06
885	2.92385e-06
885.5	1.43584e-06
886	1.66266e-06
886.5	-4.64645e-06
887	-6.15753e-06
887.5	-1.72927e-06
888	-2.16119e-08
888.5	-3.96415e-07
889	-7.94362e-07
889.5	-6.07826e-07
890	-3.37087e-07
890.5	-2.92543e-07
891	-1.40693e-07
891.5	2.16854e-06
892	8.49446e-06
892.5	1.78358e-05
893	1.601e-05
893.5	1.50361e-05
894	1.83612e-05
894.5	2.8577e-06
895	2.82484e-06
895.5	5.04713e-06
896	9.69979e-06
896.5	1.00039e-05
897	8.76495e-06
897.5	7.92842e-06
898	6.80596e-06
898.5	4.31757e-06
899	2.1386e-06
899.5	-2.72693e-06
900	-1.32458e-05
900.5	-9.87713e-06
901	-7.08423e-06
901.5	-5.76035e-06
902	-4.53744e-06
902.5	-3.30835e-06
903	-2.19968e-06
903.5	-1.16934e-06
904	-2.91148e-06
904.5	-3.14402e-06
905	-2.55407e-06
905.5	9.10383e-06
906	-7.20401e-06
906.5	-5.96038e-06
907	-4.62817e-06
907.5	1.04871e-06
908	5.03645e-06
908.5	9.77971e-06
909	8.54277e-06
909.5	6.87448e-06
910	4.68971e-06
910.5	4.18105e-06
911	4.52714e-06
911.5	2.65141e-06
912	-4.5209e-06
912.5	-6.84269e-06
913	-3.6304e-06
913.5	-3.46358e-07
914	4.29432e-07
914.5	-6.69529e-07
915	-1.34409e-06
915.5	-3.49339e-06
916	-4.47314e-06
916.5	-4.6651e-06
917	-4.80391e-06
917.5	-4.90673e-06
918	-4.59546e-06
918.5	-6.07764e-06
919	-9.72098e-06
919.5	-9.2862e-06
920	-7.22827e-06
920.5	-5.99263e-06
921	1.32302e-05
921.5	5.23e-06
922	6.6118e-06
922.5	9.73332e-06
923	1.28724e-05
923.5	1.22227e-05
924	1.09194e-05
924.5	7.58394e-06
925	5.52802e-06
925.5	5.09628e-06
926	4.95946e-06
926.5	4.35435e-06
927	8.00905e-07
927.5	-6.40437e-06
928	-4.84883e-06
928.5	4.48778e-07
929	1.16394e-06
929.5	-3.07174e-06
930	-9.31691e-06
930.5	-1.4574e-05
931	-1.23732e-05
931.5	-8.82856e-06
932	-1.07547e-05
932.5	-5.91018e-06
933	-1.98537e-06
933.5	3.98392e-08
934	1.2196e-06
934.5	2.24334e-07
935	8.24346e-07
935.5	3.64457e-06
936	6.78643e-07
936.5	-3.73465e-06
937	-3.19649e-06
937.5	-1.91209e-06
938	7.14659e-07
938.5	-1.70428e-07
939	-2.13716e-06
939.5	-2.37321e-06
940	-5.77713e-06
940.5	-1.90618e-05
941	-1.09034e-05
941.5	-1.9425e-07
942	6.10472e-07
942.5	3.65624e-07
943	5.75674e-07
943.5	7.05659e-07
944	8.74367e-07
944.5	5.1118e-07
945	-9.67608e-07
945.5	-1.57667e-06
946	-2.35193e-06
946.5	-3.17111e-06
947	-4.01189e-06
947.5	-3.77373e-06
948	3.03408e-06
948.5	5.87983e-06
949	8.11897e-06
949.5	8.04268e-06
950	9.69318e-06
950.5	5.85611e-06
951	-0.000168292
951.5	-0.000132943
952	-0.000110229
952.5	-9.50482e-05
953	-8.35042e-05
953.5	-7.32052e-05
954	-6.24769e-05
954.5	-4.98906e-05
955	-3.98537e-05
955.5	-3.17858e-05
956	-2.50167e-05
956.5	-1.97145e-05
957	-1.48118e-05
957.5	-1.08437e-05
958	-7.61674e-06
958.5	-5.22196e-06
959	-3.48578e-06
959.5	-2.04556e-06
960	-0.0053943
960.5	-0.00193251
961	-0.00127697
961.5	-0.000981038
962	-0.000799938
962.5	-0.000683124
963	-0.000635918
963.5	-0.000540553
964	-0.000423774
964.5	-0.000200714
965	0.000125228
965.5	6.82742e-05
966	-1.28153e-05
966.5	-9.89731e-05
967	-0.000147543
967.5	-0.000128487
968	-0.000113052
968.5	-0.000203634
969	-0.000204089
969.5	-9.68323e-05
970	-0.000102602
970.5	-0.000133986
971	-0.000122559
971.5	-0.000109963
972	-0.000101245
972.5	-8.45848e-05
973	-6.78617e-05
973.5	-5.23784e-05
974	-9.49417e-05
974.5	-9.43223e-05
975	-0.000109036
975.5	-0.000124906
976	-0.000134514
976.5	-0.000143979
977	-0.000143578
977.5	-0.000143958
978	-0.000140171
978.5	-0.000128745
979	-0.000107986
979.5	-9.33842e-05
980	-9.15917e-05
980.5	-7.91778e-05
981	-6.6038e-05
981.5	-5.29956e-05
982	-4.20592e-05
982.5	-3.25718e-05
983	-2.43642e-05
983.5	-1.77122e-05
984	-1.30794e-05
984.5	-1.06596e-05
985	-7.3243e-06
985.5	-4.47237e-06
986	-3.29566e-06
986.5	-1.61644e-06
987	-2.22858e-07
987.5	1.06045e-05
988	7.64506e-07
988.5	-3.32567e-06
989	5.27367e-06
989.5	9.10984e-06
990	8.67003e-06
990.5	7.41616e-06
991	6.89677e-06
991.5	6.05637e-06
992	5.20853e-06
992.5	4.67808e-06
993	3.44945e-06
993.5	2.00346e-06
994	7.42045e-07
994.5	-3.22705e-07
995	-5.94222e-07
995.5	-6.05226e-07
996	-1.80734e-06
996.5	-2.25751e-06
997	-2.23335e-06
997.5	-2.12822e-06
998	-2.73532e-06
998.5	-2.50745e-06
999	-2.15412e-06
999.5	-1.77101e-06
1000	-1.39355e-06
