0	0
0.5	-2.70003e-24
1	-2.53377e-24
1.5	-3.14095e-24
2	1.67861e-24
2.5	9.76725e-24
3	4.11091e-24
3.5	-1.57484e-07
4	-5.4858e-07
4.5	-1.36564e-06
5	-2.26821e-06
5.5	-2.96835e-06
6	-3.16392e-06
6.5	-3.30941e-06
7	-3.4282e-06
7.5	-3.59565e-06
8	-3.9081e-06
8.5	-4.36347e-06
9	-4.94496e-06
9.5	-5.66528e-06
10	-6.33091e-06
10.5	-6.87662e-06
11	-7.20192e-06
11.5	-7.22771e-06
12	-7.15213e-06
12.5	-7.43313e-06
13	-8.20412e-06
13.5	-9.03518e-06
14	-8.34574e-06
14.5	-6.46317e-06
15	-5.0034e-06
15.5	-4.19477e-06
16	-5.50072e-06
16.5	-8.99876e-06
17	-1.00921e-05
17.5	-9.58159e-06
18	-1.11036e-05
18.5	-1.02859e-05
19	-1.61192e-05
19.5	-1.28958e-05
20	-1.05672e-05
20.5	-9.42799e-06
21	-8.91319e-06
21.5	-1.01516e-05
22	-1.19985e-05
22.5	-1.49652e-05
23	-1.31666e-05
23.5	-1.92242e-05
24	-2.00056e-05
24.5	-4.29155e-05
25	-2.77612e-05
25.5	-2.31704e-05
26	-3.31139e-05
26.5	-0.000102153
27	-3.14308e-05
27.5	0.000366924
28	4.0372e-05
28.5	-0.0001642
29	-7.31989e-05
29.5	-0.000121483
30	-0.000133761
30.5	-0.000151072
31	0.000112806
31.5	9.40302e-05
32	0.000569665
32.5	2.66804e-05
33	-0.000445165
33.5	-0.000167466
34	-7.88527e-05
34.5	-8.67932e-06
35	1.73978e-06
35.5	-2.54716e-06
36	5.42596e-06
36.5	7.05627e-06
37	1.21902e-05
37.5	-1.81422e-07
38	3.18262e-08
38.5	-1.15489e-06
39	-3.81317e-06
39.5	-1.08394e-05
40	-1.19357e-05
40.5	-1.12231e-05
41	-9.30373e-06
41.5	-7.74094e-06
42	-6.90508e-06
42.5	-6.44454e-06
43	-5.98147e-06
43.5	-5.59218e-06
44	-5.25374e-06
44.5	-5.25431e-06
45	-5.55433e-06
45.5	-5.8947e-06
46	-6.41535e-06
46.5	-6.55716e-06
47	-6.38706e-06
47.5	-6.21969e-06
48	-6.23638e-06
48.5	-6.23342e-06
49	-3.97485e-06
49.5	-3.45569e-06
50	-2.74463e-06
50.5	1.81849e-07
51	2.52231e-06
51.5	4.97403e-07
52	-2.31615e-06
52.5	-4.39151e-06
53	-3.92787e-06
53.5	-7.42807e-06
54	-9.51917e-06
54.5	-1.0858e-05
55	-1.08498e-05
55.5	-1.05676e-05
56	-1.02748e-05
56.5	-1.01228e-05
57	-1.00526e-05
57.5	-1.02477e-05
58	-1.05687e-05
58.5	-1.0785e-05
59	-1.09697e-05
59.5	-1.10902e-05
60	-1.11579e-05
60.5	-1.12056e-05
61	-1.10934e-05
61.5	-1.08508e-05
62	-1.05837e-05
62.5	-1.04193e-05
63	-1.04043e-05
63.5	-7.8248e-06
64	-7.6791e-06
64.5	-5.62218e-06
65	-6.09649e-06
65.5	-5.83229e-06
66	-5.57931e-06
66.5	-1.65476e-06
67	2.33322e-06
67.5	-3.57948e-07
68	-2.42854e-06
68.5	-6.39411e-06
69	-7.60913e-06
69.5	-8.33155e-06
70	-9.86594e-06
70.5	-9.50957e-06
71	-8.7528e-06
71.5	-8.20339e-06
72	-7.90098e-06
72.5	-7.81677e-06
73	-7.79869e-06
73.5	-7.73915e-06
74	-7.58674e-06
74.5	-7.508e-06
75	-7.50009e-06
75.5	-7.47378e-06
76	-7.67804e-06
76.5	-7.9599e-06
77	-8.42868e-06
77.5	-8.89103e-06
78	-9.34202e-06
78.5	-1.00336e-05
79	-1.04375e-05
79.5	-1.02172e-05
80	-8.09362e-06
80.5	-8.08128e-06
81	-6.77387e-06
81.5	-6.98282e-06
82	-4.54423e-06
82.5	-5.31128e-06
83	-7.75657e-06
83.5	-8.32009e-06
84	-7.67639e-06
84.5	-6.60171e-06
85	-6.87109e-06
85.5	-8.23551e-06
86	-8.6958e-06
86.5	-8.46256e-06
87	-8.20764e-06
87.5	-7.95979e-06
88	-8.28496e-06
88.5	-8.85081e-06
89	-9.23979e-06
89.5	-9.59317e-06
90	-9.82585e-06
90.5	-1.01687e-05
91	-1.04624e-05
91.5	-1.09412e-05
92	-1.13546e-05
92.5	-1.1438e-05
93	-1.12174e-05
93.5	-1.08347e-05
94	-1.06138e-05
94.5	-6.00949e-06
95	-2.76735e-06
95.5	-2.50178e-06
96	-4.79391e-06
96.5	-4.82069e-06
97	-5.60661e-06
97.5	-7.00192e-06
98	-7.95278e-06
98.5	-8.30201e-06
99	-7.9745e-06
99.5	-7.5631e-06
100	-7.15529e-06
100.5	-6.79322e-06
101	-6.78776e-06
101.5	-6.76663e-06
102	-6.94011e-06
102.5	-7.33839e-06
103	-7.73217e-06
103.5	-7.91611e-06
104	-7.99579e-06
104.5	-8.31546e-06
105	-8.74842e-06
105.5	-8.9588e-06
106	-8.99906e-06
106.5	-8.09545e-06
107	-7.20206e-06
107.5	-1.48473e-05
108	-1.41745e-05
108.5	-1.84696e-05
109	-1.71662e-05
109.5	-1.2679e-05
110	-1.05318e-05
110.5	-3.85621e-06
111	-1.53911e-06
111.5	-6.23765e-06
112	2.01048e-07
112.5	-1.96628e-07
113	-2.94775e-06
113.5	-1.59861e-05
114	-1.0368e-05
114.5	-8.26186e-06
115	-7.48237e-06
115.5	-7.12289e-06
116	-6.97798e-06
116.5	-1.64136e-05
117	-1.9224e-05
117.5	-1.7819e-05
118	-1.21616e-05
118.5	-2.93427e-05
119	-1.80943e-05
119.5	-1.51126e-05
120	-2.96026e-05
120.5	-8.96551e-05
121	5.61763e-06
121.5	-1.91404e-05
122	0.0001768
122.5	-0.000131036
123	-0.000109088
123.5	-9.77816e-05
124	-9.46048e-05
124.5	-8.70324e-05
125	-7.57573e-05
125.5	-5.62019e-05
126	6.57086e-05
126.5	-3.06153e-05
127	0.000492065
127.5	5.24893e-05
128	-0.000412829
128.5	-0.000161222
129	-4.71331e-05
129.5	-1.42517e-05
130	-2.70461e-05
130.5	-2.35382e-05
131	-1.37543e-05
131.5	-1.23647e-05
132	8.71449e-06
132.5	8.91114e-07
133	-1.18899e-05
133.5	-1.16094e-05
134	-1.60439e-05
134.5	-1.56809e-05
135	-1.35112e-05
135.5	-1.17402e-05
136	-9.97408e-06
136.5	-9.13279e-06
137	-9.98051e-06
137.5	-9.95621e-06
138	-9.82995e-06
138.5	-9.82373e-06
139	-1.02301e-05
139.5	-1.0945e-05
140	-1.20183e-05
140.5	-1.29021e-05
141	-1.34831e-05
141.5	-1.41757e-05
142	-1.49543e-05
142.5	-1.54868e-05
143	-1.28821e-05
143.5	-1.14622e-05
144	-9.20085e-06
144.5	-2.99922e-06
145	-1.01541e-06
145.5	-3.10504e-06
146	-3.72923e-06
146.5	-4.93592e-06
147	-7.26428e-06
147.5	-9.62647e-06
148	-1.21886e-05
148.5	-1.39578e-05
149	-1.47509e-05
149.5	-1.49236e-05
150	-1.48134e-05
150.5	-1.44573e-05
151	-1.40718e-05
151.5	-1.34784e-05
152	-1.27068e-05
152.5	-1.20174e-05
153	-1.16104e-05
153.5	-1.13517e-05
154	-1.14775e-05
154.5	-1.17096e-05
155	-1.18177e-05
155.5	-1.18412e-05
156	-1.16786e-05
156.5	-1.15369e-05
157	-1.13218e-05
157.5	-1.09331e-05
158	-8.65932e-06
158.5	-7.65082e-06
159	-3.9873e-06
159.5	1.2398e-07
160	-1.08857e-06
160.5	-2.37403e-06
161	-4.18239e-06
161.5	-4.76903e-06
162	-6.44487e-06
162.5	-1.21566e-05
163	-1.61988e-05
163.5	-1.5579e-05
164	-1.54262e-05
164.5	-1.41444e-05
165	-1.31936e-05
165.5	-1.25827e-05
166	-1.21022e-05
166.5	-1.155e-05
167	-1.09294e-05
167.5	-1.02883e-05
168	-9.71364e-06
168.5	-9.52528e-06
169	-9.61464e-06
169.5	-9.69763e-06
170	-9.52755e-06
170.5	-9.23894e-06
171	-8.94036e-06
171.5	-8.94101e-06
172	-9.04773e-06
172.5	-9.27069e-06
173	-7.28711e-06
173.5	-6.03213e-06
174	-5.45182e-06
174.5	-6.05648e-06
175	-5.44611e-06
175.5	-5.627e-06
176	-4.08501e-06
176.5	-6.59389e-06
177	-1.00123e-05
177.5	-1.13022e-05
178	-1.19184e-05
178.5	-1.97663e-05
179	-2.10237e-05
179.5	-1.59368e-05
180	-1.3786e-05
180.5	-1.30176e-05
181	-1.28482e-05
181.5	-1.29781e-05
182	-1.33652e-05
182.5	-1.38243e-05
183	-1.4019e-05
183.5	-1.37814e-05
184	-1.32587e-05
184.5	-1.2754e-05
185	-1.23177e-05
185.5	-1.18747e-05
186	-1.14073e-05
186.5	-1.0905e-05
187	-1.03781e-05
187.5	-8.32492e-06
188	-6.67741e-06
188.5	-5.87214e-06
189	-3.60444e-06
189.5	-4.45224e-06
190	-2.18399e-06
190.5	1.78836e-06
191	-1.5938e-06
191.5	-3.58179e-06
192	-1.23922e-05
192.5	-1.38286e-05
193	-1.36196e-05
193.5	-1.2674e-05
194	-1.16703e-05
194.5	-1.0703e-05
195	-9.96142e-06
195.5	-9.32689e-06
196	-8.80024e-06
196.5	-8.52608e-06
197	-8.44009e-06
197.5	-8.39069e-06
198	-8.27367e-06
198.5	-8.10113e-06
199	-7.9927e-06
199.5	-7.94094e-06
200	-8.05012e-06
200.5	-8.35191e-06
201	-8.88874e-06
201.5	-9.4208e-06
202	-6.97023e-06
202.5	-6.7166e-06
203	-6.00033e-06
203.5	-1.85816e-06
204	-6.39795e-07
204.5	-4.22326e-06
205	-7.33886e-06
205.5	-7.8179e-06
206	-8.92659e-06
206.5	-1.14891e-05
207	-1.73158e-05
207.5	-1.36286e-05
208	-1.14067e-05
208.5	-1.02502e-05
209	-9.59409e-06
209.5	-9.36159e-06
210	-9.33279e-06
210.5	-9.35316e-06
211	-9.21987e-06
211.5	-8.85945e-06
212	-8.39543e-06
212.5	-7.94056e-06
213	-7.6045e-06
213.5	-7.44215e-06
214	-7.395e-06
214.5	-7.51017e-06
215	-7.72042e-06
215.5	-7.8997e-06
216	-8.05977e-06
216.5	-4.22531e-06
217	-4.65781e-07
217.5	-3.13065e-07
218	-2.59267e-06
218.5	-4.53872e-06
219	-4.62529e-06
219.5	-1.0395e-05
220	-4.91284e-06
220.5	-6.22723e-06
221	-1.64707e-05
221.5	-1.41532e-05
222	-1.81742e-05
222.5	-1.09342e-05
223	-8.30726e-06
223.5	-7.11037e-06
224	-6.59099e-06
224.5	-1.31414e-05
225	-1.42756e-05
225.5	-1.08896e-05
226	-9.16207e-06
226.5	-8.61211e-06
227	-1.4078e-05
227.5	-1.6475e-05
228	-1.31395e-05
228.5	-9.62214e-06
229	-9.30796e-06
229.5	-1.45275e-05
230	-1.90232e-05
230.5	-1.02204e-05
231	-1.13886e-05
231.5	-8.73576e-06
232	-1.29422e-05
232.5	-1.04975e-05
233	-1.70854e-05
233.5	-1.38061e-05
234	-1.77516e-05
234.5	-2.26464e-05
235	-9.75229e-05
235.5	3.97318e-05
236	-6.35788e-05
236.5	0.000461838
237	-9.18534e-05
237.5	-0.000254477
238	-0.000134033
238.5	-0.000121038
239	-9.08121e-05
239.5	-9.06412e-06
240	-2.4552e-05
240.5	5.66904e-05
241	2.70189e-05
241.5	0.000256324
242	7.83213e-05
242.5	-0.000310591
243	-0.000160008
243.5	-0.000105381
244	-8.90321e-05
244.5	-5.60914e-05
245	-9.15043e-06
245.5	-1.84117e-05
246	-4.0995e-06
246.5	6.6294e-06
247	-9.58551e-07
247.5	4.57952e-06
248	-7.03044e-06
248.5	-5.14739e-06
249	-1.20603e-05
249.5	-1.45403e-05
250	-1.04973e-05
250.5	-1.3068e-05
251	-9.04142e-06
251.5	-8.83377e-06
252	-7.52432e-06
252.5	-5.54062e-06
253	-6.21127e-06
253.5	-6.78055e-06
254	-6.99693e-06
254.5	-6.21378e-06
255	-7.03746e-06
255.5	-7.97247e-06
256	-8.72216e-06
256.5	-9.10044e-06
257	-6.86369e-06
257.5	-4.77862e-06
258	-5.20392e-06
258.5	-6.61908e-06
259	-5.43478e-06
259.5	-5.42411e-06
260	-6.63063e-06
260.5	-6.56e-06
261	-7.7729e-06
261.5	-8.56357e-06
262	-8.66256e-06
262.5	-8.45295e-06
263	-8.17056e-06
263.5	-7.77797e-06
264	-7.4918e-06
264.5	-8.06824e-06
265	-8.49387e-06
265.5	-9.47111e-06
266	-1.0322e-05
266.5	-9.60417e-06
267	-1.37355e-05
267.5	-1.09662e-05
268	-9.97434e-06
268.5	-9.93617e-06
269	-8.97521e-06
269.5	-6.08462e-06
270	-5.80347e-06
270.5	-5.90845e-06
271	-2.44701e-06
271.5	-9.99932e-09
272	-1.11485e-06
272.5	1.77472e-08
273	-1.15394e-06
273.5	-2.51069e-06
274	-4.74213e-06
274.5	-7.49012e-06
275	-6.97781e-06
275.5	-7.68426e-06
276	-9.3184e-06
276.5	-9.73723e-06
277	-9.35806e-06
277.5	-8.77715e-06
278	-9.27061e-06
278.5	-8.95501e-06
279	-8.40887e-06
279.5	-8.21636e-06
280	-8.491e-06
280.5	-9.21276e-06
281	-9.97262e-06
281.5	-1.03965e-05
282	-1.04371e-05
282.5	-8.82805e-06
283	-9.06491e-06
283.5	-9.70903e-06
284	-1.02488e-05
284.5	-1.05587e-05
285	-1.07932e-05
285.5	-1.0883e-05
286	-8.32009e-06
286.5	-7.16255e-06
287	-7.5375e-06
287.5	-8.26197e-06
288	-9.20507e-06
288.5	-9.97768e-06
289	-1.01536e-05
289.5	-8.71891e-06
290	-9.52858e-06
290.5	-1.05907e-05
291	-1.29577e-05
291.5	-1.21267e-05
292	-1.42506e-05
292.5	-1.45188e-05
293	-1.70252e-05
293.5	-1.7399e-05
294	-1.60321e-05
294.5	-1.24569e-05
295	-1.08184e-05
295.5	-1.08159e-05
296	-9.70368e-06
296.5	-8.46749e-06
297	-7.18477e-06
297.5	-8.4082e-06
298	-9.25453e-06
298.5	-1.12507e-05
299	-9.30946e-06
299.5	-7.33191e-06
300	-7.13194e-06
300.5	-6.37864e-06
301	-6.09455e-06
301.5	-6.7218e-06
302	-4.70145e-06
302.5	-4.81096e-06
303	-5.077e-06
303.5	-5.88713e-06
304	-5.65119e-06
304.5	-4.38222e-06
305	-4.34159e-06
305.5	-5.41549e-06
306	-6.45431e-06
306.5	-7.2242e-06
307	-7.69228e-06
307.5	-7.91201e-06
308	-8.10135e-06
308.5	-8.23344e-06
309	-8.27797e-06
309.5	-8.37909e-06
310	-8.51958e-06
310.5	-8.49682e-06
311	-7.95269e-06
311.5	-6.9328e-06
312	-7.31576e-06
312.5	-7.68277e-06
313	-7.37956e-06
313.5	-4.82919e-06
314	-4.14715e-06
314.5	-3.27742e-06
315	-4.74539e-06
315.5	-6.14664e-06
316	-6.74634e-06
316.5	-6.85709e-06
317	-6.86082e-06
317.5	-6.7626e-06
318	-5.41011e-06
318.5	-6.37417e-06
319	-6.61663e-06
319.5	-6.66014e-06
320	-6.59446e-06
320.5	-6.5643e-06
321	-7.27414e-06
321.5	-6.35499e-06
322	-3.95215e-06
322.5	-4.49505e-06
323	-5.59574e-06
323.5	-6.40752e-06
324	-6.82214e-06
324.5	-7.992e-06
325	-8.16506e-06
325.5	-4.88339e-06
326	-2.78542e-06
326.5	-1.67992e-06
327	-2.13612e-06
327.5	-4.20771e-06
328	-6.55614e-06
328.5	-1.53823e-05
329	-1.32125e-05
329.5	-9.71573e-06
330	-7.88054e-06
330.5	-6.52057e-06
331	-6.04582e-06
331.5	-6.41025e-06
332	-7.07101e-06
332.5	-7.4744e-06
333	-7.7002e-06
333.5	-7.59999e-06
334	-7.37533e-06
334.5	-7.10808e-06
335	-6.59602e-06
335.5	-6.00137e-06
336	-5.73869e-06
336.5	-5.51582e-06
337	-5.65512e-06
337.5	-4.23225e-06
338	-4.28746e-06
338.5	-6.19595e-06
339	-4.33161e-06
339.5	-4.37521e-06
340	-2.36796e-06
340.5	-3.01712e-06
341	-4.74644e-06
341.5	-4.94695e-06
342	-6.6012e-06
342.5	-1.51679e-05
343	-1.26563e-05
343.5	-1.06823e-05
344	-9.7646e-06
344.5	-9.32035e-06
345	-8.95184e-06
345.5	-8.60738e-06
346	-8.27708e-06
346.5	-8.18217e-06
347	-8.28764e-06
347.5	-8.42373e-06
348	-8.39198e-06
348.5	-8.08906e-06
349	-7.77862e-06
349.5	-7.54204e-06
350	-7.55746e-06
350.5	-7.75757e-06
351	-8.02792e-06
351.5	-8.14926e-06
352	-8.13413e-06
352.5	-8.03135e-06
353	-7.88298e-06
353.5	-7.71244e-06
354	-3.01414e-06
354.5	-6.98788e-07
355	2.48048e-06
355.5	2.31274e-06
356	9.46658e-07
356.5	-1.63394e-06
357	-4.11563e-06
357.5	-7.27532e-06
358	-2.03114e-06
358.5	-7.06219e-06
359	-1.34251e-05
359.5	-1.2308e-05
360	-8.09838e-06
360.5	-7.12335e-06
361	-8.09322e-06
361.5	-8.02843e-06
362	-1.261e-05
362.5	-9.02897e-06
363	-1.54526e-05
363.5	-1.01042e-05
364	-1.49542e-05
364.5	-1.70325e-05
365	-1.54167e-05
365.5	-1.29567e-05
366	-1.15957e-05
366.5	-1.97208e-05
367	-9.61628e-06
367.5	-1.98629e-05
368	-8.06402e-05
368.5	0.000160129
369	-6.8759e-09
369.5	-0.000158402
370	-9.08958e-05
370.5	-7.22011e-05
371	-8.64024e-05
371.5	-7.63285e-05
372	-8.41192e-05
372.5	3.27071e-05
373	0.000136598
373.5	0.000297164
374	4.56884e-05
374.5	-0.000350314
375	-0.000144853
375.5	-6.58149e-05
376	-6.26701e-05
376.5	-3.67502e-05
377	-3.49433e-05
377.5	-9.52596e-07
378	-1.88277e-05
378.5	-2.06861e-05
379	-4.89156e-06
379.5	-1.37411e-05
380	-1.05593e-05
380.5	9.28688e-07
381	2.37834e-06
381.5	-2.0129e-06
382	-7.22702e-06
382.5	-1.24666e-05
383	-1.58226e-05
383.5	-1.15304e-05
384	-9.30427e-06
384.5	-5.57583e-06
385	-6.67141e-06
385.5	-6.84099e-06
386	-7.18272e-06
386.5	-5.86318e-06
387	-6.04806e-06
387.5	-5.65128e-06
388	-4.96279e-06
388.5	-5.64218e-06
389	-5.24305e-06
389.5	-5.37063e-06
390	-4.32893e-06
390.5	-3.38658e-06
391	-2.54142e-06
391.5	-1.66332e-06
392	-2.0717e-06
392.5	-2.53115e-06
393	-1.89047e-07
393.5	-4.86303e-08
394	1.16542e-06
394.5	9.31201e-07
395	-4.57173e-06
395.5	-6.18026e-06
396	-2.70121e-06
396.5	-1.56301e-06
397	-2.39098e-06
397.5	-3.48379e-06
398	-4.6406e-06
398.5	-5.76341e-06
399	-6.82715e-06
399.5	-1.14536e-05
400	-6.27452e-06
400.5	-5.98838e-06
401	-7.23778e-06
401.5	-8.13502e-06
402	-8.45562e-06
402.5	-8.54543e-06
403	-7.55102e-06
403.5	-7.37532e-06
404	-7.68817e-06
404.5	-7.16244e-06
405	-7.58987e-06
405.5	-8.1667e-06
406	-8.3728e-06
406.5	-7.41334e-06
407	-7.48114e-06
407.5	-6.19514e-06
408	-4.43548e-06
408.5	-3.85937e-06
409	-3.70561e-06
409.5	-5.29501e-06
410	-7.23101e-06
410.5	-7.85384e-06
411	-8.23772e-06
411.5	-8.36231e-06
412	-8.37219e-06
412.5	-8.70524e-06
413	-8.78486e-06
413.5	-8.73732e-06
414	-8.77603e-06
414.5	-8.80978e-06
415	-8.8055e-06
415.5	-8.89811e-06
416	-8.94518e-06
416.5	-9.04981e-06
417	-9.28304e-06
417.5	-9.54695e-06
418	-9.76811e-06
418.5	-9.78699e-06
419	-1.08283e-05
419.5	-7.68668e-06
420	-1.92566e-06
420.5	-2.84894e-06
421	-2.48489e-06
421.5	-4.31826e-06
422	-5.37868e-06
422.5	-5.94307e-06
423	-5.9539e-06
423.5	-6.31763e-06
424	-6.96254e-06
424.5	-6.52533e-06
425	-7.06601e-06
425.5	-7.81063e-06
426	-8.25808e-06
426.5	-8.33487e-06
427	-8.35454e-06
427.5	-8.3572e-06
428	-8.03304e-06
428.5	-7.46952e-06
429	-6.9561e-06
429.5	-6.41788e-06
430	-6.08839e-06
430.5	-6.12496e-06
431	-5.81923e-06
431.5	-4.935e-06
432	-4.90793e-06
432.5	-3.97267e-06
433	-4.58268e-06
433.5	-5.19459e-06
434	-4.74219e-06
434.5	-1.61984e-06
435	-1.71125e-06
435.5	5.57968e-07
436	-2.51294e-06
436.5	-5.27731e-06
437	-6.69506e-06
437.5	-7.64025e-06
438	-8.2714e-06
438.5	-8.10216e-06
439	-7.92297e-06
439.5	-7.88225e-06
440	-7.88398e-06
440.5	-7.8314e-06
441	-7.69201e-06
441.5	-7.36429e-06
442	-6.89186e-06
442.5	-6.55642e-06
443	-6.27185e-06
443.5	-6.00845e-06
444	-6.05856e-06
444.5	-6.24229e-06
445	-6.31075e-06
445.5	-4.73633e-06
446	-3.38526e-06
446.5	-2.32279e-06
447	-2.86854e-06
447.5	-2.76104e-06
448	-7.91249e-07
448.5	-7.21574e-07
449	-1.19611e-06
449.5	-3.10557e-06
450	-6.13859e-06
450.5	-7.17649e-06
451	-8.72718e-06
451.5	-9.79933e-06
452	-1.31226e-05
452.5	-1.26336e-05
453	-1.2242e-05
453.5	-1.21106e-05
454	-1.21273e-05
454.5	-1.19706e-05
455	-1.18383e-05
455.5	-1.18159e-05
456	-1.17491e-05
456.5	-1.15531e-05
457	-1.1322e-05
457.5	-1.10528e-05
458	-1.11169e-05
458.5	-1.12782e-05
459	-1.15471e-05
459.5	-1.18831e-05
460	-1.20599e-05
460.5	-1.20927e-05
461	-8.44104e-06
461.5	-5.41305e-06
462	-6.83257e-06
462.5	-5.49692e-06
463	-7.66763e-06
463.5	-8.10795e-06
464	-1.41352e-05
464.5	-1.7716e-05
465	-1.30525e-05
465.5	-1.02257e-05
466	-8.26494e-06
466.5	-8.11861e-06
467	-8.45356e-06
467.5	-8.86401e-06
468	-9.22372e-06
468.5	-9.61458e-06
469	-1.00873e-05
469.5	-1.04226e-05
470	-1.08369e-05
470.5	-1.11381e-05
471	-1.13685e-05
471.5	-1.16978e-05
472	-1.19732e-05
472.5	-1.21803e-05
473	-1.22902e-05
473.5	-1.23299e-05
474	-1.23432e-05
474.5	-2.03313e-05
475	-1.78105e-05
475.5	-1.50521e-05
476	-1.05645e-05
476.5	-6.38937e-06
477	-1.71625e-05
477.5	-1.74467e-05
478	-1.84008e-05
478.5	-1.39725e-05
479	-1.13717e-05
479.5	-1.13705e-05
480	-1.07194e-05
480.5	-9.06831e-06
481	-1.32062e-05
481.5	-5.97757e-06
482	-4.10543e-06
482.5	-3.1808e-06
483	-2.08683e-06
483.5	-1.81662e-06
484	-1.8797e-06
484.5	-1.33829e-06
485	-1.2198e-05
485.5	-8.8996e-06
486	-5.51014e-06
486.5	-4.20567e-06
487	-3.88544e-06
487.5	-4.26371e-06
488	-3.41752e-06
488.5	-1.82138e-06
489	-2.92784e-06
489.5	-3.79916e-06
490	-4.28294e-06
490.5	-2.27082e-06
491	-9.23642e-07
491.5	2.27002e-06
492	1.12143e-07
492.5	-9.69208e-06
493	-5.65151e-06
493.5	-5.5606e-06
494	-2.13535e-05
494.5	-2.01666e-05
495	-1.38501e-05
495.5	-1.03474e-05
496	-8.1767e-06
496.5	-7.92132e-06
497	-7.95378e-06
497.5	-8.08794e-06
498	-9.64631e-06
498.5	-1.25242e-05
499	-1.15142e-05
499.5	-2.4625e-05
500	-3.62834e-05
500.5	-3.12142e-05
501	-2.26662e-05
501.5	-3.29806e-05
502	-9.49577e-05
502.5	6.54535e-05
503	0.000103631
503.5	6.4677e-05
504	-0.000222114
504.5	-0.000109286
505	-6.82044e-05
505.5	-9.27846e-05
506	-9.90185e-05
506.5	-8.31632e-05
507	7.38417e-05
507.5	-4.35763e-05
508	0.000362823
508.5	0.000131238
509	-0.000450882
509.5	-0.000222051
510	-9.85899e-05
510.5	-3.91214e-05
511	-1.26163e-05
511.5	-4.38606e-06
512	3.50975e-06
512.5	1.47813e-05
513	1.10932e-05
513.5	4.86561e-06
514	-5.72499e-06
514.5	-7.59465e-06
515	-7.70237e-06
515.5	-7.95608e-06
516	-8.48672e-06
516.5	-8.05125e-06
517	-7.13116e-06
517.5	-6.88231e-06
518	-6.75304e-06
518.5	-6.63285e-06
519	-6.44979e-06
519.5	-6.19947e-06
520	-5.90569e-06
520.5	-5.62277e-06
521	-5.4723e-06
521.5	-5.46522e-06
522	-5.22097e-06
522.5	-4.89142e-06
523	-4.4559e-06
523.5	-3.93727e-06
524	-1.815e-06
524.5	-1.31406e-06
525	-6.191e-07
525.5	1.45934e-07
526	-1.32677e-07
526.5	9.97691e-07
527	2.73584e-06
527.5	3.58717e-06
528	4.01114e-06
528.5	1.77692e-06
529	-1.10435e-06
529.5	-3.38901e-06
530	-4.76379e-06
530.5	-5.68124e-06
531	-6.15783e-06
531.5	-6.35546e-06
532	-6.42121e-06
532.5	-6.32912e-06
533	-6.16062e-06
533.5	-6.54304e-06
534	-7.22505e-06
534.5	-7.88434e-06
535	-8.33326e-06
535.5	-8.73484e-06
536	-9.06371e-06
536.5	-9.21611e-06
537	-9.35955e-06
537.5	-9.4884e-06
538	-9.39126e-06
538.5	-6.18412e-06
539	-6.24385e-06
539.5	-4.72372e-06
540	-5.59658e-06
540.5	-5.10534e-06
541	-5.3778e-06
541.5	-5.87115e-06
542	-4.35438e-06
542.5	-4.20634e-06
543	-4.52798e-06
543.5	-7.01088e-06
544	-1.00275e-05
544.5	-1.10558e-05
545	-1.12115e-05
545.5	-1.0421e-05
546	-9.15739e-06
546.5	-8.19524e-06
547	-7.59433e-06
547.5	-7.12456e-06
548	-6.92612e-06
548.5	-7.00191e-06
549	-7.04094e-06
549.5	-7.10559e-06
550	-7.20017e-06
550.5	-7.1518e-06
551	-6.98264e-06
551.5	-6.7985e-06
552	-6.76184e-06
552.5	-6.79416e-06
553	-7.00744e-06
553.5	-6.54402e-06
554	-5.13767e-06
554.5	-5.57816e-06
555	-6.37921e-06
555.5	-7.03302e-06
556	-6.53415e-06
556.5	-7.21288e-06
557	-1.2077e-05
557.5	-5.79037e-06
558	-6.10196e-06
558.5	-7.28788e-06
559	-9.52685e-06
559.5	-9.34862e-06
560	-7.7596e-06
560.5	-7.52596e-06
561	-7.77453e-06
561.5	-8.10365e-06
562	-8.09849e-06
562.5	-7.95947e-06
563	-7.88634e-06
563.5	-7.87354e-06
564	-7.88889e-06
564.5	-7.92386e-06
565	-8.46528e-06
565.5	-9.18871e-06
566	-1.01751e-05
566.5	-1.09427e-05
567	-1.15152e-05
567.5	-8.68649e-06
568	-7.9183e-06
568.5	-9.14097e-06
569	-9.79842e-06
569.5	-1.18331e-05
570	-1.2511e-05
570.5	-1.15352e-05
571	-1.12549e-05
571.5	-1.32361e-05
572	-1.34252e-05
572.5	-1.29439e-05
573	-1.44493e-05
573.5	-1.46003e-05
574	-1.25008e-05
574.5	-1.30518e-05
575	-1.28363e-05
575.5	-1.23748e-05
576	-1.19265e-05
576.5	-1.13696e-05
577	-1.08928e-05
577.5	-1.04308e-05
578	-1.02858e-05
578.5	-1.02571e-05
579	-1.01484e-05
579.5	-1.00851e-05
580	-1.00995e-05
580.5	-1.02949e-05
581	-1.04187e-05
581.5	-1.06075e-05
582	-9.20911e-06
582.5	-8.29658e-06
583	-8.83045e-06
583.5	-5.54375e-06
584	-9.03286e-06
584.5	-8.10648e-06
585	-4.92486e-06
585.5	-4.68984e-06
586	-8.96588e-06
586.5	-8.54649e-06
587	-8.7081e-06
587.5	-9.83655e-06
588	-1.7319e-05
588.5	-1.39283e-05
589	-1.32486e-05
589.5	-1.34488e-05
590	-1.35927e-05
590.5	-1.37023e-05
591	-1.36708e-05
591.5	-1.35687e-05
592	-1.36879e-05
592.5	-1.39991e-05
593	-1.39833e-05
593.5	-1.36542e-05
594	-1.32859e-05
594.5	-1.29491e-05
595	-1.25359e-05
595.5	-1.23339e-05
596	-1.22201e-05
596.5	-1.02889e-05
597	-1.49214e-05
597.5	-1.25253e-05
598	-1.10604e-05
598.5	-8.95774e-06
599	-2.72287e-06
599.5	-6.78213e-06
600	-9.2452e-06
600.5	-6.36073e-06
601	-8.01551e-06
601.5	-8.52633e-06
602	-8.69207e-06
602.5	-8.60857e-06
603	-1.69962e-05
603.5	-1.20223e-05
604	-1.00438e-05
604.5	-1.29416e-05
605	-1.34872e-05
605.5	-1.16335e-05
606	-7.41402e-06
606.5	-1.46553e-05
607	-1.10656e-05
607.5	-7.31073e-06
608	-1.30932e-05
608.5	-1.88569e-05
609	-1.23629e-05
609.5	-1.2677e-05
610	-2.27631e-05
610.5	-4.01143e-05
611	-6.07533e-05
611.5	2.92702e-05
612	0.000329333
612.5	4.85118e-05
613	-0.00013929
613.5	-7.94693e-05
614	-6.22862e-05
614.5	-5.17684e-05
615	-4.17699e-05
615.5	-5.22233e-05
616	-0.000104025
616.5	-3.04711e-05
617	3.05152e-06
617.5	0.000229652
618	0.000151969
618.5	-0.000366707
619	-0.000200525
619.5	-0.000145125
620	-5.81722e-05
620.5	-1.64848e-05
621	-2.00694e-05
621.5	-1.07524e-05
622	-2.1289e-05
622.5	-2.5246e-05
623	-1.4131e-05
623.5	-1.0592e-05
624	-7.36699e-06
624.5	-9.45065e-07
625	-1.70504e-06
625.5	-5.47964e-06
626	-7.39613e-06
626.5	-1.33425e-05
627	-1.70084e-05
627.5	-1.53994e-05
628	-1.40346e-05
628.5	-1.21055e-05
629	-1.10349e-05
629.5	-1.06857e-05
630	-9.20732e-06
630.5	-7.96406e-06
631	-7.44505e-06
631.5	-7.27873e-06
632	-7.32255e-06
632.5	-7.46519e-06
633	-6.46066e-06
633.5	-2.24991e-06
634	-1.98113e-06
634.5	-1.79507e-06
635	2.3754e-06
635.5	2.18815e-06
636	3.84423e-06
636.5	2.65382e-06
637	1.37057e-06
637.5	-2.9714e-07
638	-2.35148e-06
638.5	-4.67485e-06
639	-6.26649e-06
639.5	-7.31475e-06
640	-7.96931e-06
640.5	-8.6983e-06
641	-9.32925e-06
641.5	-1.01921e-05
642	-1.08035e-05
642.5	-1.12921e-05
643	-1.18986e-05
643.5	-1.21861e-05
644	-1.22314e-05
644.5	-1.20362e-05
645	-1.16936e-05
645.5	-1.15006e-05
646	-1.11965e-05
646.5	-1.07926e-05
647	-1.0694e-05
647.5	-1.0731e-05
648	-1.09337e-05
648.5	-1.1323e-05
649	-7.82325e-06
649.5	-3.05342e-06
650	-3.3393e-06
650.5	-5.66192e-06
651	-2.01752e-06
651.5	-5.58889e-06
652	-8.88093e-06
652.5	-1.10591e-05
653	-1.30554e-05
653.5	-1.40355e-05
654	-1.4583e-05
654.5	-1.31824e-05
655	-1.10463e-05
655.5	-1.02669e-05
656	-9.81905e-06
656.5	-9.42507e-06
657	-9.14731e-06
657.5	-9.12421e-06
658	-9.17274e-06
658.5	-9.19902e-06
659	-9.33436e-06
659.5	-9.62548e-06
660	-9.86592e-06
660.5	-1.02106e-05
661	-1.06586e-05
661.5	-1.10415e-05
662	-1.12113e-05
662.5	-1.11702e-05
663	-9.75649e-06
663.5	-9.9848e-06
664	-1.09208e-05
664.5	-1.00252e-05
665	-7.63769e-06
665.5	-6.37291e-06
666	-6.67874e-06
666.5	-7.41799e-06
667	-8.54198e-06
667.5	-1.05065e-05
668	-1.10832e-05
668.5	-1.04866e-05
669	-9.31946e-06
669.5	-8.93508e-06
670	-8.72845e-06
670.5	-8.56462e-06
671	-8.33136e-06
671.5	-8.58475e-06
672	-8.79251e-06
672.5	-8.96959e-06
673	-9.07711e-06
673.5	-9.22056e-06
674	-9.22376e-06
674.5	-9.40752e-06
675	-9.66632e-06
675.5	-1.00309e-05
676	-1.0014e-05
676.5	-9.75303e-06
677	-9.33547e-06
677.5	-8.92929e-06
678	-8.6419e-06
678.5	-8.38277e-06
679	-6.69612e-06
679.5	-3.38648e-06
680	-2.03491e-06
680.5	3.53217e-07
681	-8.41504e-07
681.5	-1.72079e-06
682	-8.03605e-07
682.5	-2.86436e-06
683	-4.7588e-06
683.5	-5.77837e-06
684	-6.15989e-06
684.5	-6.21002e-06
685	-6.22289e-06
685.5	-6.23843e-06
686	-6.27283e-06
686.5	-6.35123e-06
687	-6.43016e-06
687.5	-6.64175e-06
688	-6.85968e-06
688.5	-5.95616e-06
689	-5.65984e-06
689.5	-5.91072e-06
690	-6.13557e-06
690.5	-6.42757e-06
691	-6.99232e-06
691.5	-5.72844e-06
692	-5.79965e-06
692.5	-6.6418e-06
693	-7.48163e-06
693.5	-9.03726e-06
694	-8.46351e-06
694.5	-9.67582e-06
695	-7.19257e-06
695.5	-7.91195e-06
696	-9.25941e-06
696.5	-1.18066e-05
697	-2.13594e-05
697.5	-1.66327e-05
698	-1.4077e-05
698.5	-1.30439e-05
699	-1.26391e-05
699.5	-1.24525e-05
700	-1.25295e-05
700.5	-1.26772e-05
701	-1.28162e-05
701.5	-1.30229e-05
702	-1.30926e-05
702.5	-1.31667e-05
703	-1.3299e-05
703.5	-1.35361e-05
704	-1.38352e-05
704.5	-1.41011e-05
705	-1.46121e-05
705.5	-1.50571e-05
706	-1.5324e-05
706.5	-1.5292e-05
707	-1.34373e-05
707.5	-1.156e-05
708	-6.30756e-06
708.5	-2.96995e-06
709	-6.1813e-06
709.5	-5.67985e-06
710	-1.21572e-05
710.5	-1.37836e-05
711	-1.30512e-05
711.5	-1.34515e-05
712	-1.82099e-05
712.5	-2.19878e-05
713	-1.24503e-05
713.5	-1.14973e-05
714	-9.60492e-06
714.5	-1.08322e-05
715	-1.15322e-05
715.5	-1.16087e-05
716	-1.14698e-05
716.5	-1.51475e-05
717	-1.07542e-05
717.5	-1.0312e-05
718	-1.01798e-05
718.5	-1.00961e-05
719	-1.00001e-05
719.5	-1.03094e-05
720	-8.96747e-06
720.5	-9.68671e-06
721	-9.98464e-06
721.5	-7.86174e-06
722	-9.15586e-06
722.5	-6.84426e-06
723	-4.15207e-06
723.5	-3.31201e-06
724	-1.72984e-06
724.5	-2.05669e-06
725	-4.95669e-06
725.5	-7.58163e-06
726	-9.72433e-06
726.5	-1.01724e-05
727	-1.00306e-05
727.5	-9.66417e-06
728	-9.37381e-06
728.5	-1.21351e-05
729	-9.92803e-06
729.5	-9.67365e-06
730	-8.04854e-06
730.5	-4.9913e-06
731	-8.44059e-06
731.5	-9.20279e-06
732	-9.1092e-06
732.5	-1.26151e-05
733	-2.11065e-05
733.5	-1.56796e-05
734	-1.17802e-05
734.5	-1.20899e-05
735	-8.33704e-06
735.5	-1.09854e-05
736	-1.30493e-05
736.5	-8.76213e-06
737	-5.25951e-06
737.5	4.92572e-06
738	4.32837e-06
738.5	-4.00429e-06
739	-1.84297e-05
739.5	-2.70102e-05
740	-9.20975e-05
740.5	4.6207e-05
741	-5.18884e-05
741.5	0.000532528
742	-2.10463e-05
742.5	-0.000197376
743	-7.53271e-05
743.5	-5.15317e-05
744	-5.1174e-05
744.5	-7.34402e-05
745	-8.15535e-05
745.5	-5.49936e-05
746	1.25925e-05
746.5	0.000206259
747	0.000135934
747.5	-0.000368639
748	-0.000199497
748.5	-0.000110502
749	-7.08221e-05
749.5	-3.98604e-05
750	2.93129e-05
750.5	4.92599e-05
751	-3.54923e-05
751.5	-5.14913e-05
752	-2.55153e-05
752.5	-2.91381e-05
753	-2.86004e-05
753.5	-1.67939e-05
754	-1.56971e-05
754.5	-9.30137e-06
755	-1.68185e-05
755.5	-2.05909e-05
756	-1.59001e-05
756.5	-1.07791e-05
757	-7.02565e-06
757.5	-7.51634e-06
758	-7.81234e-06
758.5	-6.38935e-06
759	-5.10834e-06
759.5	-4.53279e-06
760	-4.50113e-06
760.5	-4.59083e-06
761	-3.17218e-06
761.5	-2.88203e-06
762	-1.38132e-06
762.5	-3.81782e-07
763	1.18141e-06
763.5	4.90048e-06
764	3.24009e-06
764.5	1.12443e-06
765	-1.44179e-06
765.5	-1.77053e-06
766	-2.59395e-06
766.5	-3.61537e-06
767	-5.151e-06
767.5	-6.27995e-06
768	-7.95257e-06
768.5	-9.29895e-06
769	-1.0401e-05
769.5	-1.10771e-05
770	-1.15331e-05
770.5	-1.17856e-05
771	-1.19349e-05
771.5	-1.18174e-05
772	-1.14137e-05
772.5	-1.09589e-05
773	-1.05553e-05
773.5	-1.01446e-05
774	-9.73417e-06
774.5	-9.47436e-06
775	-9.38791e-06
775.5	-9.37333e-06
776	-9.20652e-06
776.5	-5.98953e-06
777	-4.41185e-06
777.5	-3.41102e-06
778	-5.80545e-07
778.5	-1.2459e-06
779	-1.9688e-06
779.5	9.27975e-07
780	5.04938e-07
780.5	-3.9724e-06
781	-3.32584e-06
781.5	-3.67562e-06
782	-3.19807e-06
782.5	-4.02371e-06
783	-5.05422e-06
783.5	-5.98728e-06
784	-6.58135e-06
784.5	-6.92551e-06
785	-7.05254e-06
785.5	-7.17827e-06
786	-7.16718e-06
786.5	-7.02772e-06
787	-6.91873e-06
787.5	-6.76431e-06
788	-6.74382e-06
788.5	-6.69915e-06
789	-6.61474e-06
789.5	-6.51585e-06
790	-6.39975e-06
790.5	-6.23906e-06
791	-6.87353e-06
791.5	-3.82459e-06
792	-1.04031e-06
792.5	-1.72771e-06
793	-3.70083e-06
793.5	-6.66882e-06
794	-8.81949e-06
794.5	-8.37211e-06
795	-4.18483e-06
795.5	-4.38713e-06
796	-8.21217e-06
796.5	-1.17444e-05
797	-1.32834e-05
797.5	-1.39753e-05
798	-1.42368e-05
798.5	-1.41704e-05
799	-1.38844e-05
799.5	-1.31721e-05
800	-1.24159e-05
800.5	-1.19065e-05
801	-1.12725e-05
801.5	-1.06202e-05
802	-1.01556e-05
802.5	-9.87919e-06
803	-9.81029e-06
803.5	-1.09441e-05
804	-1.06279e-05
804.5	-9.71528e-06
805	-7.98909e-06
805.5	-4.1919e-06
806	-3.86848e-06
806.5	-2.90494e-06
807	-1.87391e-06
807.5	-2.9018e-06
808	-4.08765e-06
808.5	-3.85401e-06
809	-2.96111e-06
809.5	-3.70539e-06
810	-6.42892e-06
810.5	-6.0659e-06
811	-6.0067e-06
811.5	-5.31678e-06
812	-5.08481e-06
812.5	-5.60288e-06
813	-5.91284e-06
813.5	-6.26573e-06
814	-6.68362e-06
814.5	-7.20714e-06
815	-7.82169e-06
815.5	-8.32233e-06
816	-8.65865e-06
816.5	-8.88428e-06
817	-9.34038e-06
817.5	-1.00731e-05
818	-1.06702e-05
818.5	-1.09126e-05
819	-1.08052e-05
819.5	-1.08365e-05
820	-7.77685e-06
820.5	-1.019e-05
821	-7.13047e-06
821.5	-5.54528e-06
822	-6.44471e-06
822.5	-9.21907e-06
823	-1.0739e-05
823.5	-1.12916e-05
824	-1.23525e-05
824.5	-1.32512e-05
825	-1.25079e-05
825.5	-1.26081e-05
826	-1.28947e-05
826.5	-1.32875e-05
827	-1.33888e-05
827.5	-1.31749e-05
828	-1.30205e-05
828.5	-1.2733e-05
829	-1.23291e-05
829.5	-1.20957e-05
830	-1.18672e-05
830.5	-1.16447e-05
831	-1.15206e-05
831.5	-1.1308e-05
832	-9.97534e-06
832.5	-7.33807e-06
833	-6.74211e-06
833.5	-7.41499e-06
834	-7.2266e-06
834.5	-9.02278e-06
835	-8.23765e-06
835.5	-4.26901e-06
836	-4.54515e-06
836.5	-6.34732e-06
837	-7.9194e-06
837.5	-9.0928e-06
838	-8.87561e-06
838.5	-8.02725e-06
839	-1.14957e-05
839.5	-9.47304e-06
840	-9.14342e-06
840.5	-8.57924e-06
841	-7.86581e-06
841.5	-7.47649e-06
842	-7.2418e-06
842.5	-6.86995e-06
843	-6.54639e-06
843.5	-6.37373e-06
844	-6.27491e-06
844.5	-6.18577e-06
845	-6.18223e-06
845.5	-6.15531e-06
846	-6.12245e-06
846.5	-4.34949e-06
847	-1.5656e-06
847.5	-2.46487e-06
848	-3.09351e-06
848.5	-1.61036e-06
849	-2.78481e-06
849.5	-5.97085e-06
850	-9.70714e-06
850.5	-8.34847e-06
851	-8.508e-06
851.5	-8.89666e-06
852	-1.18143e-05
852.5	-1.3962e-05
853	-1.0619e-05
853.5	-9.3493e-06
854	-8.70855e-06
854.5	-8.22618e-06
855	-7.65581e-06
855.5	-7.02329e-06
856	-6.7848e-06
856.5	-1.44232e-05
857	-1.11311e-05
857.5	-1.25881e-05
858	-1.27904e-05
858.5	-9.3701e-06
859	-4.72533e-06
859.5	-9.04166e-07
860	-7.08747e-06
860.5	-5.42094e-06
861	8.00441e-07
861.5	2.352e-06
862	-1.47911e-06
862.5	-4.78708e-06
863	-8.66661e-06
863.5	-1.20243e-05
864	-1.51002e-05
864.5	-5.05327e-06
865	-5.87242e-06
865.5	-3.30813e-06
866	2.51396e-07
866.5	-7.01953e-06
867	-1.67896e-06
867.5	5.83731e-07
868	-1.63419e-05
868.5	-6.0031e-05
869	-8.35619e-05
869.5	8.46574e-05
870	0.000279495
870.5	-0.000228456
871	-0.000157915
871.5	-0.000116744
872	-0.000118845
872.5	-6.47073e-05
873	4.42331e-05
873.5	1.24786e-05
874	5.73672e-05
874.5	5.86007e-05
875	0.000144087
875.5	-0.000375046
876	-0.00018536
876.5	-0.000107608
877	-7.29671e-05
877.5	-4.01051e-05
878	-3.70472e-05
878.5	-1.40946e-05
879	7.69261e-06
879.5	7.47877e-06
880	5.99911e-06
880.5	3.76966e-06
881	-4.27244e-07
881.5	-7.80788e-06
882	-1.04918e-05
882.5	-9.53129e-06
883	-9.63274e-06
883.5	-8.69587e-06
884	-7.8845e-06
884.5	-7.36983e-06
885	-7.22856e-06
885.5	-6.96332e-06
886	-6.66957e-06
886.5	-4.83396e-06
887	-2.19875e-06
887.5	-2.58622e-06
888	-2.29266e-06
888.5	-3.49606e-06
889	-4.49877e-06
889.5	-4.85462e-06
890	-4.83363e-06
890.5	-2.76478e-06
891	-2.6213e-06
891.5	-4.33254e-06
892	-5.78632e-06
892.5	-6.62377e-06
893	-7.05265e-06
893.5	-7.06407e-06
894	-6.90551e-06
894.5	-6.50708e-06
895	-6.05648e-06
895.5	-5.70402e-06
896	-5.6615e-06
896.5	-6.05017e-06
897	-6.82227e-06
897.5	-7.83089e-06
898	-8.62678e-06
898.5	-9.11561e-06
899	-9.31382e-06
899.5	-9.2143e-06
900	-8.99687e-06
900.5	-8.78597e-06
901	-8.73366e-06
901.5	-8.61149e-06
902	-6.49742e-06
902.5	-3.59185e-06
903	-6.9045e-07
903.5	-9.1751e-07
904	-5.75179e-06
904.5	-5.85283e-06
905	-5.63408e-06
905.5	-7.1224e-06
906	-6.12776e-06
906.5	-5.83229e-06
907	-5.36345e-06
907.5	-7.13967e-06
908	-8.9765e-06
908.5	-1.10252e-05
909	-1.17237e-05
909.5	-1.16396e-05
910	-1.12847e-05
910.5	-1.09632e-05
911	-1.05511e-05
911.5	-1.01718e-05
912	-9.79929e-06
912.5	-9.62823e-06
913	-9.84843e-06
913.5	-1.01968e-05
914	-1.05789e-05
914.5	-1.0825e-05
915	-1.09247e-05
915.5	-1.08733e-05
916	-1.07372e-05
916.5	-1.05719e-05
917	-1.04672e-05
917.5	-1.01789e-05
918	-8.08476e-06
918.5	-6.11601e-06
919	-5.64971e-06
919.5	-3.34172e-06
920	-4.75201e-06
920.5	-5.2193e-06
921	-7.65763e-06
921.5	-8.09044e-06
922	-8.30637e-06
922.5	-8.47305e-06
923	-8.42601e-06
923.5	-8.39858e-06
924	-8.42033e-06
924.5	-8.59584e-06
925	-8.80851e-06
925.5	-8.85174e-06
926	-8.75042e-06
926.5	-8.77004e-06
927	-8.85734e-06
927.5	-8.96362e-06
928	-8.79634e-06
928.5	-8.5191e-06
929	-8.27285e-06
929.5	-8.09451e-06
930	-8.05199e-06
930.5	-8.01388e-06
931	-8.06858e-06
931.5	-6.85141e-06
932	-6.6903e-06
932.5	-5.16449e-06
933	-2.95874e-06
933.5	-3.77364e-06
934	-2.4885e-06
934.5	-5.27006e-06
935	-6.49863e-06
935.5	-5.80455e-06
936	-1.50481e-05
936.5	-1.17079e-05
937	-1.06538e-05
937.5	-1.09252e-05
938	-1.10796e-05
938.5	-1.11118e-05
939	-1.24737e-05
939.5	-1.54315e-05
940	-1.39823e-05
940.5	-1.25428e-05
941	-1.16226e-05
941.5	-1.09348e-05
942	-1.04197e-05
942.5	-9.94755e-06
943	-9.41924e-06
943.5	-8.96391e-06
944	-1.36341e-05
944.5	-1.22566e-05
945	-1.01189e-05
945.5	-8.62427e-06
946	-7.82756e-06
946.5	-7.52197e-06
947	-6.33898e-06
947.5	-5.65131e-06
948	-2.67507e-06
948.5	-3.81003e-06
949	-1.98629e-06
949.5	-2.12883e-06
950	-3.7927e-06
950.5	-6.84066e-06
951	-8.08692e-06
951.5	-8.43251e-06
952	-8.69554e-06
952.5	-8.83138e-06
953	-9.01897e-06
953.5	-9.29841e-06
954	-9.6857e-06
954.5	-9.90207e-06
955	-1.00316e-05
955.5	-1.05551e-05
956	-1.03719e-05
956.5	-1.04185e-05
957	-1.04603e-05
957.5	-1.06057e-05
958	-1.03787e-05
958.5	-9.99817e-06
959	-9.55857e-06
959.5	-8.95363e-06
960	-8.32617e-06
960.5	-7.34365e-06
961	-2.87277e-06
961.5	-3.06679e-06
962	-2.7002e-06
962.5	-1.21922e-06
963	-1.34273e-06
963.5	-6.72224e-07
964	-3.46839e-06
964.5	-1.17107e-05
965	-6.60238e-06
965.5	-4.84275e-06
966	-4.94347e-06
966.5	-5.37647e-06
967	-5.30308e-06
967.5	-5.21469e-06
968	-5.36877e-06
968.5	-5.88468e-06
969	-6.36624e-06
969.5	-6.82145e-06
970	-7.38186e-06
970.5	-7.66569e-06
971	-7.80358e-06
971.5	-7.73881e-06
972	-7.60952e-06
972.5	-7.49649e-06
973	-7.44704e-06
973.5	-7.61104e-06
974	-8.0439e-06
974.5	-8.44825e-06
975	-8.46143e-06
975.5	-7.06948e-06
976	-3.96105e-06
976.5	-8.95249e-06
977	-8.33456e-06
977.5	-6.72802e-06
978	-4.91241e-06
978.5	-4.37406e-06
979	-4.48016e-06
979.5	-5.55448e-06
980	-1.47498e-05
980.5	-1.29048e-05
981	-1.01407e-05
981.5	-9.4302e-06
982	-9.01708e-06
982.5	-8.35082e-06
983	-2.17566e-05
983.5	-1.29537e-05
984	-1.39737e-05
984.5	-1.93836e-05
985	-1.68786e-05
985.5	-3.00393e-05
986	-2.62323e-05
986.5	-7.22291e-05
987	-5.67058e-06
987.5	5.55966e-06
988	0.00014445
988.5	-0.000201469
989	-0.00013263
989.5	-9.23691e-05
990	-0.000115086
990.5	-0.000116173
991	3.62721e-05
991.5	4.68028e-05
992	3.16995e-05
992.5	0.000460117
993	-0.000149852
993.5	-0.00031755
994	-8.26749e-05
994.5	-6.90671e-05
995	-3.66619e-05
995.5	-4.90687e-05
996	-2.94673e-05
996.5	-2.88647e-05
997	-9.11436e-06
997.5	1.43639e-05
998	-3.58126e-06
998.5	-7.13282e-06
999	6.42344e-06
999.5	1.12843e-05
1000	7.77599e-06
