0	0
0.5	-7.11077e-26
1	-3.78921e-25
1.5	-1.42111e-25
2	2.36085e-26
2.5	-2.42808e-25
3	-1.47991e-25
3.5	-9.71366e-09
4	-1.61394e-07
4.5	-4.66028e-07
5	-8.90888e-07
5.5	-1.22182e-06
6	-1.54862e-06
6.5	-1.8292e-06
7	-1.96234e-06
7.5	-2.09669e-06
8	-2.23616e-06
8.5	-2.35508e-06
9	-2.45009e-06
9.5	-2.71062e-06
10	-3.12168e-06
10.5	-3.45612e-06
11	-3.74772e-06
11.5	-4.11224e-06
12	-4.32939e-06
12.5	-4.68482e-06
13	-5.33e-06
13.5	-5.87439e-06
14	-6.03188e-06
14.5	-6.0375e-06
15	-6.10987e-06
15.5	-6.18142e-06
16	-6.37049e-06
16.5	-6.07248e-06
17	-6.48823e-06
17.5	-6.84481e-06
18	-7.40032e-06
18.5	-7.95499e-06
19	-8.39117e-06
19.5	-9.07098e-06
20	-9.24732e-06
20.5	-9.1859e-06
21	-8.89921e-06
21.5	-8.56987e-06
22	-8.25539e-06
22.5	-8.04679e-06
23	-7.9133e-06
23.5	-7.80073e-06
24	-7.6309e-06
24.5	-7.44524e-06
25	-7.19918e-06
25.5	-7.34631e-06
26	-7.6648e-06
26.5	-8.30466e-06
27	-9.71327e-06
27.5	-1.47742e-05
28	-0.000161805
28.5	0.000137721
29	2.10234e-05
29.5	-5.31571e-05
30	-6.18235e-05
30.5	-1.97941e-05
31	-1.79421e-05
31.5	-1.44156e-05
32	-1.23844e-05
32.5	-1.07972e-05
33	-9.41937e-06
33.5	-1.01032e-05
34	-1.05618e-05
34.5	-1.08402e-05
35	-9.3532e-06
35.5	-8.02586e-06
36	-7.20328e-06
36.5	-6.07071e-06
37	-5.17478e-06
37.5	-4.76265e-06
38	-4.72567e-06
38.5	-4.85769e-06
39	-4.90808e-06
39.5	-4.9275e-06
40	-4.9508e-06
40.5	-4.95048e-06
41	-4.92989e-06
41.5	-4.92534e-06
42	-4.90912e-06
42.5	-5.03501e-06
43	-5.25593e-06
43.5	-5.43734e-06
44	-5.59658e-06
44.5	-5.91293e-06
45	-6.30583e-06
45.5	-6.9105e-06
46	-7.87972e-06
46.5	-9.5485e-06
47	-1.46214e-05
47.5	-0.000129143
48	0.000234301
48.5	9.44515e-05
49	-6.70434e-05
49.5	-9.58197e-05
50	-1.69212e-05
50.5	-1.36481e-05
51	-1.07001e-05
51.5	-9.11918e-06
52	-9.01272e-06
52.5	-8.7205e-06
53	-8.58101e-06
53.5	-8.36062e-06
54	-8.19405e-06
54.5	-8.12876e-06
55	-8.23599e-06
55.5	-8.29425e-06
56	-8.13514e-06
56.5	-7.93013e-06
57	-7.67796e-06
57.5	-7.37063e-06
58	-7.06858e-06
58.5	-6.81168e-06
59	-6.76757e-06
59.5	-6.92175e-06
60	-7.27481e-06
60.5	-7.70408e-06
61	-8.43771e-06
61.5	-9.90858e-06
62	-1.41936e-05
62.5	-9.93733e-05
63	0.000298284
63.5	0.000211769
64	-1.7928e-05
64.5	-0.000102604
65	-1.51984e-05
65.5	-1.25227e-05
66	-1.15488e-05
66.5	-9.77289e-06
67	-7.48473e-06
67.5	-5.49755e-06
68	-4.81606e-06
68.5	-4.24925e-06
69	-3.87683e-06
69.5	-3.87971e-06
70	-3.86321e-06
70.5	-3.71029e-06
71	-3.60857e-06
71.5	-3.57215e-06
72	-3.64632e-06
72.5	-3.69854e-06
73	-3.89107e-06
73.5	-4.29701e-06
74	-4.78189e-06
74.5	-5.26771e-06
75	-5.87657e-06
75.5	-6.50253e-06
76	-7.19932e-06
76.5	-8.45511e-06
77	-1.15471e-05
77.5	-8.85534e-05
78	-0.00024793
78.5	0.000387049
79	-2.31184e-05
79.5	-0.000116497
80	-2.49889e-05
80.5	-1.11673e-05
81	-8.80876e-06
81.5	-7.68537e-06
82	-6.21376e-06
82.5	-3.97599e-06
83	-2.84084e-06
83.5	-2.82527e-06
84	-3.14692e-06
84.5	-3.68216e-06
85	-4.84144e-06
85.5	-6.02773e-06
86	-6.65424e-06
86.5	-7.08346e-06
87	-7.41545e-06
87.5	-7.61503e-06
88	-7.66912e-06
88.5	-7.62544e-06
89	-7.65333e-06
89.5	-7.73161e-06
90	-7.78488e-06
90.5	-7.72721e-06
91	-7.79675e-06
91.5	-7.97723e-06
92	-8.26376e-06
92.5	-8.90537e-06
93	-1.08822e-05
93.5	-2.93941e-05
94	-0.00031399
94.5	0.00032573
95	-1.4765e-05
95.5	-9.88662e-05
96	-3.13401e-05
96.5	-1.13507e-05
97	-9.19951e-06
97.5	-8.18058e-06
98	-6.68331e-06
98.5	-6.04609e-06
99	-5.90459e-06
99.5	-5.81536e-06
100	-5.7129e-06
100.5	-5.71363e-06
101	-5.75658e-06
101.5	-5.74016e-06
102	-5.68466e-06
102.5	-5.78578e-06
103	-5.88841e-06
103.5	-5.89806e-06
104	-5.87507e-06
104.5	-5.95426e-06
105	-5.91814e-06
105.5	-5.77619e-06
106	-5.83959e-06
106.5	-6.26321e-06
107	-6.66249e-06
107.5	-7.1931e-06
108	-6.1772e-06
108.5	-6.37337e-06
109	-6.8875e-06
109.5	-7.2767e-06
110	-7.53977e-06
110.5	-6.95477e-06
111	-8.02431e-06
111.5	-9.80304e-06
112	-1.10127e-05
112.5	-1.15143e-05
113	-1.14428e-05
113.5	-1.13223e-05
114	-1.11655e-05
114.5	-1.10596e-05
115	-1.04721e-05
115.5	-9.65298e-06
116	-8.70362e-06
116.5	-7.74453e-06
117	-7.2766e-06
117.5	-7.26471e-06
118	-7.35697e-06
118.5	-7.47955e-06
119	-8.89441e-06
119.5	-1.00754e-05
120	-1.10241e-05
120.5	-1.18065e-05
121	-1.28185e-05
121.5	-1.42195e-05
122	-1.62876e-05
122.5	-1.75368e-05
123	-2.00935e-05
123.5	-2.9563e-05
124	-0.000177641
124.5	-0.00012198
125	0.000170389
125.5	-1.18594e-05
126	-8.78795e-05
126.5	-2.25126e-05
127	-1.82688e-05
127.5	-1.59709e-05
128	-1.39075e-05
128.5	-1.24751e-05
129	-1.18179e-05
129.5	-1.16633e-05
130	-1.13744e-05
130.5	-1.11658e-05
131	-1.10049e-05
131.5	-1.07722e-05
132	-1.04102e-05
132.5	-9.96908e-06
133	-9.67675e-06
133.5	-9.77533e-06
134	-1.00306e-05
134.5	-1.02875e-05
135	-1.0636e-05
135.5	-1.12783e-05
136	-1.22629e-05
136.5	-1.49692e-05
137	-9.80231e-05
137.5	0.000165759
138	0.000317748
138.5	1.39993e-05
139	-0.000127491
139.5	-2.93934e-05
140	-1.804e-05
140.5	-1.2646e-05
141	-1.01753e-05
141.5	-9.13249e-06
142	-8.76341e-06
142.5	-8.70103e-06
143	-8.6545e-06
143.5	-8.68184e-06
144	-9.00391e-06
144.5	-9.36297e-06
145	-9.72152e-06
145.5	-9.9056e-06
146	-1.00379e-05
146.5	-1.02926e-05
147	-1.06572e-05
147.5	-1.10585e-05
148	-1.14583e-05
148.5	-1.17319e-05
149	-1.19077e-05
149.5	-1.21385e-05
150	-1.25581e-05
150.5	-1.25878e-05
151	-1.26047e-05
151.5	-1.72307e-05
152	-9.84891e-05
152.5	8.19149e-05
153	0.000284743
153.5	-2.31589e-05
154	-0.000130266
154.5	-2.82445e-05
155	-1.94358e-05
155.5	-1.65474e-05
156	-1.40407e-05
156.5	-1.24253e-05
157	-1.14607e-05
157.5	-1.07257e-05
158	-9.98115e-06
158.5	-9.37682e-06
159	-8.80631e-06
159.5	-8.22259e-06
160	-7.7194e-06
160.5	-7.31327e-06
161	-7.26215e-06
161.5	-7.50211e-06
162	-7.7876e-06
162.5	-8.05966e-06
163	-8.43804e-06
163.5	-9.0772e-06
164	-9.90112e-06
164.5	-1.0704e-05
165	-1.1048e-05
165.5	-1.19532e-05
166	-1.56874e-05
166.5	-9.46579e-05
167	8.90237e-06
167.5	0.000283059
168	-2.94595e-05
168.5	-0.000136056
169	-2.47211e-05
169.5	-1.50877e-05
170	-1.24068e-05
170.5	-1.01514e-05
171	-9.27473e-06
171.5	-8.55387e-06
172	-7.72859e-06
172.5	-7.19257e-06
173	-7.05856e-06
173.5	-7.13817e-06
174	-7.21622e-06
174.5	-7.14122e-06
175	-6.97195e-06
175.5	-6.76508e-06
176	-6.50725e-06
176.5	-6.32487e-06
177	-6.069e-06
177.5	-6.19709e-06
178	-6.69184e-06
178.5	-7.41314e-06
179	-7.91087e-06
179.5	-8.16976e-06
180	-8.56006e-06
180.5	-9.35574e-06
181	-1.03585e-05
181.5	-1.12345e-05
182	-1.32493e-05
182.5	-3.75101e-05
183	-0.00032384
183.5	0.000320803
184	2.2299e-06
184.5	-0.000114283
185	-5.01192e-05
185.5	-2.29884e-05
186	-1.72875e-05
186.5	-1.41586e-05
187	-1.26072e-05
187.5	-1.17952e-05
188	-1.14113e-05
188.5	-1.16528e-05
189	-1.21394e-05
189.5	-1.2608e-05
190	-1.32054e-05
190.5	-1.42602e-05
191	-1.60108e-05
191.5	-2.00097e-05
192	-9.87294e-05
192.5	-0.000143684
193	0.000383304
193.5	-3.02401e-05
194	-0.000136668
194.5	-2.64844e-05
195	-1.51409e-05
195.5	-1.47289e-05
196	-1.49636e-05
196.5	-1.55295e-05
197	-1.52534e-05
197.5	-1.3466e-05
198	-1.22316e-05
198.5	-1.12435e-05
199	-9.93196e-06
199.5	-8.77608e-06
200	-7.61644e-06
200.5	-6.85969e-06
201	-6.6031e-06
201.5	-6.51112e-06
202	-6.38298e-06
202.5	-6.25486e-06
203	-6.20066e-06
203.5	-6.1184e-06
204	-6.02508e-06
204.5	-6.16957e-06
205	-6.53102e-06
205.5	-7.33536e-06
206	-8.53459e-06
206.5	-1.07827e-05
207	-1.82171e-05
207.5	-0.000176727
208	0.000200322
208.5	7.90763e-06
209	-9.99737e-05
209.5	-6.3608e-05
210	-1.69011e-05
210.5	-1.49342e-05
211	-1.50865e-05
211.5	-1.54448e-05
212	-1.4262e-05
212.5	-1.26293e-05
213	-1.16955e-05
213.5	-1.11694e-05
214	-1.0795e-05
214.5	-1.05976e-05
215	-1.0544e-05
215.5	-1.07535e-05
216	-1.13351e-05
216.5	-1.19058e-05
217	-1.21668e-05
217.5	-1.23005e-05
218	-1.25493e-05
218.5	-1.27362e-05
219	-1.3033e-05
219.5	-1.35237e-05
220	-1.45474e-05
220.5	-1.58062e-05
221	-1.80932e-05
221.5	-3.33096e-05
222	-0.00028366
222.5	0.000244001
223	-8.04481e-07
223.5	-9.66836e-05
224	-4.13601e-05
224.5	-1.59098e-05
225	-1.51926e-05
225.5	-1.59676e-05
226	-1.58503e-05
226.5	-1.60226e-05
227	-1.5927e-05
227.5	-1.36752e-05
228	-1.21842e-05
228.5	-1.14309e-05
229	-9.8741e-06
229.5	-9.25448e-06
230	-8.99195e-06
230.5	-8.15223e-06
231	-8.63211e-06
231.5	-8.8262e-06
232	-8.62376e-06
232.5	-9.09977e-06
233	-1.03597e-05
233.5	-1.19819e-05
234	-1.23973e-05
234.5	-1.2702e-05
235	-1.3344e-05
235.5	-1.2754e-05
236	-1.16213e-05
236.5	-9.48623e-06
237	-7.82162e-06
237.5	-6.52138e-06
238	-5.33935e-06
238.5	-4.74773e-06
239	-4.59805e-06
239.5	-4.74243e-06
240	-4.95224e-06
240.5	-5.1731e-06
241	-5.23158e-06
241.5	-5.20226e-06
242	-5.07573e-06
242.5	-4.69605e-06
243	-4.35536e-06
243.5	-4.11313e-06
244	-3.92729e-06
244.5	-3.85717e-06
245	-3.99039e-06
245.5	-4.24186e-06
246	-4.82966e-06
246.5	-5.75767e-06
247	-7.59231e-06
247.5	-1.26813e-05
248	-0.000149389
248.5	0.000129715
249	9.08381e-05
249.5	-5.07828e-05
250	-7.95033e-05
250.5	-1.91544e-05
251	-1.23954e-05
251.5	-8.00542e-06
252	-4.59545e-06
252.5	-2.51118e-06
253	-1.74126e-06
253.5	-1.74371e-06
254	-2.24875e-06
254.5	-2.88492e-06
255	-3.62296e-06
255.5	-4.30967e-06
256	-5.04432e-06
256.5	-5.64272e-06
257	-6.01752e-06
257.5	-6.19008e-06
258	-6.21575e-06
258.5	-6.42123e-06
259	-6.70426e-06
259.5	-6.89399e-06
260	-7.09821e-06
260.5	-7.63813e-06
261	-8.63364e-06
261.5	-1.08494e-05
262	-3.08376e-05
262.5	-0.000308549
263	0.000251929
263.5	-8.79557e-06
264	-0.000109498
264.5	-4.59175e-05
265	-1.78927e-05
265.5	-1.40744e-05
266	-1.1303e-05
266.5	-9.80552e-06
267	-8.73019e-06
267.5	-7.99093e-06
268	-7.45343e-06
268.5	-7.05463e-06
269	-6.85804e-06
269.5	-6.67285e-06
270	-6.51512e-06
270.5	-6.33082e-06
271	-6.08727e-06
271.5	-5.89779e-06
272	-5.8511e-06
272.5	-5.80974e-06
273	-5.89012e-06
273.5	-6.08145e-06
274	-6.3341e-06
274.5	-6.85996e-06
275	-8.25188e-06
275.5	-1.52769e-05
276	-0.000159432
276.5	0.000172719
277	5.74765e-05
277.5	-0.000108282
278	-9.35076e-05
278.5	-1.26661e-05
279	-9.93039e-06
279.5	-9.22186e-06
280	-8.47688e-06
280.5	-7.87733e-06
281	-6.77227e-06
281.5	-6.31856e-06
282	-6.33013e-06
282.5	-6.44857e-06
283	-6.67039e-06
283.5	-6.90248e-06
284	-7.0149e-06
284.5	-6.95664e-06
285	-6.75082e-06
285.5	-6.67028e-06
286	-6.51447e-06
286.5	-6.3366e-06
287	-6.27244e-06
287.5	-6.51511e-06
288	-6.98813e-06
288.5	-7.45902e-06
289	-8.00435e-06
289.5	-8.80545e-06
290	-1.0109e-05
290.5	-1.20988e-05
291	-2.68737e-05
291.5	-0.000291142
292	0.000291212
292.5	2.53884e-05
293	-7.8686e-05
293.5	-3.72804e-05
294	-1.30104e-05
294.5	-1.1545e-05
295	-8.90828e-06
295.5	-7.20017e-06
296	-6.35607e-06
296.5	-6.17646e-06
297	-6.17129e-06
297.5	-6.20138e-06
298	-6.36994e-06
298.5	-7.00522e-06
299	-7.62893e-06
299.5	-8.16549e-06
300	-8.5361e-06
300.5	-9.0378e-06
301	-9.60031e-06
301.5	-1.04163e-05
302	-1.04161e-05
302.5	-1.12277e-05
303	-1.23358e-05
303.5	-1.41515e-05
304	-1.78747e-05
304.5	-6.06991e-05
305	-0.00035388
305.5	0.00044391
306	2.82905e-05
306.5	-0.000104789
307	-3.15595e-05
307.5	-1.82068e-05
308	-1.34805e-05
308.5	-1.13821e-05
309	-9.54233e-06
309.5	-8.67297e-06
310	-8.20495e-06
310.5	-8.18076e-06
311	-8.3489e-06
311.5	-8.40283e-06
312	-8.35344e-06
312.5	-8.26566e-06
313	-8.19297e-06
313.5	-8.02511e-06
314	-7.82278e-06
314.5	-7.77955e-06
315	-8.12229e-06
315.5	-8.91191e-06
316	-1.05329e-05
316.5	-1.46847e-05
317	-9.65226e-05
317.5	0.000238251
318	0.000268819
318.5	-3.70219e-05
319	-0.000127871
319.5	-2.37012e-05
320	-1.77468e-05
320.5	-1.6161e-05
321	-1.48913e-05
321.5	-1.17792e-05
322	-9.21913e-06
322.5	-7.87558e-06
323	-7.35408e-06
323.5	-7.26168e-06
324	-7.18635e-06
324.5	-7.11673e-06
325	-6.98259e-06
325.5	-6.79489e-06
326	-6.56403e-06
326.5	-6.36357e-06
327	-6.00624e-06
327.5	-5.77797e-06
328	-5.5659e-06
328.5	-5.2257e-06
329	-4.86594e-06
329.5	-4.83286e-06
330	-5.00199e-06
330.5	-5.45109e-06
331	-6.01664e-06
331.5	-6.47069e-06
332	-6.67706e-06
332.5	-6.75315e-06
333	-5.73951e-06
333.5	-5.68023e-06
334	-5.67122e-06
334.5	-4.82112e-06
335	-6.15552e-06
335.5	-6.61162e-06
336	-7.42731e-06
336.5	-8.32066e-06
337	-8.76413e-06
337.5	-8.77692e-06
338	-8.64888e-06
338.5	-8.41346e-06
339	-8.4227e-06
339.5	-8.57851e-06
340	-8.83637e-06
340.5	-9.11e-06
341	-9.44548e-06
341.5	-1.01147e-05
342	-1.17246e-05
342.5	-1.968e-05
343	-0.000180854
343.5	0.000192637
344	1.7931e-05
344.5	-9.59886e-05
345	-6.17712e-05
345.5	-1.22052e-05
346	-9.78268e-06
346.5	-9.9927e-06
347	-8.43849e-06
347.5	-7.35554e-06
348	-6.89424e-06
348.5	-5.78982e-06
349	-5.2373e-06
349.5	-4.9379e-06
350	-4.31888e-06
350.5	-3.7065e-06
351	-3.22552e-06
351.5	-3.43671e-06
352	-4.1586e-06
352.5	-3.82979e-06
353	-4.0955e-06
353.5	-5.01165e-06
354	-5.60814e-06
354.5	-6.18511e-06
355	-7.61718e-06
355.5	-9.70012e-06
356	-9.97945e-06
356.5	-9.69363e-06
357	-9.64809e-06
357.5	-1.02127e-05
358	-1.22118e-05
358.5	-2.18886e-05
359	-5.90033e-05
359.5	6.35812e-05
360	0.000148491
360.5	-0.000101622
361	-0.000116046
361.5	-1.72206e-05
362	-6.83103e-06
362.5	-7.51451e-06
363	-7.79728e-06
363.5	-7.57876e-06
364	-7.2553e-06
364.5	-7.0221e-06
365	-6.89835e-06
365.5	-6.89578e-06
366	-6.90384e-06
366.5	-7.07552e-06
367	-7.29511e-06
367.5	-7.33598e-06
368	-7.38249e-06
368.5	-7.37158e-06
369	-7.21112e-06
369.5	-6.85349e-06
370	-6.6127e-06
370.5	-5.98436e-06
371	-5.75251e-06
371.5	-5.59481e-06
372	-5.53971e-06
372.5	-6.38652e-06
373	-7.26552e-06
373.5	-8.04892e-06
374	-8.86513e-06
374.5	-9.47716e-06
375	-1.05802e-05
375.5	-1.36392e-05
376	-4.01047e-05
376.5	-0.000306185
377	0.000287468
377.5	1.06857e-05
378	-0.000101324
378.5	-4.18784e-05
379	-1.39588e-05
379.5	-1.04074e-05
380	-8.80924e-06
380.5	-7.72886e-06
381	-6.93018e-06
381.5	-6.41933e-06
382	-6.18029e-06
382.5	-6.07039e-06
383	-6.0923e-06
383.5	-6.02264e-06
384	-5.56945e-06
384.5	-4.95638e-06
385	-4.41375e-06
385.5	-3.35984e-06
386	-2.55951e-06
386.5	-2.45127e-06
387	-2.49471e-06
387.5	-2.5636e-06
388	-2.33565e-06
388.5	-2.48432e-06
389	-2.25383e-06
389.5	-2.12797e-06
390	-1.8008e-06
390.5	-1.57337e-06
391	-1.67591e-06
391.5	-1.86072e-06
392	-2.1041e-06
392.5	-2.234e-06
393	-2.34233e-06
393.5	-2.45783e-06
394	-2.03652e-06
394.5	-2.49939e-06
395	-3.18195e-06
395.5	-3.84532e-06
396	-4.44265e-06
396.5	-5.06199e-06
397	-5.80114e-06
397.5	-7.20801e-06
398	-1.13253e-05
398.5	-0.000114186
399	0.000419041
399.5	0.000146091
400	-7.94526e-05
400.5	-0.00010487
401	-1.37467e-05
401.5	-8.39738e-06
402	-6.39445e-06
402.5	-5.47559e-06
403	-6.14591e-06
403.5	-6.00212e-06
404	-5.84961e-06
404.5	-5.71113e-06
405	-5.74305e-06
405.5	-6.02423e-06
406	-6.45009e-06
406.5	-7.12477e-06
407	-8.03722e-06
407.5	-8.83784e-06
408	-9.52943e-06
408.5	-1.00874e-05
409	-1.06564e-05
409.5	-1.10974e-05
410	-1.14429e-05
410.5	-1.17565e-05
411	-1.18842e-05
411.5	-1.28762e-05
412	-1.46254e-05
412.5	-1.78782e-05
413	-5.68029e-05
413.5	-0.000330771
414	0.000326605
414.5	1.66629e-05
415	-9.15515e-05
415.5	-3.97967e-05
416	-1.93344e-05
416.5	-1.59177e-05
417	-1.44905e-05
417.5	-1.22455e-05
418	-1.06323e-05
418.5	-9.75946e-06
419	-9.2421e-06
419.5	-8.92958e-06
420	-8.68987e-06
420.5	-8.49576e-06
421	-8.30769e-06
421.5	-8.01927e-06
422	-7.65184e-06
422.5	-7.5467e-06
423	-7.58432e-06
423.5	-7.70974e-06
424	-7.921e-06
424.5	-7.99821e-06
425	-8.02443e-06
425.5	-7.95806e-06
426	-6.86074e-06
426.5	-6.63665e-06
427	-6.33653e-06
427.5	-6.03262e-06
428	-6.90147e-06
428.5	-6.45157e-06
429	-8.00408e-06
429.5	-1.37929e-05
430	-0.000126342
430.5	0.000498218
431	0.0002492
431.5	-6.23222e-05
432	-0.000122001
432.5	-1.71988e-05
433	-8.57965e-06
433.5	-6.26985e-06
434	-5.50683e-06
434.5	-5.27738e-06
435	-5.1313e-06
435.5	-5.04468e-06
436	-5.18528e-06
436.5	-5.53451e-06
437	-5.86652e-06
437.5	-5.97975e-06
438	-5.96998e-06
438.5	-5.95809e-06
439	-6.16105e-06
439.5	-6.29438e-06
440	-6.45234e-06
440.5	-6.82151e-06
441	-6.69306e-06
441.5	-5.85305e-06
442	-5.21766e-06
442.5	-5.55302e-06
443	-5.44732e-06
443.5	-5.45504e-06
444	-5.41019e-06
444.5	-5.59672e-06
445	-5.77125e-06
445.5	-5.86297e-06
446	-6.00241e-06
446.5	-6.28085e-06
447	-6.70984e-06
447.5	-7.167e-06
448	-7.93748e-06
448.5	-9.25256e-06
449	-1.24702e-05
449.5	-9.39356e-05
450	-0.000140743
450.5	0.000306414
451	-2.83413e-05
451.5	-0.000131659
452	-1.8916e-05
452.5	-9.16876e-06
453	-7.98034e-06
453.5	-7.35955e-06
454	-7.20041e-06
454.5	-6.39839e-06
455	-6.04441e-06
455.5	-5.80957e-06
456	-5.13378e-06
456.5	-4.56085e-06
457	-4.50735e-06
457.5	-4.53339e-06
458	-4.53177e-06
458.5	-4.67585e-06
459	-4.93265e-06
459.5	-5.01277e-06
460	-5.07875e-06
460.5	-4.80015e-06
461	-5.09584e-06
461.5	-5.42628e-06
462	-5.8497e-06
462.5	-6.49418e-06
463	-7.5838e-06
463.5	-9.79448e-06
464	-2.21496e-05
464.5	-0.000252224
465	0.000234485
465.5	-2.8243e-06
466	-0.000104382
466.5	-5.10945e-05
467	-1.44026e-05
467.5	-1.25716e-05
468	-1.15228e-05
468.5	-1.02005e-05
469	-8.11392e-06
469.5	-6.65459e-06
470	-5.48189e-06
470.5	-4.99704e-06
471	-5.10557e-06
471.5	-5.12581e-06
472	-5.28281e-06
472.5	-5.55262e-06
473	-5.8303e-06
473.5	-5.89876e-06
474	-5.99588e-06
474.5	-5.44993e-06
475	-5.6333e-06
475.5	-5.66843e-06
476	-5.85545e-06
476.5	-5.32411e-06
477	-4.85992e-06
477.5	-4.83952e-06
478	-5.4505e-06
478.5	-6.24478e-06
479	-7.19102e-06
479.5	-7.80598e-06
480	-8.60837e-06
480.5	-8.54141e-06
481	-9.53118e-06
481.5	-1.1224e-05
482	-1.7999e-05
482.5	-0.000156782
483	0.000223106
483.5	4.905e-05
484	-0.000101698
484.5	-8.27959e-05
485	-2.65939e-05
485.5	-2.15555e-05
486	-1.75223e-05
486.5	-1.43516e-05
487	-1.11273e-05
487.5	-9.58874e-06
488	-8.84853e-06
488.5	-8.40033e-06
489	-8.00368e-06
489.5	-7.09914e-06
490	-5.9868e-06
490.5	-5.74299e-06
491	-5.59045e-06
491.5	-5.67937e-06
492	-5.27971e-06
492.5	-5.29448e-06
493	-5.71405e-06
493.5	-5.93296e-06
494	-6.00475e-06
494.5	-6.07846e-06
495	-6.19075e-06
495.5	-6.20099e-06
496	-6.15724e-06
496.5	-6.21356e-06
497	-6.39448e-06
497.5	-7.00269e-06
498	-7.02301e-06
498.5	-8.206e-06
499	-1.07922e-05
499.5	-2.02515e-05
500	-0.000200189
500.5	0.000175514
501	1.31596e-05
501.5	-9.23528e-05
502	-5.98159e-05
502.5	-1.62627e-05
503	-1.59195e-05
503.5	-1.62709e-05
504	-1.60788e-05
504.5	-1.55698e-05
505	-1.5079e-05
505.5	-1.3899e-05
506	-1.2915e-05
506.5	-1.2125e-05
507	-1.13482e-05
507.5	-1.06606e-05
508	-1.01931e-05
508.5	-1.00419e-05
509	-1.02893e-05
509.5	-1.06391e-05
510	-1.11811e-05
510.5	-1.20696e-05
511	-1.3736e-05
511.5	-1.97931e-05
512	-0.000155969
512.5	0.000176627
513	9.58715e-05
513.5	-8.86267e-05
514	-0.000100474
514.5	-1.83988e-05
515	-1.52016e-05
515.5	-1.37087e-05
516	-1.22198e-05
516.5	-1.13208e-05
517	-1.09649e-05
517.5	-1.08438e-05
518	-1.08089e-05
518.5	-1.03227e-05
519	-9.83995e-06
519.5	-9.56914e-06
520	-9.67996e-06
520.5	-1.0125e-05
521	-1.05774e-05
521.5	-1.08311e-05
522	-1.09251e-05
522.5	-1.09472e-05
523	-1.11542e-05
523.5	-1.16353e-05
524	-1.24574e-05
524.5	-1.36883e-05
525	-1.59031e-05
525.5	-2.325e-05
526	-0.000177461
526.5	0.000124512
527	7.24484e-05
527.5	-5.26248e-05
528	-7.82446e-05
528.5	-2.10595e-05
529	-1.5612e-05
529.5	-1.2319e-05
530	-9.28999e-06
530.5	-7.90691e-06
531	-6.58932e-06
531.5	-5.60409e-06
532	-5.07629e-06
532.5	-4.82988e-06
533	-4.7877e-06
533.5	-4.91008e-06
534	-5.11726e-06
534.5	-5.28669e-06
535	-5.48235e-06
535.5	-5.55542e-06
536	-5.53325e-06
536.5	-5.58275e-06
537	-5.65966e-06
537.5	-5.78304e-06
538	-6.06194e-06
538.5	-6.74248e-06
539	-7.20257e-06
539.5	-8.50584e-06
540	-1.99007e-05
540.5	-0.00024609
541	0.000222208
541.5	5.54483e-05
542	-6.43176e-05
542.5	-5.59992e-05
543	-1.33842e-05
543.5	-9.763e-06
544	-8.8274e-06
544.5	-8.28341e-06
545	-8.67442e-06
545.5	-9.63453e-06
546	-1.04712e-05
546.5	-1.12472e-05
547	-1.18506e-05
547.5	-1.22544e-05
548	-1.26198e-05
548.5	-1.29904e-05
549	-1.31669e-05
549.5	-1.31971e-05
550	-1.31528e-05
550.5	-1.31902e-05
551	-1.33877e-05
551.5	-1.36185e-05
552	-1.44527e-05
552.5	-1.58072e-05
553	-1.78485e-05
553.5	-4.51333e-05
554	-0.000321543
554.5	0.000317288
555	3.95214e-05
555.5	-9.52282e-05
556	-5.11837e-05
556.5	-2.24783e-05
557	-1.71301e-05
557.5	-1.37562e-05
558	-1.17588e-05
558.5	-1.06907e-05
559	-9.97207e-06
559.5	-9.33127e-06
560	-8.74816e-06
560.5	-8.14885e-06
561	-7.60348e-06
561.5	-7.28268e-06
562	-7.05091e-06
562.5	-6.94881e-06
563	-6.95509e-06
563.5	-7.02385e-06
564	-6.98414e-06
564.5	-6.78273e-06
565	-6.46405e-06
565.5	-6.10901e-06
566	-5.90206e-06
566.5	-5.43944e-06
567	-5.44107e-06
567.5	-5.04146e-06
568	-4.75423e-06
568.5	-5.42133e-06
569	-5.61394e-06
569.5	-6.27237e-06
570	-7.0032e-06
570.5	-7.24868e-06
571	-8.3416e-06
571.5	-9.40783e-06
572	-9.94916e-06
572.5	-1.0079e-05
573	-9.96674e-06
573.5	-9.77371e-06
574	-9.60067e-06
574.5	-9.38948e-06
575	-9.19317e-06
575.5	-8.99458e-06
576	-9.07675e-06
576.5	-9.15061e-06
577	-9.38001e-06
577.5	-9.52389e-06
578	-9.59435e-06
578.5	-9.92439e-06
579	-1.05017e-05
579.5	-1.19097e-05
580	-1.68967e-05
580.5	-0.000122061
581	0.00011776
581.5	7.52403e-05
582	-4.59581e-05
582.5	-7.2006e-05
583	-1.72423e-05
583.5	-1.15842e-05
584	-8.64928e-06
584.5	-6.19727e-06
585	-4.88063e-06
585.5	-4.35129e-06
586	-4.39982e-06
586.5	-4.15049e-06
587	-3.79351e-06
587.5	-3.53848e-06
588	-3.1842e-06
588.5	-2.98823e-06
589	-3.05191e-06
589.5	-3.27098e-06
590	-3.55121e-06
590.5	-4.00395e-06
591	-4.47106e-06
591.5	-4.71828e-06
592	-5.07759e-06
592.5	-5.25324e-06
593	-5.42653e-06
593.5	-5.80774e-06
594	-6.30992e-06
594.5	-7.20233e-06
595	-6.97327e-06
595.5	-7.58335e-06
596	-7.37668e-06
596.5	-8.96913e-06
597	-1.06618e-05
597.5	-1.3686e-05
598	-3.21075e-05
598.5	-0.000240107
599	0.000278738
599.5	5.81708e-05
600	-0.000103728
600.5	-7.7663e-05
601	-2.24927e-05
601.5	-1.63903e-05
602	-1.28696e-05
602.5	-1.07963e-05
603	-1.03918e-05
603.5	-1.04725e-05
604	-1.20777e-05
604.5	-1.26132e-05
605	-1.21735e-05
605.5	-1.05843e-05
606	-1.05e-05
606.5	-1.18109e-05
607	-1.14363e-05
607.5	-1.04609e-05
608	-1.07587e-05
608.5	-1.10352e-05
609	-1.05495e-05
609.5	-1.03928e-05
610	-9.85462e-06
610.5	-9.49411e-06
611	-8.95532e-06
611.5	-8.56953e-06
612	-7.9718e-06
612.5	-7.62825e-06
613	-7.72205e-06
613.5	-8.06399e-06
614	-8.77526e-06
614.5	-9.87548e-06
615	-1.1096e-05
615.5	-1.26337e-05
616	-1.53345e-05
616.5	-2.62521e-05
617	-0.000268396
617.5	0.000219776
618	3.68158e-05
618.5	-6.28625e-05
619	-4.12606e-05
619.5	-1.39908e-05
620	-1.3212e-05
620.5	-1.30827e-05
621	-1.27871e-05
621.5	-1.42222e-05
622	-1.29751e-05
622.5	-1.06623e-05
623	-9.13999e-06
623.5	-8.87475e-06
624	-9.05344e-06
624.5	-9.12969e-06
625	-9.48235e-06
625.5	-9.73637e-06
626	-9.90618e-06
626.5	-1.01945e-05
627	-1.04432e-05
627.5	-1.05043e-05
628	-1.04333e-05
628.5	-1.04055e-05
629	-1.05109e-05
629.5	-1.08261e-05
630	-1.11651e-05
630.5	-1.1647e-05
631	-1.21983e-05
631.5	-1.27721e-05
632	-1.35807e-05
632.5	-1.54192e-05
633	-2.36762e-05
633.5	-0.00018084
634	0.000127772
634.5	2.94643e-05
635	-7.8293e-05
635.5	-6.38527e-05
636	-1.29595e-05
636.5	-9.73469e-06
637	-1.0821e-05
637.5	-1.02796e-05
638	-9.28058e-06
638.5	-8.20317e-06
639	-7.0506e-06
639.5	-6.33491e-06
640	-5.71297e-06
640.5	-5.4173e-06
641	-5.71895e-06
641.5	-6.28425e-06
642	-6.73444e-06
642.5	-7.09616e-06
643	-7.28434e-06
643.5	-7.56466e-06
644	-8.05106e-06
644.5	-8.48755e-06
645	-8.77831e-06
645.5	-9.1672e-06
646	-9.59722e-06
646.5	-1.01319e-05
647	-1.06645e-05
647.5	-1.13526e-05
648	-1.24678e-05
648.5	-1.7748e-05
649	-0.000138233
649.5	0.000276322
650	0.0001071
650.5	-8.05362e-05
651	-0.000103657
651.5	-1.81738e-05
652	-1.67188e-05
652.5	-1.43191e-05
653	-1.23146e-05
653.5	-1.04118e-05
654	-8.4545e-06
654.5	-7.08803e-06
655	-6.66783e-06
655.5	-6.6493e-06
656	-6.79369e-06
656.5	-6.954e-06
657	-7.00899e-06
657.5	-7.17231e-06
658	-7.49266e-06
658.5	-7.80236e-06
659	-8.22477e-06
659.5	-8.66821e-06
660	-9.05052e-06
660.5	-9.24054e-06
661	-9.32572e-06
661.5	-9.67939e-06
662	-1.02084e-05
662.5	-1.07073e-05
663	-1.11875e-05
663.5	-1.17484e-05
664	-1.26534e-05
664.5	-1.42384e-05
665	-1.84902e-05
665.5	-0.000102767
666	5.99403e-05
666.5	0.000327369
667	3.73437e-05
667.5	-0.000124621
668	-2.41953e-05
668.5	-1.46787e-05
669	-1.13594e-05
669.5	-9.1096e-06
670	-7.00259e-06
670.5	-5.97723e-06
671	-5.50267e-06
671.5	-5.25887e-06
672	-5.39415e-06
672.5	-5.65972e-06
673	-6.05344e-06
673.5	-6.30505e-06
674	-6.43529e-06
674.5	-6.45097e-06
675	-6.24337e-06
675.5	-6.29279e-06
676	-6.47676e-06
676.5	-6.75277e-06
677	-7.21077e-06
677.5	-7.9657e-06
678	-8.71167e-06
678.5	-1.03982e-05
679	-1.71297e-05
679.5	-0.000152073
680	0.000158042
680.5	0.000145881
681	-3.98314e-05
681.5	-9.91236e-05
682	-2.31701e-05
682.5	-1.53519e-05
683	-1.05499e-05
683.5	-7.87722e-06
684	-5.83575e-06
684.5	-4.97704e-06
685	-5.05388e-06
685.5	-5.47657e-06
686	-6.21543e-06
686.5	-6.87232e-06
687	-7.45015e-06
687.5	-8.22097e-06
688	-8.9092e-06
688.5	-9.52236e-06
689	-9.98701e-06
689.5	-1.03546e-05
690	-1.06322e-05
690.5	-1.09064e-05
691	-1.11372e-05
691.5	-1.13481e-05
692	-1.14213e-05
692.5	-1.18032e-05
693	-1.25705e-05
693.5	-1.37083e-05
694	-1.49559e-05
694.5	-1.74078e-05
695	-0.000102378
695.5	-2.60097e-05
696	0.000371338
696.5	5.28893e-05
697	-0.000132436
697.5	-2.80796e-05
698	-1.68112e-05
698.5	-1.36492e-05
699	-1.1602e-05
699.5	-1.04639e-05
700	-9.90826e-06
700.5	-9.57614e-06
701	-9.36493e-06
701.5	-9.17254e-06
702	-9.07734e-06
702.5	-9.12575e-06
703	-8.81689e-06
703.5	-8.45257e-06
704	-8.21324e-06
704.5	-8.12122e-06
705	-8.30342e-06
705.5	-8.89679e-06
706	-1.05575e-05
706.5	-1.91295e-05
707	-0.000224113
707.5	0.000189137
708	-1.16654e-07
708.5	-8.6334e-05
709	-4.72772e-05
709.5	-1.42453e-05
710	-1.05886e-05
710.5	-8.33599e-06
711	-7.03992e-06
711.5	-6.10747e-06
712	-4.75688e-06
712.5	-3.98038e-06
713	-3.39537e-06
713.5	-3.60538e-06
714	-3.55716e-06
714.5	-3.91775e-06
715	-4.71173e-06
715.5	-6.17604e-06
716	-6.26289e-06
716.5	-7.07755e-06
717	-8.72899e-06
717.5	-9.20224e-06
718	-8.92067e-06
718.5	-7.81982e-06
719	-6.85715e-06
719.5	-6.66088e-06
720	-7.42403e-06
720.5	-7.0153e-06
721	-6.44468e-06
721.5	-6.13665e-06
722	-5.86185e-06
722.5	-5.17965e-06
723	-4.76374e-06
723.5	-4.69041e-06
724	-4.9357e-06
724.5	-5.23399e-06
725	-5.77062e-06
725.5	-6.47807e-06
726	-7.35371e-06
726.5	-8.17856e-06
727	-8.34179e-06
727.5	-8.41003e-06
728	-8.33992e-06
728.5	-8.39005e-06
729	-8.8104e-06
729.5	-9.40485e-06
730	-1.03189e-05
730.5	-1.20312e-05
731	-1.99981e-05
731.5	-0.000190906
732	0.000195088
732.5	8.66404e-06
733	-9.16924e-05
733.5	-5.82847e-05
734	-1.98072e-05
734.5	-1.41695e-05
735	-1.09642e-05
735.5	-9.31756e-06
736	-8.68658e-06
736.5	-8.19837e-06
737	-7.75337e-06
737.5	-7.33753e-06
738	-7.23774e-06
738.5	-7.41798e-06
739	-7.554e-06
739.5	-7.54765e-06
740	-7.57136e-06
740.5	-7.60075e-06
741	-7.75465e-06
741.5	-7.88531e-06
742	-8.0609e-06
742.5	-8.32198e-06
743	-8.54735e-06
743.5	-8.74118e-06
744	-8.90349e-06
744.5	-9.09594e-06
745	-9.27287e-06
745.5	-9.45688e-06
746	-9.21108e-06
746.5	-8.59849e-06
747	-8.18315e-06
747.5	-9.02888e-06
748	-1.46877e-05
748.5	-0.000131962
749	0.000464434
749.5	0.000217298
750	-7.2695e-05
750.5	-0.00012253
751	-2.29295e-05
751.5	-1.49108e-05
752	-1.15172e-05
752.5	-9.53524e-06
753	-8.24307e-06
753.5	-7.20797e-06
754	-6.54396e-06
754.5	-6.1288e-06
755	-6.12507e-06
755.5	-6.26175e-06
756	-6.44882e-06
756.5	-6.67441e-06
757	-6.74457e-06
757.5	-6.73685e-06
758	-6.646e-06
758.5	-6.54854e-06
759	-6.40892e-06
759.5	-6.25825e-06
760	-6.20407e-06
760.5	-6.15751e-06
761	-6.02768e-06
761.5	-6.19221e-06
762	-6.42731e-06
762.5	-5.68197e-06
763	-5.5105e-06
763.5	-5.48936e-06
764	-5.73348e-06
764.5	-6.22447e-06
765	-6.96993e-06
765.5	-6.66397e-06
766	-7.05322e-06
766.5	-7.03414e-06
767	-7.0557e-06
767.5	-7.32489e-06
768	-7.4132e-06
768.5	-7.44614e-06
769	-7.38701e-06
769.5	-7.38446e-06
770	-7.39479e-06
770.5	-7.44026e-06
771	-7.51299e-06
771.5	-7.72131e-06
772	-8.13593e-06
772.5	-8.87883e-06
773	-1.02865e-05
773.5	-1.33998e-05
774	-3.18498e-05
774.5	-0.000455579
775	0.000477979
775.5	5.73217e-05
776	-0.000104706
776.5	-3.00486e-05
777	-1.64196e-05
777.5	-1.63347e-05
778	-1.30794e-05
778.5	-1.02196e-05
779	-9.26976e-06
779.5	-9.05028e-06
780	-9.22736e-06
780.5	-9.39066e-06
781	-9.63299e-06
781.5	-9.81763e-06
782	-1.00018e-05
782.5	-1.01089e-05
783	-1.02558e-05
783.5	-1.04249e-05
784	-1.06658e-05
784.5	-1.11522e-05
785	-1.1846e-05
785.5	-1.27013e-05
786	-1.4255e-05
786.5	-1.98231e-05
787	-0.000142012
787.5	0.000297408
788	0.000130577
788.5	-7.95823e-05
789	-0.000104066
789.5	-1.55917e-05
790	-1.25421e-05
790.5	-1.25966e-05
791	-1.30561e-05
791.5	-1.38145e-05
792	-1.24334e-05
792.5	-1.05332e-05
793	-9.4143e-06
793.5	-8.41825e-06
794	-7.77659e-06
794.5	-7.65772e-06
795	-7.72649e-06
795.5	-7.7111e-06
796	-7.78391e-06
796.5	-7.81773e-06
797	-7.48076e-06
797.5	-7.21982e-06
798	-7.04627e-06
798.5	-6.83988e-06
799	-6.4275e-06
799.5	-5.95747e-06
800	-5.50839e-06
800.5	-5.09353e-06
801	-4.76782e-06
801.5	-4.48028e-06
802	-4.34383e-06
802.5	-4.42572e-06
803	-4.53599e-06
803.5	-4.60477e-06
804	-4.56895e-06
804.5	-4.24348e-06
805	-2.90037e-06
805.5	-2.41676e-06
806	-3.20525e-06
806.5	-4.22912e-06
807	-5.32435e-06
807.5	-5.33425e-06
808	-4.63593e-06
808.5	-4.90714e-06
809	-5.74551e-06
809.5	-6.56563e-06
810	-8.17156e-06
810.5	-9.75088e-06
811	-1.11574e-05
811.5	-1.28036e-05
812	-1.60769e-05
812.5	-4.17861e-05
813	-0.000384073
813.5	0.000368193
814	5.88706e-05
814.5	-9.13498e-05
815	-3.90759e-05
815.5	-1.69422e-05
816	-1.40426e-05
816.5	-1.21886e-05
817	-1.10499e-05
817.5	-1.03956e-05
818	-1.02293e-05
818.5	-1.0077e-05
819	-9.36497e-06
819.5	-8.61272e-06
820	-7.71475e-06
820.5	-6.92745e-06
821	-6.27291e-06
821.5	-6.19933e-06
822	-6.6596e-06
822.5	-6.85444e-06
823	-6.40841e-06
823.5	-6.33687e-06
824	-6.30553e-06
824.5	-6.28546e-06
825	-6.68846e-06
825.5	-7.11579e-06
826	-7.40524e-06
826.5	-7.5873e-06
827	-7.58231e-06
827.5	-7.36193e-06
828	-6.05218e-06
828.5	-4.56108e-06
829	-3.9306e-06
829.5	-3.75017e-06
830	-3.73195e-06
830.5	-3.897e-06
831	-4.38749e-06
831.5	-4.36666e-06
832	-4.70833e-06
832.5	-4.61083e-06
833	-4.01924e-06
833.5	-3.8581e-06
834	-4.53723e-06
834.5	-4.74544e-06
835	-4.44494e-06
835.5	-3.73984e-06
836	-4.12727e-06
836.5	-5.29428e-06
837	-6.72416e-06
837.5	-8.11659e-06
838	-9.26093e-06
838.5	-8.26021e-06
839	-7.55174e-06
839.5	-7.85924e-06
840	-8.05514e-06
840.5	-8.03568e-06
841	-7.55614e-06
841.5	-7.82139e-06
842	-7.39928e-06
842.5	-6.93042e-06
843	-6.62618e-06
843.5	-6.4265e-06
844	-6.33451e-06
844.5	-6.19051e-06
845	-6.28748e-06
845.5	-6.6067e-06
846	-6.87441e-06
846.5	-7.20441e-06
847	-7.44733e-06
847.5	-7.89186e-06
848	-8.73283e-06
848.5	-9.82522e-06
849	-1.13883e-05
849.5	-1.44489e-05
850	-2.70788e-05
850.5	-0.000380892
851	0.000350565
851.5	6.77477e-05
852	-8.47662e-05
852.5	-3.76619e-05
853	-1.70994e-05
853.5	-1.56087e-05
854	-1.48617e-05
854.5	-1.43979e-05
855	-1.42142e-05
855.5	-1.30608e-05
856	-1.19113e-05
856.5	-1.08582e-05
857	-1.03055e-05
857.5	-1.00799e-05
858	-9.84634e-06
858.5	-9.52945e-06
859	-9.44241e-06
859.5	-9.63757e-06
860	-9.89293e-06
860.5	-1.03134e-05
861	-1.10448e-05
861.5	-1.2729e-05
862	-2.32349e-05
862.5	-0.000253891
863	0.000214972
863.5	-8.11168e-07
864	-9.65919e-05
864.5	-4.78239e-05
865	-1.31404e-05
865.5	-1.30797e-05
866	-1.21787e-05
866.5	-1.08911e-05
867	-1.02124e-05
867.5	-9.80803e-06
868	-9.42549e-06
868.5	-9.16009e-06
869	-9.07009e-06
869.5	-8.7679e-06
870	-8.74315e-06
870.5	-8.42774e-06
871	-8.3976e-06
871.5	-8.1878e-06
872	-8.68886e-06
872.5	-9.09199e-06
873	-9.94973e-06
873.5	-1.124e-05
874	-1.36927e-05
874.5	-4.28844e-05
875	-0.000305266
875.5	0.000285005
876	-2.05918e-06
876.5	-0.000111655
877	-4.5619e-05
877.5	-1.44909e-05
878	-1.19705e-05
878.5	-1.09852e-05
879	-1.03935e-05
879.5	-9.7479e-06
880	-9.20571e-06
880.5	-9.14116e-06
881	-8.43974e-06
881.5	-7.51496e-06
882	-6.74532e-06
882.5	-6.21238e-06
883	-5.97227e-06
883.5	-5.8923e-06
884	-5.8716e-06
884.5	-5.83681e-06
885	-5.86091e-06
885.5	-6.16882e-06
886	-6.31092e-06
886.5	-5.96852e-06
887	-6.10366e-06
887.5	-6.41194e-06
888	-6.16884e-06
888.5	-6.2413e-06
889	-6.51264e-06
889.5	-6.7891e-06
890	-7.03091e-06
890.5	-7.12379e-06
891	-7.3374e-06
891.5	-7.53242e-06
892	-7.72157e-06
892.5	-8.35836e-06
893	-8.96092e-06
893.5	-1.4557e-05
894	-0.000153167
894.5	0.00016114
895	2.22107e-05
895.5	-8.76388e-05
896	-6.53638e-05
896.5	-1.82695e-05
897	-1.33491e-05
897.5	-1.03365e-05
898	-8.23592e-06
898.5	-7.76171e-06
899	-7.66129e-06
899.5	-7.52713e-06
900	-7.37833e-06
900.5	-7.22791e-06
901	-7.51713e-06
901.5	-7.74871e-06
902	-8.01781e-06
902.5	-8.40238e-06
903	-8.65456e-06
903.5	-8.7847e-06
904	-8.99179e-06
904.5	-9.35542e-06
905	-1.01487e-05
905.5	-1.22986e-05
906	-3.02142e-05
906.5	-0.000311206
907	0.000269815
907.5	-1.00388e-05
908	-0.000104887
908.5	-4.08778e-05
909	-1.41962e-05
909.5	-1.43853e-05
910	-1.42007e-05
910.5	-1.2797e-05
911	-1.12004e-05
911.5	-9.88842e-06
912	-9.54812e-06
912.5	-9.72459e-06
913	-1.02246e-05
913.5	-1.05254e-05
914	-1.07431e-05
914.5	-1.08834e-05
915	-1.09271e-05
915.5	-1.12186e-05
916	-1.16431e-05
916.5	-1.18336e-05
917	-1.19956e-05
917.5	-1.21323e-05
918	-1.22943e-05
918.5	-1.26292e-05
919	-1.33953e-05
919.5	-1.53594e-05
920	-4.13172e-05
920.5	-0.000310764
921	0.000270135
921.5	-5.11602e-06
922	-0.000102377
922.5	-4.10814e-05
923	-1.26799e-05
923.5	-1.11421e-05
924	-1.16735e-05
924.5	-1.03023e-05
925	-8.85334e-06
925.5	-8.51692e-06
926	-8.11362e-06
926.5	-8.05444e-06
927	-8.18157e-06
927.5	-8.34774e-06
928	-8.38138e-06
928.5	-8.24133e-06
929	-8.31985e-06
929.5	-8.44124e-06
930	-8.74068e-06
930.5	-9.24923e-06
931	-9.7856e-06
931.5	-1.03887e-05
932	-1.10061e-05
932.5	-1.15215e-05
933	-1.19899e-05
933.5	-1.25004e-05
934	-1.30836e-05
934.5	-1.40515e-05
935	-1.61122e-05
935.5	-2.50892e-05
936	-0.000196826
936.5	0.000132924
937	5.35845e-05
937.5	-7.57301e-05
938	-8.12489e-05
938.5	-2.00499e-05
939	-1.69396e-05
939.5	-1.34324e-05
940	-1.13803e-05
940.5	-1.03771e-05
941	-9.25878e-06
941.5	-8.34007e-06
942	-7.7649e-06
942.5	-7.35883e-06
943	-7.2951e-06
943.5	-7.36167e-06
944	-7.52741e-06
944.5	-7.71976e-06
945	-7.95084e-06
945.5	-8.36927e-06
946	-8.74959e-06
946.5	-9.17083e-06
947	-9.70656e-06
947.5	-1.04679e-05
948	-1.23463e-05
948.5	-2.54128e-05
949	-0.000259193
949.5	0.000230906
950	-1.00649e-06
950.5	-0.00010426
951	-5.47743e-05
951.5	-1.52169e-05
952	-1.34316e-05
952.5	-1.25153e-05
953	-1.12711e-05
953.5	-9.23074e-06
954	-8.09225e-06
954.5	-7.5237e-06
955	-7.23901e-06
955.5	-7.55801e-06
956	-7.79156e-06
956.5	-7.66423e-06
957	-7.7783e-06
957.5	-7.52746e-06
958	-7.72147e-06
958.5	-7.89912e-06
959	-7.7908e-06
959.5	-7.60409e-06
960	-7.48384e-06
960.5	-7.21153e-06
961	-7.16879e-06
961.5	-6.83163e-06
962	-6.64763e-06
962.5	-6.85352e-06
963	-7.40065e-06
963.5	-8.15555e-06
964	-9.06413e-06
964.5	-9.41644e-06
965	-1.14617e-05
965.5	-2.90267e-05
966	-0.000313734
966.5	0.000347196
967	2.90917e-05
967.5	-9.54935e-05
968	-4.40505e-05
968.5	-2.35226e-05
969	-2.00219e-05
969.5	-1.53083e-05
970	-1.12974e-05
970.5	-8.84791e-06
971	-8.74327e-06
971.5	-7.90006e-06
972	-8.11643e-06
972.5	-8.65155e-06
973	-8.1697e-06
973.5	-7.47593e-06
974	-6.46569e-06
974.5	-5.51106e-06
975	-5.23576e-06
975.5	-5.17404e-06
976	-4.72597e-06
976.5	-4.68238e-06
977	-5.05332e-06
977.5	-5.94842e-06
978	-6.40605e-06
978.5	-6.56649e-06
979	-6.76276e-06
979.5	-6.91918e-06
980	-6.98748e-06
980.5	-7.41787e-06
981	-7.91535e-06
981.5	-8.235e-06
982	-8.53479e-06
982.5	-8.71608e-06
983	-8.76948e-06
983.5	-8.84998e-06
984	-9.05825e-06
984.5	-9.48025e-06
985	-1.00387e-05
985.5	-1.10025e-05
986	-1.17667e-05
986.5	-1.56239e-05
987	-7.22028e-05
987.5	-0.000497691
988	0.000478284
988.5	6.73045e-05
989	-0.000120987
989.5	-2.94203e-05
990	-1.66634e-05
990.5	-1.33101e-05
991	-1.15289e-05
991.5	-1.10516e-05
992	-1.04928e-05
992.5	-9.83641e-06
993	-9.41229e-06
993.5	-9.13101e-06
994	-8.91517e-06
994.5	-8.80915e-06
995	-8.79585e-06
995.5	-8.8863e-06
996	-8.96599e-06
996.5	-8.95019e-06
997	-9.09215e-06
997.5	-9.29187e-06
998	-9.52526e-06
998.5	-9.91052e-06
999	-1.02662e-05
999.5	-1.06333e-05
1000	-1.10971e-05
