0.297 343152
0.472 385330
0.692 346540
1.301 419566
1.305 425783
2.075 440063
3.227 374638
3.261 446639
3.355 469253
3.612 349700
4.553 384312
5.616 344639
5.918 452566
6.341 526748
6.408 457406
6.426 395509
6.756 353876
6.757 609978
6.884 422752
7.227 468455
7.723 382954
7.796 463555
8.827 476231
8.981 374682
9.278 449685
9.366 640859
9.643 464292
9.690 417912
10.305 416456
10.575 4438
11.350 4307
11.353 348818
11.797 419028
11.975 4336
12.088 381183
12.149 402775
12.215 511800
12.350 353797
12.509 587122
12.541 476244
12.542 573572
12.550 4514
12.875 87589
12.950 16973
12.950 4517
12.988 417688
13.050 4365
13.150 4436
13.190 520456
13.275 333837
13.300 334434
13.350 4201
13.375 333770
13.450 333933
13.600 334080
13.775 17056
13.825 338432
13.875 4306
13.950 333927
14.050 333716
14.075 333810
14.200 4389
14.225 333682
14.275 16781
14.275 333832
14.350 334074
14.350 334168
14.417 385898
14.500 334194
14.638 371554
14.650 334042
14.826 455744
15.008 379306
15.200 365845
15.250 72061
15.475 16654
15.492 395909
15.525 4602
15.604 354854
15.761 607738
15.921 367275
15.925 78287
15.925 80759
15.959 344507
15.967 398598
16.150 73136
16.734 386252
16.950 88232
17.269 346938
18.425 16532
19.109 420476
19.689 355112
19.775 16580
19.775 16610
20.000 16781
20.173 371874
20.264 362736
20.783 391823
20.800 17056
20.810 443225
20.825 16814
20.895 362020
20.898 507912
20.938 415410
21.517 494227
21.925 77118
22.045 361933
22.262 370081
22.275 16973
22.475 59024
22.580 433925
22.625 83528
22.925 81712
22.975 71960
23.350 90910
23.463 413978
23.500 100195
23.554 519725
24.144 348029
24.250 4487
24.725 72596
25.110 449486
25.250 333832
25.325 77705
25.393 433572
25.471 362544
25.475 79004
25.595 380225
25.600 16617
25.775 16654
25.875 97353
25.925 78943
26.050 4306
26.063 404293
26.175 101896
26.200 80858
26.300 83594
26.375 1872
26.375 1894
26.409 631961
26.425 2090
26.475 1804
26.525 70885
26.525 82486
26.550 72641
26.550 91651
26.650 1844
26.650 78287
26.700 91633
26.700 99030
26.725 84738
26.775 1845
26.775 1959
26.800 20027
26.850 1913
26.875 19929
26.875 4514
26.895 348598
26.900 4602
26.950 1888
26.950 20009
26.975 85859
27.025 73209
27.075 94486
27.075 97266
27.125 85238
27.225 19976
27.225 20039
27.250 20073
27.250 71033
27.250 95542
27.275 76099
27.275 80096
27.280 499022
27.300 1866
27.325 4389
27.400 97293
27.450 94439
27.475 78390
27.475 78854
27.475 84104
27.475 97849
27.500 20006
27.500 4438
27.500 97859
27.675 1977
27.725 19883
27.725 94440
27.750 84230
27.775 1871
27.800 16610
27.850 81140
27.850 88721
27.850 90992
27.866 378873
27.875 1932
27.925 4517
27.950 86440
27.975 88591
27.993 369101
28.036 357684
28.050 73806
28.050 74315
28.075 74811
28.100 4201
28.150 70281
28.225 74399
28.275 87589
28.300 76687
28.325 78366
28.375 76123
28.387 407630
28.425 103138
28.425 77236
28.425 85916
28.450 74833
28.450 89737
28.475 16580
28.475 78826
28.550 79552
28.575 63313
28.575 81290
28.625 338432
28.625 77766
28.650 82386
28.650 90343
28.700 101377
28.725 1936
28.725 82861
28.725 94438
28.750 112201
28.825 100237
28.950 1826
28.950 77778
28.950 84166
28.975 88232
29.050 1801
29.075 83504
29.075 83561
29.100 62833
29.100 93408
29.144 369101
29.150 77746
29.250 78297
29.300 78309
29.300 92043
29.325 85173
29.400 4307
29.431 431308
29.475 100807
29.500 83503
29.550 80759
29.550 98076
29.600 16532
29.600 88243
29.650 79429
29.650 80093
29.700 76087
29.700 77665
29.700 80683
29.775 104259
29.775 333961
29.825 78399
29.825 88223
29.825 93897
29.848 456605
29.875 4336
29.925 95020
29.929 453133
29.950 82836
29.975 70312
30.000 71440
30.000 86448
30.000 88299
30.025 79489
30.075 334131
30.075 84849
30.100 72050
30.100 89199
30.100 93307
30.125 74325
30.125 76083
30.125 94430
30.150 85719
30.175 89928
30.200 72628
30.225 334162
30.225 74387
30.247 390495
30.275 70848
30.275 77115
30.300 333778
30.325 334434
30.325 72061
30.350 334196
30.350 79547
30.375 333688
30.375 70873
30.425 333954
30.450 333895
30.450 81880
30.475 333713
30.475 333806
30.475 334043
30.500 334042
30.500 334133
28.250 288
30.525 100294
30.525 333682
30.525 91537
30.525 95591
30.550 98066
30.575 83774
30.600 95028
30.650 78380
30.650 83568
30.675 333985
30.700 333837
30.700 334015
30.700 76001
30.725 100218
30.750 79583
30.750 83507
30.775 334080
30.775 73668
30.800 100087
30.825 333988
30.825 334137
30.825 82378
30.850 334074
30.875 333810
30.875 333862
30.875 57155
30.875 73192
30.900 334071
30.924 478616
30.925 98430
30.950 333839
30.950 63896
30.950 69220
30.975 333715
30.975 72221
30.975 82375
30.981 572710
31.025 84038
31.050 1872
31.050 334112
31.075 1959
31.100 1894
31.100 78446
31.125 2090
31.150 88613
31.225 1913
31.225 88756
31.250 333770
31.250 75496
31.275 72669
31.349 367866
31.350 333927
31.375 1844
31.425 100196
31.425 333537
31.475 334194
31.475 77117
31.475 81182
31.500 1804
31.550 72009
31.575 333716
31.600 1845
31.625 1888
31.625 334168
31.700 109902
31.700 17056
31.700 98442
31.725 66870
31.800 76131
31.825 80762
31.925 1866
32.025 77118
32.150 88013
32.151 390039
32.275 73185
32.325 73136
32.400 77129
32.417 359455
32.483 502271
33.175 1977
33.197 491692
34.035 358634
34.401 396846
34.750 333832
34.750 333931
35.202 392019
35.228 348708
35.435 339864
35.500 334162
35.600 334131
35.800 333682
35.854 367840
35.975 333837
36.000 334043
36.050 333862
36.150 334015
36.225 334080
36.250 334196
36.300 333685
36.700 334071
36.724 345508
36.850 334133
36.975 333839
37.083 454772
37.097 566469
37.150 361342
37.422 417281
37.591 424803
38.191 537896
38.478 426282
38.604 349335
38.897 384985
39.293 413549
39.703 452186
40.571 429856
40.763 392180
41.229 344010
41.691 367984
41.902 640685
42.079 373629
42.504 431832
43.041 564302
43.234 347782
43.847 353418
44.370 375093
44.422 472144
44.637 392776
44.847 349258
45.705 403494
45.775 4336
46.175 338432
46.350 4306
46.350 4514
46.600 4602
46.725 4438
46.750 4307
46.855 453913
46.861 516564
46.975 4365
47.029 419345
47.075 4436
47.250 4487
47.673 359707
47.923 480463
47.953 403566
48.102 538708
48.119 483993
48.224 423356
48.275 4517
48.586 342108
48.615 535083
48.675 4201
49.027 483927
49.525 4389
49.837 383350
49.915 353353
50.391 430764
50.551 367276
51.145 460976
51.150 16580
51.159 386946
52.173 588779
52.534 435768
53.121 379459
53.225 359255
53.387 394512
53.457 414471
53.651 388875
54.114 353046
54.119 441012
54.153 417172
54.383 367973
54.786 647627
54.964 376443
55.212 379352
55.256 371755
55.602 511859
55.817 386153
55.895 419735
56.220 354672
56.247 391517
56.268 451094
57.602 354162
57.676 427819
59.200 333716
59.984 342872
60.138 363410
60.281 533321
60.543 460672
60.722 392780
60.909 603853
61.216 399200
61.222 418146
61.750 4336
61.775 16580
61.835 480687
61.950 4436
62.024 352636
62.050 4438
62.075 4306
62.202 395311
62.354 444984
62.375 4201
62.425 4389
47.825 288
62.600 490126
62.625 461039
62.650 389068
63.025 334080
63.100 4365
63.165 384085
63.250 338432
63.300 4602
63.381 464023
63.425 333715
63.550 334347
63.625 9525
63.633 351472
63.650 4307
63.696 343438
63.750 334162
63.850 333933
64.495 462516
64.575 4517
64.650 4514
64.700 333839
64.925 4487
65.614 496518
65.923 473967
66.122 355396
66.895 352571
66.982 550844
67.187 404601
67.218 433459
67.281 382980
67.596 424355
67.814 419306
68.579 390138
69.232 360552
69.363 361878
69.680 368416
69.763 460516
70.075 437199
71.027 378507
71.359 475851
71.574 383252
71.658 458500
71.963 345165
73.029 430027
73.082 460221
73.105 372635
73.209 377188
73.526 385060
74.179 341341
74.312 343917
74.570 367436
75.177 464866
75.402 432089
75.475 9003
75.631 412228
75.686 668584
75.717 447776
75.800 4514
75.894 446840
75.925 4438
76.028 341657
76.625 4365
77.002 412053
77.200 4436
77.221 426132
77.325 4517
77.339 573600
77.387 419345
77.662 371399
77.825 4201
78.150 333837
78.155 414677
78.200 4389
78.350 4487
78.378 468223
78.800 4307
78.825 4336
78.850 9487
79.467 344855
79.484 360497
79.700 93408
79.718 405841
79.750 334112
79.775 333770
79.940 389600
79.950 333832
80.021 346201
80.120 623006
80.125 338432
80.153 457406
80.425 4602
80.463 412612
80.685 353583
80.750 333839
81.038 355098
81.171 593790
81.325 621698
81.538 431396
81.600 100237
81.856 421632
81.925 85173
82.248 347068
62.875 288
78.000 288
82.975 9073
83.046 439980
83.121 414200
84.658 345365
84.750 16617
85.269 355713
85.729 412398
86.536 378850
86.719 535516
87.272 371167
87.315 391517
87.909 388329
88.287 429041
88.301 436341
88.758 540551
89.539 356614
90.153 459519
90.800 9002
90.940 437971
91.180 439651
91.425 4514
91.575 523198
91.650 4306
91.847 563216
91.992 534140
92.021 343702
92.133 606046
92.350 4438
92.467 561632
92.470 381421
92.743 522098
92.750 4365
92.975 91651
93.230 384603
93.417 385898
93.900 4336
93.982 431715
94.025 4602
94.175 402854
94.259 599569
94.659 507498
94.675 334071
94.675 83528
94.700 334137
94.851 410881
95.050 338432
95.800 4436
96.033 450294
96.175 490126
96.200 334194
96.713 391217
97.175 389341
98.818 611829
99.798 352021
100.042 406177
100.135 398117
100.185 397092
101.003 411597
101.136 358376
101.535 461354
102.312 467776
102.561 421628
102.751 557256
102.756 639772
103.143 357069
103.153 384270
103.412 382721
103.459 536599
103.919 561489
104.402 366463
104.510 349205
104.550 4389
104.550 4487
104.647 344441
104.966 403099
104.967 461510
105.595 399034
105.800 83507
106.283 392180
106.350 4307
106.673 357937
106.700 104259
106.825 4436
106.975 4201
107.037 367287
107.056 349066
107.075 4602
107.100 4514
107.550 93897
107.700 4365
107.800 4306
107.905 638213
108.088 379188
108.350 333810
108.427 409433
108.475 92043
108.500 4517
108.675 89199
108.675 90992
108.725 4438
108.875 1936
108.894 517560
94.100 288
109.003 427562
109.004 402817
109.200 338432
109.275 73192
109.307 348904
110.045 372950
110.075 77115
110.222 442320
110.275 78309
110.375 85916
110.649 360445
110.825 89737
111.019 402001
111.213 416131
111.400 2090
111.450 91633
111.500 87589
111.681 359743
111.890 369360
112.046 435337
112.050 1932
112.075 97266
112.300 81712
112.425 80759
112.500 1894
112.676 558551
112.775 1866
112.799 342872
112.825 112201
113.050 1977
113.050 95591
113.200 1804
113.451 344608
113.570 345124
113.750 78854
113.800 1913
114.093 480463
114.222 357937
114.375 72221
114.399 351413
114.416 419566
114.580 355728
114.600 20073
114.625 82375
114.625 98066
114.650 1959
114.671 395942
114.700 77746
114.725 1826
114.775 1888
114.839 366402
115.075 94439
115.150 75496
115.275 76087
115.275 79547
115.275 83503
115.325 90343
115.400 78943
115.419 349285
115.450 1872
115.500 76123
115.575 82836
115.625 74833
115.675 80093
115.675 85719
115.700 74399
115.706 577561
115.716 420259
115.825 100196
115.825 71440
115.850 88013
115.850 97859
115.975 84738
116.025 1871
116.100 1844
116.175 1845
116.250 97293
116.325 89928
116.375 80096
116.400 88721
116.425 72628
116.450 76083
116.592 555843
116.607 357187
116.625 77778
116.700 94430
116.725 73136
116.800 81880
117.025 78287
117.025 78390
117.025 97849
117.025 98442
117.125 82378
117.125 88232
117.200 16580
117.200 95542
117.250 95028
117.275 1801
117.325 80683
117.368 637885
117.373 417688
117.475 2090
117.525 103138
117.525 79004
117.525 83504
117.545 602663
117.550 1936
117.675 73668
117.700 86440
117.725 94486
117.800 100087
117.825 90992
117.850 19929
117.900 74325
117.925 74315
117.925 79552
117.950 72669
118.075 1932
118.075 74387
118.125 100294
118.125 63896
118.150 79429
118.175 83568
118.275 85173
118.300 78826
118.300 88613
118.325 1977
118.350 100237
118.397 421218
118.400 334133
118.400 76099
118.425 104259
118.425 97353
118.425 98076
118.450 91537
118.452 424559
118.500 88223
118.525 77766
118.575 100218
118.575 334074
118.575 71960
118.625 77115
118.625 94438
118.650 82861
118.675 1866
118.725 77665
118.775 334162
118.775 79583
118.825 333985
118.850 334131
118.875 77705
118.875 90910
118.925 81140
118.950 1913
118.950 334071
118.975 333832
118.975 94440
119.025 77117
119.050 93307
119.100 100195
119.150 73185
119.175 101377
119.175 334042
119.175 334194
119.225 19883
119.225 81290
119.250 1804
119.250 1894
119.250 72061
119.275 89737
119.294 447229
119.300 109902
119.300 1959
119.325 334347
119.350 334043
119.350 334080
119.400 333927
119.400 78380
119.425 334196
119.425 84104
119.425 85238
119.425 99030
119.450 79489
119.475 334015
119.525 333954
119.550 63313
119.561 456605
119.575 70873
119.575 83774
119.600 84038
119.600 95020
119.644 586847
119.650 334137
119.650 334434
119.700 333806
119.700 334168
119.700 98430
119.750 73209
119.775 72050
119.775 72596
119.775 85916
119.800 1826
119.800 333895
119.825 100807
119.825 333770
119.825 83594
119.850 76001
119.850 80762
119.875 333988
119.875 72009
119.875 88591
119.900 101896
119.925 333715
119.925 78297
119.950 1888
119.950 333862
119.950 81182
119.950 84849
119.950 86448
119.975 77118
120.025 333713
120.025 85859
120.025 93408
120.026 430149
120.050 72641
120.050 78366
120.050 82386
120.050 91651
120.075 333685
120.075 77129
120.094 435994
120.100 69220
120.100 83561
120.125 70281
120.125 83528
120.150 334112
120.150 88756
120.175 84230
120.250 333688
120.272 434041
120.300 333961
120.375 80858
120.375 83507
120.400 333839
120.475 1872
120.500 333778
120.525 91633
120.538 507889
120.550 95591
120.600 1844
120.625 333682
120.625 97266
120.650 333837
120.675 74811
120.700 352959
120.700 78309
120.725 333716
120.725 70848
120.775 70312
120.800 78399
120.997 505186
121.100 1871
121.100 73806
121.125 333810
121.150 1845
121.203 375887
121.225 333931
121.319 342774
121.325 78446
121.350 73192
121.375 76687
121.379 396088
121.425 87589
121.450 70885
121.575 62833
121.725 84166
121.775 88243
121.825 333537
121.900 66870
121.927 469469
122.025 2090
122.025 82486
122.025 88299
122.150 93897
122.225 92043
122.230 346098
122.275 1936
122.300 77236
122.455 388093
122.475 76131
122.500 1801
122.527 441070
122.575 57155
122.650 333933
122.667 347579
122.675 59024
122.825 71033
122.850 1866
122.975 4602
123.161 503631
123.175 334133
123.300 81712
123.350 334131
123.469 442146
123.475 334074
123.575 1894
123.607 471923
123.625 334162
123.646 396262
123.750 333985
123.800 334043
123.900 1804
123.950 334080
124.100 334015
124.150 334194
124.250 334137
124.275 334168
124.300 333832
124.313 398176
124.425 333770
124.425 334042
124.450 333954
124.475 334347
124.625 333862
124.725 333806
124.725 77746
124.750 333895
124.750 334434
124.800 333685
124.950 334196
125.175 334112
125.300 333961
125.375 333927
125.417 418146
125.425 333837
125.425 333839
125.450 333682
125.450 333778
125.575 333988
125.622 636122
125.638 362174
125.675 338860
125.700 333688
125.875 333715
125.875 333810
125.924 378759
126.050 333713
126.625 333716
126.683 403771
127.012 454284
127.149 435114
127.351 338742
128.082 533391
128.811 366223
129.244 447383
129.273 416729
129.483 504346
129.619 377135
129.752 361412
129.819 391153
129.964 655588
130.074 445193
130.387 434396
130.543 432754
130.633 381956
131.734 466709
131.759 565884
132.875 4517
132.900 4438
133.000 4436
133.004 549004
133.126 390383
133.218 627498
133.245 355341
133.304 586824
133.340 395860
133.575 4307
133.575 4514
133.611 441214
133.717 388614
134.100 338432
134.775 4201
134.966 415061
135.000 4365
135.075 4389
135.248 385062
135.463 514512
135.525 4336
135.708 385006
135.812 345482
135.854 369413
136.100 4602
136.275 4306
136.325 4487
136.806 396614
137.101 544371
137.110 355890
137.258 485739
137.485 494280
138.612 441530
139.213 500665
140.096 592717
140.152 412228
140.370 477416
140.641 504049
141.095 621046
141.479 380071
142.346 392776
124.600 288
137.425 288
142.425 8684
142.575 353956
142.829 349814
142.939 474753
143.297 407229
143.580 462317
143.793 429354
143.940 359951
144.009 410510
144.237 352057
144.344 436965
144.435 375559
145.820 355267
146.407 543648
146.496 406177
147.250 4487
147.625 4514
147.656 425088
147.775 4306
147.825 334131
148.192 463991
148.250 16617
148.893 383031
148.945 426661
149.304 551051
149.488 368474
149.491 346629
149.548 538708
149.577 439865
149.650 4201
149.772 552173
149.833 627971
149.900 4438
149.979 352562
150.125 338432
150.134 506847
150.254 389134
150.375 4517
150.725 344953
150.850 4336
150.930 506381
150.975 4307
151.158 679923
151.300 4436
151.375 4389
151.454 419345
151.616 402775
151.883 474997
152.000 4365
152.169 345459
153.325 8995
153.525 8998
153.792 403833
153.793 518917
153.853 353689
154.776 355427
155.791 374332
156.697 414669
156.775 470629
156.867 408369
157.247 368416
157.603 627825
157.616 449754
157.720 396262
158.004 383021
158.275 16654
158.297 396880
158.336 364879
159.368 456369
159.829 579970
160.183 426561
160.324 343446
160.698 411590
160.785 423803
161.775 4514
162.161 347686
162.180 455674
163.009 465122
163.291 381887
163.450 338432
163.659 623603
163.875 4438
164.250 386458
164.650 4487
165.221 368927
165.275 4306
165.489 668584
165.675 4602
165.725 4365
166.100 4201
166.500 333806
166.570 560505
166.575 4517
166.600 8824
166.896 439958
166.898 384150
166.925 333839
167.316 349476
167.750 4336
167.775 4307
167.800 333862
167.900 4389
152.450 288
166.950 288
168.117 423745
168.805 397012
168.921 354567
169.019 396130
169.743 343589
170.225 385994
170.950 344808
171.729 488610
171.782 378863
172.089 408917
172.729 362640
172.878 485381
172.927 362544
173.086 420288
173.100 16654
173.127 407228
173.757 362640
173.811 456635
174.047 367143
174.108 343554
174.129 577172
174.880 395909
175.151 388890
175.167 376368
176.170 400463
176.218 680822
176.270 395445
176.302 347125
176.440 518735
176.808 339403
176.911 625208
176.981 409998
177.058 435279
177.388 353906
177.567 441524
177.737 590487
177.741 392113
177.920 342755
178.025 4436
178.060 353047
178.081 467949
178.725 4514
179.056 594225
179.175 4438
179.300 399235
179.423 436191
179.875 4306
179.916 493226
180.153 362248
180.250 4517
180.536 428910
180.675 4307
180.702 442760
180.825 4602
180.894 361424
181.075 4389
181.200 334434
181.275 4365
181.275 4487
181.276 424791
181.320 625208
181.350 333806
181.350 4201
181.481 459363
181.518 396117
181.677 384150
181.700 4336
181.800 100195
181.802 362624
181.991 427409
182.250 334194
182.477 346356
182.480 378277
182.725 334133
182.725 9215
183.026 496513
183.090 432122
183.655 417704
184.284 537541
184.445 467593
184.592 392113
184.650 333895
184.937 374608
184.978 485612
185.252 528275
185.412 410413
185.689 344808
185.941 363999
186.226 495168
186.324 351591
186.373 358976
186.396 339248
186.447 437521
186.742 459292
186.748 614472
186.931 549033
187.109 386434
187.317 440812
187.335 561489
188.000 436341
188.545 471260
188.696 359743
183.125 288
188.890 588779
189.122 652484
189.224 348566
189.245 365618
189.484 398651
190.012 369122
190.165 597604
190.291 390412
190.588 597604
190.912 379352
192.850 4517
193.075 4436
193.329 416415
193.386 402547
193.425 4514
193.450 338432
193.531 381198
193.568 381726
193.593 400629
193.613 349811
193.675 4602
193.772 541495
194.016 373882
194.060 405862
194.197 344839
194.336 368215
194.687 419230
194.850 4389
194.884 436991
194.975 4336
195.222 447776
195.325 4487
195.425 334133
196.150 334043
196.200 334347
196.200 4365
196.260 418146
196.364 392019
196.675 4201
196.725 4306
197.050 4307
197.250 334137
197.387 602663
197.541 497839
197.625 87589
197.998 358848
198.193 365845
198.248 479333
198.635 456215
198.891 379103
199.089 372089
199.291 415109
199.345 456883
200.087 349680
200.701 381535
200.820 382461
201.123 446227
201.333 601007
201.694 546714
201.891 528003
202.128 449373
202.678 465825
202.715 381198
202.765 599349
202.898 342815
202.942 418079
202.992 361129
203.199 366757
204.000 16617
204.136 353354
204.146 356560
204.265 488332
204.379 438641
204.738 467949
204.907 378988
206.059 355322
206.150 4514
206.307 354386
206.960 370181
206.995 373568
207.400 4517
207.588 346377
207.603 345195
207.828 593432
208.050 4487
208.502 473421
208.640 347970
208.725 334071
208.725 4306
208.885 434154
209.268 557454
210.001 347752
210.025 4336
210.396 359455
210.400 4602
210.475 4201
210.642 432022
210.675 4365
210.693 590487
210.725 4389
210.775 4438
210.814 435337
192.500 288
207.750 288
211.075 72628
211.097 376825
211.100 77115
211.265 637403
211.350 4436
211.351 528003
211.523 356402
211.594 394512
211.600 333806
211.600 80093
211.837 381920
212.000 356744
212.250 4307
212.479 342913
212.605 381535
212.611 588906
212.650 82861
212.659 417172
212.700 9205
213.266 478687
213.525 9000
213.936 455236
213.992 512092
214.292 686870
214.497 353199
214.527 420725
214.658 429635
215.505 613541
216.285 396117
216.450 100195
216.458 398970
216.546 408207
216.635 365915
216.844 370138
216.896 438112
216.994 612414
217.095 439001
217.424 365951
217.825 72669
218.222 478190
218.475 73209
218.500 372096
218.642 354215
219.102 390673
219.275 424791
219.400 77746
219.450 94430
219.922 446887
220.329 455321
220.374 449753
220.490 507832
220.549 553659
220.875 95542
220.979 355837
221.593 371609
221.648 341712
221.787 387325
221.900 338432
221.900 79489
222.089 607329
222.115 396753
222.150 99030
222.238 477081
222.301 347817
222.333 339498
222.463 356402
222.520 339334
222.750 98430
222.815 421218
223.025 85859
223.150 4514
223.250 77236
223.500 4487
223.525 100196
223.650 4438
223.800 333862
223.850 4389
223.874 518646
223.875 100807
223.900 4306
223.953 419890
224.025 4517
224.156 411784
224.200 76099
224.475 74399
224.501 401184
224.525 98076
224.559 549865
224.585 357343
224.625 19883
224.700 333716
224.775 94439
224.825 89928
225.000 334162
225.025 333806
225.048 398910
225.270 344952
225.275 81880
225.300 1872
225.450 1936
225.550 2090
225.650 88232
222.150 288
225.700 4201
225.724 443239
225.750 100218
225.775 1913
225.825 78826
225.900 20073
225.962 431832
226.000 91651
226.025 20027
226.050 84738
226.094 369122
226.100 97353
226.125 89737
226.200 80858
226.250 4365
226.250 84038
226.425 1804
226.525 59024
226.525 70312
226.600 20039
226.675 1977
226.691 460616
226.709 462491
226.725 1959
226.750 73185
226.750 87589
226.825 97849
226.875 20009
226.900 90910
226.925 1871
226.950 20006
226.975 1932
227.025 78390
227.140 660677
227.152 360309
227.200 100195
227.275 9003
227.350 19976
227.350 465122
227.375 77115
227.400 1826
227.425 359758
227.430 433075
227.500 70885
227.500 80762
227.575 91633
227.625 4602
227.675 83561
227.725 84849
227.725 94438
227.734 563378
227.750 101377
227.750 82386
227.775 19929
227.775 79583
227.775 83774
227.775 85916
227.825 93408
227.900 72596
228.025 1844
228.025 1894
228.200 90343
228.225 1845
228.312 434811
228.325 57155
228.325 79547
228.450 1866
228.475 71033
228.593 377238
228.600 86440
228.675 97266
228.700 334196
228.725 82861
228.750 76083
228.750 82486
228.750 84230
228.850 97859
228.875 72221
228.900 88756
228.975 80759
229.000 4336
229.025 79004
229.075 1801
229.075 94440
229.100 334194
229.100 90992
229.175 83594
229.175 84104
229.175 84166
229.275 77778
229.275 78297
229.300 109902
229.350 334347
229.357 449350
229.417 400979
229.425 72641
229.425 80096
229.450 73192
229.475 334131
229.500 1888
229.525 77705
229.525 83503
229.550 76001
229.550 81712
229.550 85173
229.560 430221
229.575 77129
229.575 88299
229.600 112201
229.635 446050
229.650 73806
229.675 83504
229.679 360356
229.750 334133
229.775 80683
229.775 97293
229.800 74387
229.850 88223
229.900 78380
229.922 360389
229.950 333961
229.975 79552
230.000 334137
230.025 333839
230.025 76087
230.025 76123
230.025 83528
230.050 100294
230.075 93897
230.082 371167
230.100 333895
230.125 334042
230.125 73668
230.125 82378
230.175 76131
230.200 334080
230.200 70873
230.225 334168
230.225 78366
230.250 333537
230.275 74315
230.288 353857
230.300 100237
230.300 334071
230.300 78446
230.300 85719
230.325 62833
230.325 70281
230.325 89199
230.362 466566
230.400 333933
230.400 334074
230.400 334434
230.475 72669
230.500 333810
230.500 333988
230.500 94486
230.550 2090
230.575 334043
230.650 1872
230.650 77118
230.750 70848
230.750 72061
230.750 80093
230.775 333778
230.825 103138
230.825 1913
230.825 72628
230.900 86448
230.900 93307
230.950 78399
230.975 66870
231.000 1936
231.000 92043
231.025 75496
231.025 88721
231.050 333682
231.050 333688
231.100 81290
231.125 79489
231.125 82375
231.125 91537
231.125 98066
231.150 81182
231.200 101896
231.275 333985
231.275 98442
231.300 76687
231.325 333715
231.325 79429
231.325 88591
231.325 88613
231.375 78309
231.425 63313
231.425 73209
231.500 104259
231.500 63896
231.500 88243
231.525 95028
231.550 95591
231.575 1977
231.575 78943
231.625 74325
231.650 88013
231.675 74833
231.700 83507
231.736 394326
231.750 82836
231.825 78287
231.900 69220
231.900 95020
231.925 1871
232.000 81140
232.025 1932
232.025 77746
232.050 73136
232.100 334015
232.125 1804
232.150 1959
232.150 85238
232.164 480597
232.225 16654
232.250 100087
232.275 71960
232.275 77665
232.275 83568
232.300 1826
232.500 77117
232.500 94430
232.650 1894
232.675 333862
232.700 333713
232.724 358538
232.875 78854
232.900 333806
232.975 77766
233.025 1844
233.031 374470
233.077 528418
233.125 72009
233.157 444756
233.175 72050
233.225 1845
233.250 71440
233.400 1866
233.825 334112
233.850 74811
233.975 333931
234.025 333685
234.100 334162
234.200 1888
234.200 333716
235.000 333954
235.124 413550
235.232 384602
235.275 333770
235.350 333927
235.550 333895
235.675 333832
235.700 333810
235.740 456369
235.800 334042
236.050 333837
236.100 334194
236.125 334131
236.200 333839
236.325 334080
236.350 334074
236.400 333682
236.425 334043
236.898 369368
237.100 334071
237.228 454357
237.325 333715
237.880 364602
238.642 422114
238.698 437749
238.929 354567
239.383 557051
239.836 359486
240.056 363319
240.103 424219
240.359 569386
240.373 348270
241.222 547336
241.476 345872
241.699 451691
242.220 404733
242.653 541342
242.665 513292
242.743 615543
242.753 389274
243.242 456196
243.284 374998
244.043 341454
244.075 4436
244.100 338432
244.873 414142
244.925 4389
244.950 4365
245.125 4517
245.154 447180
245.404 419822
246.050 4514
246.175 4602
246.588 433923
247.225 4438
247.225 4487
247.250 4307
247.672 355341
248.150 4336
248.159 429179
248.525 4306
249.334 556283
249.732 558776
249.882 391006
250.419 421993
250.426 424664
250.503 438655
250.898 370441
251.122 674901
251.428 418308
251.493 428923
252.272 431434
252.278 381777
252.499 493005
252.650 458454
252.684 395791
254.016 450220
254.174 466846
254.285 420152
254.381 428975
254.453 371402
254.731 470646
254.938 375257
255.063 391329
256.106 340020
256.767 355455
257.019 374638
257.235 371524
257.325 412842
257.591 652484
258.068 483296
258.097 417063
258.275 333770
258.944 372519
259.059 420152
259.310 371475
259.324 344759
259.874 403494
259.880 446690
260.008 478380
260.013 351918
260.102 494752
260.125 4436
260.225 333927
260.309 424084
260.425 4438
260.609 533240
260.740 454342
261.044 398132
261.077 449863
261.125 333837
261.264 342607
261.500 4389
261.525 333806
261.575 4365
261.575 4487
261.575 4514
261.600 4306
262.050 333685
262.094 367281
262.112 446765
262.179 394498
262.216 387155
262.227 378648
262.333 431284
262.375 333832
262.398 365401
262.725 9260
262.863 389274
263.100 338432
263.150 334196
263.900 334042
263.982 356795
264.756 384789
264.825 334080
264.854 361446
265.443 481306
265.805 394579
266.429 374687
267.420 390495
267.949 458760
268.110 390673
268.970 542656
269.625 412930
269.871 360278
270.798 434904
271.727 353383
271.859 366223
272.144 399750
272.472 361424
272.708 503090
272.850 4336
273.150 651797
273.218 484366
273.337 402434
273.579 381493
248.275 288
262.650 288
273.994 408342
274.093 585092
274.145 369041
274.192 394321
274.240 371019
274.375 4517
274.448 523395
274.529 346629
274.575 4602
274.705 422114
274.972 375427
275.050 4307
275.409 484192
275.593 354117
275.650 4514
275.675 4438
275.900 4389
275.945 375559
276.010 412286
276.088 392267
276.425 4365
276.632 431133
276.650 333716
276.800 333685
276.900 4487
276.925 4436
277.000 333806
277.175 333927
277.369 626741
277.597 553981
277.612 485578
278.015 447515
278.609 361129
278.975 4201
279.012 408369
279.131 400855
279.201 416729
279.798 383506
279.975 8752
280.419 453834
280.706 535516
280.775 82386
280.968 433075
281.587 475526
281.837 408022
281.883 346888
283.174 350088
283.418 418218
283.585 391585
283.709 443038
284.022 564805
284.029 444756
284.044 388339
284.143 419028
284.303 357528
284.586 388994
285.585 370383
286.268 448832
286.472 413879
286.661 361446
286.792 417281
286.859 358071
286.991 393613
287.075 4336
287.501 365895
287.554 419150
287.625 8998
288.291 464377
288.341 399466
288.371 378867
289.608 366402
289.650 4438
289.675 4602
289.769 419187
289.775 16617
289.850 4389
290.065 452943
290.276 626771
290.317 365789
290.412 383281
290.592 411597
290.750 4436
290.913 606580
291.050 4487
291.150 4307
291.218 358071
291.262 591603
291.558 361784
291.825 338432
291.879 416211
292.328 569990
292.546 577172
292.820 341888
293.071 388551
293.135 351449
293.865 351917
294.018 542262
294.359 627267
294.453 435450
294.607 414240
294.665 560637
294.752 348818
276.300 288
291.650 288
295.833 591188
296.528 526967
296.650 451780
296.762 345548
296.771 356397
296.836 533135
296.882 446820
297.548 477104
297.961 623600
298.033 409386
298.550 4201
298.665 438293
298.691 413028
299.081 411380
299.829 482592
299.840 367941
299.925 4306
299.980 403199
300.234 428992
300.644 463122
300.992 446002
301.284 364206
301.484 457230
301.635 367139
301.700 4365
302.525 4517
302.559 470919
303.030 370004
303.213 474719
303.435 425355
303.450 4307
303.650 333839
303.650 4514
303.711 351554
303.800 4389
303.925 4336
303.941 355959
304.020 385060
304.150 4602
304.541 347844
304.595 627942
304.665 353857
304.760 390077
305.050 4436
305.300 333862
305.325 4438
305.421 381501
305.541 535083
305.829 444756
305.875 8822
305.915 423909
306.134 518917
306.232 373734
306.457 412930
306.916 422561
306.964 446374
307.054 361611
307.191 362974
307.277 440083
307.300 77746
307.635 424734
307.668 382253
309.054 422561
309.297 448240
309.465 404541
309.920 425195
310.041 397207
310.389 443066
310.464 384753
311.187 348118
311.322 360008
311.506 419080
311.586 384150
312.017 376225
312.227 448632
312.626 557223
313.704 369866
313.805 450255
313.848 470144
313.883 347381
313.925 4201
314.705 448070
315.559 371554
315.925 4487
316.067 419996
316.225 4389
316.275 338432
316.500 334043
316.552 345835
316.596 486614
316.612 371167
316.700 4307
316.800 100807
317.125 4365
317.275 4336
317.450 4514
317.616 420768
317.725 4438
317.875 4602
317.900 4517
317.907 418173
318.428 439651
305.075 288
317.425 288
318.549 435357
318.627 364980
318.742 362275
318.925 333837
319.491 557211
319.959 371050
320.352 382954
320.475 4436
320.921 444509
323.182 437721
323.600 75496
323.640 478994
323.733 392958
324.150 88232
324.215 352477
325.682 358518
325.898 492466
326.004 601694
326.057 485517
326.355 439804
326.528 480477
326.731 451337
326.800 4306
327.313 436903
327.546 409911
327.698 364098
327.847 367456
328.695 443066
328.959 401169
329.478 377540
329.519 462518
329.525 4201
329.650 4438
330.350 9000
330.381 392780
330.420 339221
330.471 581213
330.550 333988
330.631 439285
330.675 4365
330.700 401884
330.975 4307
330.975 4389
330.975 4487
331.160 495168
331.290 431434
331.450 333685
331.525 69220
331.727 387270
331.950 451380
332.025 4602
332.125 4517
332.275 4436
332.378 362990
332.425 334168
332.425 439651
333.034 356586
333.175 63896
333.488 393309
333.884 398970
334.055 343070
334.605 348386
334.742 397830
334.775 72061
334.896 435994
335.033 598031
335.325 8963
335.346 359856
335.450 101896
335.478 512865
335.932 386396
336.036 403998
336.091 528778
336.171 418376
336.492 355423
336.700 363951
337.274 412228
338.037 395268
338.850 84104
338.939 392776
339.341 446576
339.343 530712
339.693 360872
340.320 452280
340.941 362874
341.128 391501
341.562 346604
342.064 439046
342.325 4336
342.521 362141
342.699 424135
342.954 503631
343.050 4307
343.150 4514
343.281 454901
343.556 351472
343.737 473251
343.856 370004
343.885 357684
344.225 4436
344.275 380594
344.425 4389
343.250 288
344.500 338432
344.800 78399
345.134 363323
345.140 443225
345.275 4306
345.300 4602
345.450 71033
345.525 83503
345.675 4517
345.684 424135
345.804 342043
345.844 399269
345.875 85916
345.925 334196
346.025 4487
346.250 1872
346.252 417121
346.350 70873
346.425 76123
346.700 1826
346.725 1866
346.735 584483
346.750 100237
346.775 1804
346.991 421632
347.075 4438
347.775 1801
347.850 74387
347.875 72009
347.894 351730
347.900 63896
347.925 1844
348.050 63313
348.200 84038
348.300 77117
348.415 364739
348.475 89737
348.675 82378
348.800 1871
348.875 1932
348.955 342712
349.150 1845
349.225 79489
349.350 77129
349.425 80858
349.425 88591
349.457 344010
349.475 1936
349.475 77705
349.525 76001
349.550 73209
349.875 73136
349.875 73185
349.875 78297
349.950 69220
350.025 70312
350.200 1894
350.250 94430
350.275 72596
350.375 72050
350.375 75496
350.400 73668
350.425 95020
350.450 74315
350.475 85859
350.525 333682
350.550 77118
350.575 79429
350.575 82375
350.650 333685
350.725 66870
350.725 70885
350.746 409256
350.800 82486
350.825 333713
350.825 77778
350.875 76087
350.875 77665
350.925 1913
350.941 552132
350.950 72061
351.012 368004
351.050 85719
351.100 83528
351.150 71440
351.175 70848
351.225 1888
351.225 57155
351.225 77236
351.275 70281
351.300 94440
351.350 77115
351.425 1959
351.425 79547
351.450 78380
351.475 81290
351.500 85238
351.525 86448
351.600 81140
351.600 88243
351.621 388492
351.650 78943
351.659 420056
351.675 73806
351.700 88223
351.750 59024
351.750 76083
351.825 84849
351.850 86440
351.925 74811
351.950 82836
351.975 71960
352.000 76099
352.025 1826
352.034 445888
352.040 600069
352.050 77766
352.075 333716
352.075 94439
352.100 333770
352.100 79552
352.125 78826
352.125 79583
352.130 359940
352.150 78854
352.200 73192
352.200 80096
352.200 84738
352.225 72628
352.325 77746
352.350 1801
352.375 62833
352.400 78446
352.425 72221
352.525 1872
352.525 88721
352.550 1804
352.575 91651
352.675 80093
352.700 82386
352.725 74833
352.825 78309
352.825 83561
352.825 91537
352.828 350578
352.850 78366
352.900 81182
352.925 87589
352.950 1866
353.000 79004
353.000 85173
353.025 74325
353.025 82861
353.050 1977
353.050 78390
353.100 84230
353.100 98430
353.125 78287
353.200 91633
353.400 1844
353.425 333837
353.425 81712
353.450 88013
353.525 1871
353.550 84104
353.575 72641
353.625 76687
353.675 333862
353.725 333895
353.725 84166
353.780 362990
353.825 80762
353.875 333810
353.925 74399
354.090 347520
354.100 83594
354.100 88756
354.250 333715
354.250 93897
354.300 76131
354.302 533216
354.325 72669
354.350 1845
354.350 333688
354.350 99030
354.375 83504
354.375 90992
354.400 81880
354.500 333954
354.500 90343
354.550 333806
354.575 97859
354.625 333778
354.675 80759
354.700 83507
354.775 1932
354.775 89199
354.850 100218
354.950 333839
355.000 333537
355.050 1894
355.050 334074
355.050 83774
355.075 334043
355.075 95542
355.100 101896
355.100 1936
355.150 83503
355.200 88613
355.200 92043
355.275 333832
355.275 333927
355.300 334015
355.325 334071
355.387 391895
355.409 351907
355.425 1913
355.425 333961
355.450 333685
355.475 333682
355.484 390446
355.500 88232
355.550 333985
355.575 333988
355.600 333933
355.625 93408
355.650 94438
355.675 85916
355.675 97266
355.700 333713
355.725 80683
355.800 89928
355.825 95591
355.875 333931
355.875 334133
355.892 589154
355.900 334042
355.950 1959
355.975 90910
355.975 97353
355.997 348078
356.025 104259
356.150 100294
356.150 98076
356.275 97293
356.300 334137
356.300 334162
356.314 387689
356.350 83568
356.375 94486
356.450 98066
356.475 333716
356.499 423613
356.600 88299
356.625 101377
356.700 100087
356.700 93307
356.750 334080
356.775 2090
356.775 334131
356.850 334168
357.100 334196
357.200 95028
357.275 112201
357.275 334112
357.325 334194
357.375 1872
357.380 349700
357.466 388444
357.475 97849
357.500 98442
357.825 100195
357.875 100196
358.075 103138
358.235 436218
358.375 100237
358.425 100807
358.470 468404
358.550 333895
358.669 563968
358.675 333810
358.700 1977
358.975 333837
359.275 333862
359.400 109902
359.400 333954
359.468 381726
359.571 440812
359.700 333839
359.725 333806
359.775 334043
359.900 333961
360.057 593432
360.075 334015
360.125 333688
360.226 434179
360.300 333778
360.300 334071
360.325 334133
360.450 333933
360.475 333988
360.550 334074
360.650 333927
360.678 435176
360.750 333931
360.775 334162
359.575 288
361.016 383758
361.075 334042
361.100 334347
361.225 333985
361.375 2090
361.470 366110
361.679 564302
361.695 413165
361.700 334080
362.450 334194
362.600 334137
362.625 473001
362.775 334434
362.853 419692
362.889 485612
362.983 382502
363.179 362716
363.375 334131
363.459 462985
363.847 345459
364.442 344461
364.589 511261
365.344 353123
365.515 381971
366.000 4307
366.112 376293
366.401 421099
366.635 410103
366.804 402977
367.108 427031
367.200 4201
367.324 360817
367.440 415410
367.537 444311
367.557 452943
367.580 453909
367.825 429400
367.875 4438
368.043 439584
368.225 4336
368.263 366034
368.277 488877
368.425 4365
368.725 4306
369.129 431416
369.166 426973
369.378 493463
369.558 389266
369.660 588447
370.218 377452
370.297 567971
370.422 353123
370.900 4514
371.077 394579
371.132 503855
371.264 357472
371.350 8874
371.500 4436
372.335 396025
372.653 350799
372.761 595573
372.983 361148
373.800 4517
373.839 682353
373.866 473235
373.975 362248
374.165 344792
374.177 397380
374.350 4602
374.648 369399
375.128 500880
376.453 498878
376.530 410103
377.266 348063
377.975 354561
378.351 381718
378.620 574651
378.679 398784
378.775 16617
379.321 379032
379.391 364504
379.706 536068
379.716 453834
379.900 4487
379.944 491033
380.244 399513
380.649 385986
380.775 333837
380.838 471260
381.002 487694
381.099 382721
381.550 339583
381.783 393550
381.800 4438
382.000 4389
382.175 4201
382.450 333895
382.475 4365
382.763 537752
383.100 333537
383.182 425088
383.869 425494
376.625 288
384.400 4307
384.425 333839
384.525 4436
384.690 370720
385.181 391009
385.400 4514
385.497 350396
385.557 386706
385.693 482829
386.155 378631
386.176 432745
386.328 367521
386.575 338432
386.972 362958
387.169 365895
387.309 410881
388.559 437357
389.607 457235
389.993 408553
390.138 360498
390.327 362174
390.475 4517
390.932 588276
391.115 561153
391.182 685155
391.606 423521
392.093 341331
392.189 377260
392.300 407286
392.806 469195
393.164 422883
393.275 363911
393.800 459400
394.151 405183
394.600 4336
395.000 333988
395.075 4306
395.139 542191
395.205 548950
395.215 379776
395.736 436255
396.205 423415
396.274 547816
396.308 365301
396.446 369431
396.552 460976
396.853 466709
396.875 4307
397.250 4438
397.465 379016
397.775 4365
397.836 343759
397.935 483345
398.373 465305
398.505 402090
398.817 378575
399.417 355824
399.475 4487
399.600 8998
400.011 342712
400.099 417025
400.172 402854
400.644 363837
400.645 389274
401.175 4602
401.597 409386
401.608 685944
401.635 598498
401.921 565884
402.055 453112
402.579 462170
402.654 573572
402.860 381309
403.230 617344
403.436 547967
403.950 467593
405.189 506802
405.210 473235
406.330 358322
407.232 499762
407.310 450788
407.368 620295
407.515 361298
407.525 4436
407.865 522671
408.424 556283
408.626 530545
409.058 599440
409.187 378635
409.212 342348
409.315 424135
409.500 598031
409.525 338432
409.531 377188
409.925 4307
410.839 618074
411.350 4365
411.400 4306
411.534 437199
411.691 399126
411.717 378985
411.725 4438
398.875 288
411.725 4517
412.150 4389
412.300 4201
412.454 371167
412.491 343321
412.891 364206
413.300 4514
413.425 4336
413.525 8752
413.725 4487
414.122 410366
414.151 557171
414.268 418098
414.447 422862
414.553 352649
414.631 422615
414.926 411965
415.607 342742
416.060 401268
416.084 494227
416.544 370296
416.553 520705
416.636 435210
416.775 16617
416.879 391217
417.388 541342
418.398 381743
418.718 371070
418.878 566733
419.441 431396
419.861 549489
419.994 376031
420.283 370874
420.392 463880
420.522 446002
421.536 528778
421.609 399077
421.712 451879
421.798 477104
421.809 343781
422.184 395439
422.450 4487
423.200 346377
423.725 4438
423.950 4602
423.979 445865
424.016 347856
424.016 406920
424.050 4365
424.051 414733
424.596 526748
424.621 343839
424.753 447416
425.000 4436
425.168 405399
425.175 4514
425.275 334042
425.275 4517
425.302 340247
426.089 402841
426.540 371869
426.618 343424
426.800 4201
427.125 4306
427.213 616827
427.275 4336
428.081 511330
428.456 378862
428.564 553150
428.572 381183
429.049 419030
429.267 515591
429.554 358853
429.677 368569
429.750 333806
429.797 402712
430.081 411048
430.102 351070
430.337 376647
430.747 359821
430.947 357444
431.724 535200
432.015 353202
432.137 394487
432.293 361412
432.513 418821
433.067 442715
433.136 426775
433.365 459363
434.879 437521
435.396 547336
435.444 375662
435.550 4602
435.556 600673
435.575 334434
435.581 419891
435.728 516371
435.974 476056
436.250 4487
436.390 523786
436.583 626771
436.779 468798
413.625 288
430.400 288
437.650 4517
437.808 358853
437.925 4336
437.975 4514
438.031 509900
438.040 367017
438.161 541981
438.175 4438
438.450 4436
438.500 338432
438.600 4365
438.743 368810
439.282 460150
439.294 432134
439.525 4389
439.648 423909
439.743 402725
439.834 367398
439.972 383021
440.125 4307
440.294 614519
440.500 4306
440.725 380625
440.750 4201
440.767 443640
441.007 369143
441.125 333988
441.397 373882
441.864 526967
442.175 376389
442.481 379776
442.571 549489
442.681 348971
442.802 470919
442.885 344639
443.355 364129
444.016 426626
444.360 347740
444.640 353791
444.655 353376
444.682 630855
444.707 431406
444.709 372297
445.708 492689
445.944 374733
446.339 388150
446.622 352016
447.200 459414
447.240 377535
448.392 429801
448.455 629982
448.824 348566
448.872 381421
448.925 370138
449.326 375883
449.390 339864
449.524 541495
449.562 558551
450.000 4602
450.174 380625
450.246 470672
450.300 435248
450.500 4514
450.939 350533
451.250 4336
451.307 424913
451.505 420259
451.674 403207
451.800 4438
451.800 4517
451.905 398132
452.000 4487
452.108 419822
452.153 460917
452.242 414989
452.491 432136
452.890 345519
453.275 450788
453.375 4307
453.475 80683
453.705 372680
453.861 367521
454.024 358376
454.025 4306
454.275 4201
455.037 386429
455.275 74399
455.418 534140
455.619 377260
455.850 386957
456.124 364926
456.245 364602
456.275 4365
456.739 353916
457.000 4389
457.089 402547
457.510 338812
457.595 349139
457.858 536753
458.068 352459
458.437 583071
458.586 456401
450.000 288
458.618 396952
459.037 402677
459.183 377060
459.656 383560
460.208 382970
460.417 573600
460.434 380100
460.458 463880
460.471 503148
460.611 422883
460.755 482706
460.788 400855
461.126 352057
461.140 418376
462.142 451803
462.775 338432
462.845 341674
462.859 454733
462.885 439336
463.075 16617
463.175 4436
463.237 350225
463.267 503705
463.533 402001
463.927 476434
463.950 4514
463.990 458956
464.400 4438
464.445 395942
464.579 446765
464.725 4487
464.766 400586
464.768 453352
464.919 355571
464.975 4365
465.018 429359
465.198 519977
465.219 350917
465.744 480249
465.800 4602
466.052 517560
466.068 433724
466.150 4307
466.225 4517
466.341 362174
466.400 4336
466.428 463880
466.562 359255
466.825 4306
467.065 386627
467.075 4389
467.077 338860
467.210 450255
467.292 589154
467.375 76083
467.429 362716
467.897 453834
468.271 448070
468.307 343857
468.991 365777
469.100 8963
469.250 333806
469.325 82386
470.825 74399
470.875 333682
470.966 405531
471.075 4201
471.295 627942
471.775 97859
472.019 404601
472.100 1801
472.123 378507
472.550 77115
472.875 74315
472.975 1844
472.984 354403
472.997 348344
473.237 400248
473.350 1826
473.575 83528
473.700 77117
473.885 342880
474.134 462639
474.575 76001
474.650 70848
474.725 72641
474.950 77705
474.962 449294
475.044 434682
475.092 376022
475.475 81712
475.480 340369
475.575 63896
475.600 78390
475.625 62833
475.662 370158
475.800 370762
475.950 77236
476.075 66870
476.150 59024
476.450 72628
476.550 81880
464.675 288
476.600 63313
476.759 456883
476.838 378985
476.865 383471
476.900 1845
477.240 348979
477.325 1871
477.400 82836
477.625 76687
477.625 85916
477.675 1888
477.675 77118
477.800 74811
477.875 78297
477.900 78399
477.925 70885
477.975 72061
477.975 72669
478.000 69220
478.025 75496
478.250 70873
478.300 74387
478.350 1804
478.450 1872
478.450 334347
478.475 77766
478.550 84104
478.725 4514
478.730 439001
478.750 19976
478.810 529752
478.950 77665
479.050 76099
479.125 71440
479.125 73136
479.150 80093
479.250 77746
479.300 1801
479.325 1866
479.400 71960
479.411 493880
479.525 4436
479.525 77778
479.550 73192
479.575 1826
479.575 1844
479.575 1913
479.600 72009
479.610 384603
479.675 70281
479.692 462724
479.733 456735
479.750 333770
479.875 73668
479.875 78287
479.925 80096
480.000 20009
480.000 73185
480.025 57155
480.050 333688
480.075 333537
480.075 333716
480.250 72596
480.300 81182
480.325 72050
480.375 73806
480.400 72221
480.450 4602
480.475 76087
480.500 79429
480.525 77129
480.525 79583
480.525 85719
480.575 70312
480.597 373611
480.600 1932
480.650 20006
480.650 88613
480.700 333685
480.725 333715
480.725 78366
480.750 82375
480.775 333682
480.775 76123
480.800 1894
480.800 338432
480.825 73209
480.875 82861
480.875 88591
480.900 333806
480.900 79004
480.925 91537
480.950 83507
480.975 74833
481.025 83594
481.050 4487
481.075 74325
481.075 85238
481.084 357869
481.100 74399
481.148 421704
481.225 79547
481.225 97293
481.250 333862
481.325 333778
481.325 4438
481.325 79552
481.325 88299
481.353 468404
481.375 333713
481.475 88721
481.500 74315
481.500 78826
481.525 1936
481.575 82386
481.575 83503
481.575 84738
481.600 78309
481.616 459155
481.675 98066
481.700 20027
481.800 78854
481.800 84166
481.900 76083
482.025 1845
482.025 78446
482.050 333810
482.050 79489
482.075 78943
482.075 88013
482.100 333954
482.100 77115
482.125 20039
482.125 71033
482.125 88232
482.150 81290
482.175 82378
482.225 333895
482.250 1959
482.250 90343
482.275 333837
482.275 81140
482.275 85859
482.300 333931
482.325 1871
482.350 90910
482.373 355278
482.375 86440
482.375 94430
482.425 84038
482.450 80858
482.455 406554
482.475 1888
482.494 415287
482.500 76131
482.500 98430
482.575 1977
482.600 4307
482.600 80683
482.675 83568
482.725 83528
482.725 99030
482.750 80759
482.750 94440
482.775 83504
482.775 83561
482.775 85173
482.800 97859
482.825 78380
482.850 1872
482.875 333832
482.875 4389
482.900 90992
482.925 80762
483.086 357528
483.128 347408
483.150 333839
483.150 88756
483.350 333985
483.375 88243
483.411 367815
483.475 93897
483.500 1804
483.500 1866
483.500 84230
483.500 89199
483.525 91651
483.540 442707
483.550 334015
483.558 425024
483.645 439579
483.691 353202
483.700 98442
483.750 82486
483.825 87589
483.825 94438
483.900 333927
484.000 89928
484.075 334074
484.150 1913
484.150 95542
484.166 365637
484.175 20073
484.250 89737
482.800 288
484.275 93408
484.325 95591
484.350 86448
484.400 333933
484.475 1844
484.475 334043
484.500 83774
484.675 1826
484.675 92043
484.700 334133
484.750 333537
484.875 91633
484.875 94439
484.900 101377
484.900 334131
484.950 100087
485.000 333961
485.050 95028
485.075 94486
485.125 334042
485.175 333716
485.250 88223
485.300 100195
485.300 333770
485.325 1932
485.350 84849
485.475 334137
485.500 100294
485.750 97266
485.775 333715
485.825 333988
485.975 334112
486.125 100218
486.125 334071
486.125 97849
486.150 97353
486.175 100196
486.200 333682
486.300 333806
486.400 334168
486.425 104259
486.625 333688
486.650 93307
486.675 95020
486.759 462421
486.950 98076
487.010 369835
487.300 1977
487.328 353199
487.334 680822
487.525 333778
487.525 334080
487.600 333862
487.700 101896
487.700 103138
487.791 359124
487.881 446871
487.900 2090
488.000 100237
488.025 334196
488.315 404326
488.500 100807
488.500 334162
488.979 405053
489.200 334194
489.238 484830
489.425 112201
489.471 549743
489.700 333895
490.080 417290
490.184 399004
490.259 392021
490.475 333985
490.550 334434
490.700 334347
490.725 334074
491.050 334131
491.220 394729
491.280 348819
491.293 356636
491.400 109902
491.400 334043
491.500 334042
491.625 334112
492.325 334133
492.675 334137
492.675 334168
492.865 369289
492.900 348516
492.906 380646
493.413 380799
493.577 359809
493.701 390502
493.834 639738
493.862 339027
493.865 403539
494.020 373400
494.098 525541
494.550 334196
494.577 621412
494.585 408243
494.650 4201
494.750 564590
494.818 351554
494.900 361600
495.054 394470
495.675 334434
496.189 458776
496.206 392890
496.431 448632
496.606 533321
496.960 394470
497.016 392425
497.185 528418
497.768 354927
497.922 340919
498.044 426640
498.115 397460
498.962 352571
499.025 4365
499.033 360552
499.244 341599
499.462 563216
499.509 350127
499.550 422862
499.567 395550
499.578 391103
499.842 422153
500.505 362048
501.200 338432
501.247 398132
501.525 4517
501.616 430778
501.717 496611
501.724 463114
502.333 415748
502.426 398651
502.686 446934
502.984 482625
503.177 363837
503.600 4514
503.931 483968
504.598 422555
504.770 341622
504.912 378780
505.232 516637
505.344 422509
505.613 542039
506.226 341639
506.776 369407
506.891 478055
506.942 375427
507.728 359241
507.833 521297
508.203 415205
508.458 414597
508.546 358481
508.575 334015
508.900 369704
508.950 4307
509.119 449898
509.180 343438
509.225 4306
509.634 370762
509.913 473102
510.975 4201
511.175 4336
511.462 388890
511.629 373170
511.775 4436
512.450 385330
512.464 375146
512.717 456215
512.807 440845
512.868 435054
513.551 367140
513.593 552173
513.596 429635
513.734 404189
513.854 344370
513.946 353047
514.106 375947
514.500 4389
514.800 4514
515.003 398809
515.180 383252
515.257 394253
515.525 456023
515.925 4602
516.083 365644
516.185 425039
516.254 605017
516.397 398318
516.737 591712
516.812 362661
516.871 390039
517.075 334080
517.190 398455
517.435 350646
519.067 449431
519.412 350912
519.661 492378
519.756 377178
519.838 372716
500.225 288
512.300 288
520.307 515750
520.355 348971
520.531 365488
520.652 360541
521.184 405285
522.025 444756
522.975 333716
523.103 453196
523.225 4517
523.554 412147
523.587 372096
523.824 394253
523.875 4336
524.168 360008
524.268 405053
524.325 4201
524.650 4306
524.725 4365
524.808 342578
525.233 351472
525.541 456215
525.770 445886
525.800 4307
525.900 9215
525.954 435571
526.025 333778
526.075 4438
526.661 521263
526.694 399665
527.075 4487
527.339 523395
527.725 338432
527.953 400248
528.366 452645
528.425 422951
528.820 365817
529.043 352482
529.056 379463
529.828 428290
529.942 435210
530.170 414669
530.230 343187
530.348 408810
530.665 456921
530.751 414789
530.963 396275
531.043 444672
531.178 374217
531.403 464582
531.582 511492
532.015 481690
532.123 584714
532.652 346643
532.664 389334
533.500 389502
533.736 340917
534.573 381493
534.958 404771
535.010 407051
535.082 450935
535.125 334112
535.500 4389
536.100 4514
536.275 4436
537.630 369676
537.692 427123
537.700 8752
537.711 489433
537.789 451780
537.800 4306
537.965 587464
538.000 4438
538.452 419528
538.467 448650
538.716 346888
538.750 8893
538.890 577353
539.025 352481
539.228 542191
539.303 371154
539.364 378635
539.525 8824
540.031 354050
540.083 360497
540.192 415340
540.400 4336
540.423 445476
540.830 493831
541.184 660677
541.223 378448
541.533 549612
541.533 680822
541.776 368215
542.692 385270
542.863 377060
543.301 380625
543.530 444984
543.717 403676
544.481 365155
544.682 430626
544.694 418079
544.700 392759
526.250 288
540.700 288
544.937 546907
545.287 423525
546.761 371125
547.073 434682
547.285 427819
547.475 77705
547.950 4602
548.432 343424
548.561 468404
548.564 459400
549.375 388994
549.475 4517
549.721 644965
549.923 412405
550.060 350545
550.125 4307
550.132 353151
550.275 4487
550.503 420056
550.825 4436
550.895 358248
550.916 475802
550.975 4438
551.100 4306
551.275 4389
551.350 4365
551.589 371070
551.875 4201
552.025 338432
552.089 454266
552.309 563378
552.475 4514
552.511 458051
552.867 353583
553.092 386375
553.202 549033
553.295 392391
553.400 4336
553.450 333713
553.475 16973
553.605 386642
553.750 9180
554.325 72050
554.943 454625
555.194 609064
555.403 369580
556.904 342511
557.503 453921
557.752 376117
558.574 407865
558.970 360389
559.075 16580
559.148 626768
559.389 505013
559.964 346175
560.447 357636
561.300 16617
561.361 424803
562.128 457574
562.317 399060
562.436 429359
563.025 348818
563.096 403676
563.150 4517
564.114 344475
564.175 4336
564.255 447385
564.350 4307
564.400 4487
564.514 499022
564.685 397072
564.775 400637
564.948 590462
565.208 433467
565.270 349205
565.575 4514
565.575 4602
565.722 526560
565.867 604843
565.916 386627
566.175 4389
566.253 419867
566.429 447145
566.725 4365
566.750 334015
567.021 353378
567.050 4438
567.113 549136
567.125 4201
567.198 423803
567.381 417121
567.450 417291
567.700 4306
567.838 435163
569.334 343557
569.500 339964
569.933 435376
570.233 378780
570.730 485739
571.163 436372
571.432 398784
572.328 422509
554.125 288
572.419 571776
572.447 350911
573.241 385330
573.425 450709
573.589 439945
573.591 561328
573.843 343575
574.641 474959
574.925 82486
575.339 627498
575.500 333927
576.078 369041
577.006 359780
577.199 368098
577.315 402402
577.511 538712
578.006 345124
578.075 4436
578.150 4517
578.296 487197
578.302 443152
578.326 533216
578.733 417453
579.075 4389
579.275 4487
579.346 447600
579.350 4602
579.385 343042
579.800 334133
579.850 4306
580.000 4336
580.356 369866
580.450 4201
580.756 374687
581.082 360412
581.954 411349
582.500 338432
582.687 381430
582.756 345162
582.800 4307
583.356 502601
583.372 382502
583.389 462491
584.438 523071
584.625 4365
584.875 452762
585.225 16532
585.373 479103
585.391 451297
585.575 73806
586.117 422824
586.459 420834
586.717 438112
587.200 76001
587.487 503819
587.950 516371
588.083 500263
588.221 533321
588.357 340117
589.085 402245
589.339 349224
589.414 357311
589.472 421444
589.778 506772
589.928 465385
590.141 356075
590.172 348270
590.250 16617
590.378 457512
590.409 467593
591.025 66870
591.100 73136
591.550 4514
591.631 425783
591.669 396130
591.790 635668
592.150 95591
592.235 515910
592.425 333988
592.475 4487
592.550 4438
592.650 78390
592.675 71440
592.850 82861
593.032 419391
593.075 4307
593.600 334071
593.625 4517
593.775 79583
593.850 88013
593.948 542349
594.116 582529
594.250 4336
594.400 4602
594.425 73192
594.525 334043
594.525 76123
594.625 4389
594.638 339383
594.700 83528
594.847 499174
594.900 4365
580.825 288
595.025 4436
595.050 394579
595.050 4306
595.075 70885
595.076 402090
595.100 88232
595.121 348516
595.300 1844
595.325 16532
595.350 75496
595.425 76001
595.698 400893
595.875 1804
595.900 4201
596.000 338432
596.016 359560
596.050 1866
596.150 73185
596.175 78399
596.225 77118
596.325 333961
596.470 466516
596.500 89928
596.511 366740
596.578 341096
596.675 1826
596.746 523395
596.875 74387
596.905 438637
596.927 457727
597.000 78309
597.114 341622
597.300 91651
597.350 82386
597.500 1932
597.550 16617
597.800 1913
597.879 435450
597.900 19929
597.900 81712
597.925 16654
598.100 1845
598.100 1959
598.125 72596
598.150 19883
598.225 1871
598.275 357684
598.450 1872
598.650 19976
598.700 77705
598.700 81182
598.750 1801
598.775 59024
598.825 77117
599.025 74833
599.050 77665
599.175 88299
599.275 77115
599.275 80683
599.325 70873
599.346 339994
599.500 1888
599.500 78366
599.549 405531
599.575 71960
599.625 98430
599.650 85238
599.700 1977
599.700 94440
599.725 74399
599.750 79004
599.775 73209
599.875 333770
599.890 557454
599.950 1894
599.975 77766
600.075 73806
600.100 626741
600.100 79429
600.150 83507
600.175 77778
600.200 81880
600.228 407330
600.300 62833
600.310 638494
600.400 333713
600.400 83561
600.475 72009
600.500 82378
600.525 78380
600.550 77129
600.575 63896
600.575 83594
600.600 84104
600.650 72061
600.675 72641
600.675 78287
600.675 81290
600.788 469998
600.816 447520
600.850 63313
600.850 72050
598.750 288
600.900 85719
601.100 76087
601.125 87589
601.150 77746
601.150 88721
601.175 85859
601.225 333682
601.275 333716
601.275 74315
601.300 79552
601.325 81140
601.350 1844
601.350 78854
601.375 72669
601.450 76687
601.600 66870
601.600 70848
601.600 77236
601.650 80759
601.700 78297
601.750 1804
601.750 90343
601.800 74811
601.825 70281
601.892 423527
601.925 89199
602.100 1936
602.225 82375
602.275 71033
602.325 333685
602.350 76083
602.400 1826
602.425 1866
602.425 76099
602.425 78826
602.450 73668
602.475 586891
602.525 83504
602.650 69220
602.700 84230
602.725 70312
602.775 89737
602.800 79547
602.800 85916
602.818 374877
602.872 530647
602.875 83503
602.925 333806
602.925 78943
602.975 90992
603.020 340917
603.025 88613
603.050 57155
603.050 74325
603.075 84738
603.124 434424
603.150 92043
603.200 93897
603.225 88591
603.250 100196
603.250 1932
603.250 94430
603.318 361446
603.325 78446
603.325 88013
603.350 1913
603.375 1845
603.375 82836
603.389 403800
603.400 76131
603.450 82486
603.450 94439
603.550 91537
603.575 333837
603.625 1871
603.675 1872
603.700 91633
603.825 97266
603.875 84038
603.875 86440
603.900 1801
603.931 505647
604.000 99030
604.100 72628
604.200 20073
604.200 333985
604.225 1888
604.250 94486
604.275 90910
604.375 334043
604.450 333927
604.450 80096
604.450 83568
604.475 1959
604.475 80093
604.550 1977
604.554 464413
604.575 333931
604.575 72221
604.575 88223
604.600 334015
604.600 93408
604.625 79583
604.675 1894
604.675 333810
604.675 334071
604.707 487240
604.725 79489
604.725 83774
604.825 80858
604.850 333778
604.900 334131
604.900 86448
604.900 97293
604.960 339680
604.975 100195
604.975 85173
605.000 333862
605.000 333954
605.000 333988
605.000 334194
605.000 94438
605.000 97849
605.050 334133
605.075 334042
605.100 333895
605.175 97353
605.200 333715
605.200 333839
605.200 334074
605.235 404957
605.250 109902
605.250 97859
605.300 333961
605.436 350563
605.448 424013
605.450 333713
605.450 333832
605.475 95591
605.500 334137
605.500 88756
605.525 100087
605.675 334162
605.675 334196
605.725 98066
605.775 100218
605.850 84166
605.850 95542
605.875 333688
605.875 333770
605.900 334080
605.904 465305
605.925 95028
606.075 333682
606.100 80762
606.200 104259
606.200 93307
606.275 333933
606.275 89928
606.320 512347
606.325 2090
606.325 95020
606.400 334112
606.475 333537
606.566 351066
606.575 88243
606.575 98442
606.600 1936
606.675 334168
606.700 100807
606.725 100237
606.900 333716
607.050 103138
607.102 362520
607.125 101896
607.125 84849
607.364 463114
607.425 112201
607.490 342080
607.519 346938
607.575 333685
607.625 91651
607.967 408553
607.975 101377
608.000 98076
608.059 431045
608.600 88299
608.945 406494
609.037 509801
609.234 398318
609.382 598498
609.575 333810
609.600 333931
609.600 333985
609.625 334071
609.683 375308
609.800 333778
609.800 334043
609.825 333988
609.850 333927
609.900 333961
609.904 572710
609.925 334133
609.975 1959
609.975 334042
610.025 334015
610.175 334194
610.205 557981
610.325 333837
610.346 496212
610.418 395942
610.425 333839
610.475 334162
610.525 334434
610.600 334080
610.614 555203
610.625 383709
610.672 414705
611.050 333933
611.175 334347
611.504 340378
611.807 366936
611.925 334131
612.271 368070
613.077 386434
613.823 539547
613.901 447819
613.944 365829
614.114 345539
614.204 451803
614.409 369507
615.202 395407
615.261 454046
615.373 435337
615.422 569349
616.350 16617
616.448 565884
617.918 432122
617.925 4336
617.975 4436
618.075 4365
618.210 365955
618.357 436586
618.425 4307
618.532 421071
618.600 686090
618.650 4438
618.907 639539
618.950 4306
619.200 364227
619.748 432543
619.842 366278
619.954 572714
620.350 4389
620.600 338432
620.650 4517
620.703 478687
620.925 4514
620.975 449246
621.108 439541
621.175 363463
621.319 408099
621.440 339403
621.707 413997
622.512 571161
622.850 4602
623.087 391823
623.603 365908
623.657 396055
623.825 16617
623.898 362355
624.135 340919
624.706 449964
624.720 452950
624.893 507114
625.520 591972
625.975 382667
626.522 410151
626.688 359058
626.723 351766
627.370 372286
627.826 416509
628.909 415759
629.275 472019
629.664 480597
629.852 395509
630.941 348734
631.634 461510
631.850 4201
632.175 4306
632.383 351914
632.741 421099
633.317 433459
633.346 499872
633.384 386375
633.421 374638
633.425 4487
633.525 4436
633.580 418308
633.590 357519
634.025 334042
634.075 4389
634.129 369507
634.354 351002
634.575 4336
634.875 333810
617.175 288
633.750 288
634.875 4438
634.935 374396
634.950 4365
635.000 8824
635.647 369451
635.675 338432
635.850 4514
636.870 383980
637.133 612764
637.492 571161
637.503 463802
637.566 625351
637.617 413879
638.111 364980
639.126 408022
639.138 393428
639.347 350300
639.515 363678
639.654 434430
640.028 652484
640.056 405227
640.150 579086
640.151 439928
640.383 524224
641.020 368215
641.445 363802
641.816 543365
642.001 464582
642.174 435134
642.178 439447
642.322 361978
642.874 454772
642.981 446840
643.244 456311
643.603 451957
643.697 449294
643.797 462161
644.201 393225
644.229 382616
644.557 422534
644.600 4307
644.974 441245
645.122 443960
645.636 442715
645.781 436341
646.084 381183
646.164 521263
646.296 360260
646.807 346287
646.975 4201
647.303 356896
647.796 462454
648.075 4365
648.175 4306
648.503 407228
648.525 4487
648.607 344952
648.675 4517
648.750 4389
648.920 423356
649.249 381327
649.625 4436
649.694 490746
649.800 4514
650.025 4438
650.475 4336
651.209 401385
651.339 417025
651.375 333931
651.381 450807
651.399 382931
651.629 388339
651.900 4602
652.275 333537
653.173 405457
653.235 499174
653.743 624194
654.094 452364
654.269 450251
654.271 367143
654.794 450104
654.998 388278
655.194 551178
655.761 358634
656.186 442630
656.595 453112
657.111 420778
657.319 348078
657.417 441794
657.739 383506
657.803 401143
658.016 384789
658.051 612764
658.809 523395
659.821 458776
660.006 397043
660.466 453913
660.835 377629
661.146 363837
661.169 449294
661.195 406112
661.667 381198
649.350 288
661.746 361298
662.000 338432
662.125 4487
662.195 342577
662.307 341888
662.425 424029
662.555 584663
662.580 387655
662.675 4438
662.678 434790
662.787 530700
662.817 346349
662.875 4436
663.200 4307
663.202 457235
663.332 460516
663.450 4201
663.932 385067
664.050 4306
664.264 368098
664.325 4336
665.100 334074
665.375 4365
665.460 341994
665.925 4389
666.025 4602
666.089 358829
666.716 571776
667.271 381114
668.256 402826
668.379 392780
668.546 355959
668.611 353033
668.709 538621
669.240 419817
669.267 365301
669.395 484104
669.455 380582
670.025 8874
670.346 387356
670.378 376608
670.383 343126
670.400 363410
670.710 382176
671.437 416346
671.507 422883
671.644 445799
671.812 350912
671.893 454567
671.896 422221
672.005 435315
672.259 349619
672.678 361539
672.775 368810
673.326 596972
673.881 415929
674.054 457727
674.147 346467
674.323 445973
674.825 4517
675.601 554380
675.764 370441
676.250 4514
676.540 443392
676.725 4487
677.017 605818
677.073 375427
677.075 4438
677.220 344307
677.275 4336
677.975 338432
678.017 356065
678.113 397223
678.300 4365
678.457 448227
678.650 4307
678.900 4436
678.925 4602
679.200 333713
679.307 455968
679.500 333770
679.550 333837
679.725 4389
679.800 333862
680.150 4306
680.250 4201
680.764 379487
680.817 638494
680.945 346629
681.356 343659
681.360 355207
681.458 542349
681.674 569386
682.174 363951
682.222 399072
682.344 354655
682.392 359208
683.715 622794
683.826 598511
684.267 442683
684.861 623603
685.040 574651
665.925 288
679.800 288
685.350 448618
685.665 347642
686.153 343554
686.348 420804
687.003 582719
687.207 405227
687.446 407897
687.747 557211
687.751 363193
688.242 533240
688.279 503013
688.727 346739
688.976 342774
689.061 603837
689.336 513242
689.575 452777
689.999 430533
690.269 351765
690.442 347381
690.729 417912
690.850 4514
690.900 4201
691.100 4365
691.115 350073
691.125 334112
691.197 721830
691.230 424559
691.375 16617
691.547 464413
691.600 4438
691.725 4389
692.125 4487
692.525 4307
692.550 4306
692.800 4336
692.869 421356
692.975 4517
693.021 550414
693.025 4602
693.380 376825
693.437 415061
693.824 514041
693.850 80096
693.867 360872
694.019 440841
694.107 358647
694.570 377540
694.643 351292
694.850 94486
694.911 395616
694.920 523071
694.950 338432
695.081 612143
695.223 434396
695.300 4436
695.503 463991
695.510 427608
695.939 433923
696.070 440740
696.248 502426
696.432 530660
696.465 607329
696.506 378984
696.694 408553
696.802 380225
696.853 361021
697.044 406116
697.297 397207
697.657 423758
697.991 568270
698.046 380225
698.345 353763
698.436 446765
698.803 541981
698.850 375308
699.175 66870
699.367 452680
700.121 466709
700.558 428268
701.096 376389
702.777 548239
703.006 607288
703.137 459702
703.442 397009
703.949 364926
703.950 85173
704.113 437721
704.211 410510
704.275 365477
704.290 385062
704.307 402219
704.426 388952
704.576 397263
704.740 461039
704.781 379456
704.850 79004
705.400 4307
705.500 4201
705.600 83528
705.625 4306
705.650 74325
705.725 4438
695.450 288
705.823 344504
706.050 4336
706.125 81712
706.175 4602
706.375 78297
706.475 4514
706.700 90992
706.850 4365
706.900 71033
707.150 4436
707.196 350241
707.250 91633
707.275 77766
707.400 83503
707.457 589154
707.575 92043
707.600 4389
707.750 97266
707.925 83507
708.025 70312
708.125 4517
708.150 4487
708.175 333682
708.200 1894
708.575 338432
708.900 83594
708.948 380132
709.059 437199
709.125 16617
709.125 19883
709.142 340876
709.325 1932
709.337 464983
709.473 344042
709.475 1845
709.475 79489
709.500 334131
709.675 77115
709.825 1888
709.875 84038
709.900 72641
709.900 99030
709.975 333716
710.025 19929
710.100 82386
710.125 1872
710.150 1826
710.275 1871
710.375 74315
710.425 1804
710.425 83774
710.475 88232
710.501 370004
710.505 393672
710.525 1844
710.525 1913
710.550 94430
710.600 19976
710.623 431971
710.650 1801
710.750 84230
710.750 86448
710.800 79552
710.925 83568
710.950 94438
711.000 59024
711.025 73185
711.042 361933
711.050 1866
711.100 20009
711.175 20027
711.200 85859
711.386 343789
711.450 1977
711.450 84104
711.525 69220
711.566 355373
711.575 82378
711.600 372266
711.650 1959
711.675 79547
711.725 85238
711.850 91537
711.900 78943
711.950 85916
712.000 2090
712.000 89199
712.025 98076
712.050 77705
712.085 351950
712.125 78446
712.150 72628
712.175 78287
712.200 71960
712.325 75496
712.375 57155
712.450 333933
712.475 95591
712.550 78380
712.650 76087
712.650 80762
712.675 76687
707.200 288
712.700 88243
712.750 333770
712.767 391895
712.800 79583
712.850 94486
712.975 77746
713.025 78390
713.075 63313
713.075 73136
713.075 82486
713.175 88299
713.175 88756
713.250 82836
713.275 1936
713.300 95542
713.325 73209
713.350 72061
713.375 77665
713.400 97859
713.425 17056
713.425 74811
713.425 77118
713.475 333688
713.475 88613
713.500 333931
713.525 70885
713.525 73806
713.525 77117
713.575 80759
713.600 73192
713.650 100294
713.675 78826
713.725 90343
713.850 78854
713.900 83561
713.900 88013
713.925 72221
714.000 78309
714.025 88591
714.075 98066
714.085 357649
714.100 1894
714.103 345063
714.125 77236
714.125 84166
714.175 83504
714.196 506772
714.250 93408
714.275 450250
714.350 104259
714.350 72009
714.401 449347
714.425 81880
714.450 78399
714.475 76001
714.475 76131
714.475 93307
714.625 77129
714.639 567040
714.650 72669
714.650 76099
714.675 79429
714.700 88223
714.725 333927
714.794 421004
714.800 87589
714.805 450066
714.875 333961
714.925 101377
714.950 1845
714.950 1872
714.975 90910
715.000 72050
715.025 333685
715.025 80093
715.050 100196
715.050 333713
715.075 63896
715.091 422565
715.100 78366
715.100 86440
715.125 62833
715.125 93897
715.175 1804
715.175 70873
715.175 82375
715.250 85719
715.325 84849
715.350 73668
715.375 1826
715.375 1871
715.375 76123
715.400 97293
715.425 333985
715.450 81290
715.500 333810
715.525 1801
715.548 349754
715.550 70281
715.625 1844
715.625 76083
715.625 95020
715.639 377720
715.700 1888
715.700 1932
715.725 72596
715.775 100218
715.775 1913
715.800 334112
715.825 81182
715.825 84738
715.850 1866
715.875 74387
715.875 80096
715.950 89928
716.045 413420
716.050 333862
716.075 334015
716.150 80683
716.175 333806
716.200 100087
716.200 88721
716.225 81712
716.250 89737
716.300 94440
716.400 100195
716.400 1959
716.425 74833
716.450 71440
716.475 333778
716.475 334137
716.500 81140
716.625 97353
716.645 436341
716.675 334074
716.700 112201
716.700 333988
716.800 334071
716.800 74399
716.850 333682
716.888 449695
716.950 97849
716.975 333895
716.975 334133
716.975 70848
717.025 100807
717.050 333716
717.075 333839
717.100 82861
717.200 100237
717.300 333537
717.425 98442
717.514 386946
717.525 91651
717.650 333954
717.675 1977
717.700 334080
717.700 334196
717.725 78297
717.750 101896
717.750 334043
717.750 334168
717.750 98430
717.875 92043
717.900 1936
717.900 334042
717.955 369929
718.000 85173
718.025 333715
718.073 449307
718.113 356065
718.125 95028
718.190 386105
718.200 83503
718.300 2090
718.375 333770
718.375 333832
718.375 334131
718.475 94439
718.525 334162
718.750 333933
718.750 334194
718.875 103138
719.050 334347
719.243 592048
719.316 352482
719.318 355942
719.350 333837
719.399 476434
719.875 334434
720.400 109902
720.434 402813
720.475 333985
720.500 333713
720.500 334112
720.700 333810
720.825 333862
721.000 333931
721.275 334074
721.300 333806
721.350 334133
721.375 333685
721.389 413514
721.594 425873
721.599 355322
722.050 334071
722.125 333927
722.296 386706
722.350 333988
722.350 334196
722.449 614402
722.975 334042
723.075 2090
723.086 357472
723.275 334168
723.375 334131
723.689 553150
723.825 334194
723.945 371849
724.132 344507
725.026 563378
725.170 438431
725.400 334347
725.413 424426
725.832 627498
725.915 514115
726.123 445590
726.449 369325
726.600 342348
726.650 334434
727.089 432726
727.598 397009
728.125 4201
728.150 4307
728.518 365503
728.542 521563
728.878 425088
729.057 349649
729.250 4336
729.478 369062
729.800 4306
729.800 4436
729.825 4438
730.025 4365
730.025 4389
730.033 355207
730.050 4487
730.204 429041
730.400 338432
730.475 4517
730.550 551178
731.788 358729
731.831 459312
731.882 390495
732.103 377184
732.150 4602
732.456 454041
732.750 4514
733.100 16617
733.824 432089
734.082 532324
734.400 365245
734.569 615815
734.745 614192
734.778 618074
735.303 352486
735.603 500031
736.153 362661
737.101 462491
737.439 343149
737.879 423758
738.060 410151
738.272 374998
738.370 364504
738.584 358101
738.660 381430
738.764 459406
739.182 357272
739.725 16532
740.067 353354
740.849 480090
741.250 464555
741.516 439620
742.234 375947
742.623 410366
742.850 4487
742.877 458500
743.750 4438
743.825 4201
743.875 9260
743.930 390502
744.221 567971
744.532 392512
745.289 437976
745.475 4436
745.625 4389
745.750 333713
745.833 353202
745.846 388994
745.950 4514
745.988 414471
746.088 353103
746.100 334194
746.200 4517
746.450 4336
746.838 365363
731.725 288
746.950 334074
746.988 501296
747.061 462639
747.425 16617
747.700 4365
747.733 342135
747.767 406834
747.918 409983
747.998 397009
748.021 443049
748.025 333537
748.240 403526
749.206 453663
749.297 353059
749.686 450220
750.457 605985
750.507 369431
750.600 4602
750.950 672092
751.552 367920
751.720 456401
751.850 16580
752.488 399072
752.823 342880
752.850 16973
752.991 411590
753.143 465412
753.205 368877
753.526 371581
755.077 358808
755.666 436305
756.455 416817
756.496 501767
757.180 362717
757.255 346239
757.650 4307
758.193 350297
758.692 465189
758.730 397263
758.875 338432
758.975 4438
759.087 353609
759.100 334137
759.175 4306
759.329 526946
759.400 4436
759.445 385006
759.480 403682
759.700 9002
759.725 4336
759.738 558673
759.854 365503
759.951 451780
759.955 389066
760.050 4487
760.750 4201
760.900 333862
761.021 399475
761.150 399945
761.304 505116
761.411 399871
761.675 90343
761.725 362661
761.914 451701
761.975 4365
762.000 334194
762.141 376825
762.222 433081
762.275 4514
762.325 4602
762.886 378863
763.000 4517
763.375 333927
763.375 4389
763.528 411113
763.669 583652
764.694 386458
764.867 365401
765.006 426554
765.400 393688
765.573 388037
765.916 386627
765.964 399433
765.979 438075
766.344 549829
766.826 350300
766.909 372930
766.960 375380
767.369 404803
767.375 16781
767.436 359597
767.446 437749
767.684 376859
768.171 507839
768.515 533112
768.624 437099
769.197 563216
769.984 350404
770.028 339688
770.623 339161
770.735 634019
770.759 372284
748.875 288
770.808 342057
770.952 397043
771.040 353583
771.142 350404
771.852 364983
772.340 404699
772.444 454625
772.850 4389
772.969 454468
772.975 83504
773.041 348270
773.233 429151
773.300 4307
773.500 4438
773.763 365270
773.927 345508
773.975 4487
774.000 4436
774.025 4602
774.175 4517
774.253 465908
774.400 4514
774.775 4306
774.809 660660
774.864 605985
775.080 451042
775.175 4336
775.403 612304
775.500 333685
775.548 391585
775.600 4201
775.650 333931
776.328 487088
776.500 333839
776.889 365348
777.114 423894
777.122 390982
777.342 463880
777.465 376921
777.550 334196
777.625 333837
778.203 524263
778.238 639738
778.787 411730
778.862 346604
779.077 419306
779.296 402059
779.497 380441
780.732 398226
780.793 395356
780.957 348431
781.001 473858
781.001 603853
781.266 475495
781.430 376803
781.684 385544
781.964 535417
782.061 423745
782.345 382601
782.979 561558
783.084 430027
783.242 604832
783.911 352509
784.648 388875
785.513 467791
785.716 376424
786.154 515750
786.378 347754
786.788 438112
787.600 4306
787.700 4336
787.925 4487
788.025 4389
788.445 378448
788.475 4602
788.500 4365
788.725 333778
788.825 4307
789.102 430508
789.125 334043
789.125 4514
789.400 4201
789.536 504975
789.550 4517
789.600 416204
789.619 356321
789.727 375405
789.900 334196
789.925 4436
790.175 4438
790.443 394470
790.619 350088
791.011 454873
791.554 356660
792.470 348904
792.658 349619
792.952 359835
793.350 338432
793.495 560848
793.890 351957
794.137 373400
794.527 351511
774.575 288
787.350 288
794.556 383012
794.623 558846
795.510 340354
797.075 16580
797.439 346286
797.834 383350
797.869 379202
798.133 400855
798.174 537896
798.675 359486
798.953 359856
799.275 402001
799.326 442400
799.668 340369
799.690 392019
799.848 410881
800.111 343692
800.834 353845
801.350 4336
801.357 614519
801.525 4201
801.548 342816
802.014 411232
802.166 350799
802.200 4436
802.324 403145
802.350 4602
802.391 460723
803.000 4307
803.931 382176
804.133 644170
804.175 4487
804.179 449294
804.184 349550
804.379 362389
804.442 385206
804.500 338432
804.525 4389
804.846 396088
804.960 379677
805.363 390446
805.400 4438
805.435 483968
805.480 378907
805.635 410403
805.702 358376
805.745 344837
805.759 384572
805.925 4514
806.255 392267
806.367 506772
806.415 401099
806.509 420259
806.775 94486
807.140 365829
807.264 398537
807.637 354693
808.034 512092
808.362 392512
808.990 343835
809.005 346286
809.347 393055
809.961 409263
810.142 404408
810.457 634038
810.597 521501
811.129 482706
811.162 412137
811.403 455488
811.470 445411
812.664 397731
812.804 353826
813.251 457406
813.287 353184
813.399 360464
813.407 402003
813.469 454196
813.628 552173
814.111 445590
814.750 4517
814.842 450633
814.957 348118
815.150 4365
815.282 375746
815.297 573774
815.931 456196
816.025 4336
816.125 4306
816.200 333988
816.425 4201
816.800 88721
816.875 4602
816.900 4487
817.275 4307
817.400 4389
817.650 4436
818.000 4438
818.040 507740
818.175 95542
818.200 574940
818.562 521297
819.100 72596
813.125 288
819.200 338432
819.375 4514
819.900 100196
819.984 528003
820.622 391517
820.724 449927
821.178 435134
821.190 438137
821.451 553910
821.632 419329
821.688 407330
822.075 78390
822.579 443960
823.015 416115
823.259 365955
823.888 407897
824.300 1894
824.305 388107
824.450 74315
824.482 386396
824.725 1844
824.775 1866
824.830 363652
824.959 553659
825.075 62833
825.135 501573
825.622 368569
825.700 78297
825.814 370194
825.896 405415
826.200 1871
826.620 357072
826.899 365962
827.255 430260
827.475 84738
827.500 1804
827.500 72050
827.575 63896
827.721 444909
827.925 1845
828.050 63313
828.125 71960
828.400 81290
828.550 84104
828.731 512982
828.875 81712
829.025 75496
829.109 380915
829.113 499762
829.225 1888
829.350 1801
829.575 77129
829.650 78826
829.739 512347
829.775 19929
829.800 19883
829.950 77115
830.050 80759
830.060 652369
830.125 88613
830.217 351772
830.250 1826
830.275 73136
830.450 19976
830.450 72009
830.450 76123
830.475 77118
830.500 1913
830.500 66870
830.575 79583
830.585 371053
830.600 77766
830.625 59024
830.679 360925
830.700 78854
830.750 74387
830.775 77746
830.775 78380
830.800 85859
830.875 4514
830.875 74811
831.000 73806
831.075 74833
831.100 72641
831.176 368274
831.225 20006
831.250 89737
831.350 1872
831.425 333537
831.425 72061
831.475 70873
831.500 333682
831.525 73668
831.525 78309
831.600 69220
831.625 1844
831.750 20009
831.750 333770
831.750 72596
831.775 100807
831.775 70312
831.805 465261
831.875 4517
831.875 72669
831.900 4602
831.900 77665
832.000 333713
832.000 74399
832.025 333688
832.050 79004
832.100 1866
832.100 70885
832.100 79429
832.125 4365
832.125 77236
832.125 83504
832.150 78399
832.150 93897
832.228 416031
832.350 93307
832.400 84038
832.500 1977
832.500 333716
832.550 1936
832.625 76087
832.643 524408
832.650 83594
832.725 4487
832.750 71440
832.775 333685
832.775 9287
832.825 4438
832.850 73192
832.875 73185
832.900 1894
832.950 57155
832.950 72628
832.975 1804
832.975 81880
833.025 83774
833.075 1932
833.175 88591
833.200 4306
833.200 76687
833.250 1871
833.275 389466
833.300 333715
833.375 448618
833.400 88721
833.425 85916
833.475 1845
833.475 4436
833.500 77705
833.500 85238
833.525 77117
833.550 76001
833.575 1959
833.590 357636
833.675 84166
833.750 80683
833.750 81182
833.750 83503
833.800 70848
833.825 80096
833.850 88013
833.900 82861
833.925 1801
833.925 20027
833.950 80093
833.975 79489
834.075 73209
834.125 82836
834.150 77778
834.175 1888
834.175 74325
834.247 426661
834.250 82378
834.336 509005
834.350 76083
834.350 97849
834.375 81140
834.400 20039
834.400 79547
834.400 86440
834.425 78297
834.475 100294
834.500 88232
834.525 82386
834.575 78446
834.575 85719
834.600 78366
834.600 82375
834.620 406833
834.625 78943
834.650 76099
834.663 562655
834.675 84230
834.675 94430
834.675 94439
834.700 333810
834.775 83507
834.825 80762
834.850 1826
834.850 333862
834.875 333806
834.885 459558
834.893 629509
834.900 90343
834.907 417565
834.925 91633
834.975 20073
834.975 91537
835.000 78287
835.050 79552
835.050 97353
835.100 333778
835.150 92043
835.300 1913
835.325 93408
835.375 333985
835.400 88299
835.400 89199
835.400 97859
835.450 85173
835.454 365301
835.500 90910
835.525 333837
835.525 80858
835.600 90992
835.625 83528
835.625 83561
835.650 334015
835.725 1872
835.775 98430
835.775 99030
835.800 2090
835.850 333832
835.850 88223
835.900 71033
835.925 101377
836.000 94440
836.025 100195
836.050 334074
836.075 76131
836.095 367788
836.125 87589
836.157 366229
836.200 94486
836.225 91651
836.300 94438
836.350 334043
836.350 86448
836.350 98442
836.375 334133
836.650 95020
836.700 83568
836.775 72221
836.900 417063
836.975 333961
837.025 100237
837.075 334112
837.175 334137
837.200 333537
837.200 89928
837.225 100218
837.225 333954
837.225 98076
837.375 333927
837.380 411428
837.400 334071
837.425 334131
837.450 1844
837.500 1977
837.625 84849
837.750 88243
837.800 100196
837.800 88756
837.808 355322
837.825 334080
837.850 333682
837.850 333895
837.850 97293
837.900 112201
837.917 592717
837.925 100087
838.025 507832
838.050 95542
838.057 452186
838.075 1894
838.100 334196
838.125 1936
838.200 334168
838.267 408342
838.275 104259
838.354 383793
838.457 538708
838.475 1959
838.550 97266
838.600 101896
838.825 98066
839.000 333988
839.025 95028
839.184 346643
839.285 442501
839.350 95591
839.426 439447
839.650 333839
839.800 334162
840.150 333931
840.194 420804
840.275 103138
840.450 333778
840.518 408207
840.519 390446
840.550 333933
840.675 2090
840.791 416806
841.025 334194
841.100 109902
841.131 435357
841.225 334347
841.636 527707
841.675 333862
841.775 334434
841.962 395485
842.034 397120
842.050 334112
842.448 597478
842.876 421993
843.000 334043
843.192 367699
843.339 394287
843.945 415340
844.092 577654
844.350 404699
844.500 334168
844.882 385898
844.919 499174
845.238 408810
845.731 361340
846.036 481752
846.089 354392
846.174 348610
846.250 334347
846.345 407051
846.603 377919
846.730 384572
846.775 334434
846.775 4201
847.324 371642
847.335 551178
847.650 9148
847.958 357636
848.150 4307
848.226 351737
848.317 416181
848.453 456909
848.639 423758
848.941 354567
849.301 436341
849.311 546714
849.322 461520
849.451 636051
849.970 402570
850.149 458776
850.456 396025
850.666 637403
850.757 339265
850.945 399903
851.325 4389
851.675 338432
851.775 4438
851.777 446642
852.375 4517
852.474 558551
852.555 367805
852.725 4602
852.779 493005
852.901 504243
852.927 470629
853.050 4365
853.157 355207
853.486 442630
853.643 437763
853.679 381238
853.741 365155
854.310 444505
855.015 524863
855.143 382721
855.427 371869
855.456 443502
855.731 357636
855.773 387146
855.840 362172
855.978 429100
856.202 400035
856.377 342348
856.803 502426
856.987 576855
857.030 594876
857.058 409906
857.075 8874
857.442 434424
858.027 505116
858.960 380150
858.982 368924
858.986 507505
859.100 4306
850.600 288
860.285 357246
860.419 383506
860.582 415109
860.767 364741
860.802 439980
861.323 473858
861.826 368877
861.900 4201
862.095 369041
862.175 414200
862.194 371989
862.250 4336
862.307 343989
862.316 368652
862.321 369647
862.785 605818
863.050 451803
863.100 333685
863.110 523786
863.282 522220
863.502 623878
863.590 422951
863.629 450807
863.915 514400
864.300 333839
865.078 430149
865.104 428845
865.166 367139
865.246 394253
865.440 510256
865.475 333895
865.650 4487
865.725 4438
865.790 660677
866.103 645478
866.150 4365
866.358 416211
866.576 435758
866.871 461039
867.025 4436
867.100 338432
867.473 636122
868.000 334080
868.025 4514
868.191 485612
868.628 400893
868.715 469195
868.758 520097
868.855 436965
869.075 4517
869.100 334071
869.150 396446
869.361 350914
869.725 334168
870.037 401816
870.200 334194
871.100 333927
871.150 334133
872.405 564805
872.657 357074
872.867 558878
873.206 441068
873.707 356939
873.796 340354
873.975 334434
874.136 352057
874.143 602403
874.630 343042
875.031 464168
875.399 352975
875.432 352505
875.570 342904
875.690 504970
875.832 463221
876.438 463122
876.472 382120
876.542 444642
877.175 4201
877.925 8822
878.120 369866
878.575 4307
878.575 4336
878.756 604843
878.775 16617
880.180 446576
880.444 352317
880.562 559051
880.808 358335
880.943 368978
881.081 586891
881.200 4602
881.350 333810
881.786 546313
881.800 333927
881.853 518333
881.860 646497
881.913 389334
882.289 379294
882.636 487197
882.850 4517
883.125 4438
883.232 401884
862.675 288
875.150 288
883.457 388578
883.625 334112
883.917 594658
884.025 334194
884.700 4514
884.716 351766
884.850 333931
885.008 397072
885.043 355207
885.355 461711
885.792 507114
885.817 350127
886.046 454702
886.202 418098
886.380 390704
886.462 371514
886.465 365618
887.306 362414
887.583 438655
887.660 467776
887.748 373615
888.593 365817
888.987 343140
889.033 391706
889.037 389163
889.129 403692
889.299 508223
889.332 385483
889.367 348950
889.450 4201
890.472 481785
891.725 4306
891.795 431971
892.055 343415
892.101 540551
892.398 348889
892.500 4389
892.604 520097
892.625 4436
892.650 4365
892.902 410520
893.150 4487
893.212 341096
893.275 4307
893.300 333688
893.465 396548
893.713 361292
893.893 602663
893.925 4336
894.558 421788
895.000 4517
895.131 540627
895.241 541342
895.448 422658
895.450 338432
895.565 496294
895.751 403072
896.206 442715
896.395 434904
896.496 645478
896.633 412930
897.265 487841
897.412 555319
897.488 407424
897.625 76099
897.629 398784
898.498 340116
898.696 497980
898.704 447721
898.929 441782
899.041 558414
899.179 355233
899.630 447120
899.632 417290
900.151 395791
900.313 410501
900.393 380655
900.677 421341
900.933 361485
901.534 435315
901.677 394487
901.770 361900
901.908 379487
902.488 418016
902.925 392113
903.505 425865
903.751 507114
903.940 459406
904.097 371436
904.462 356205
904.524 508242
904.666 462243
905.275 100196
905.300 4201
905.713 689471
905.926 421788
906.175 4438
906.250 4514
906.252 423482
906.463 409386
906.619 522220
906.800 4336
894.275 288
906.625 288
906.925 4306
907.075 4436
907.139 439641
907.163 400093
907.167 400552
907.401 365895
907.540 347858
907.625 4365
908.135 592717
908.184 340359
908.203 354227
908.803 375211
909.367 622794
909.475 4487
909.589 399475
909.625 4389
910.161 357343
910.250 4602
911.337 358676
911.484 381975
911.591 361832
911.628 457570
911.729 577938
912.078 386105
912.196 386458
912.414 372666
912.443 438989
912.828 589154
913.573 376022
915.105 372096
915.848 376908
916.262 395076
916.927 369996
917.450 569349
917.625 344791
917.987 381954
918.650 4201
918.925 4307
918.996 367140
919.054 408848
919.213 516564
919.293 391706
920.100 4306
920.300 4487
920.390 377260
920.465 424818
920.575 4365
920.875 4438
920.999 541027
921.066 341893
921.093 354392
921.143 465581
922.124 362717
922.150 4517
922.200 338432
922.549 506772
922.551 382998
922.831 341341
923.049 457919
923.055 403171
923.095 428246
923.667 397478
924.118 347579
924.225 4514
924.241 380242
924.507 454491
924.586 343839
924.625 4389
924.850 4602
925.046 462518
925.100 4336
925.179 424384
926.482 598511
926.577 422026
927.069 362958
927.497 368276
928.056 430260
928.628 415061
928.691 451123
929.043 354716
929.113 347782
929.152 413997
929.214 504795
929.488 410719
929.795 508912
929.807 455443
930.464 353354
930.504 409025
931.087 371524
931.087 481752
931.138 350018
931.179 349066
931.257 381309
931.608 438112
932.171 352021
932.630 562208
932.958 450641
933.063 558822
933.075 4201
933.785 349923
934.075 4365
934.297 349736
920.625 288
934.550 4436
934.600 74315
934.837 358071
935.076 543406
935.275 4307
935.322 373834
935.424 372918
935.440 481533
935.500 4517
935.648 354676
935.725 4336
935.925 4306
936.109 350666
936.126 358101
936.175 81712
936.263 361326
936.725 4438
936.825 4389
936.870 452364
936.937 379421
937.052 503090
937.225 4487
937.490 419080
937.539 411962
937.881 518259
937.975 8752
938.976 369996
939.290 576196
939.325 338432
939.468 662778
939.571 404541
939.669 422555
940.150 4602
940.202 390673
940.383 355233
940.420 424748
941.194 366976
941.248 342694
941.537 457574
941.672 456909
941.688 423745
941.800 334434
941.906 354268
942.171 403199
942.627 375070
942.818 419891
943.405 391103
943.940 419030
944.116 456023
944.150 445146
944.399 447358
945.151 549144
945.207 437186
946.084 582443
946.163 407900
946.250 451852
946.387 343589
946.678 427662
946.829 612764
947.100 4201
947.529 514400
947.975 4365
948.350 4514
948.576 349208
948.778 463536
948.850 4336
948.950 85238
949.300 4436
949.369 431925
949.500 4306
949.525 4389
950.097 461504
950.350 4307
950.375 4517
950.377 366906
950.644 456883
950.775 4487
950.881 375794
950.935 391706
950.996 346543
951.025 63313
951.734 521263
951.850 333862
952.028 418639
952.075 84849
952.645 383793
953.012 419949
953.041 372225
953.404 457570
953.467 385082
953.500 78309
953.600 4602
953.775 1977
953.942 454269
954.325 75496
954.325 77705
954.705 344808
955.274 601950
955.350 74811
955.375 74387
955.943 416806
956.052 388107
936.250 288
949.175 288
956.088 487962
956.651 342416
956.775 77115
956.807 345187
957.242 458827
957.262 615067
957.450 16617
957.500 79429
957.840 403567
958.154 453834
958.445 392113
958.554 439541
958.917 463372
959.214 386747
959.612 573879
959.648 357003
959.658 377535
960.075 83528
960.226 406902
960.371 342774
960.553 356205
960.646 388329
960.725 89199
961.175 4487
961.925 4201
961.975 4336
962.029 367835
962.375 78943
962.650 88591
962.675 72009
962.950 78854
963.100 4438
963.100 94430
963.154 462745
963.414 440451
963.550 4436
963.550 72628
963.650 4514
963.800 74399
963.851 518259
963.925 4365
963.975 1826
964.025 1866
964.025 57155
964.125 19929
964.200 19883
964.344 439476
964.375 1844
964.375 1871
964.375 77746
964.500 4389
964.600 1872
964.850 83507
964.874 356896
964.900 1888
964.900 73209
964.975 72641
964.975 76099
965.025 19976
965.034 402817
965.200 1804
965.200 4307
965.200 97266
965.250 78287
965.313 394512
965.389 388875
965.400 73136
965.450 1932
965.450 338432
965.450 63896
965.475 1801
965.475 1977
965.600 74387
965.625 1845
965.625 76083
965.650 100294
965.650 4517
965.700 100195
965.750 85238
965.800 20009
965.825 1913
965.825 79547
965.850 70312
966.025 20006
966.050 78399
966.100 4602
966.100 76001
966.100 77665
966.125 78826
966.200 63313
966.225 73185
966.275 89928
966.300 80093
966.300 88013
966.444 602663
966.525 78390
966.625 1894
966.625 88243
966.675 78297
966.725 77778
966.750 20039
966.750 80858
966.125 288
966.800 84738
966.847 482625
966.850 1936
966.850 79489
966.875 77117
966.925 70281
966.925 80096
966.950 71033
966.975 77705
967.050 74325
967.075 77766
967.100 82836
967.125 74811
967.175 74315
967.175 88232
967.180 355942
967.225 84104
967.225 90343
967.250 84038
967.350 75496
967.350 98442
967.400 89737
967.450 78309
967.475 72596
967.475 93408
967.525 93897
967.575 1959
967.600 81182
967.650 20027
967.675 69220
967.675 82375
967.750 83774
967.750 85719
967.775 62833
967.900 77118
967.925 78380
967.950 77129
967.975 333770
968.000 333713
968.000 78446
968.023 422534
968.050 70848
968.150 333685
968.175 72669
968.200 333862
968.200 59024
968.225 73806
968.225 77115
968.225 77236
968.225 86440
968.250 81712
968.350 73668
968.375 95020
968.400 99030
968.450 100237
968.450 76131
968.475 76087
968.475 81140
968.550 333778
968.575 70885
968.600 79004
968.625 72061
968.650 78366
968.725 82386
968.725 94440
968.750 85916
968.775 83504
968.825 79583
968.850 1866
968.850 70873
968.850 80759
968.875 82486
968.900 334074
968.950 334015
969.025 81880
969.050 82861
969.100 1826
969.100 76123
969.125 66870
969.150 333806
969.150 73192
969.175 71960
969.250 1844
969.250 85859
969.275 79552
969.300 72050
969.300 74833
969.300 83503
969.350 333810
969.375 333839
969.400 84166
969.521 594876
969.525 1888
969.525 82378
969.550 88721
969.650 1871
969.650 88613
969.650 91537
969.650 91651
969.650 97849
969.700 80683
969.750 86448
969.775 79429
969.775 83561
969.775 94438
969.800 333682
969.825 71440
969.900 100196
969.950 1872
970.025 1804
970.025 334043
970.075 100087
970.075 94439
970.100 334071
970.100 85173
970.125 1801
970.150 92043
970.250 81290
970.325 20073
970.375 76687
970.375 83594
970.375 97353
970.400 88223
970.423 343010
970.425 1932
970.500 98430
970.550 72221
970.650 1845
970.650 90910
970.700 95542
970.750 1977
970.800 334196
970.875 1913
970.900 333716
970.975 334131
970.975 97859
971.071 586906
971.075 83568
971.075 87589
971.125 90992
971.325 94486
971.375 1894
971.525 1936
971.592 400586
971.600 97293
971.650 84230
971.682 521297
971.684 404385
971.825 2090
971.850 100218
971.900 84849
971.925 91633
972.050 334137
972.125 333954
972.175 80762
972.200 95591
972.225 93307
972.367 506772
972.404 444311
972.500 1959
972.625 333537
972.644 415287
972.725 333927
972.725 88756
972.731 585486
972.825 101377
972.925 333715
973.025 88299
973.075 334168
973.125 104259
973.150 333933
973.150 98066
973.194 389355
973.239 413118
973.250 109902
973.325 333862
973.400 334133
973.425 334112
973.450 333988
973.475 334042
973.525 333837
973.525 333895
973.625 333832
973.675 334162
973.725 333985
973.939 420410
974.033 422509
974.050 333961
974.050 98076
974.100 101896
974.150 333931
974.150 95028
974.200 112201
974.218 378648
974.418 443530
974.550 103138
974.550 333688
974.550 334015
974.600 100807
974.975 333682
975.025 334194
975.026 425989
975.050 334080
975.470 630855
975.484 465901
975.500 333839
975.700 334347
976.025 334043
976.150 2090
976.277 364996
976.307 339108
976.570 546714
976.600 334196
976.700 334131
976.755 610033
977.250 382074
977.360 355396
977.400 334434
977.954 360264
977.983 567244
978.057 467831
978.125 334137
978.225 334112
978.725 334168
979.939 434179
980.053 528024
980.501 385723
980.640 366040
980.702 345003
980.802 441947
980.900 334347
980.982 464334
981.360 389248
981.749 354227
981.957 366278
981.986 420152
982.184 459406
982.300 421632
982.368 460729
982.462 437199
982.525 4201
982.577 552667
983.050 16814
983.385 447385
983.400 4307
983.535 369289
983.749 414537
983.991 399155
984.200 4336
984.950 4438
985.146 422615
985.399 423659
985.421 363999
985.500 4306
985.538 382461
985.625 4365
985.975 338432
985.975 4517
986.291 379203
986.966 596411
987.043 588276
987.594 343575
988.175 4389
988.260 493044
988.319 369062
988.516 347754
988.526 397848
988.887 365791
989.649 623600
989.933 383575
990.221 431975
990.673 400526
991.259 381115
992.039 351003
992.157 468324
992.668 350088
992.726 353681
992.790 464168
993.125 4602
993.148 465189
993.289 506748
994.087 497674
994.094 487433
994.354 447289
994.734 493831
994.875 424664
995.064 369704
995.110 447776
996.134 450732
996.764 443640
997.055 342911
998.113 412832
998.635 381183
999.416 368986
999.425 334196
999.820 419345
999.882 452950
999.900 4389
999.926 398784
1000.150 4438
1000.154 394905
1000.325 4514
1000.375 4436
1000.475 4307
1000.481 372946
1000.483 346855
987.525 288
