0.086 496474
0.676 454498
1.224 762316
1.310 476338
1.496 458845
1.804 533745
2.127 470649
2.770 523402
3.138 400879
3.355 469253
3.801 527611
3.810 525687
4.231 765904
4.308 786393
4.503 533965
4.571 496433
5.288 532153
5.366 497186
5.370 502298
5.417 465911
5.747 453990
5.918 452566
6.024 488269
6.551 520514
6.673 534497
6.971 467962
7.347 463049
7.463 495897
8.197 506384
8.342 520015
8.776 751273
8.897 459470
9.273 777105
9.447 490931
10.119 687704
10.325 7011
10.400 6880
10.625 19212
10.800 6934
10.900 7093
11.160 741029
11.399 472823
11.571 449387
11.632 528947
12.450 6983
12.625 7090
12.647 460495
12.712 741383
12.725 7142
12.800 6811
12.825 7149
13.050 337732
13.144 401072
13.225 19460
13.350 337613
13.400 337796
13.400 338718
13.475 338031
13.525 7010
13.565 476651
13.575 337949
13.654 473893
13.775 6910
14.039 479514
14.078 474080
14.100 7165
14.291 510720
14.375 308381
14.425 337671
14.550 338061
14.617 452755
14.625 319908
14.700 338098
14.725 337947
14.742 521830
14.825 337798
15.025 338034
15.275 337794
15.607 492386
15.675 338152
15.694 473060
15.995 479881
16.051 515200
16.141 478107
16.300 305433
16.940 532635
17.100 19212
17.386 460153
17.726 515710
17.975 471104
18.050 530427
18.400 19135
18.775 19453
18.776 483821
18.937 476993
18.939 723375
19.479 536444
19.675 19370
19.925 325035
20.000 19299
20.025 19224
20.106 542430
20.299 405200
20.407 767204
20.425 315909
20.644 513931
20.675 305373
20.975 19333
21.225 303820
21.231 773352
21.444 376877
21.450 315822
21.459 492028
21.564 455285
21.725 311910
21.838 500036
21.950 300802
22.019 478637
22.175 313513
22.212 526120
22.227 502915
22.325 19460
22.450 325514
22.650 308278
22.775 311879
22.975 305947
23.066 450883
23.175 306092
23.225 510994
23.408 533267
23.554 519725
23.610 479641
23.769 426572
23.850 300836
24.123 533334
24.223 390738
24.550 305360
24.600 322234
24.700 322041
24.725 328495
24.825 300807
24.875 302497
25.000 326671
25.025 319747
25.050 297547
25.200 337796
25.275 338031
25.293 501592
25.325 330142
25.363 382609
25.370 473770
25.375 308363
25.375 310034
25.525 315744
25.550 315189
25.551 490646
25.600 291151
25.625 326789
25.650 303862
25.750 3498
25.795 532993
25.825 315207
25.825 6934
25.925 303701
25.950 3459
25.950 3544
26.000 319244
26.000 322171
26.050 328951
26.075 7093
26.100 331304
26.125 3475
26.125 3538
26.150 21176
26.150 21226
26.150 323781
26.200 21084
26.200 21112
26.200 21223
26.200 318710
26.250 313479
26.275 21158
26.275 21159
26.275 452363
26.400 21110
26.450 327930
26.450 3542
26.475 3408
26.475 3562
26.500 328455
26.525 3431
26.550 319301
26.575 312853
26.575 337618
26.625 310006
26.625 310606
26.675 315218
26.698 506759
26.700 321585
26.725 3560
26.725 6910
26.775 327933
26.850 302572
26.859 507548
25.150 1332
26.875 318606
26.875 3565
26.900 307197
26.900 323867
26.950 3516
27.000 285394
27.000 306530
27.000 314676
27.012 539519
27.025 305433
27.075 7010
27.100 312867
27.125 296254
27.125 308307
27.150 284200
27.225 318195
27.250 302503
27.250 6983
27.300 3410
27.325 318739
27.325 3519
27.400 306577
27.400 319303
27.450 319893
27.450 324436
27.475 305470
27.500 304854
27.500 317593
27.500 6811
27.532 467184
27.600 329010
27.625 308881
27.625 323857
27.635 478107
27.675 323852
27.700 324929
27.700 3480
27.725 7149
27.750 316444
27.775 290581
27.900 308381
27.925 312311
27.925 3586
27.925 6880
27.975 338034
27.975 338124
28.000 310060
28.075 306016
28.075 337760
28.125 310641
28.150 302042
28.225 304303
28.250 7090
28.275 290497
28.275 325504
28.300 303753
28.323 447887
28.325 318702
28.350 328494
28.375 7142
28.450 306622
28.500 326204
28.550 303657
28.550 337913
28.625 313997
28.625 314560
28.625 319165
28.650 321484
28.675 311257
28.771 459138
28.800 310690
28.800 313547
28.825 301367
28.850 308369
28.900 313024
28.925 327377
29.000 338061
29.025 7011
29.050 285345
29.050 314152
29.050 326733
29.050 331836
29.075 326141
29.143 469430
29.150 311187
29.150 337949
29.196 465881
29.200 319775
29.225 308953
29.275 470393
29.400 329587
29.425 311771
29.450 310054
29.450 338126
29.475 314178
29.525 319908
29.550 314061
29.575 317061
29.600 329549
29.625 301438
29.625 317448
29.700 306018
29.700 326118
29.700 338152
29.750 321487
29.786 530969
29.850 287669
29.850 306008
29.853 464734
29.900 306065
29.950 313598
29.975 338036
30.000 306631
30.025 308255
30.025 338216
30.075 325035
30.100 306597
30.100 314747
30.100 7165
30.175 337798
30.200 314082
30.200 338097
30.200 338134
30.225 308902
30.225 311121
30.225 337500
30.250 338030
30.275 337733
30.300 304228
30.300 329526
30.300 337886
30.325 283106
30.325 325116
30.325 338039
30.329 519170
30.350 337790
30.375 308962
30.450 337793
30.450 338060
30.450 3498
30.475 325512
30.500 315779
30.550 322092
30.550 324069
30.575 337613
30.575 337824
30.575 337852
30.575 3544
30.625 303704
30.675 319345
30.700 298114
30.725 337970
30.750 310092
30.750 338123
30.750 3408
30.750 3475
30.775 3542
30.825 3538
30.875 3459
30.900 307203
30.900 318023
30.900 337794
30.925 322708
30.925 3431
30.950 300281
30.975 305373
30.975 319270
30.975 338098
31.000 313603
31.000 328432
31.000 337940
31.046 467356
31.050 300282
31.050 337732
31.050 338091
31.125 337671
31.150 291636
31.225 288863
31.225 303140
31.250 337791
31.325 3562
31.375 337826
31.375 3565
31.413 454727
31.425 3516
31.454 476110
31.475 3560
31.550 318193
31.575 295649
31.575 303820
31.600 456524
31.687 787645
31.875 3410
31.925 311910
31.950 287009
32.004 524819
32.250 3480
32.350 778487
32.825 377346
32.961 762316
34.075 337796
34.086 481140
34.539 499619
34.550 338000
34.700 337618
34.725 338031
34.827 482038
35.075 337760
35.075 337947
35.192 529884
35.500 337949
35.725 338034
35.825 337500
35.854 367840
35.910 495254
36.100 337886
36.125 338126
36.265 459138
36.373 494564
36.500 337794
36.575 337613
36.650 337732
36.971 470155
37.125 338030
37.218 538913
37.358 465179
37.567 449538
37.916 463934
38.150 524590
38.268 527767
38.477 537364
38.739 497180
39.350 483086
39.450 742179
39.787 721528
40.111 506759
40.396 770058
40.489 482191
40.506 775522
40.589 430950
40.771 454035
41.119 525271
41.485 474010
42.096 453844
42.819 506040
42.834 455894
42.845 441007
42.861 528947
43.129 467797
43.162 500705
43.315 481137
43.803 469932
44.050 7010
44.175 338718
44.564 451387
45.364 464219
45.375 6811
45.475 6983
45.824 457454
45.927 452497
46.100 6880
46.200 7142
46.256 510720
46.321 467944
46.408 341658
46.475 6910
46.550 6934
46.800 19462
46.850 19370
46.873 507263
46.875 7165
47.125 7011
47.206 774939
47.648 485675
48.246 478107
48.301 485238
49.250 7149
49.400 7093
49.700 15368
49.800 510278
49.825 338091
49.875 3586
50.131 480403
50.654 745534
51.239 499216
51.320 474846
51.414 456596
51.896 499480
51.906 502893
52.175 19333
52.219 466054
52.294 518235
52.935 383032
54.263 469880
54.569 528319
54.659 457010
55.145 474566
55.667 532694
56.064 472246
56.080 758693
56.200 508011
56.298 513936
56.864 494398
57.235 484002
57.500 19462
57.551 529740
45.425 1332
57.713 516441
58.083 486346
58.233 483918
58.375 19370
58.519 374116
58.705 537036
58.732 766544
58.768 458272
59.192 538150
59.400 7090
60.021 469172
60.125 529194
60.183 487189
60.252 494233
60.675 337733
61.009 475832
61.094 463821
61.175 7165
61.233 504740
61.400 7011
61.489 470362
61.525 338718
61.714 451188
62.000 6910
62.008 474225
62.342 453178
62.625 7093
62.653 490395
62.665 514425
62.746 455354
62.818 475336
63.175 6934
63.375 7149
63.425 514173
63.450 7010
63.618 538170
63.671 534920
63.800 338091
63.825 6811
63.950 337613
64.000 337940
64.139 469992
64.275 338030
64.295 468969
64.725 338134
64.821 454966
64.825 338126
64.830 450034
65.151 387250
65.421 454452
66.075 337760
66.085 498368
66.089 482975
66.292 495836
66.563 407692
66.612 529589
67.373 519824
67.380 533164
67.514 755682
67.728 510351
67.791 508370
68.646 417705
68.703 487481
68.889 474459
69.045 415797
69.290 740758
70.041 737102
70.164 455354
70.231 465633
70.278 526553
70.509 463550
70.825 400785
70.859 485935
70.862 538444
71.572 522749
71.974 490931
72.022 781934
72.159 537131
73.253 467141
73.314 518524
73.342 486618
74.496 365380
74.545 456991
75.181 489781
75.250 7142
75.475 478761
75.553 459621
75.582 535882
75.600 7011
75.875 6983
75.933 459473
75.975 7090
76.124 498831
76.146 502777
76.875 338039
76.909 498067
77.025 6934
77.036 527054
77.200 15548
77.325 6880
77.488 473734
77.826 418582
62.900 1332
74.850 1332
77.845 469876
78.025 7149
78.175 6811
78.200 7010
78.250 7093
78.272 401715
78.475 338718
78.512 753297
78.775 7165
78.800 6910
78.950 337760
79.075 15337
79.150 507178
79.885 788253
80.204 785077
80.575 15439
81.008 458909
81.286 471287
81.987 745652
82.493 451023
82.583 513791
82.629 496307
82.687 541413
82.931 467824
83.283 736632
83.470 371225
83.981 772060
84.273 765882
84.546 523402
84.861 523296
84.895 477511
84.955 537036
85.196 756384
85.326 702995
85.345 536827
85.423 466046
85.676 483290
85.846 371413
87.353 458970
87.421 533214
87.610 493719
87.827 497193
87.938 475026
88.003 470164
88.004 456342
88.605 777863
89.120 457132
89.904 530668
89.982 475811
90.156 781858
90.624 514761
90.885 469059
91.081 527608
91.100 7011
91.406 513097
91.853 493835
91.900 7090
91.921 526004
92.250 6934
92.525 6910
92.858 509808
92.875 6983
93.075 7093
93.178 750953
93.225 7149
93.332 471927
93.550 6880
93.624 489276
93.625 7142
94.030 451850
94.048 745646
94.049 444286
94.300 337824
94.416 381668
94.538 503812
94.675 7165
94.875 338039
95.335 519525
95.619 490305
96.287 385775
97.224 533800
97.641 492753
97.720 469082
98.073 508511
98.821 398590
98.835 520929
99.138 741029
99.183 461169
99.857 514139
100.540 369617
100.581 433669
100.678 460443
100.864 531275
101.287 474205
102.720 467345
103.875 508192
104.375 19462
104.771 494348
104.908 536141
105.025 337613
105.091 460889
105.206 505776
92.325 1332
105.250 313513
105.298 752231
105.520 465881
105.635 684392
105.750 6811
105.775 7011
106.350 310006
106.400 7010
106.525 7142
106.898 468687
106.925 338718
107.051 540928
107.300 337970
107.325 7165
107.375 19299
107.416 510611
107.561 494586
107.975 6880
108.125 6983
108.150 6910
108.221 463144
108.375 7149
108.574 462141
108.800 7090
108.894 517560
109.375 337824
109.675 337500
109.708 468802
109.833 505233
109.900 296254
110.000 6934
110.043 477944
110.156 533171
110.241 462768
110.350 337794
110.425 338216
110.528 456228
110.794 500974
110.825 308902
111.154 450901
111.325 306016
111.535 492192
112.207 502935
112.607 393582
112.915 532456
114.117 373907
114.518 745625
115.128 500218
115.228 404200
115.232 504023
115.414 433603
116.075 328495
117.070 472952
117.125 318195
117.738 457147
118.131 532512
118.565 762448
118.775 311771
118.894 497818
119.075 19462
119.375 325116
119.865 705302
120.050 6811
120.275 290581
121.030 413491
121.045 504509
121.100 7090
121.100 7165
121.150 329526
121.275 7142
121.286 516003
121.350 319908
121.450 338061
121.475 304228
121.574 500145
121.598 520929
121.775 6910
121.875 7011
122.000 3408
122.022 757178
122.116 499039
122.150 7093
122.450 315909
122.525 6934
122.525 7010
122.574 530666
122.725 328455
122.800 313479
122.850 3480
123.060 467030
123.075 313598
123.200 314082
123.250 6880
123.275 313547
123.350 317061
123.360 773206
123.600 3459
123.706 465684
123.800 21084
123.800 319345
123.875 3544
123.900 301367
106.900 1332
123.905 419482
123.925 323867
124.000 322234
124.025 308307
124.050 19333
124.067 477656
124.201 524379
124.250 3519
124.325 7149
124.525 3562
124.575 3431
124.650 308953
124.650 3516
124.675 327933
124.726 537595
124.775 21226
124.872 538053
124.975 3410
125.062 495897
125.150 303862
125.150 328432
125.198 457220
125.275 3560
125.300 308902
125.300 323857
125.325 311879
125.350 318023
125.375 319775
125.400 21223
125.400 305470
125.402 473440
125.475 21159
125.513 515306
125.550 3565
125.550 3586
125.600 3475
125.615 483623
125.725 321585
125.750 310690
125.795 754351
125.802 454815
125.875 21158
125.900 3498
125.900 3542
125.925 21176
125.925 3538
125.942 495388
125.950 314676
125.974 484110
126.000 310060
126.025 300281
126.039 461167
126.075 314152
126.100 307203
126.100 308962
126.100 324436
126.175 324069
126.225 21110
126.250 310034
126.275 329587
126.345 467184
126.350 311910
126.375 321484
126.417 482233
126.450 327930
126.475 326733
126.500 283106
126.575 315822
126.600 313024
126.600 322708
126.625 300836
126.625 315218
126.650 313603
126.738 468479
126.825 306016
126.825 323781
126.875 319747
126.890 483243
126.925 285345
126.925 310092
126.975 338039
127.000 308381
127.000 315779
127.025 318193
127.062 504991
127.075 288863
127.100 306631
127.150 310606
127.150 319165
127.168 494233
127.250 322171
127.275 303753
127.275 311257
127.375 325512
127.400 303820
127.475 314178
127.475 314747
127.500 306092
127.500 325504
127.500 325514
127.500 327377
127.525 300282
127.525 330142
127.575 303701
127.600 328494
127.600 337949
127.675 305360
127.675 337796
127.700 306530
127.725 306597
127.725 326204
127.750 300807
127.750 338126
127.775 326789
127.800 331304
127.825 318606
127.900 326118
127.925 338134
127.950 317448
128.000 291151
128.075 315207
128.100 285394
128.100 312867
128.121 465881
128.150 319244
128.175 338098
128.200 329549
128.200 531082
128.250 314061
128.250 3480
128.275 303140
128.275 337733
128.275 338034
128.350 319303
128.350 337913
128.375 308278
128.375 312311
128.375 337852
128.400 305433
128.400 3408
128.450 337940
128.475 310006
128.475 326671
128.500 307197
128.550 302497
128.550 303704
128.550 313997
128.600 315744
128.600 338036
128.650 287669
128.675 329010
128.700 337794
128.700 338123
128.725 296254
128.800 338124
128.800 3459
128.825 300802
128.850 310641
128.875 310054
128.875 337826
128.950 287009
128.950 308369
128.950 317593
128.975 308255
129.025 337793
129.050 325035
129.050 338216
129.100 298114
129.125 337732
129.150 284200
129.150 295649
129.150 316444
129.150 318710
129.150 338097
129.175 311187
129.225 338152
129.250 308363
129.250 313513
129.275 304303
129.275 311121
129.275 338091
129.325 291636
129.325 297547
129.325 308881
129.350 318702
129.375 315189
129.375 318739
129.440 493677
129.525 3431
129.575 302572
129.575 337798
129.625 3544
129.650 540735
129.675 312853
129.700 290497
129.700 319893
129.725 314560
129.775 319270
129.825 323852
129.825 3516
129.900 338030
129.900 3519
129.900 3562
129.925 326141
129.950 306622
129.950 337790
129.950 337970
130.050 306018
130.100 337760
130.100 3410
130.125 302042
130.175 322092
130.187 507811
130.200 328951
130.231 749112
130.250 337824
130.253 487805
130.275 305373
130.300 306008
130.300 3560
130.300 3565
130.306 481151
130.400 306065
130.417 461034
130.425 302503
130.425 338060
130.450 290581
130.450 319301
130.539 750302
130.550 3498
130.575 324929
130.575 3586
130.625 3475
130.725 337500
130.750 322041
130.794 467322
130.825 337613
130.950 3538
130.986 772023
131.025 3542
131.075 311771
131.100 305947
131.100 338000
131.150 304228
131.157 479756
131.175 321487
131.186 533800
131.200 304854
131.325 301438
131.325 303657
131.350 331836
131.750 306577
131.815 469059
131.900 337791
132.225 337886
132.398 461910
132.450 338061
132.590 402045
132.799 478347
132.925 337913
133.100 337618
133.150 338039
133.175 337671
133.175 337947
133.180 468638
133.375 337852
133.390 474498
133.428 482761
133.472 522836
133.600 337796
133.650 337949
133.700 338036
133.825 338134
133.875 338126
133.925 338216
134.050 337733
134.100 338034
134.175 337794
134.185 534896
134.275 337793
134.650 338152
134.675 338123
134.775 338030
134.975 337760
135.100 337940
135.414 475935
135.700 337970
135.792 512231
136.328 765904
136.575 486180
136.647 770408
136.738 476796
137.224 494652
137.383 520007
138.204 463248
138.437 503764
138.491 521203
138.511 467529
138.775 407138
139.196 532686
139.638 403426
139.712 497797
140.790 452582
140.987 450144
141.025 506041
141.042 472650
141.850 7149
141.987 461484
142.051 786046
142.135 476456
142.151 501228
142.194 543381
142.525 6811
142.571 501592
142.600 19333
142.793 730787
142.850 338718
142.962 460579
143.384 460590
143.511 773629
143.562 381190
143.875 6934
144.025 7165
144.133 487025
144.398 459284
144.400 6880
144.500 7011
144.600 7142
144.731 480403
144.807 523461
144.825 7093
144.860 461484
145.095 461681
145.275 7010
145.471 476431
145.540 503482
145.550 6983
145.600 6910
145.695 451049
145.756 368213
145.897 530518
145.949 527772
146.042 460048
147.125 371225
147.420 767617
148.401 471671
149.019 514690
149.077 492270
149.465 390598
149.698 519420
149.714 491487
149.980 527179
150.093 476396
150.268 520007
150.269 465013
150.906 467118
151.575 15963
151.776 503199
152.642 480972
152.960 743448
153.063 499419
153.164 496488
153.424 526147
153.824 468638
153.825 19460
153.909 526454
154.803 482104
155.202 470929
155.221 458594
155.693 447887
155.899 495638
156.139 504892
156.178 469988
156.236 510553
156.256 422864
156.308 400841
156.533 756078
157.018 454217
157.023 451023
157.175 7149
157.668 401072
157.822 493742
157.840 495891
157.857 505652
158.023 496228
158.125 6880
158.306 457567
158.315 495287
158.419 493576
158.444 456851
158.518 495193
158.800 7165
158.975 6934
159.049 502788
159.068 439019
159.354 530666
159.500 6983
159.552 479514
159.572 470207
159.699 751273
159.800 338126
160.275 338718
160.275 7093
160.512 498995
160.675 7010
160.875 7011
160.875 7142
160.900 337794
142.500 1332
155.475 1332
161.725 7090
161.875 337913
162.063 457515
162.132 390537
162.180 455674
162.382 492028
162.392 472854
162.450 337949
162.711 477809
162.814 508601
162.904 526701
163.025 337618
163.141 468969
163.226 537364
163.478 462714
163.745 453930
163.818 472774
164.025 338061
164.084 492192
164.169 424895
164.582 500218
164.702 457149
165.358 459006
165.541 478284
165.635 498395
165.835 476356
166.064 407497
166.695 498520
166.923 462711
167.511 464099
168.048 527330
168.854 527617
169.222 789388
169.463 399258
170.376 451507
171.902 491780
171.935 453710
172.084 745066
172.775 6880
172.792 465183
173.333 468139
174.050 337613
174.500 7090
174.574 532567
174.825 7142
174.940 388949
175.006 527772
175.022 456851
175.026 484314
175.075 6910
175.075 7011
175.525 6811
175.725 337500
175.982 455440
176.075 486618
176.077 479094
176.275 338718
176.375 7093
176.400 451079
176.499 474566
176.525 6934
176.650 7149
176.775 337796
176.850 338216
176.875 6983
177.030 497193
177.050 7010
177.174 479500
177.275 7165
177.298 504509
177.300 338091
177.675 337732
177.751 531479
177.754 528085
178.208 513611
178.475 19299
178.574 456507
178.610 786283
178.876 460048
179.230 450144
179.504 789803
179.610 491661
179.888 463652
179.991 534568
180.454 458772
180.560 760801
180.642 465179
180.822 471752
181.188 495891
181.189 461808
181.388 517000
181.569 452352
181.802 362624
181.948 479881
182.138 485839
182.229 509390
182.276 492745
182.720 502906
183.725 19333
183.960 461844
184.033 464057
184.071 749819
169.150 1332
184.140 491886
184.450 477714
184.486 778376
184.687 398779
184.699 453321
185.267 343283
185.755 459102
186.887 453343
187.187 474515
187.354 513931
187.375 6880
187.625 6811
187.881 415797
188.575 15548
188.700 15896
188.965 513067
189.223 525652
189.325 337826
189.363 472032
189.425 7165
189.525 6910
189.650 7093
189.672 452296
189.819 488072
189.834 500354
189.925 7149
190.218 477251
190.475 7011
190.550 7142
190.950 6983
191.012 530969
191.200 7090
191.550 338152
191.839 465621
192.506 385960
192.583 480004
192.694 462130
192.775 328494
193.225 329526
193.536 522536
194.017 498541
194.226 469988
194.888 461833
194.943 524090
195.253 542714
195.712 493968
195.718 510853
196.397 538392
196.704 410624
196.961 684392
197.015 516801
197.608 469988
198.856 493551
199.009 367577
199.454 531606
199.957 727639
200.886 387044
201.198 500700
201.363 409355
202.062 469876
202.082 469024
202.475 338718
202.675 338031
202.762 532068
202.778 776431
202.925 7165
203.024 509952
203.100 337852
203.100 6983
203.295 512670
203.325 7010
203.328 520183
203.481 466069
203.611 531022
203.650 6934
203.669 499619
203.700 7142
203.725 6880
203.810 776267
203.825 7093
204.075 7090
204.108 489971
204.250 7011
204.272 763620
204.300 7149
204.630 515554
204.684 492209
204.814 516475
204.834 456437
204.975 337826
205.000 6910
205.047 401854
205.092 470316
205.225 338034
205.259 461207
205.525 542268
205.700 338097
205.919 489207
206.137 496887
207.091 456935
207.320 502557
207.377 491769
189.000 1332
205.375 1332
207.402 503087
207.792 369073
207.878 436935
209.525 300281
210.560 460443
211.081 484294
211.206 459171
211.206 462367
211.962 457443
213.199 451024
213.990 483084
213.992 536444
214.661 376877
215.388 506740
215.641 459388
215.674 469140
216.100 6811
216.289 421546
216.350 6910
216.450 6934
216.550 6880
216.550 7011
216.600 6983
216.655 755087
216.756 394993
217.050 7090
217.171 385775
217.175 7010
217.184 458128
217.250 7142
217.700 7149
218.175 7165
218.187 510527
218.217 492573
218.305 498067
218.375 338718
218.425 7093
218.455 537063
218.644 519420
218.812 459002
219.325 338126
219.829 499461
219.900 337949
219.925 337794
220.063 533890
220.805 501550
221.233 494233
221.582 375574
222.454 450321
222.464 510039
222.690 484861
222.900 3560
222.914 504952
223.440 478288
223.808 499050
223.969 527462
224.357 538053
224.584 414686
224.636 451611
225.126 502281
226.702 504728
226.723 541515
227.044 477368
227.335 478054
228.337 480950
228.897 531698
229.169 430658
229.256 727670
229.404 470207
229.543 471485
229.723 474566
229.935 378468
230.350 6934
230.850 7149
231.037 478729
231.375 7010
231.428 507106
231.525 326789
231.600 6910
231.603 434555
231.627 521217
231.939 513036
231.975 6811
232.000 6880
232.071 505652
232.095 485689
232.164 480597
232.475 7011
232.520 455940
232.557 468273
232.665 456998
232.700 6983
232.700 7165
232.850 338036
233.010 744816
233.050 310690
233.300 327930
233.300 448681
233.554 491304
233.603 767411
233.625 7093
233.750 305470
233.930 462645
234.100 322708
234.425 338216
234.500 7142
234.700 19370
234.775 322171
234.817 459845
235.090 442328
235.112 395200
235.918 471135
236.200 15506
236.542 454160
236.600 3542
236.825 312867
236.835 472787
237.175 485770
237.425 307203
237.483 513915
237.627 513915
237.807 468962
237.887 520165
237.975 319303
238.321 470173
238.475 317448
238.500 3475
238.650 318702
239.585 516359
239.675 405575
239.725 327377
239.756 476332
240.100 3560
240.359 471486
240.700 326204
241.400 3538
241.550 315779
241.575 318710
241.575 326671
241.650 326733
241.900 319775
241.975 325504
242.050 328494
242.400 328495
242.456 525444
242.473 396476
242.550 319244
242.625 314082
242.650 328951
242.800 3516
242.825 327933
242.875 318739
242.895 465540
243.125 319301
243.152 452320
243.200 322041
243.225 21223
243.225 284200
243.278 365094
243.525 3586
243.598 454258
243.600 3519
243.625 313479
243.650 319345
243.825 21226
243.835 530666
243.850 323857
243.875 21084
243.950 315218
244.025 324929
244.050 297547
244.050 3565
244.200 3480
244.247 765194
244.250 325116
244.325 319747
244.325 3562
244.400 330142
244.450 331836
244.475 21159
244.475 310606
244.500 21176
244.500 308962
244.500 321487
244.500 3431
244.625 285394
244.625 303657
244.649 477944
244.675 308255
244.700 21158
244.725 322171
244.875 310690
244.900 328432
245.000 21110
245.025 308953
245.025 310054
245.075 3498
245.100 3542
245.225 304228
245.225 314152
245.325 311257
245.325 318193
245.450 3544
245.475 283106
235.675 1332
245.550 319270
245.550 3560
245.575 314178
245.575 323867
245.575 3475
245.607 492076
245.675 325035
245.675 331304
245.750 3459
245.900 310092
245.900 326141
246.000 291151
246.025 313603
246.075 290581
246.100 285345
246.200 314676
246.250 21112
246.250 316444
246.323 785780
246.375 329010
246.375 329587
246.443 528817
246.450 287669
246.519 468903
246.525 305360
246.550 6880
246.550 7090
246.575 308381
246.575 338091
246.600 329526
246.607 493719
246.650 313547
246.700 306008
246.725 3408
246.725 3410
246.825 322708
246.875 288863
247.000 306530
247.000 311187
247.000 337970
247.025 308902
247.050 310060
247.125 304303
247.125 308881
247.150 300836
247.150 303862
247.150 308369
247.175 303704
247.225 306018
247.225 328455
247.225 6983
247.325 308278
247.350 327930
247.350 7093
247.400 317593
247.425 303820
247.425 321484
247.425 338060
247.475 302503
247.475 312311
247.525 311879
247.525 338061
247.550 306622
247.550 308363
247.600 315207
247.600 319165
247.600 329549
247.625 303140
247.625 338034
247.650 302497
247.650 307197
247.691 455639
247.725 311771
247.750 311910
247.750 323781
247.750 3538
247.775 338124
247.900 311121
247.900 315909
247.900 6934
247.975 338123
248.050 300282
248.075 305470
248.075 306016
248.075 318023
248.100 323852
248.125 321585
248.125 322234
248.137 780482
248.175 338036
248.200 314747
248.200 322092
248.200 337796
248.220 474515
248.250 338000
248.259 466763
248.275 3516
248.325 313024
248.375 291636
248.425 325514
248.450 310641
248.450 314560
248.543 419482
248.625 300802
248.625 313513
248.625 337852
248.650 305947
248.650 337618
248.650 3519
248.675 303753
248.675 318195
248.675 3586
248.700 313598
248.716 777861
248.725 307203
248.725 337790
248.725 337798
248.800 302042
248.800 315744
248.800 338098
248.825 314061
248.825 326118
248.825 337913
248.850 296254
248.850 306631
248.850 337949
248.875 325512
248.875 338216
248.900 306092
248.900 310006
248.900 312867
248.900 3562
248.925 326204
248.950 318606
249.000 319303
249.000 337793
249.025 337886
249.025 338030
249.056 773883
249.075 317448
249.100 324436
249.150 324069
249.225 306597
249.225 318702
249.225 3480
249.250 303701
249.275 300807
249.275 302572
249.325 319893
249.350 301438
249.375 337947
249.375 3565
249.425 290497
249.450 326789
249.464 441809
249.475 306065
249.550 315822
249.550 338134
249.575 298114
249.575 3431
249.611 529228
249.625 305433
249.700 338039
249.700 3498
249.750 337613
249.850 304854
249.875 310034
249.875 319908
249.925 301367
249.950 312853
249.950 3544
249.975 300281
249.975 337794
250.025 308307
250.050 317061
250.100 315189
250.150 3542
250.200 338097
250.200 3560
250.225 305373
250.275 306577
250.275 3459
250.300 337500
250.350 3475
250.550 337733
250.575 19135
250.700 295649
250.950 313997
251.475 337760
251.575 3408
251.600 287009
251.600 337671
251.699 770752
251.875 337791
252.000 338152
252.025 3410
252.075 338126
252.350 338031
252.475 337824
252.550 337826
252.650 337732
252.675 337940
252.750 338060
252.775 470186
252.875 337970
253.125 338036
253.206 464539
253.375 338091
253.375 3538
253.700 337852
254.175 338030
254.345 522218
254.614 479422
254.860 475394
255.256 481396
255.438 500705
255.446 481349
255.527 648837
256.025 337733
256.061 514073
256.365 496102
257.106 504740
257.154 456425
257.580 463738
258.500 515422
258.542 525062
258.642 485400
259.019 479670
259.409 543026
260.071 365271
260.313 528817
260.526 460790
261.031 480468
261.097 467340
261.670 475919
261.875 338718
262.154 504056
262.434 480205
262.480 454452
262.622 473905
262.742 452586
262.800 7149
263.025 6811
263.075 7142
263.250 19370
263.475 490609
263.588 476789
263.975 6880
264.025 6910
264.066 753629
264.402 481309
264.450 7165
264.625 7090
264.628 523815
264.640 521136
264.850 6983
264.900 7011
264.906 443358
264.930 542721
265.445 465612
266.146 746322
266.458 495979
266.650 7093
266.710 496110
266.889 682193
266.912 533214
267.168 502757
268.398 404795
269.079 542603
269.213 517751
269.581 347964
270.455 520927
270.695 450158
270.780 762558
270.944 519637
271.561 461137
271.826 543065
272.082 404068
272.492 496898
272.712 461844
272.897 461555
273.123 528071
273.413 762316
273.917 472787
274.054 456228
274.164 452183
274.281 381826
274.541 528790
275.130 450248
275.477 738005
275.631 490759
276.225 15449
276.519 421714
276.691 458853
276.738 487508
276.757 481140
277.328 537860
277.431 528085
277.612 485578
277.675 6811
277.744 480000
277.948 528319
278.155 456998
278.199 454160
278.488 424461
278.850 7149
268.850 1332
278.893 476005
279.025 6934
279.067 372246
279.327 475857
279.459 379076
279.542 474205
279.850 7090
279.981 467714
280.133 473036
280.275 6880
280.375 337824
280.375 7010
280.425 338124
280.802 458403
280.825 338718
280.825 6983
280.900 7011
281.148 767424
281.167 506343
281.225 337798
281.300 338030
281.518 454966
281.587 475526
281.950 7142
282.000 338123
282.122 791284
282.175 338036
282.575 337733
282.629 689332
282.694 467474
282.756 495690
282.800 338000
282.975 338034
283.088 471992
283.201 689655
283.710 490233
283.984 515200
284.150 338091
284.874 500741
284.876 420078
284.953 539433
285.076 480430
285.094 744368
285.585 370383
285.714 494487
286.375 14992
286.433 467062
287.455 453413
288.560 738005
288.825 338134
288.861 750234
289.661 532306
289.787 436622
290.057 764031
290.231 505721
290.265 468065
290.500 287669
290.660 534762
290.891 492111
291.575 6910
292.325 7165
292.500 7010
292.656 464958
292.700 7093
292.775 338000
292.839 461535
293.025 6880
293.025 776433
293.150 338030
293.250 7142
293.706 470742
294.025 337790
294.377 478307
294.393 483668
294.528 769526
294.650 19333
294.743 750889
294.754 469919
294.800 7149
294.925 338091
294.932 452497
295.375 338718
295.450 6934
295.500 512200
295.847 447013
296.130 373414
297.325 7090
297.479 487596
297.628 463675
298.155 740129
298.263 494913
298.705 476160
298.801 537595
299.923 461681
299.980 766594
300.094 499216
300.130 497509
300.225 499962
300.305 454607
300.361 436877
300.400 337794
300.486 470824
283.875 1332
300.702 712989
301.030 524590
301.234 488101
301.813 477429
302.364 483895
302.941 537842
303.106 766141
303.325 6811
303.363 761203
303.514 490091
304.027 454261
304.065 509468
304.297 740660
304.775 19333
305.221 498234
305.321 453664
305.418 471269
305.464 467768
305.900 6880
306.000 16032
306.403 521849
306.434 524536
307.070 412641
307.200 6910
307.275 7149
308.050 338036
308.314 769448
308.383 525073
308.425 7093
308.650 6983
308.800 7090
308.875 7010
309.125 7165
309.333 387844
309.531 500490
309.650 338124
309.672 451005
309.850 15371
309.925 338097
310.247 499216
310.343 448456
310.400 514834
310.541 460965
310.625 338152
310.750 338718
310.800 15963
311.160 503515
311.291 467661
311.950 533890
312.172 454974
312.298 458494
312.302 450787
312.317 400006
312.388 472842
312.655 477273
313.064 471269
314.102 473450
314.337 532686
314.630 466065
315.092 503585
315.121 541906
315.785 450901
316.237 536409
316.567 535275
316.875 6934
316.955 509246
317.075 785147
318.150 6811
318.619 412641
318.784 464908
318.888 529194
319.022 748516
319.318 513310
319.575 7011
319.950 7090
320.078 741329
320.925 7142
321.074 459731
321.132 461611
321.162 540316
321.181 537428
321.192 772060
321.277 532068
321.519 454202
321.550 500466
321.663 762745
321.674 502788
321.693 451516
321.750 337886
321.977 516003
322.100 7149
322.376 470895
322.550 7165
323.025 6983
323.100 338152
323.250 338126
323.640 478994
323.791 480508
323.967 538507
324.209 491761
324.465 771204
325.334 389393
307.925 1332
325.600 1332
325.864 468065
325.898 492466
326.070 458146
326.144 515391
326.197 453064
326.363 407888
326.593 538761
326.721 494398
326.791 499162
326.892 526019
326.916 381902
326.943 491304
327.085 487508
327.138 473531
327.238 417705
327.388 534537
327.727 536112
327.809 793284
327.850 6910
328.257 772295
328.445 479350
328.701 758500
328.725 6811
328.835 513755
329.365 467384
329.754 535798
330.019 462246
330.114 467719
330.172 461191
330.863 396420
331.187 472415
331.448 458575
331.448 499039
331.492 514425
331.754 461928
331.775 6934
331.872 492322
332.225 6880
332.369 539033
332.447 480313
332.508 370248
333.303 464018
333.430 470647
333.461 534887
333.829 456141
333.877 472554
334.017 456998
334.075 7010
334.550 7149
334.575 457971
334.611 485229
334.647 470742
334.902 519525
335.013 491780
335.300 7093
335.601 471871
335.700 338718
335.824 539509
336.071 432385
336.325 15336
336.682 477551
337.007 452557
337.050 7142
337.117 498617
337.481 484863
338.198 489448
339.744 762669
340.430 485229
340.556 510061
340.575 15546
341.107 515241
341.278 461577
341.339 475513
342.050 6910
342.249 406343
342.505 463821
343.012 488349
343.100 310054
343.498 369073
344.050 6880
344.200 6983
344.300 6934
344.946 423488
345.060 742302
345.584 540362
345.625 7090
346.100 7011
346.365 527772
346.383 460829
346.664 514059
346.700 7093
347.397 449909
347.450 338097
348.100 7010
348.425 15473
348.663 456524
348.665 415797
348.694 488101
348.764 522711
348.853 389096
349.293 472388
349.750 7165
336.275 1332
350.097 427861
350.641 456596
350.813 515519
351.132 514714
351.797 458594
352.015 467816
352.380 502783
352.576 463248
352.636 377288
352.662 450249
352.793 460656
352.875 338061
353.402 513936
353.547 762580
354.004 475155
354.410 367329
354.631 385960
355.029 496630
355.091 507180
355.435 475579
355.484 390446
355.518 492308
355.760 525271
355.879 493235
355.973 791353
356.077 491137
356.263 404795
356.459 744874
357.147 766594
357.150 6934
357.375 7011
357.400 7149
357.433 510251
357.500 6880
357.775 6910
357.784 774465
358.050 19462
358.157 465133
358.200 6983
358.470 468404
358.702 533158
358.825 338718
358.913 471925
359.576 760471
359.661 476796
360.037 473072
360.225 338039
360.562 526174
360.711 482763
360.850 7010
361.223 442404
361.805 487174
362.500 7142
362.857 495187
363.225 466402
363.264 342443
363.340 470100
363.492 444181
363.571 749819
363.701 395161
363.862 534584
364.105 480000
364.150 7090
364.242 450321
364.324 528223
364.527 469225
364.800 7165
364.906 503564
365.138 467449
365.233 514334
365.253 494794
366.025 484871
366.131 519170
366.203 462977
366.344 375685
367.382 495187
367.433 764832
367.729 502602
367.982 470843
368.054 497795
368.055 411384
368.139 508601
368.479 515478
369.489 488838
369.566 404597
369.625 6811
369.825 19460
369.828 747057
370.025 7093
370.050 7011
370.127 505652
370.494 466728
370.500 6880
370.650 6910
371.168 493026
371.475 6934
371.625 15546
372.399 779812
372.624 456505
372.917 501408
373.103 382458
373.188 469475
360.300 1332
373.362 487612
373.480 470525
373.775 7142
374.466 476018
374.519 504548
374.775 325514
374.825 338718
375.198 470331
375.201 507641
375.209 404795
375.600 7149
375.733 386518
375.925 284200
376.111 499216
376.323 432448
376.340 505329
376.675 7165
376.989 529884
377.371 538284
377.500 285394
377.889 481585
378.157 397578
378.549 535738
378.575 288863
379.175 21084
379.475 297547
379.657 533203
379.676 504925
379.704 789388
379.725 291151
379.775 287669
379.825 308962
379.875 337500
380.275 283106
380.377 518494
380.450 285345
380.650 290497
380.725 290581
380.749 484738
381.166 479517
381.184 520086
381.275 302572
381.650 303862
381.700 303701
381.850 322708
381.941 396420
382.456 509830
382.461 464772
382.548 365728
382.550 291636
382.575 306622
382.625 307197
382.725 21112
382.900 3410
382.925 303704
382.975 300836
382.975 3459
382.975 7090
383.000 3408
383.025 304228
383.163 451389
383.375 306016
383.400 337618
383.500 287009
383.550 306597
383.625 21110
383.625 306008
383.650 298114
383.775 337852
383.825 300281
383.825 303140
383.900 296254
383.950 308902
384.000 311910
384.100 313479
384.150 295649
384.250 337613
384.275 300282
384.275 302503
384.275 311771
384.275 313603
384.300 303820
384.400 308881
384.450 308278
384.450 311879
384.475 302497
384.504 464787
384.550 318710
384.650 306530
384.650 3480
384.711 364529
384.775 21159
384.825 337500
384.850 306018
384.850 7165
384.925 3475
384.950 306092
384.950 337671
385.000 311187
385.050 304303
385.050 319270
385.050 3431
373.600 1332
385.175 301367
385.200 21158
385.225 301438
385.250 325116
385.300 6910
385.350 308363
385.350 310606
385.350 319908
385.400 305360
385.400 310060
385.400 313024
385.425 300802
385.464 530077
385.500 21176
385.500 306577
385.600 3498
385.650 305947
385.700 308307
385.700 311121
385.700 327930
385.725 304854
385.750 307203
385.800 308369
385.800 337733
385.825 319244
385.825 6983
385.850 308953
385.875 300807
385.875 317593
385.900 303657
385.900 306631
385.925 305470
385.950 310092
385.950 310690
385.975 311257
386.000 302042
386.000 3519
386.050 312311
386.050 337798
386.100 326789
386.100 337793
386.150 313513
386.175 7093
386.275 337760
386.425 337732
386.425 3544
386.450 308255
386.450 3542
386.525 337791
386.550 306065
386.600 3516
386.625 303753
386.650 21226
386.654 527036
386.750 315218
386.775 310034
386.875 337826
386.975 315779
387.053 763760
387.125 310641
387.150 323781
387.175 318195
387.200 314676
387.200 319303
387.275 314152
387.325 314061
387.325 318606
387.333 736632
387.375 3562
387.400 310006
387.400 312867
387.425 305373
387.425 310054
387.425 337949
387.450 314747
387.450 3408
387.500 313547
387.500 322171
387.500 326118
387.514 504696
387.575 318023
387.575 3565
387.625 305433
387.625 315909
387.625 337947
387.625 3538
387.675 319775
387.725 337796
387.750 317061
387.750 3459
387.775 319747
387.800 313598
387.800 324069
387.825 19460
387.825 7010
387.900 21223
387.925 314178
387.975 3560
388.075 314560
388.175 319301
388.175 328455
388.275 326733
388.275 338036
388.300 3586
388.350 315207
388.350 319345
388.375 315189
388.400 337790
388.600 313997
388.650 337794
388.663 465545
388.675 326671
388.754 473218
388.775 318193
388.775 329549
388.800 316444
388.825 308381
388.900 338134
389.075 314082
389.114 496105
389.125 318702
389.125 326141
389.150 337970
389.175 315744
389.199 449186
389.225 338039
389.250 3475
389.275 337824
389.300 312853
389.300 326204
389.350 321484
389.350 322092
389.350 324436
389.400 322234
389.425 318739
389.425 323857
389.425 338030
389.425 3410
389.450 315822
389.450 323867
389.500 331304
389.550 337913
389.575 338031
389.575 338097
389.607 457235
389.682 473754
389.697 466496
389.700 317448
389.748 468516
389.825 338152
389.850 325035
389.850 327933
389.875 497053
390.050 327377
390.050 329010
390.075 319893
390.075 3498
390.100 321585
390.200 323852
390.225 338216
390.275 338126
390.300 328432
390.325 337940
390.375 328494
390.425 457637
390.550 328495
390.650 3519
390.700 319165
390.700 3544
390.769 768423
390.775 324929
390.775 337852
390.900 325514
390.950 329587
390.994 452557
391.024 500809
391.075 338060
391.100 321487
391.125 517741
391.133 500422
391.150 337733
391.150 337886
391.200 338123
391.250 322041
391.300 518140
391.325 338124
391.350 338000
391.360 394021
391.400 331836
391.500 3542
391.625 325504
391.721 500111
391.750 328951
391.925 3565
391.950 3516
392.000 337791
392.025 3562
392.050 338034
392.250 338098
392.335 520929
392.423 523769
392.625 3538
392.700 330142
392.700 3560
392.750 338091
392.800 521174
393.450 337793
393.550 485701
393.700 325512
393.700 329526
393.728 499104
393.775 338061
394.412 508601
394.593 467962
394.620 488012
394.669 466374
394.700 6811
394.774 518658
394.775 338152
394.800 338036
394.966 522711
395.001 382583
395.150 338097
396.037 520165
396.189 490164
396.700 338216
396.879 471372
397.185 480950
397.355 392868
397.556 485669
398.254 510278
398.324 446714
398.458 492279
398.771 525488
398.869 487761
399.107 524069
399.606 470362
400.361 472103
400.719 533686
400.975 6880
401.212 457149
401.398 467639
401.594 525049
402.250 6934
402.875 7010
403.236 457832
403.525 7149
403.685 522156
403.775 7093
404.071 503118
404.307 493267
404.350 338718
405.300 7011
405.575 464140
405.700 7165
406.194 535643
406.568 510935
406.837 449392
407.291 475947
407.878 689339
408.161 515730
408.480 788293
409.020 500764
409.401 500387
409.432 480206
409.482 471958
409.974 534096
410.040 367230
410.162 543026
410.163 489448
410.557 537428
410.630 470929
410.866 371231
410.994 539058
411.300 14992
411.875 15963
413.004 505776
413.014 470316
413.038 420837
413.590 385960
413.614 489087
414.122 410366
414.129 765435
414.289 759021
414.625 6880
414.700 6910
415.651 536843
415.900 15337
416.024 483080
416.075 6934
416.306 467371
416.483 535289
416.675 338030
416.968 479057
417.140 495671
417.156 525453
418.100 7142
418.257 365271
418.378 363092
418.925 7149
419.200 7010
419.201 459621
419.215 483643
419.250 7011
419.499 527354
419.757 507106
404.050 1332
420.055 493269
420.225 15402
420.363 766822
420.950 15546
421.050 338718
421.765 367329
421.805 475272
421.825 19370
422.113 760471
422.293 763318
422.495 524907
422.633 463348
422.673 477656
422.906 465256
423.474 400841
424.042 508725
424.134 519475
424.480 766354
424.655 498986
424.659 528525
424.865 539430
424.912 498154
425.140 538641
425.245 494398
425.485 538118
425.565 463078
425.634 527394
426.305 497060
426.749 451113
426.753 510083
427.035 484737
427.271 494348
427.300 7090
427.828 483709
427.900 6811
427.907 482772
428.281 744723
428.608 648837
429.119 780482
429.175 7165
429.278 517255
429.290 498802
429.325 6983
429.414 467869
429.557 466983
429.600 6880
429.700 15615
429.703 494037
429.855 473770
429.973 465133
430.600 6934
430.616 479422
430.925 7149
431.100 7142
431.125 302503
431.325 496649
431.399 467118
431.500 7093
431.532 430950
431.634 476280
432.515 457854
432.602 364456
432.650 7010
432.675 480322
432.800 337790
432.910 454145
433.398 507530
433.444 409355
434.466 458118
434.565 377275
435.018 467356
436.093 445413
436.327 472025
436.605 479422
436.742 531708
436.772 518087
437.646 467824
438.218 497180
438.986 742179
440.610 502161
441.075 6811
441.348 474225
441.525 15129
441.600 6983
441.682 486748
441.755 490410
442.787 486307
442.794 757078
442.835 508957
442.925 6910
442.985 539178
443.240 521856
443.325 436094
443.425 303862
443.458 379398
443.650 7142
443.900 6934
444.300 7090
444.325 337733
444.345 785863
444.395 401854
444.416 509246
423.025 1332
439.625 1332
444.786 502106
444.850 7010
445.000 15262
445.125 7011
445.200 7165
445.475 338718
445.525 6880
445.939 470331
446.001 527491
446.250 7093
446.725 338126
446.988 499287
447.025 338030
447.211 506261
447.758 484892
447.935 422694
449.467 454727
449.665 541786
449.704 392432
450.246 470672
451.382 782128
451.828 397372
452.042 766221
452.302 533570
452.367 358148
452.384 415106
452.537 472149
452.695 478875
452.855 497502
452.999 687338
453.063 403546
453.197 518952
453.519 539752
454.331 702287
454.419 475026
454.533 528946
454.790 422088
455.322 470647
455.748 484871
456.191 395161
456.589 530518
456.598 495229
457.063 493164
457.125 6811
457.448 535275
457.657 780967
457.700 6880
457.715 520927
457.826 531990
457.966 493915
458.295 482657
458.318 781666
458.350 7093
458.450 7149
458.619 441593
458.975 6934
459.125 456998
459.175 337913
459.611 384147
459.650 6983
459.849 455184
460.106 505741
460.261 370248
460.271 460450
460.410 501361
461.050 6910
461.277 513509
461.446 527274
461.575 7142
461.725 457971
462.100 7010
462.450 338123
462.764 369617
463.853 535608
463.861 522536
464.370 492782
464.604 535331
465.034 539442
465.351 727670
465.361 475272
465.369 475947
466.052 517560
466.449 364529
466.894 377288
466.947 456488
467.067 514089
467.148 496102
467.346 511728
467.991 487093
468.068 477389
468.637 495193
468.707 470370
468.722 776304
468.753 761469
469.431 436877
469.775 7011
470.000 7165
470.297 455186
470.351 436094
470.600 777793
470.891 363092
471.230 476291
460.925 1332
471.413 469114
471.737 461862
471.750 7149
471.800 7090
472.300 6910
473.125 6811
473.300 338718
473.350 7010
473.625 338060
473.750 7093
473.852 537693
474.175 6880
474.200 7142
474.469 530743
474.619 754435
474.630 741029
474.652 502722
474.690 414835
474.750 6934
474.761 388497
474.875 338036
475.025 337791
475.300 337790
475.300 337796
475.400 337671
475.676 534006
475.895 505064
475.935 511523
476.001 452497
477.913 481705
478.380 476456
479.316 534414
479.411 493880
479.969 479547
480.369 476796
480.505 512719
480.513 538641
480.703 486383
481.353 468404
481.360 764031
481.664 785780
481.867 473904
482.375 338098
482.619 745038
482.645 526741
482.677 467928
483.516 536141
483.576 463857
483.676 764166
483.826 461822
484.625 7090
485.048 741029
485.614 524907
485.682 537721
485.700 7149
485.751 474706
486.100 7011
486.275 6934
486.575 7010
486.600 7093
487.010 369835
487.138 418921
487.188 506261
487.475 6910
487.600 6880
487.725 7142
488.075 337796
488.150 6983
488.464 351448
488.550 7165
488.555 762535
488.978 415380
489.057 465587
489.259 424562
489.475 337940
490.025 321585
490.125 338718
490.184 399004
490.906 539442
491.276 531163
491.389 493968
491.685 530717
492.054 466103
492.257 505949
492.350 480205
492.514 528331
492.775 479642
493.046 523417
493.199 538641
493.473 471992
493.589 472643
493.757 467542
493.878 537428
493.883 743476
494.170 452755
494.275 314061
494.444 501599
495.196 471135
495.315 502084
495.992 478349
496.668 475731
496.764 764166
475.525 1332
491.025 1332
496.980 469731
497.241 491873
497.279 500038
497.567 361002
498.489 490762
498.701 426439
498.726 379076
498.975 7093
499.055 487734
499.625 15827
500.550 6811
500.920 527972
500.968 343283
501.000 7090
501.335 641973
501.406 452242
501.650 7142
501.750 6880
501.800 467639
501.975 7011
502.400 6934
502.650 337760
502.750 7010
503.025 338718
503.075 306065
503.275 6910
503.400 7149
503.475 6983
503.478 393646
503.525 285394
503.657 487996
503.750 319270
503.775 319303
503.950 337940
504.039 495725
504.243 783384
504.325 302572
504.450 523476
504.625 337671
504.667 396420
504.675 300836
504.811 460761
504.975 284200
505.040 774332
505.075 283106
505.200 337733
505.230 407888
505.232 516637
505.350 287669
505.488 490517
505.563 472979
506.485 475488
506.900 3410
507.436 510935
507.450 308307
507.650 303862
507.750 337500
507.800 290581
507.825 323867
508.025 308369
508.121 516762
508.175 285345
508.250 312311
508.528 521576
508.575 3565
508.750 329587
508.963 449956
508.975 331836
508.975 3475
509.100 302503
509.119 449898
509.250 315207
509.350 298114
509.450 301367
509.475 3408
509.540 508807
509.650 297547
509.650 3480
509.725 291151
509.725 291636
509.801 767482
509.819 457220
509.975 290497
510.050 310606
510.100 305360
510.125 308881
510.150 308278
510.175 288863
510.225 300802
510.275 295649
510.300 306622
510.400 316444
510.725 303701
510.800 300807
510.824 792760
511.050 314082
511.075 308255
511.125 3431
511.250 296254
511.300 3519
511.325 3542
511.450 3516
505.800 1332
511.500 326789
511.575 3459
511.625 303820
511.650 300282
511.650 314061
511.675 311910
511.700 307197
511.875 300281
511.875 311879
511.900 322041
511.925 308902
511.950 306092
511.975 337618
512.050 21159
512.075 313024
512.100 303753
512.125 310092
512.175 303140
512.175 303704
512.200 311187
512.225 328432
512.300 287009
512.350 310690
512.367 535882
512.400 306631
512.475 305373
512.500 302042
512.550 308363
512.600 313547
512.625 302497
512.675 303657
512.675 312853
512.725 307203
512.725 3410
512.750 314152
512.775 305470
512.775 306597
512.875 21176
512.900 305433
512.975 304303
513.075 306530
513.125 313603
513.125 314560
513.138 497546
513.150 337613
513.150 3498
513.175 310060
513.200 306577
513.250 337732
513.337 534497
513.350 308962
513.350 315218
513.350 319775
513.400 306018
513.450 301438
513.450 318606
513.475 315909
513.492 761943
513.500 324436
513.575 337733
513.600 337671
513.625 337760
513.650 337886
513.675 337790
513.675 337796
513.700 311257
513.725 325116
513.750 310054
513.750 3544
513.775 328455
513.800 310034
513.808 492241
513.850 315822
513.875 322092
513.912 374425
513.925 21223
513.950 3586
514.000 21226
514.025 305947
514.075 306008
514.075 337794
514.100 326204
514.100 337793
514.125 310006
514.125 327930
514.150 337826
514.175 304854
514.175 337798
514.175 3408
514.200 315189
514.200 331304
514.200 337824
514.250 314747
514.300 319165
514.300 337791
514.300 3562
514.375 311771
514.375 337852
514.375 3560
514.425 313479
514.425 317448
514.450 306016
514.450 319303
514.475 323781
514.500 3538
514.525 308953
514.575 314178
514.575 319301
514.600 313513
514.600 319908
514.600 321484
514.691 449448
514.700 3475
514.725 317061
514.725 337947
514.750 310641
514.800 321585
514.950 315744
514.950 337970
514.975 3480
515.000 306065
515.000 318195
515.025 308381
515.050 317593
515.075 313598
515.075 325504
515.100 318193
515.125 337913
515.150 327377
515.175 312867
515.225 337949
515.250 326671
515.250 337940
515.275 313997
515.319 503178
515.325 314676
515.350 311121
515.350 318023
515.350 319747
515.400 326733
515.400 328495
515.425 319244
515.525 319270
515.550 338036
515.600 338030
515.600 338031
515.700 490395
515.744 373566
515.750 318710
515.750 323857
515.754 454202
515.825 322171
515.825 338034
515.875 329549
515.875 338000
515.900 326141
515.900 3565
515.925 319345
515.975 323852
515.975 328494
515.975 338039
516.000 338123
516.075 322234
516.075 326118
516.100 315779
516.100 338061
516.125 338097
516.200 325035
516.225 338091
516.225 3519
516.275 322708
516.275 338124
516.350 338134
516.350 3516
516.400 304228
516.525 7142
516.550 338152
516.625 338098
516.675 338216
516.750 3542
516.800 325514
516.825 318702
516.825 323867
516.850 318739
516.875 319893
516.925 324069
516.925 337618
516.975 324929
517.050 338126
517.075 327933
517.075 328951
517.130 503723
517.175 338060
517.275 329526
517.425 329010
517.525 321487
517.975 330142
518.000 325512
518.050 337732
518.075 329587
518.218 457598
518.250 3586
518.275 337733
518.650 3544
518.675 3560
518.725 337790
518.800 337796
518.825 3562
518.875 337760
518.975 337671
519.175 337886
519.216 378969
519.225 337793
519.326 539003
519.525 337852
519.747 772455
519.750 337794
519.775 337913
519.925 337824
520.134 779233
520.224 476602
520.424 414960
520.900 338036
521.021 467908
521.125 338039
521.150 338034
521.275 337970
521.425 337949
521.782 492521
521.900 338123
522.034 474515
522.075 338124
522.100 338097
522.100 338134
522.255 394021
523.306 464066
523.375 338216
523.435 494748
523.811 460615
524.036 476462
524.037 518552
524.170 483360
524.215 476429
524.477 512018
524.663 772300
524.795 449305
524.942 520165
524.943 524258
526.175 6811
526.225 6880
526.249 509830
526.313 387044
527.075 19224
527.275 542587
527.594 466576
527.908 524896
528.117 542104
528.300 6983
528.444 474440
528.875 338718
528.978 527523
529.194 512055
529.342 765435
529.550 7010
529.563 448708
529.657 454258
529.932 499091
530.175 6910
530.694 510611
530.833 476993
531.006 472642
531.066 491665
531.225 15546
531.400 7149
531.550 7093
531.661 478349
531.796 528085
532.019 705155
532.051 488072
532.138 516003
532.532 779233
532.975 7165
533.248 466397
533.650 7142
533.754 500077
534.069 515003
534.364 491665
535.970 475225
537.084 365728
537.107 477836
537.340 518952
537.678 490287
537.900 6811
537.943 779812
538.385 419954
538.725 338098
538.809 397597
539.634 532326
539.800 337760
539.842 431369
539.938 454035
540.059 509486
540.750 6934
540.803 479051
541.080 487857
541.099 454452
541.165 494983
541.512 529067
541.717 414960
541.897 441739
541.900 515306
542.098 514491
542.150 338091
542.259 371413
542.699 521760
543.029 495695
543.086 486859
543.100 539632
543.125 7090
543.300 6880
543.400 338061
543.614 765882
543.925 338039
543.925 6983
544.090 474728
544.211 451389
544.273 534096
544.454 488101
544.475 6910
544.825 7011
545.064 510254
545.100 337886
545.300 7165
545.950 465421
546.164 518545
546.247 452152
546.291 488413
547.552 488850
547.562 522218
547.800 15621
548.561 468404
548.804 488920
548.977 500544
549.192 502722
549.421 503812
549.759 426808
549.799 481864
549.823 474749
549.824 386518
550.090 389496
550.609 770422
550.703 480269
550.807 457710
551.050 453681
551.054 702908
551.523 490305
551.975 451611
552.257 479225
552.357 476501
552.658 461491
552.672 512614
552.741 471269
552.826 504952
553.167 532694
553.636 472756
553.717 500450
554.111 496432
554.494 474749
554.598 483360
554.628 509963
554.706 481853
554.925 6910
555.016 476018
555.021 528398
555.024 475935
555.075 6811
555.192 456894
555.320 741499
555.550 394083
555.678 530881
555.825 337732
556.150 7093
556.325 338718
556.404 459845
556.625 489143
556.675 7142
556.906 492559
557.000 7090
557.146 489955
557.375 7010
557.575 15336
557.767 459171
557.784 473573
558.040 453178
558.075 7165
558.127 771204
558.470 541856
558.475 6983
558.536 534841
558.975 19224
559.017 451023
559.023 524536
559.047 454202
559.178 472292
559.375 7149
559.848 477960
559.980 781927
560.380 366908
541.675 1332
556.575 1332
560.524 480202
560.795 462241
561.003 781666
561.114 462622
561.331 467641
561.396 481160
562.213 516836
562.357 475481
562.496 476115
562.612 471143
562.743 458853
563.352 476188
563.640 530427
563.970 428396
564.000 423197
564.058 487279
564.112 537299
564.245 502393
565.246 536458
566.436 753629
566.953 767284
566.984 493551
567.251 451813
567.264 482761
567.625 6880
567.664 462412
567.794 497070
568.702 538163
568.775 16032
568.989 519362
569.016 473474
569.275 6811
569.451 373351
569.598 517943
569.600 6910
569.625 7011
569.725 7093
569.744 469225
569.825 338030
569.919 470524
570.100 6934
570.141 513735
570.350 338034
570.350 7149
570.546 530984
570.572 484864
570.730 533333
570.850 337949
570.906 471463
571.038 514445
571.743 464018
572.125 338718
572.215 498995
572.364 495725
572.410 475458
572.650 7165
572.924 482198
573.372 511497
573.400 7010
573.450 482837
573.836 468382
573.850 308962
573.906 459889
574.590 538851
575.495 476280
575.733 521860
576.047 501417
576.406 511870
576.765 520397
576.793 468996
577.240 480562
577.457 488847
577.922 383612
578.800 439792
579.365 485721
580.391 518476
580.400 19333
580.428 759104
580.517 513925
580.850 6983
580.936 542353
581.162 481791
581.327 457253
581.327 475394
581.698 474836
581.875 450691
582.300 337500
582.393 538460
582.452 502621
582.936 787504
583.175 337826
583.200 6880
583.239 541940
583.280 471104
583.392 512018
583.600 7149
583.700 337613
583.950 6811
584.075 485675
584.400 337671
584.400 7165
584.477 461559
567.875 1332
583.550 1332
584.800 7011
584.802 506819
584.901 763083
585.050 7010
585.400 7142
585.450 337852
585.525 6934
585.525 7090
585.637 457661
585.750 337732
585.804 469988
585.969 484314
585.978 761122
586.014 479693
586.040 470362
586.274 491897
586.473 502393
586.475 7093
586.575 304228
587.203 444062
587.689 529115
587.713 460130
587.998 490609
588.115 467505
588.117 507343
588.125 15511
588.208 499654
589.623 511117
589.629 513371
589.836 527354
590.783 454223
591.714 471456
591.717 457869
591.848 474233
592.289 394021
592.298 458273
592.585 512536
592.882 492015
592.891 453343
593.818 470155
593.999 528858
594.078 785780
594.129 492482
594.537 507461
594.604 534920
594.894 524616
595.142 410218
595.775 325035
596.031 449245
596.800 6983
596.973 432385
596.987 527551
597.150 6811
597.350 6910
597.355 744322
597.455 374915
597.575 338718
597.650 337618
597.975 6880
597.984 504483
598.050 7165
598.182 533333
598.199 495048
598.375 7010
598.425 337824
598.456 536885
598.625 7011
598.925 7142
599.000 7093
599.124 740116
599.400 7090
599.600 7149
599.644 461611
599.650 337886
599.756 450321
600.225 337852
600.350 6934
600.529 774465
600.537 500038
600.579 540445
601.150 338945
601.351 536408
601.683 495671
603.288 454261
603.380 525698
603.404 509660
603.520 502137
603.557 751277
603.658 514445
604.053 484892
604.315 480112
604.415 535628
605.600 3560
606.114 458273
606.608 457212
607.153 492386
607.225 306530
607.859 502379
608.387 480335
608.479 521107
608.570 459498
608.825 504023
598.825 1332
609.054 499118
609.399 468471
609.651 490076
609.784 474566
610.550 337886
610.660 357493
610.884 470362
611.375 6811
611.525 337793
611.627 499287
611.750 6910
611.850 6880
611.850 7142
612.088 763083
612.100 306008
612.119 502915
612.414 397531
612.650 6983
612.650 7165
612.679 508352
613.025 7093
613.132 456776
613.325 7010
613.450 307203
613.600 7011
613.675 7149
613.700 6934
613.950 314676
614.150 308381
614.371 472486
614.525 287669
614.650 7090
614.775 338718
615.228 501255
615.323 465996
615.800 288863
615.847 502681
615.975 310690
616.104 531163
616.125 337826
616.150 3544
616.350 284200
616.558 468588
616.618 471084
617.000 3475
617.325 283106
617.383 488349
617.442 483825
617.669 383585
617.854 702046
617.875 3459
617.937 762201
618.000 285394
618.150 300836
618.400 3408
618.425 306597
618.550 290581
618.565 481606
618.650 306622
618.700 19224
618.749 407284
618.868 498935
618.900 19333
618.950 319303
618.975 501417
619.025 300282
619.117 406697
619.254 775138
619.375 313024
619.425 315779
619.425 3565
619.575 3480
619.576 691475
619.700 331836
619.815 524616
619.825 318739
619.825 3542
619.850 21112
619.886 518082
620.050 295649
620.100 310054
620.115 458983
620.200 291636
620.250 291151
620.250 308962
620.250 316444
620.325 310606
620.475 3410
620.550 337500
620.625 311771
620.675 302503
620.900 303701
620.900 313598
620.925 310006
620.950 305433
621.025 304854
621.325 313479
621.475 311910
621.550 303862
621.550 337618
621.582 515730
621.625 290497
616.675 1332
621.625 314152
621.675 3431
621.700 3498
621.725 306530
621.800 297547
622.000 300281
622.025 306092
622.100 307197
622.125 303704
622.175 319345
622.225 308902
622.225 319908
622.225 325035
622.400 304228
622.400 306631
622.425 311879
622.455 462964
622.500 303140
622.500 315909
622.550 3519
622.600 313547
622.600 313603
622.625 301367
622.625 319301
622.650 308255
622.660 492279
622.675 306016
622.745 458118
622.773 753804
622.800 285345
622.800 308953
622.800 328494
622.850 21159
622.950 303820
623.000 313997
623.000 325116
623.037 357493
623.050 21158
623.100 312867
623.125 306577
623.125 308363
623.139 505026
623.150 296254
623.150 311187
623.150 312853
623.175 302042
623.175 314178
623.200 305470
623.225 324069
623.300 337613
623.350 337733
623.350 3544
623.375 314747
623.375 326789
623.401 514979
623.425 305360
623.475 300802
623.475 308307
623.475 3408
623.525 337790
623.550 3516
623.575 307203
623.575 3459
623.600 308881
623.625 3562
623.650 337671
623.700 21226
623.725 302497
623.725 310034
623.750 298114
623.750 306018
623.750 337798
623.775 314082
623.800 337793
623.800 337796
623.847 463108
623.850 303753
623.875 337732
623.875 3475
623.900 328495
623.900 337760
623.950 287009
623.950 306065
623.950 317061
623.975 310092
624.000 21223
624.000 311257
624.000 319270
624.050 305947
624.100 308369
624.125 301438
624.125 314061
624.150 308278
624.250 312311
624.250 3480
624.275 337794
624.325 300807
624.331 373566
624.375 305373
624.375 337791
624.375 3586
624.450 337824
624.525 315207
624.550 310060
624.575 337886
624.600 326204
624.650 323852
624.675 3538
624.720 452950
624.725 303657
624.750 317448
624.750 322234
624.750 323857
624.750 3410
624.750 3565
624.775 315744
624.775 337949
624.800 337826
624.825 338134
624.886 505372
624.900 337500
624.925 322171
624.950 319775
624.975 323781
625.025 314676
625.075 318193
625.100 318710
625.125 337947
625.150 319244
625.150 338034
625.171 499590
625.175 315189
625.250 310690
625.272 517664
625.275 304303
625.275 306008
625.275 311121
625.275 318702
625.275 326141
625.275 3542
625.300 318195
625.325 313513
625.325 317593
625.350 337940
625.383 476462
625.400 3560
625.450 337970
625.450 338098
625.475 338036
625.500 319165
625.525 337852
625.575 315218
625.575 318606
625.575 338124
625.600 327933
625.625 322708
625.643 481436
625.650 310641
625.650 337913
625.650 338061
625.700 308381
625.737 489137
625.789 445333
625.825 321585
625.900 338039
625.925 338031
625.950 318023
626.025 329010
626.050 321484
626.050 338097
626.050 3431
626.075 319893
626.075 324929
626.100 338030
626.175 326118
626.176 504483
626.200 338126
626.225 326671
626.250 319747
626.250 324436
626.325 337618
626.400 338000
626.450 326733
626.471 483825
626.475 315822
626.500 338123
626.511 469059
626.550 328951
626.550 3498
626.575 314560
626.575 338216
626.675 329549
626.700 328455
626.750 322041
626.800 327377
626.825 329587
626.875 327930
626.875 338060
626.925 338152
627.050 322092
627.075 330142
627.125 328432
627.125 3519
627.175 338091
627.425 321487
627.575 323867
627.600 325504
627.625 331304
627.875 325514
627.875 3544
628.050 3562
628.055 527462
628.075 3516
628.100 337733
628.150 337613
628.274 498802
628.325 325512
628.400 329526
628.475 337671
628.475 337732
628.500 331836
628.500 337796
628.625 3475
628.750 337793
628.775 337798
628.875 3586
629.000 337794
629.007 470173
629.050 3538
629.200 337760
629.250 337949
629.257 432977
629.314 524069
629.325 337886
629.330 504548
629.348 468588
629.350 338134
629.450 337791
629.525 337824
629.664 480597
629.775 337852
629.825 337826
629.850 337790
629.925 338034
630.025 337947
630.175 338098
630.275 337913
630.295 503038
630.353 753098
630.524 738383
630.600 337940
630.604 459021
630.675 337970
630.900 338036
630.950 338039
631.075 338097
631.150 338061
631.385 504021
631.695 520431
631.950 338216
631.959 485866
633.580 463108
633.748 542104
633.977 453343
634.208 507810
634.507 509124
634.800 504164
634.935 374396
635.409 504956
635.616 753306
635.790 493677
636.276 535882
636.279 463821
636.325 6880
636.580 539433
637.418 530518
637.525 6811
637.949 504432
638.416 486247
638.426 511964
638.550 6983
638.619 456949
639.100 338718
640.205 486180
640.275 474180
640.802 494398
640.829 476005
640.850 7142
641.147 768664
641.208 421546
641.792 742564
641.929 474209
643.260 472505
643.265 521996
643.784 510083
644.056 540226
644.966 518952
645.273 516836
646.054 781927
646.208 449219
646.920 528984
647.502 514026
648.066 533542
648.309 524603
648.518 764044
648.822 523759
639.125 1332
649.006 534805
649.054 460153
649.175 6934
649.488 463675
649.567 702046
649.825 7149
649.871 377251
649.950 6910
650.009 459789
650.525 6811
651.075 337671
651.209 401385
651.293 461559
651.659 467716
651.700 16032
651.925 6983
652.000 6880
652.281 472103
652.360 469488
652.420 468095
652.486 535275
652.500 337794
652.525 7010
652.823 468317
652.826 468969
653.000 7165
653.030 479359
653.950 338134
654.375 7142
654.391 541682
654.444 484014
654.968 702995
655.118 466060
655.253 539490
656.806 515252
656.933 484023
657.214 427344
657.222 487607
658.080 536827
658.321 475948
658.425 19135
659.487 460227
659.584 529670
659.599 364030
660.136 486089
660.257 483528
660.277 487104
660.401 458702
660.837 514279
660.933 458673
661.345 764166
661.502 370222
662.021 534616
662.525 338718
662.724 786269
662.875 338039
663.000 7011
663.202 457235
663.450 7093
663.522 483080
663.849 787225
664.025 6910
664.225 337613
664.373 498331
664.393 768423
664.450 6880
664.525 6983
664.544 461332
664.600 7090
664.620 469568
665.060 529228
665.188 472554
665.275 7010
665.425 6811
665.753 467972
665.875 6934
665.929 510728
666.143 477892
666.391 507641
666.713 526966
666.743 765835
667.100 338060
667.384 492730
667.459 471329
667.778 463348
667.840 523195
668.000 7149
668.121 507548
668.614 454845
668.709 538621
669.737 498331
669.810 477187
670.296 363307
670.336 785762
671.360 464057
671.643 788253
671.672 531173
671.861 489137
671.935 474209
672.288 454694
672.835 504081
672.947 448651
666.025 1332
673.045 526637
673.561 450153
673.563 514029
673.746 466890
673.804 500218
674.000 338123
674.340 739434
674.852 487612
675.328 789316
675.392 457005
675.447 510322
675.630 746135
675.631 524477
675.653 405367
676.113 526174
676.229 468952
676.402 787225
677.000 367721
677.017 511682
677.227 476429
677.475 7142
677.575 7011
677.639 526994
677.656 446487
677.668 513750
677.862 478317
678.100 337949
678.350 7093
678.365 474231
678.391 499741
678.408 538098
678.700 7090
678.775 6811
678.800 6910
678.950 337613
678.950 6983
679.225 337790
679.400 337852
679.425 338061
679.425 7165
679.450 7010
679.515 464749
679.750 337791
680.031 407284
680.057 541005
680.064 474924
680.325 6934
680.435 498996
680.628 497552
680.650 338097
680.925 315744
681.139 459630
681.375 337970
682.141 473170
682.225 468273
682.643 487734
682.877 454663
683.382 489815
683.867 492137
684.364 460889
684.416 513791
684.536 513330
684.656 468638
684.802 752231
684.926 382609
685.501 467915
686.027 512210
686.156 533334
686.479 442299
686.509 453657
686.565 789673
687.535 478020
687.716 468139
687.727 463946
687.821 779701
687.958 527462
688.336 384255
688.417 454160
688.763 385960
689.053 526701
689.073 479080
689.404 761469
689.454 485820
690.200 338097
690.617 454585
690.798 465597
690.850 6880
691.552 469059
691.832 493564
691.900 7010
692.175 7142
692.255 472403
692.315 781666
692.375 6910
692.678 539644
692.750 7093
692.950 338718
692.997 481396
693.125 338036
693.300 7165
693.379 500490
693.525 337970
679.975 1332
691.650 1332
694.025 7011
694.125 6811
694.143 464826
694.650 7149
695.100 6983
695.153 482233
695.454 492582
695.911 478307
696.224 515200
696.441 469919
696.817 496373
697.256 517259
698.024 452242
698.066 512849
698.179 519451
698.642 394618
698.926 509885
699.100 308255
699.108 462770
699.570 535734
699.595 500305
699.962 472017
700.935 520068
701.128 491126
701.401 477348
701.930 475701
701.997 480681
702.154 492602
702.326 504696
702.754 451400
703.570 480205
704.021 508370
704.025 7090
704.252 459474
704.697 439540
704.730 513371
704.794 524607
704.825 337796
705.425 6811
705.475 6880
705.742 793266
706.557 532986
706.600 7142
706.633 526135
706.672 758402
706.825 6983
706.940 509155
707.000 6934
707.250 519525
707.350 7093
707.421 476804
707.650 6910
707.650 7010
708.075 7149
708.275 284200
708.275 338152
708.596 477511
708.675 7165
708.694 504642
708.975 500705
709.000 337913
709.128 474822
709.225 7011
709.329 457231
710.168 517741
710.457 791284
710.641 450804
710.644 485675
711.184 749538
711.471 484023
711.473 477535
711.516 773206
711.573 341675
711.762 462005
711.916 514422
713.144 377346
713.219 447227
713.289 420078
713.433 469523
713.828 526121
714.060 404968
714.080 535738
714.825 19462
714.831 469579
714.991 493711
715.194 507176
715.346 769448
715.639 377720
715.802 488865
716.089 449952
716.196 782023
716.715 531022
717.196 764031
717.499 533820
717.730 496447
717.836 505757
718.024 461833
718.025 19370
718.113 510136
718.727 491665
718.742 472979
718.762 503405
708.975 1332
719.175 7142
719.493 479225
719.498 489983
719.546 456330
719.625 6811
719.925 784293
720.030 540622
720.091 439792
720.091 463972
720.435 501255
720.575 6983
720.600 6880
720.675 290581
720.700 338718
720.800 6934
720.889 501228
721.100 7090
721.315 514214
721.422 459781
722.050 337913
722.300 7011
722.700 7093
723.000 7165
723.750 302497
724.309 482670
724.550 337733
724.586 427094
725.787 743572
726.285 502137
726.314 500966
726.435 477630
726.685 454728
727.066 497138
727.596 495413
727.636 453468
727.683 471336
727.899 386979
728.013 702287
728.150 478422
728.248 742921
728.475 529398
729.810 500865
729.860 503713
730.092 529122
730.230 427862
730.311 479094
730.581 491769
730.678 448510
730.749 386979
731.001 453384
731.115 477419
731.376 530576
731.432 509263
732.237 470016
732.369 473406
732.701 456726
732.945 469920
733.100 338098
733.125 6811
733.432 450034
733.682 766141
733.716 541201
733.950 6910
734.200 7010
734.941 456252
735.100 7011
735.143 484415
735.217 479350
735.327 530881
735.350 337791
735.600 6934
735.633 522836
735.900 475948
735.900 6983
735.900 7149
736.050 7093
736.211 483541
736.223 430289
736.225 7142
736.304 504423
736.458 536088
736.775 7090
736.850 315744
736.950 310092
737.025 338123
737.106 472868
737.116 471641
737.450 337826
737.525 338061
737.725 7165
737.868 721652
738.050 338718
738.185 431201
738.250 6880
738.600 338126
738.647 756461
739.042 543315
739.258 454178
739.665 466312
740.533 456342
740.549 480950
740.838 535628
723.475 1332
737.700 1332
740.975 315909
741.350 3408
741.362 526147
741.797 392868
741.938 452399
742.164 520514
742.354 516613
742.575 306016
742.623 410366
742.633 490845
742.800 283106
742.804 472650
742.850 314560
742.903 453956
743.100 328494
743.252 475216
743.350 331304
743.739 462349
744.175 315189
744.679 533924
744.975 303862
745.042 524365
745.173 367981
745.475 290581
745.652 500938
745.689 495388
745.835 454420
745.900 310006
745.975 312311
746.087 753820
746.333 537724
746.575 300807
746.725 287009
746.775 285345
746.825 310054
746.975 302503
747.053 468177
747.100 308953
747.125 319244
747.175 3410
747.250 287669
747.325 21112
747.350 21084
747.350 3538
747.475 285394
747.525 300802
747.525 310034
747.550 308278
747.600 3431
747.625 3475
747.708 766497
747.725 21110
747.825 3519
747.850 288863
747.875 310092
747.899 350562
748.000 307203
748.076 543026
748.125 308307
748.300 21158
748.300 3565
748.375 21159
748.400 310060
748.400 316444
748.450 3544
748.475 306577
748.500 311121
748.500 319747
748.532 518587
748.541 484916
748.600 21176
748.632 398276
748.650 311187
748.700 291151
748.775 290497
748.800 284200
748.835 522185
748.850 305360
748.881 451419
748.900 337500
748.925 308381
749.017 527394
749.025 329587
749.037 496937
749.050 313513
749.075 300836
749.100 326118
749.114 705155
749.125 322234
749.167 510853
749.175 302497
749.247 485400
749.300 7165
749.350 303704
749.375 301438
749.375 303820
749.400 313598
749.400 318739
749.425 296254
749.450 303140
749.450 308962
749.500 297547
749.500 306597
749.600 331836
749.625 300282
749.625 3560
749.625 3562
749.675 328455
749.700 3586
749.700 7010
749.775 314061
749.775 6910
749.800 319775
749.825 306008
749.850 314152
749.875 306065
749.900 306530
749.900 308902
749.900 3498
749.950 291636
749.950 3408
749.975 7090
750.000 311771
750.009 487630
750.025 300281
750.075 314082
750.200 303657
750.200 326789
750.250 313603
750.250 3542
750.275 6983
750.300 304228
750.350 301367
750.375 303753
750.375 308363
750.395 460829
750.400 305947
750.400 337618
750.425 310690
750.450 3516
750.525 319301
750.550 327930
750.625 313479
750.625 3459
750.650 306018
750.725 3480
750.775 304854
750.800 337732
750.825 298114
750.900 7093
750.950 21223
750.975 337613
751.000 302572
751.025 306622
751.025 314178
751.038 517751
751.050 310641
751.050 337671
751.075 337760
751.125 305433
751.150 318193
751.161 742870
751.175 308881
751.175 311879
751.175 318710
751.200 302042
751.200 304303
751.200 337733
751.225 314747
751.300 321484
751.327 762580
751.350 317061
751.375 313547
751.425 7149
751.441 444201
751.475 295649
751.475 311910
751.475 314560
751.500 7142
751.550 306631
751.575 315744
751.600 308369
751.675 21226
751.700 307197
751.700 337824
751.725 319908
751.725 322092
751.900 305470
751.900 317448
751.925 313997
751.950 318606
751.950 3410
751.975 324436
751.975 337794
751.975 337970
752.100 308255
752.150 305373
752.150 328495
752.175 326671
752.220 425238
752.225 303701
752.225 326204
752.225 3431
752.250 325514
752.125 1332
752.275 319345
752.300 312853
752.325 312867
752.325 328951
752.422 790656
752.425 322041
752.450 337913
752.475 329549
752.525 310606
752.575 319270
752.575 338031
752.600 315779
752.725 323857
752.725 3475
752.738 459751
752.750 337947
752.750 338030
752.750 461768
752.800 338000
752.825 325035
752.850 329526
752.850 3538
752.875 319303
752.900 315822
752.925 329010
752.950 317593
752.950 337790
753.025 306092
753.025 3519
753.050 326733
753.075 321487
753.075 326141
753.075 338091
753.100 321585
753.106 524330
753.125 323781
753.150 315207
753.200 325116
753.223 466312
753.229 461026
753.250 337940
753.275 338036
753.275 338126
753.350 311257
753.350 337791
753.375 323867
753.400 314676
753.400 319165
753.425 322171
753.425 337798
753.450 3544
753.550 319893
753.550 322708
753.600 337852
753.600 338060
753.621 517741
753.625 338061
753.650 323852
753.668 450802
753.700 318023
753.900 315218
753.921 458618
753.975 313024
754.100 328432
754.125 324069
754.125 327377
754.125 338216
754.150 3562
754.175 318702
754.175 337826
754.225 324929
754.250 325512
754.275 3565
754.300 315909
754.400 327933
754.480 536408
754.550 328494
754.575 318195
754.625 338097
754.646 458288
754.650 337949
754.740 454069
754.800 3498
754.800 3560
754.875 337796
755.075 330142
755.075 3586
755.200 3516
755.344 478875
755.375 3542
755.575 337793
755.825 325504
755.850 338134
755.900 3480
755.925 3459
756.500 337886
756.575 338039
756.675 337733
756.720 521367
756.810 766708
756.850 337671
757.550 338123
757.582 462235
758.000 338152
758.050 337794
758.250 338124
758.325 338036
758.350 337970
758.475 338098
758.616 456935
758.699 502777
758.750 338091
758.775 338126
759.007 498293
759.685 508564
760.202 518658
760.435 429263
760.623 532476
761.646 467118
761.656 429263
762.129 769671
762.442 535618
762.608 475053
762.620 449956
763.106 371878
763.324 489955
763.372 474080
763.390 482045
764.175 6880
765.098 524638
765.131 478160
765.818 498995
766.519 541925
766.705 536350
766.728 525387
766.848 361841
766.925 6811
767.000 483371
767.025 6910
767.084 461768
767.242 537288
767.326 481186
767.541 486102
767.800 6983
767.946 481433
768.125 7149
769.060 499576
769.150 7165
769.725 7142
769.765 517255
769.800 537036
769.877 528996
770.000 338718
770.550 7093
770.704 757363
771.067 507728
771.261 468479
771.350 7010
772.215 466046
772.220 511373
772.385 512232
772.543 447681
772.982 469663
773.542 505776
774.052 518587
774.344 518857
774.375 7090
774.754 533190
775.216 500450
775.831 492546
776.328 487088
776.935 494913
777.128 455334
777.255 499923
777.374 775522
777.480 473288
777.616 460027
777.692 367577
777.976 787174
778.061 472746
778.467 469676
778.490 536408
778.818 397594
778.925 337613
779.049 468028
779.250 337732
779.284 452954
779.625 6811
780.225 6910
780.450 338097
780.850 337760
781.047 467661
781.430 450034
781.655 521760
781.750 6983
781.763 488012
781.872 500826
782.112 506781
782.239 498810
782.450 14992
782.475 7011
782.839 489122
783.013 483643
783.050 7093
770.825 1332
783.105 754501
783.416 493073
783.636 491769
784.044 488012
784.175 7149
784.244 535964
784.665 470959
784.725 337970
785.530 450800
785.550 6934
785.673 494078
785.862 490900
785.938 368076
785.975 338061
786.319 506343
786.500 19212
786.601 378197
787.550 7010
787.875 7090
788.133 484298
788.200 372246
788.299 502557
788.507 793284
788.536 421001
789.700 337613
790.225 15402
790.380 463312
792.000 6811
792.217 505757
792.293 468065
792.986 472017
793.140 473159
793.181 496102
793.613 468314
793.700 6880
793.738 464688
793.750 337970
794.018 427862
794.142 459251
794.200 337796
794.590 520079
794.750 6910
795.184 535798
795.825 15404
795.825 7011
795.880 405367
796.055 477535
796.275 337732
796.460 744322
796.480 742870
796.978 536924
797.450 19224
797.875 7093
798.230 477187
798.344 416358
798.775 338036
798.850 15896
798.878 450947
799.054 541856
799.065 528319
799.193 449767
799.281 508352
799.525 338718
799.662 465359
800.020 478180
800.351 472415
800.375 7165
800.925 7142
801.185 778376
801.253 496679
801.319 525322
801.495 470469
801.859 398590
802.628 465911
802.699 454585
802.909 774434
802.975 338134
803.140 468253
803.296 409305
804.125 19224
804.575 6934
805.363 390446
805.522 459965
805.754 492387
805.856 772475
805.860 515200
806.171 405200
806.385 396839
806.700 6983
807.275 6880
807.286 407086
807.532 484658
807.678 718670
807.725 6811
808.275 6910
808.764 467641
809.250 337852
809.311 510621
809.825 15439
809.840 784240
810.400 7090
810.401 534789
785.325 1332
809.275 1332
810.597 521501
810.852 454139
810.875 7149
810.900 7010
811.182 487107
811.211 508049
811.304 449208
811.425 7011
812.172 749112
812.736 424240
812.788 474500
813.159 479473
813.389 515777
813.397 517638
813.543 536260
813.564 760801
813.669 518658
814.042 451611
814.779 479626
814.846 522942
815.407 480206
815.700 7165
817.200 338718
817.775 756384
818.008 761469
818.231 511169
818.514 780167
818.585 533164
819.107 474579
819.401 749538
819.460 372992
819.778 471287
819.792 522324
819.925 6811
819.927 451507
819.954 538913
820.092 476036
820.450 7093
820.575 337791
820.725 7142
820.961 768423
821.075 6880
821.100 337732
821.275 6910
821.400 306622
821.525 337798
821.950 337794
821.965 510197
822.263 467908
822.425 7011
822.453 396839
822.675 6983
822.974 454217
823.250 337947
823.309 424562
823.402 503723
824.172 514690
824.244 474459
824.275 485455
824.330 454202
824.715 472745
824.782 457567
825.228 512210
825.308 494652
826.262 456419
826.631 461468
826.867 472009
827.013 490523
827.416 477535
827.520 389096
827.626 520514
828.028 543065
828.714 769028
828.909 431557
828.923 489087
828.975 767377
829.144 508049
829.679 482867
829.730 432448
829.917 392432
830.225 316444
830.387 495080
830.775 19462
831.264 433669
831.266 468299
831.337 473799
831.703 471074
831.768 750297
831.950 7165
832.000 302572
832.026 461844
832.525 6934
832.625 6811
832.989 469916
833.250 337947
833.509 478875
833.675 7011
833.826 478014
833.874 421546
834.054 405575
834.225 6983
834.227 467356
833.250 1332
834.252 767958
834.400 7090
834.675 338718
834.850 6910
835.125 7093
835.250 7010
835.275 337798
835.496 512167
835.511 527772
835.575 338060
836.025 6880
836.042 532133
836.374 471463
836.637 478054
836.675 7149
836.740 490410
836.850 7142
836.964 474435
837.539 464042
837.850 337949
837.911 395697
837.918 498293
838.388 536907
838.400 304303
839.616 499480
839.634 495854
839.716 487940
840.431 542142
840.519 390446
840.795 773673
840.831 476291
840.950 19333
841.006 534331
841.712 475397
841.902 517741
842.013 458118
842.266 535569
842.605 780167
842.854 541413
843.115 534584
843.390 742302
843.448 522286
843.968 458587
844.180 475579
844.575 519998
845.064 436434
845.466 468253
845.717 454845
845.813 497676
845.850 461586
846.179 449952
846.295 533190
846.825 6934
846.965 528530
847.000 6910
847.100 7090
847.250 7165
847.591 510278
847.775 6811
847.775 6880
847.814 523133
847.883 449132
848.150 468583
848.625 6983
848.725 7011
849.072 468272
849.174 741383
849.250 338718
849.277 497070
849.299 483290
849.538 379450
849.575 7142
849.825 310690
849.900 7149
850.050 15439
850.384 387091
850.844 458128
850.908 484609
851.199 523210
851.250 7093
851.275 318606
851.471 503540
851.600 305360
851.744 505233
851.755 516780
851.968 440992
852.011 492573
852.332 350562
852.604 504483
852.745 536406
852.912 540735
853.150 318739
853.210 767482
853.245 433857
853.250 540134
853.749 511963
854.050 321585
854.825 3410
855.353 510158
855.490 470699
855.900 3519
855.987 357327
848.725 1332
856.118 753297
856.174 416766
856.350 317593
856.469 498986
856.675 306631
856.855 486859
856.922 484916
857.117 749783
857.143 487940
857.250 308307
857.499 466232
857.512 495695
857.580 505949
857.775 327930
858.000 328951
858.225 326204
858.825 318195
858.950 311910
859.200 310054
859.200 323867
859.327 467083
859.694 533800
859.775 327933
859.800 314178
860.125 330142
860.150 325504
860.275 325116
860.341 473734
860.586 470820
860.611 466046
860.625 313598
860.625 315207
860.625 322234
860.700 3562
860.800 314560
860.925 3586
861.000 329549
861.075 7010
861.175 329587
861.250 314676
861.300 21223
861.342 533965
861.350 328432
861.350 6934
861.375 306530
861.475 324929
861.476 456968
861.500 3516
861.597 377288
861.600 3480
861.600 3538
861.739 474233
861.750 308881
861.750 326789
861.758 484658
861.800 314061
861.850 3459
861.850 3542
861.875 301438
861.975 331304
862.025 21226
862.025 7093
862.075 326141
862.125 312867
862.150 3475
862.175 319908
862.200 310006
862.275 302497
862.325 326671
862.350 21176
862.350 318702
862.525 3560
862.550 328494
862.725 310641
862.750 319345
862.875 322708
863.000 310060
863.000 325035
863.050 21158
863.100 21159
863.150 308953
863.175 313603
863.175 321484
863.337 772455
863.350 305373
863.375 3498
863.400 3431
863.450 284200
863.475 315909
863.550 306016
863.550 6880
863.725 328495
863.769 787645
863.775 338718
863.800 318023
863.800 325514
863.825 7011
863.875 6811
863.899 529429
863.975 3519
864.125 3544
864.150 338152
864.225 21110
864.225 306597
864.225 7165
864.250 298114
864.250 3565
864.375 328455
864.400 21112
864.450 3408
864.525 304303
864.525 318193
864.600 319747
864.625 304228
864.725 291636
864.825 323852
864.900 323781
864.925 306065
865.025 313024
865.050 318739
865.100 329526
865.125 325512
865.125 326118
865.175 300807
865.175 311771
865.183 490305
865.225 319893
865.250 305433
865.300 306008
865.350 312311
865.375 315779
865.425 338031
865.425 7149
865.475 338060
865.550 338030
865.600 314082
865.600 322041
865.600 3410
865.650 338098
865.675 319270
865.675 324436
865.675 331836
865.675 337913
865.700 314747
865.750 308278
865.800 319303
865.825 317448
865.850 307197
865.850 321487
865.883 457539
865.925 311187
865.950 315189
865.975 310606
866.000 306577
866.000 313997
866.000 319775
866.000 326733
866.001 497797
866.025 305947
866.050 313479
866.075 321585
866.075 323857
866.100 337947
866.100 338034
866.100 3586
866.125 3562
866.150 313513
866.175 317061
866.184 462764
866.200 338124
866.225 305470
866.250 314152
866.275 302503
866.275 310690
866.275 338126
866.325 327377
866.400 317593
866.450 319301
866.450 329010
866.475 312853
866.525 337940
866.525 338216
866.550 315822
866.575 303862
866.625 3516
866.630 472976
866.650 308902
866.725 307203
866.725 319244
866.725 337760
866.775 300282
866.800 3538
866.825 311121
866.950 337791
866.997 780550
867.000 337790
867.025 338036
867.025 338123
867.050 21084
867.050 3542
867.100 3475
867.175 308381
867.225 319165
867.240 510061
864.625 1332
867.243 481160
867.265 499216
867.325 3560
867.341 365085
867.350 308962
867.375 291151
867.425 3480
867.450 308363
867.450 315744
867.475 315218
867.500 322171
867.550 301367
867.552 498376
867.573 521203
867.600 285345
867.600 318606
867.625 337794
867.625 337796
867.675 311879
867.750 300802
867.975 322092
868.000 532993
868.050 290497
868.075 303753
868.125 310034
868.200 302572
868.225 311257
868.225 3498
868.250 303701
868.250 3459
868.258 739434
868.300 303657
868.325 300836
868.375 337793
868.375 3431
868.400 310092
868.450 308255
868.450 316444
868.450 337613
868.500 306631
868.550 306092
868.575 3519
868.600 305360
868.625 300281
868.625 324069
868.650 318710
868.791 785077
868.825 303140
868.850 3544
868.875 306018
868.900 303704
868.925 304854
869.100 313547
869.175 337733
869.250 337671
869.475 303820
869.520 483360
869.550 308369
869.625 3565
869.650 3408
869.750 302042
869.825 338039
869.925 285394
869.931 457499
869.950 287009
870.175 338097
870.215 453127
870.325 337824
870.400 338091
870.400 3410
870.475 295649
870.475 337970
870.475 338000
870.600 306622
870.650 296254
870.800 297547
870.950 338061
871.174 407604
871.175 290581
871.350 337949
871.475 337913
871.475 338152
871.700 337852
871.725 338134
871.750 337618
872.000 338098
872.046 508487
872.072 535191
872.375 283106
872.375 338216
872.408 517665
872.425 337791
872.750 288863
873.000 337500
873.025 338031
873.075 287669
873.375 337826
873.475 337732
873.625 284200
873.775 337760
874.075 337613
874.250 337733
874.306 490153
874.421 492339
874.435 453444
874.555 457454
874.559 462045
874.650 337798
874.775 337794
875.885 489719
876.183 467141
876.638 778376
876.745 536924
876.987 526775
877.362 524799
877.363 499654
877.392 500305
878.415 436434
878.482 513448
878.550 337500
879.939 774939
880.089 460601
880.114 460562
880.450 7142
881.264 529755
881.375 7011
881.675 7010
881.681 515917
881.756 502197
882.683 481450
882.902 465252
882.950 7165
883.026 489461
883.214 483541
883.265 763297
883.325 7093
883.500 338718
883.687 534575
883.889 475110
884.075 6910
884.100 7090
884.100 7149
885.500 338123
885.975 3519
886.046 454702
886.164 451850
886.249 453329
886.272 492137
886.445 472745
886.904 522935
887.000 6811
887.704 390537
887.963 467623
888.048 527523
888.225 6880
888.588 513936
888.989 497184
889.473 465629
889.962 482657
889.984 519824
890.042 531272
890.242 375673
890.358 769448
891.398 505741
891.543 392868
891.836 398525
892.132 454628
892.321 459566
892.417 756661
892.529 755130
892.634 471752
892.965 386676
893.014 459482
893.034 475066
893.334 480905
893.468 457212
893.480 450901
893.489 449258
894.008 491366
894.377 530427
894.704 494745
896.138 466046
896.247 523027
896.317 503744
896.424 486783
896.591 490523
896.627 453956
896.859 452363
897.153 526019
897.200 7165
897.367 542635
897.369 498331
897.379 503753
897.458 543173
897.850 337886
897.925 6983
898.475 6934
898.528 474500
898.550 7149
898.600 460597
898.600 6880
898.779 505932
898.825 338216
899.050 7142
884.150 1332
899.250 6910
899.294 536099
899.300 7090
899.350 338036
899.425 338718
899.509 463972
899.525 7011
899.618 502991
899.750 338039
899.922 473072
900.129 463447
900.675 338126
900.725 338152
901.156 500045
901.250 338031
901.375 6811
901.380 470417
901.775 338123
901.793 476651
901.875 338030
902.126 502137
902.650 763318
902.902 476651
902.925 337852
903.048 461903
903.760 492753
904.040 470207
904.142 472854
904.380 524874
904.441 497087
904.661 500387
906.716 469744
906.724 531024
907.013 456507
907.101 517719
907.147 454972
907.543 493677
908.058 406914
908.298 450248
908.321 487705
908.579 452662
908.731 753219
908.931 533542
909.017 504740
909.256 792760
909.419 483069
910.151 492322
910.176 542709
910.364 459547
910.564 526179
910.879 490091
910.966 764005
910.972 758436
911.250 337613
911.517 500217
911.869 500764
912.000 7142
912.160 514350
912.466 789803
912.575 337824
913.263 477273
913.296 513611
913.300 6983
913.400 7165
913.566 456337
913.707 467184
913.715 369412
913.775 7149
913.842 515481
913.925 7010
913.975 7011
914.006 531173
914.125 7090
914.475 19453
914.608 740758
914.904 530743
915.100 6880
915.178 738050
915.225 337852
915.350 6910
915.375 337913
915.393 541740
915.725 7093
915.803 399929
915.975 6934
916.081 518587
916.224 755130
916.503 538163
916.568 517741
916.625 338718
916.708 492802
916.976 541632
917.084 484863
917.275 6811
917.475 338031
917.500 475760
917.631 454217
918.001 510599
918.097 472194
918.124 491873
918.387 518545
918.560 464826
900.425 1332
914.625 1332
918.773 542408
919.067 505644
920.113 431338
920.331 465789
920.402 516307
920.605 454671
920.719 482833
921.620 485205
921.920 775089
921.939 389399
922.773 478936
923.429 511925
923.470 447646
924.920 352608
925.077 458983
925.102 352608
925.411 468731
925.717 403125
925.800 337798
925.885 372447
926.650 478297
926.820 452541
926.844 532096
927.035 498617
927.554 484658
927.600 7142
928.100 6910
928.400 6983
928.575 7011
928.894 484524
928.900 337613
929.125 7090
929.225 338718
929.725 7093
929.775 6934
930.050 338039
930.100 6880
930.250 7010
930.334 457527
930.575 7149
930.725 338031
930.801 438169
930.825 7165
931.082 497261
931.150 313997
931.325 337732
931.392 497311
931.450 337790
931.600 6811
932.025 337760
932.129 504918
932.302 367981
932.456 459889
934.464 493562
934.885 534549
934.953 469876
935.133 461167
935.612 451850
936.483 508049
936.550 326118
937.173 381902
937.267 519451
937.550 522218
937.551 450640
938.418 452193
938.567 473025
938.650 511381
938.842 514979
939.019 519362
939.225 495187
939.458 525062
939.608 751277
939.920 385865
940.047 467435
940.076 768423
940.444 503178
940.631 456968
940.765 420424
940.776 462714
940.795 517316
941.603 455559
941.841 521136
942.300 7149
942.392 779039
942.850 338124
942.950 7165
943.025 7010
943.421 474440
943.586 767424
943.866 481542
943.935 499253
944.149 534352
944.150 338718
944.325 338030
944.525 7090
944.625 7093
945.075 6910
945.195 756015
945.200 6983
945.320 453467
945.375 305373
945.875 6811
927.475 1332
946.078 352608
946.200 338061
946.374 462214
946.450 6934
946.497 464253
946.500 6880
946.574 462645
946.800 472695
946.925 7011
946.998 524433
947.450 337760
947.773 371413
948.017 540134
948.125 285345
948.198 525976
948.476 414960
949.449 537469
950.154 427344
950.575 19224
951.119 493116
951.440 472704
951.582 447743
951.641 684392
951.644 529654
951.822 487535
952.059 459630
952.086 493026
953.054 481351
953.111 459789
953.183 469277
953.347 789388
954.041 377498
954.295 519102
954.922 494817
954.953 390553
954.957 542603
955.143 749589
955.211 472475
955.483 484314
955.710 481635
955.759 463738
956.176 464908
956.308 520015
956.465 511910
956.638 537892
956.713 467191
957.175 7149
957.193 477579
957.282 469119
957.291 773337
957.665 457515
957.775 7010
957.968 762448
958.075 6880
958.150 7142
958.297 461928
958.375 7090
958.783 464781
959.250 6910
959.400 6811
959.587 462412
959.657 536099
959.735 498368
959.775 338060
959.795 456205
959.825 6983
959.825 7093
959.925 328432
960.350 7165
960.600 7011
960.625 6934
960.650 338718
960.993 504023
961.071 745534
961.200 324929
961.597 485839
961.600 338000
961.698 381668
961.752 727639
961.934 487107
962.972 408630
963.640 467371
963.660 491284
963.980 427344
964.316 480313
964.409 712989
965.134 451023
966.395 523769
967.142 410878
967.755 495925
968.241 534414
968.477 521541
968.679 756112
969.078 472642
969.739 471949
970.198 499523
970.429 468260
970.438 511819
971.792 511338
971.800 19462
971.840 474180
972.051 460495
947.825 1332
962.325 1332
972.408 501592
972.495 497473
972.550 6880
972.557 504417
972.709 457253
972.745 507343
972.875 7142
972.881 528463
972.995 781934
973.100 300802
973.300 7010
973.392 369961
973.400 7090
973.425 6983
973.675 459285
973.775 7149
974.400 7093
974.489 474498
974.550 6934
974.650 338036
974.700 6910
974.700 7011
974.820 410218
974.875 311187
975.100 322708
975.123 497568
975.300 7165
975.500 6811
975.927 533800
976.335 487602
976.352 341675
976.399 456499
976.448 471451
976.726 534497
976.822 526299
977.248 506261
977.378 472585
977.781 744323
978.518 417383
978.601 694059
978.751 510578
978.957 454671
980.610 407284
980.875 314061
980.948 480000
981.356 456991
981.675 3480
982.050 315779
982.596 488454
982.750 310060
982.929 519475
983.382 527349
983.474 482198
983.600 322171
983.670 387091
983.715 503038
983.762 365668
983.876 749112
983.906 502281
984.217 542926
984.493 542587
985.100 306622
985.388 501408
985.450 283106
985.500 313479
986.062 503627
986.095 775823
986.125 338718
986.226 472868
986.380 521380
986.400 307203
986.550 7093
986.704 483243
987.018 479226
987.100 7011
987.257 454129
987.375 6910
987.400 7165
987.572 475947
987.600 337793
987.725 519475
987.800 6983
987.834 718821
987.938 510942
988.075 7142
988.100 308255
988.125 306631
988.275 311910
988.300 6880
988.300 7149
988.525 6934
988.575 337671
988.682 456998
989.100 7010
989.128 755257
989.314 492482
989.350 307197
989.375 19462
989.425 318193
989.500 6811
989.771 489948
989.875 3410
989.925 1332
990.300 324069
990.450 3459
990.475 300807
990.550 313603
990.575 21084
990.600 313997
990.650 306008
990.650 315218
990.725 308307
990.725 7090
990.800 300281
990.975 290581
991.025 306577
991.050 323857
991.100 21112
991.125 314747
991.175 302497
991.250 3586
991.325 312867
991.350 310054
991.350 3431
991.350 3542
991.500 21176
991.575 3562
991.600 3519
991.625 326118
991.625 3480
991.650 302572
991.725 287009
991.750 21159
991.775 321585
991.823 738730
991.850 21110
991.880 718670
992.000 287669
992.050 3475
992.200 305470
992.250 306018
992.450 21223
992.450 311257
992.500 304228
992.525 305360
992.550 303704
992.675 3408
992.725 300836
992.775 303657
992.850 306597
992.861 523192
992.875 301367
992.925 310060
993.069 526966
993.125 305433
993.150 3538
993.175 304854
993.200 3565
993.225 3498
993.425 319747
993.500 327377
993.500 3516
993.525 306530
993.530 463857
993.581 499461
993.600 318606
993.625 325035
993.675 323852
993.725 3544
993.800 318023
993.825 305373
993.825 325504
993.900 308369
993.900 313513
993.975 305947
993.975 310006
994.002 770422
994.025 319908
994.050 284200
994.100 306016
994.100 331304
994.100 3560
994.125 322234
994.150 301438
994.275 314560
994.275 319775
994.300 313024
994.300 319303
994.300 326204
994.350 285394
994.375 315207
994.375 316444
994.450 315189
994.550 315744
994.650 318702
994.687 485770
994.700 319345
994.700 337613
994.725 338039
994.750 290497
994.750 308881
994.775 311879
994.811 448461
994.825 319301
994.850 303862
994.850 312311
994.850 329526
994.875 337826
994.900 285345
994.900 308953
994.900 326671
994.900 337618
994.950 328495
994.950 337500
995.025 315909
995.056 754610
995.075 303701
995.100 297547
995.125 303140
995.225 3410
995.300 288863
995.300 324436
995.325 317061
995.350 291636
995.350 321484
995.375 337791
995.400 319893
995.425 310092
995.425 319270
995.425 323781
995.500 308962
995.500 329010
995.525 337824
995.573 526941
995.575 310641
995.650 306092
995.650 310690
995.650 312853
995.675 302042
995.675 308278
995.700 303820
995.700 308902
995.725 337760
995.749 451107
995.775 313598
995.775 314082
995.775 322708
995.775 337852
995.775 338031
995.800 308363
995.800 311771
995.800 315822
995.825 296254
995.825 337798
995.842 506199
995.849 493767
995.850 311187
995.850 327930
995.875 304303
995.925 3459
996.000 313547
996.000 314178
996.025 328455
996.025 338000
996.050 338098
996.075 317593
996.075 319165
996.100 337913
996.150 329587
996.200 298114
996.200 310034
996.200 315779
996.250 300282
996.250 325512
996.250 337733
996.250 338034
996.275 327933
996.325 322041
996.350 303753
996.350 318710
996.375 314152
996.400 338126
996.450 338097
996.450 3480
996.475 300802
996.475 318195
996.475 325116
996.500 329549
996.525 324929
996.575 338060
996.575 3431
996.625 311121
996.725 337970
996.725 3519
996.725 3542
996.775 338030
996.800 295649
996.800 323867
996.850 291151
996.850 319244
996.900 338123
996.900 3586
996.925 338061
997.000 3562
997.075 328432
997.175 337940
997.175 3475
997.275 314676
997.310 482761
997.325 314061
997.400 322092
997.697 400879
997.700 317448
997.700 338216
997.725 328951
997.775 318739
997.775 326141
997.875 302503
997.900 310606
997.950 3498
998.025 306065
998.050 326789
998.150 3538
998.200 328494
998.200 3565
998.225 326733
998.225 331836
998.275 308381
998.300 3408
998.324 441371
998.400 3544
998.500 3516
998.525 338124
998.576 514834
998.675 325514
998.707 535608
998.725 338134
998.775 3560
998.800 338036
998.900 337794
998.950 321487
999.075 337949
999.125 330142
999.150 337796
999.275 337732
999.275 337790
999.300 337793
999.475 338091
999.500 337947
999.500 338039
999.525 338152
999.882 452950
999.900 337886
1000.000 337671
1000.148 488349
1000.259 427862
1000.300 337913
1000.350 337824
1000.375 338031
1000.525 338098
1000.575 337500
1000.600 337826
1000.825 337618
1000.825 337760
1000.825 337791
1001.125 338126
1001.675 519725
1001.700 338097
1001.706 482627
1001.891 470742
1001.911 458587
1002.039 485262
1002.125 337970
1002.275 338030
1002.565 487705
1002.649 427150
1003.025 338216
1003.319 526405
1003.400 338060
1003.532 477861
1003.722 475187
1003.941 478297
1004.018 534537
1004.154 523759
1004.203 775138
1004.798 534136
1005.193 461068
1005.248 751827
1005.301 451049
1005.650 449208
1005.777 347964
1005.851 471752
1006.112 488114
1006.245 535365
1006.282 538488
1006.864 701381
1008.082 539509
1008.120 486247
1008.354 752231
1008.592 465217
1008.748 524590
1008.917 538510
1008.925 6811
1009.119 527617
1009.400 490010
1009.500 466779
1009.581 468207
1009.825 6934
1009.875 7011
