0	0
0.5	4.08767e-06
1	4.08817e-06
1.5	4.08826e-06
2	4.0882e-06
2.5	4.08806e-06
3	4.08787e-06
3.5	4.16144e-06
4	3.98935e-06
4.5	4.06398e-06
5	3.51606e-06
5.5	2.81687e-06
6	9.88762e-07
6.5	-1.35475e-06
7	-3.64032e-06
7.5	-5.35074e-06
8	-6.74729e-06
8.5	-7.93618e-06
9	-1.01564e-05
9.5	-1.0848e-05
10	-1.10342e-05
10.5	-1.10215e-05
11	-1.12829e-05
11.5	-1.18049e-05
12	-1.16856e-05
12.5	-1.27033e-05
13	-1.41792e-05
13.5	-7.64026e-06
14	3.79598e-06
14.5	8.42313e-06
15	-1.50316e-05
15.5	-4.06591e-06
16	8.73807e-07
16.5	1.84879e-05
17	3.30764e-05
17.5	4.9557e-05
18	4.74867e-05
18.5	2.76419e-05
19	1.26361e-05
19.5	5.46842e-07
20	-5.26935e-05
20.5	-3.59955e-05
21	-2.2177e-05
21.5	-1.6924e-05
22	-1.93969e-05
22.5	-2.14664e-05
23	-2.44322e-05
23.5	-3.80545e-05
24	-0.00012398
24.5	-9.52612e-05
25	0.000320519
25.5	0.000603251
26	0.00017508
26.5	-2.61511e-05
27	-0.000103471
27.5	-0.000104837
28	-8.04639e-05
28.5	-5.25884e-05
29	4.51259e-05
29.5	7.15507e-05
30	0.00011714
30.5	0.000114389
31	0.000105185
31.5	7.63904e-05
32	3.53724e-05
32.5	6.53514e-05
33	5.73875e-05
33.5	5.39278e-05
34	1.45076e-05
34.5	9.14072e-06
35	-2.85017e-06
35.5	-1.99279e-05
36	-2.47029e-05
36.5	-2.81513e-05
37	-2.93291e-05
37.5	-2.62637e-05
38	-2.48379e-05
38.5	-2.21138e-05
39	-1.53703e-05
39.5	-1.24826e-05
40	-8.5347e-06
40.5	-3.97564e-06
41	-1.83196e-06
41.5	5.22089e-08
42	1.6818e-06
42.5	2.72637e-06
43	3.50072e-06
43.5	4.26965e-06
44	5.19933e-06
44.5	5.39603e-06
45	3.16365e-06
45.5	1.3989e-06
46	1.06426e-07
46.5	-7.26298e-07
47	-8.82742e-07
47.5	-1.91372e-06
48	-2.77099e-06
48.5	5.14368e-06
49	3.43545e-06
49.5	7.5565e-06
50	7.87198e-06
50.5	6.55512e-06
51	4.88518e-06
51.5	3.86015e-06
52	3.00659e-06
52.5	2.30042e-06
53	2.02831e-06
53.5	2.04375e-06
54	-2.74769e-07
54.5	-5.42722e-06
55	-5.97506e-06
55.5	-6.27413e-06
56	-5.97369e-06
56.5	-5.25565e-06
57	-4.33169e-06
57.5	-4.00293e-06
58	-3.95042e-06
58.5	-6.67291e-06
59	-8.90722e-06
59.5	-9.15977e-06
60	-9.10625e-06
60.5	-9.23878e-06
61	-1.26459e-05
61.5	-1.44567e-05
62	-1.50929e-05
62.5	-1.54845e-05
63	-1.66629e-05
63.5	-1.76525e-05
64	-1.38807e-05
64.5	-2.48669e-06
65	-2.98643e-06
65.5	-2.84431e-06
66	2.32456e-07
66.5	3.34386e-06
67	1.55403e-06
67.5	-1.0236e-06
68	8.87543e-07
68.5	4.03955e-06
69	1.18343e-06
69.5	-1.15504e-07
70	-1.35458e-08
70.5	-1.201e-06
71	1.00181e-06
71.5	7.71048e-06
72	8.45649e-06
72.5	3.64652e-06
73	-1.45235e-06
73.5	-4.62645e-06
74	-6.0924e-06
74.5	-6.59062e-06
75	-7.196e-06
75.5	-8.06074e-06
76	-8.99858e-06
76.5	-1.23416e-05
77	-1.43952e-05
77.5	-1.49866e-05
78	-1.63493e-05
78.5	-1.59148e-05
79	-1.50867e-05
79.5	-1.23501e-05
80	-2.43229e-05
80.5	-3.73789e-05
81	-3.28562e-05
81.5	-3.53557e-05
82	-2.30363e-05
82.5	-1.28554e-05
83	-9.77999e-06
83.5	-7.17014e-06
84	-6.65291e-06
84.5	2.86069e-06
85	7.62487e-07
85.5	-2.8252e-06
86	-4.41786e-06
86.5	-4.81018e-06
87	-6.0441e-05
87.5	-9.70072e-05
88	-9.8474e-05
88.5	-9.07648e-05
89	-8.01675e-05
89.5	-7.24808e-05
90	-6.76623e-05
90.5	-5.71341e-05
91	-4.67279e-05
91.5	-4.03322e-05
92	-3.62702e-05
92.5	-3.29231e-05
93	-3.0176e-05
93.5	-2.70566e-05
94	-2.31644e-05
94.5	-1.49185e-05
95	-1.02824e-05
95.5	-6.62853e-06
96	7.90834e-06
96.5	7.48158e-06
97	5.418e-07
97.5	-2.60833e-05
98	-1.97116e-05
98.5	-1.38408e-05
99	-1.82855e-05
99.5	-2.87234e-05
100	-1.09646e-05
100.5	-3.92833e-06
101	-7.20729e-06
101.5	-9.41915e-06
102	-1.31356e-05
102.5	-1.34302e-05
103	-1.32755e-05
103.5	-1.36974e-05
104	-1.3641e-05
104.5	-8.81067e-06
105	-1.65216e-05
105.5	-2.97454e-05
106	-2.38076e-05
106.5	-1.6538e-05
107	-1.31547e-05
107.5	-1.24812e-05
108	-1.33482e-05
108.5	-6.691e-07
109	2.55992e-06
109.5	1.2065e-05
110	1.01849e-05
110.5	6.36358e-06
111	5.41039e-06
111.5	4.78712e-06
112	-5.73223e-07
112.5	1.51581e-06
113	1.06949e-06
113.5	-1.03509e-06
114	-2.3599e-06
114.5	-3.20817e-06
115	-2.75463e-06
115.5	-1.59067e-06
116	-4.13235e-06
116.5	-4.91302e-06
117	-5.5496e-06
117.5	-6.11667e-06
118	-2.07779e-05
118.5	-4.02494e-05
119	-3.46848e-05
119.5	-3.13164e-05
120	-2.82874e-05
120.5	1.20412e-05
121	2.88266e-05
121.5	5.90716e-05
122	1.6915e-05
122.5	1.06033e-05
123	2.32686e-05
123.5	2.5759e-05
124	-4.21868e-05
124.5	0.000191949
125	0.000510845
125.5	0.000514141
126	0.000293879
126.5	0.000165458
127	0.000102645
127.5	3.53892e-05
128	-5.38221e-06
128.5	-2.16523e-05
129	-0.000119765
129.5	-9.97018e-05
130	7.19026e-05
130.5	9.51634e-05
131	0.000118671
131.5	8.65522e-05
132	8.55245e-05
132.5	7.10062e-05
133	5.38763e-05
133.5	3.43261e-05
134	2.61927e-05
134.5	1.2464e-05
135	7.25617e-06
135.5	7.73802e-06
136	3.49051e-06
136.5	1.94216e-06
137	-1.80605e-06
137.5	-4.51648e-06
138	-5.10346e-06
138.5	-5.09292e-06
139	-4.44472e-06
139.5	-4.34339e-06
140	-5.61877e-06
140.5	-5.50226e-06
141	-3.73046e-06
141.5	-1.76407e-06
142	-1.003e-07
142.5	9.95081e-07
143	1.47377e-06
143.5	1.83543e-06
144	1.47983e-06
144.5	1.46795e-06
145	8.72716e-06
145.5	8.08392e-06
146	7.10251e-06
146.5	5.95221e-06
147	5.48869e-06
147.5	1.07053e-05
148	1.18766e-05
148.5	1.07025e-05
149	8.93169e-06
149.5	7.8112e-06
150	5.68134e-06
150.5	2.75768e-06
151	-2.43824e-07
151.5	-1.99848e-06
152	-2.50101e-06
152.5	-2.25213e-06
153	-2.16298e-06
153.5	-2.52836e-06
154	-4.04559e-06
154.5	-4.18045e-06
155	-3.91891e-06
155.5	-3.58496e-06
156	-3.48951e-06
156.5	-3.84612e-06
157	-4.11577e-06
157.5	-4.47865e-06
158	-5.01827e-06
158.5	-6.84521e-06
159	-6.95788e-06
159.5	-6.50851e-06
160	-6.10768e-06
160.5	-6.90208e-06
161	3.05545e-06
161.5	4.57248e-06
162	1.98693e-06
162.5	-7.1889e-07
163	4.76422e-06
163.5	4.86017e-06
164	4.21649e-06
164.5	4.7555e-06
165	4.53889e-06
165.5	2.99428e-06
166	8.1762e-07
166.5	-1.19739e-06
167	-3.27988e-06
167.5	-5.54198e-06
168	-6.64782e-06
168.5	-7.23531e-06
169	-7.71807e-06
169.5	-8.3444e-06
170	-8.47267e-06
170.5	-7.83974e-06
171	-1.01106e-05
171.5	-1.01071e-05
172	-9.35261e-06
172.5	-1.89121e-05
173	-4.57937e-05
173.5	-2.21426e-05
174	-8.74469e-06
174.5	-8.09622e-06
175	-9.44714e-06
175.5	-9.58765e-06
176	4.81725e-06
176.5	1.26566e-05
177	2.05638e-05
177.5	1.67072e-05
178	1.21052e-05
178.5	8.53259e-06
179	6.63669e-06
179.5	1.4324e-05
180	1.09645e-05
180.5	8.36556e-06
181	6.10866e-06
181.5	3.14685e-06
182	2.00274e-06
182.5	2.37298e-06
183	3.07795e-06
183.5	3.12277e-06
184	2.35678e-06
184.5	4.20247e-07
185	-6.74863e-07
185.5	-1.41741e-06
186	-1.82807e-06
186.5	-2.22233e-06
187	-3.39751e-06
187.5	-4.66375e-06
188	-4.96213e-06
188.5	-4.20307e-06
189	-3.43082e-06
189.5	-2.11403e-06
190	-2.71274e-06
190.5	-3.7031e-06
191	-4.75557e-06
191.5	4.3624e-06
192	4.9841e-06
192.5	8.70296e-06
193	6.76853e-06
193.5	1.42554e-05
194	1.28179e-05
194.5	1.19089e-05
195	1.0732e-05
195.5	9.76831e-06
196	6.71014e-06
196.5	3.32855e-06
197	2.64185e-06
197.5	2.0829e-06
198	7.98939e-07
198.5	2.88723e-09
199	-7.40845e-07
199.5	-1.3824e-06
200	-1.89881e-06
200.5	-2.03421e-06
201	-1.79603e-06
201.5	-1.59762e-06
202	-1.32133e-06
202.5	-1.05262e-06
203	-1.10439e-06
203.5	-1.48485e-06
204	2.03984e-06
204.5	-2.06117e-05
205	-1.84274e-05
205.5	-1.9623e-05
206	-3.33883e-05
206.5	8.83704e-06
207	8.61854e-06
207.5	4.22308e-06
208	4.64863e-07
208.5	2.10393e-07
209	-1.95355e-07
209.5	-5.34778e-07
210	-2.89713e-07
210.5	1.42963e-07
211	-3.05559e-06
211.5	-4.48123e-06
212	-4.27642e-06
212.5	-7.35422e-06
213	-6.96557e-06
213.5	-1.07883e-05
214	-1.07976e-05
214.5	-9.93726e-06
215	-8.90446e-06
215.5	-8.41062e-06
216	-8.83493e-06
216.5	-1.43603e-05
217	-1.75543e-05
217.5	-1.3621e-05
218	-9.84399e-06
218.5	-6.03977e-06
219	-5.51481e-06
219.5	-4.45217e-06
220	9.24766e-05
220.5	0.000110799
221	0.00011196
221.5	9.40239e-05
222	7.87178e-05
222.5	6.747e-05
223	5.75247e-05
223.5	4.88164e-05
224	4.03967e-05
224.5	3.24378e-05
225	2.52641e-05
225.5	1.91755e-05
226	1.47632e-05
226.5	1.10416e-05
227	8.01862e-06
227.5	5.41483e-06
228	2.96402e-06
228.5	1.4362e-06
229	-9.27808e-07
229.5	-1.48724e-06
230	-7.72916e-06
230.5	-1.02648e-05
231	-2.41234e-05
231.5	-2.87473e-05
232	-2.38832e-05
232.5	-1.65612e-05
233	-2.62746e-05
233.5	-1.47848e-05
234	-1.46664e-05
234.5	4.4901e-06
235	1.29211e-05
235.5	1.36628e-05
236	1.07659e-05
236.5	1.17105e-05
237	1.14283e-05
237.5	5.70556e-06
238	3.53542e-06
238.5	1.38089e-06
239	-3.88463e-07
239.5	-7.87155e-06
240	-3.1236e-06
240.5	-2.77388e-06
241	-4.77474e-05
241.5	-5.46969e-05
242	-2.62188e-05
242.5	-1.25035e-05
243	-3.84398e-05
243.5	-6.44973e-05
244	-4.58332e-05
244.5	8.38282e-05
245	0.0002027
245.5	0.000293757
246	0.000344634
246.5	-1.60219e-05
247	-6.13718e-05
247.5	-4.5565e-05
248	-3.01677e-05
248.5	-2.98241e-05
249	-7.47019e-06
249.5	2.30254e-06
250	3.31095e-05
250.5	4.34174e-05
251	1.70386e-05
251.5	-3.73037e-06
252	-1.79509e-05
252.5	-2.40202e-05
253	-2.40018e-05
253.5	-2.78381e-05
254	-3.20454e-05
254.5	-3.35668e-05
255	-3.34102e-05
255.5	-3.16541e-05
256	-2.91433e-05
256.5	-2.55193e-05
257	-1.97394e-05
257.5	-1.64875e-05
258	-1.38012e-05
258.5	-1.07564e-05
259	-7.96437e-06
259.5	-4.99306e-06
260	-2.43287e-06
260.5	-1.03508e-06
261	1.75555e-07
261.5	5.78081e-07
262	9.51655e-07
262.5	8.92443e-07
263	2.57857e-06
263.5	1.22604e-05
264	1.12673e-05
264.5	9.54719e-06
265	7.57393e-06
265.5	6.07176e-06
266	4.33087e-06
266.5	3.17104e-06
267	3.69699e-06
267.5	3.19423e-06
268	1.70106e-06
268.5	4.48232e-07
269	-7.00793e-08
269.5	-7.73521e-07
270	-9.8639e-07
270.5	-1.71953e-06
271	-2.60702e-06
271.5	-3.58646e-06
272	-5.40635e-06
272.5	-8.0733e-06
273	-8.2321e-06
273.5	-7.622e-06
274	-8.76067e-06
274.5	-8.5311e-06
275	-7.67794e-06
275.5	-7.28168e-06
276	-6.15211e-06
276.5	-4.99509e-06
277	-3.51407e-06
277.5	-2.45355e-06
278	-2.07915e-06
278.5	-1.59087e-06
279	1.84812e-06
279.5	1.53235e-06
280	7.00217e-07
280.5	1.42394e-07
281	-1.82962e-07
281.5	-1.17003e-06
282	-1.65124e-06
282.5	-1.4666e-06
283	-1.5607e-06
283.5	-1.06537e-06
284	-1.04343e-06
284.5	-1.09118e-06
285	-1.78983e-06
285.5	-1.87764e-06
286	-1.4601e-06
286.5	-1.56982e-06
287	-2.418e-06
287.5	-2.48724e-06
288	-2.72652e-06
288.5	-3.29342e-06
289	-5.04685e-06
289.5	-4.90276e-06
290	-5.30779e-06
290.5	-4.78457e-06
291	-3.96921e-06
291.5	-3.64397e-06
292	-2.87226e-06
292.5	-7.26374e-07
293	-3.03268e-07
293.5	-1.26459e-07
294	-3.73124e-07
294.5	-3.68176e-07
295	-8.76987e-07
295.5	-3.69624e-07
296	-1.2981e-06
296.5	-1.96886e-06
297	-2.02093e-06
297.5	-1.36875e-06
298	-1.90794e-06
298.5	-2.47558e-06
299	-3.09061e-06
299.5	-3.38276e-06
300	-3.45758e-06
300.5	-4.80268e-06
301	-5.54681e-06
301.5	-6.24546e-06
302	-6.50428e-06
302.5	-7.48414e-06
303	-8.75753e-06
303.5	-9.37953e-06
304	-1.05624e-05
304.5	-1.89142e-06
305	1.67938e-05
305.5	1.44027e-05
306	1.16087e-05
306.5	1.00756e-05
307	8.34043e-06
307.5	7.63833e-06
308	5.34993e-06
308.5	4.04498e-06
309	4.46836e-06
309.5	4.94209e-06
310	9.58547e-06
310.5	1.28478e-05
311	1.0825e-05
311.5	7.81816e-06
312	3.41989e-06
312.5	8.85198e-07
313	-1.37582e-07
313.5	-4.62671e-06
314	-9.0465e-06
314.5	-2.61234e-05
315	-3.38131e-05
315.5	-3.22334e-05
316	-3.12712e-05
316.5	-2.05871e-05
317	-1.35338e-05
317.5	-7.46952e-06
318	-2.43344e-06
318.5	-3.59043e-06
319	-3.30459e-06
319.5	-4.54317e-06
320	-5.02469e-06
320.5	4.59508e-06
321	5.53639e-06
321.5	1.6148e-05
322	6.95521e-06
322.5	-2.83845e-07
323	5.62169e-06
323.5	9.65103e-06
324	8.90303e-06
324.5	5.77127e-06
325	3.8967e-06
325.5	2.20243e-07
326	-2.06039e-06
326.5	5.6493e-07
327	2.06504e-06
327.5	1.54784e-06
328	-8.62872e-08
328.5	-9.48576e-07
329	-3.83097e-07
329.5	1.23839e-05
330	-1.40451e-05
330.5	-1.98044e-05
331	-3.39566e-05
331.5	-7.95675e-06
332	5.87367e-06
332.5	4.92236e-06
333	1.70668e-05
333.5	1.47532e-05
334	1.21913e-05
334.5	7.77725e-06
335	4.78268e-06
335.5	1.85667e-06
336	-3.72556e-06
336.5	-1.03909e-05
337	-1.11454e-05
337.5	-7.02252e-05
338	-0.000107252
338.5	-0.000107225
339	-9.64372e-05
339.5	-8.43863e-05
340	-7.2496e-05
340.5	-6.38746e-05
341	-5.73703e-05
341.5	-5.08066e-05
342	-4.38535e-05
342.5	-3.76246e-05
343	-2.29965e-05
343.5	-1.13514e-05
344	-9.28182e-06
344.5	-9.17374e-06
345	-8.73673e-06
345.5	-6.34229e-06
346	-1.11973e-06
346.5	-2.08104e-05
347	-1.71827e-05
347.5	-1.71649e-05
348	-3.96563e-06
348.5	8.3808e-06
349	9.46332e-06
349.5	6.21405e-06
350	2.96553e-06
350.5	-1.06313e-06
351	-1.59299e-06
351.5	-1.22251e-06
352	-5.28429e-07
352.5	-4.3772e-07
353	-2.33711e-06
353.5	-3.28616e-06
354	-5.68781e-06
354.5	-3.61764e-05
355	-3.30114e-05
355.5	-3.02541e-06
356	9.09511e-06
356.5	5.53288e-06
357	-3.87773e-08
357.5	-9.31211e-06
358	-5.09139e-06
358.5	-7.3739e-07
359	-7.52355e-06
359.5	-9.01899e-06
360	-1.60304e-05
360.5	-9.23475e-06
361	-5.65425e-06
361.5	-5.0277e-06
362	-4.99173e-06
362.5	6.28707e-06
363	7.75088e-06
363.5	6.16257e-06
364	4.88669e-06
364.5	1.83357e-06
365	-7.72483e-07
365.5	-2.11943e-06
366	-4.21945e-06
366.5	-4.77075e-06
367	-5.1545e-06
367.5	-4.43591e-06
368	-2.71273e-06
368.5	-1.49267e-06
369	-7.07805e-07
369.5	-2.67245e-07
370	-1.32067e-06
370.5	2.18282e-06
371	4.75018e-06
371.5	-7.27751e-05
372	-0.000103055
372.5	-9.05404e-05
373	-8.12308e-05
373.5	-5.94333e-05
374	-2.99701e-05
374.5	-2.43286e-05
375	1.45497e-06
375.5	5.62902e-06
376	7.20803e-06
376.5	1.21605e-05
377	1.22164e-05
377.5	8.57159e-06
378	-7.23249e-06
378.5	-3.05888e-05
379	9.68527e-06
379.5	-6.9949e-07
380	-3.30426e-05
380.5	-3.75043e-05
381	-7.31509e-05
381.5	-4.9702e-05
382	0.000108044
382.5	0.000415579
383	0.000636267
383.5	0.000278424
384	0.000255812
384.5	0.000160275
385	7.20895e-05
385.5	6.79667e-05
386	4.35142e-05
386.5	1.15511e-06
387	8.92721e-06
387.5	9.52014e-06
388	1.10922e-05
388.5	1.21745e-05
389	1.07214e-05
389.5	4.44418e-06
390	-2.31291e-05
390.5	-1.8025e-05
391	-2.03217e-05
391.5	-2.33034e-05
392	-2.9449e-05
392.5	-2.93594e-05
393	-2.75863e-05
393.5	-2.52317e-05
394	-2.31071e-05
394.5	-2.08812e-05
395	-1.82457e-05
395.5	-1.58727e-05
396	-1.42384e-05
396.5	-1.36317e-05
397	-1.32655e-05
397.5	-1.29518e-05
398	-1.17344e-05
398.5	-1.14595e-05
399	-1.18628e-05
399.5	-1.13381e-05
400	-9.56241e-06
400.5	-7.93365e-06
401	-7.32913e-06
401.5	-1.13081e-05
402	-5.76063e-06
402.5	-3.30735e-06
403	-1.05079e-05
403.5	-1.51897e-05
404	-1.47414e-05
404.5	-1.32866e-05
405	-1.14105e-05
405.5	-8.59335e-06
406	-6.9313e-06
406.5	-6.94133e-06
407	-7.55352e-06
407.5	-9.76359e-06
408	1.17154e-06
408.5	1.24707e-06
409	6.1343e-07
409.5	6.27468e-08
410	4.07707e-07
410.5	1.63187e-07
411	-1.78985e-06
411.5	-3.62838e-06
412	-4.64143e-06
412.5	-6.97724e-07
413	-2.59639e-07
413.5	-1.50876e-06
414	-8.83327e-07
414.5	2.38831e-06
415	1.59467e-06
415.5	6.75524e-07
416	-1.10445e-06
416.5	-1.37707e-06
417	-2.24128e-06
417.5	-3.84689e-06
418	-4.92268e-06
418.5	-9.03694e-06
419	-1.65368e-05
419.5	-1.4557e-05
420	-9.15126e-06
420.5	-4.76467e-06
421	9.67078e-06
421.5	1.03565e-05
422	7.40677e-06
422.5	5.68886e-06
423	4.63179e-06
423.5	3.63857e-06
424	4.49577e-06
424.5	6.16161e-06
425	5.64054e-06
425.5	5.01521e-06
426	4.78074e-06
426.5	4.1011e-06
427	3.58148e-06
427.5	2.31431e-06
428	-7.14685e-07
428.5	-2.20127e-06
429	-2.58634e-06
429.5	-3.82508e-06
430	-4.13313e-06
430.5	-3.53289e-06
431	-2.74667e-06
431.5	-3.1154e-06
432	-2.00554e-06
432.5	4.97436e-07
433	-2.23611e-05
433.5	-2.05338e-05
434	-1.59516e-05
434.5	-1.94291e-05
435	-1.75433e-05
435.5	-1.17077e-05
436	-1.27867e-07
436.5	9.73569e-06
437	9.75253e-06
437.5	7.79447e-06
438	3.13765e-06
438.5	-1.00755e-06
439	-1.42852e-06
439.5	-1.61301e-06
440	-1.85615e-06
440.5	-2.30051e-06
441	-2.23776e-06
441.5	-1.11397e-06
442	-7.12844e-07
442.5	-1.80969e-06
443	-2.18424e-06
443.5	-2.04812e-06
444	-1.6849e-06
444.5	-2.74738e-06
445	-2.92874e-06
445.5	1.57544e-06
446	3.41266e-06
446.5	2.93428e-06
447	2.15841e-06
447.5	1.28627e-06
448	6.5602e-06
448.5	6.31469e-06
449	5.27163e-06
449.5	4.60415e-06
450	3.70026e-06
450.5	2.01942e-06
451	1.50742e-06
451.5	1.33035e-06
452	9.22555e-07
452.5	-4.89097e-09
453	-8.44892e-07
453.5	-1.53884e-06
454	-4.80327e-06
454.5	-6.16928e-06
455	-7.75899e-06
455.5	-8.60751e-06
456	-8.96632e-06
456.5	-8.94847e-06
457	-9.02463e-06
457.5	5.89193e-06
458	8.08222e-06
458.5	2.07563e-06
459	-1.56685e-05
459.5	-2.80222e-05
460	-6.5422e-06
460.5	6.46593e-06
461	3.14184e-06
461.5	-7.00306e-07
462	-7.96706e-07
462.5	-4.45222e-06
463	-4.50269e-07
463.5	5.27155e-06
464	-2.69054e-05
464.5	-1.53886e-05
465	-8.12328e-06
465.5	-4.39929e-06
466	-2.91974e-06
466.5	-2.33983e-06
467	-2.22967e-06
467.5	-2.2885e-06
468	-2.22026e-06
468.5	-2.4082e-06
469	-2.39738e-06
469.5	-8.05454e-06
470	-7.50187e-06
470.5	-1.46145e-05
471	-8.13187e-06
471.5	-2.69528e-06
472	-1.42111e-06
472.5	-1.28704e-06
473	1.02795e-05
473.5	1.18876e-05
474	9.67229e-06
474.5	6.31033e-06
475	3.64445e-06
475.5	3.84628e-06
476	3.15135e-06
476.5	2.95258e-06
477	3.7335e-06
477.5	1.24437e-05
478	1.1345e-05
478.5	1.01822e-05
479	8.9716e-06
479.5	7.69834e-06
480	5.715e-06
480.5	4.31898e-06
481	3.26121e-06
481.5	1.27381e-06
482	1.08588e-06
482.5	9.3514e-07
483	-1.54529e-06
483.5	-2.9882e-06
484	-3.59362e-06
484.5	-4.75934e-06
485	-6.04662e-06
485.5	-6.73036e-06
486	-6.62756e-06
486.5	-9.41473e-06
487	-1.50938e-05
487.5	-2.1064e-05
488	-2.47499e-05
488.5	-1.64773e-05
489	3.36196e-06
489.5	1.735e-05
490	1.70309e-05
490.5	1.51771e-05
491	1.32342e-05
491.5	1.2367e-05
492	2.07309e-05
492.5	1.91391e-05
493	1.38732e-05
493.5	1.04779e-05
494	7.70434e-06
494.5	6.16923e-06
495	5.05669e-06
495.5	4.20698e-06
496	3.49213e-06
496.5	1.59117e-06
497	-1.51179e-06
497.5	-2.92108e-06
498	2.68396e-06
498.5	-8.30745e-06
499	-1.62335e-05
499.5	-4.02541e-05
500	-3.34068e-05
500.5	-2.54891e-05
501	-2.09991e-05
501.5	-1.50294e-05
502	-1.49762e-05
502.5	-1.44244e-05
503	-1.38614e-05
503.5	-1.21293e-05
504	-9.46149e-06
504.5	-2.68002e-06
505	-2.04705e-05
505.5	-1.77391e-05
506	3.59398e-05
506.5	8.80093e-05
507	2.7653e-05
507.5	0.000237167
508	0.000335765
508.5	0.000363791
509	0.000333867
509.5	3.88585e-06
510	-1.92738e-05
510.5	-8.23497e-05
511	-9.56908e-05
511.5	-6.41343e-05
512	-5.08025e-05
512.5	-4.43486e-05
513	-6.24927e-05
513.5	-2.61065e-05
514	2.04542e-05
514.5	-2.0458e-05
515	-1.42481e-05
515.5	1.04766e-05
516	2.66733e-05
516.5	1.79321e-05
517	3.73847e-05
517.5	2.95948e-05
518	1.44012e-05
518.5	-9.97824e-06
519	-1.34246e-05
519.5	-2.06998e-05
520	-2.55719e-05
520.5	-2.75418e-05
521	-2.75897e-05
521.5	-2.40061e-05
522	-2.26086e-05
522.5	-1.91641e-05
523	-1.50225e-05
523.5	-1.24668e-05
524	-1.08007e-05
524.5	-8.74249e-06
525	-6.80244e-06
525.5	-6.55506e-06
526	-7.1941e-06
526.5	-8.05685e-06
527	-9.00512e-06
527.5	-1.01244e-05
528	-8.39542e-06
528.5	-7.38318e-06
529	-6.0653e-06
529.5	-6.24406e-06
530	-8.63264e-06
530.5	-1.00539e-05
531	-1.16321e-05
531.5	-1.18491e-05
532	-1.19449e-05
532.5	-1.36269e-05
533	-1.50991e-05
533.5	-1.50581e-05
534	-1.58479e-06
534.5	-1.71239e-06
535	-3.40887e-06
535.5	-5.2068e-06
536	-5.87018e-06
536.5	-5.49744e-06
537	-4.53815e-06
537.5	-4.4698e-06
538	-5.76537e-06
538.5	-6.65816e-06
539	-6.50879e-06
539.5	-6.63191e-06
540	-7.6193e-06
540.5	-5.93145e-06
541	3.56555e-07
541.5	1.5632e-06
542	6.34679e-07
542.5	-1.47068e-06
543	-4.05995e-06
543.5	-6.18479e-06
544	-9.53842e-06
544.5	-1.01025e-05
545	-1.21656e-05
545.5	-8.4784e-06
546	-7.38477e-06
546.5	-7.38696e-06
547	-7.09786e-06
547.5	-6.52326e-06
548	-7.8435e-06
548.5	-8.6647e-06
549	-8.90867e-06
549.5	-8.39236e-06
550	-7.60736e-06
550.5	-7.26696e-06
551	-7.93429e-06
551.5	-8.48567e-06
552	-8.90199e-06
552.5	-1.01365e-05
553	-1.1902e-05
553.5	-1.21827e-05
554	-1.21234e-05
554.5	-1.29476e-05
555	-1.42402e-05
555.5	-1.37363e-05
556	-1.42199e-05
556.5	-5.31642e-06
557	-6.31661e-06
557.5	-7.19502e-06
558	-6.59049e-06
558.5	-7.5626e-06
559	-7.64438e-06
559.5	-7.10063e-06
560	-5.45913e-06
560.5	-6.25312e-07
561	-1.29531e-06
561.5	-1.65299e-06
562	-2.0458e-06
562.5	-2.9995e-06
563	-4.87297e-06
563.5	-5.35253e-06
564	-4.7949e-06
564.5	-3.70043e-06
565	-2.81769e-06
565.5	-2.38665e-06
566	-2.41229e-06
566.5	-2.47326e-06
567	-2.39869e-06
567.5	-2.78828e-06
568	-3.32595e-06
568.5	-4.06984e-06
569	-6.21248e-06
569.5	-6.63771e-06
570	-6.64912e-06
570.5	3.46091e-06
571	1.59818e-05
571.5	1.76841e-05
572	1.44387e-05
572.5	1.13979e-05
573	1.73576e-05
573.5	-3.16955e-06
574	-2.45853e-06
574.5	4.15426e-06
575	5.25626e-06
575.5	3.97608e-06
576	1.06685e-06
576.5	-8.03585e-07
577	-1.8233e-06
577.5	-3.88485e-06
578	-3.7402e-06
578.5	-7.33336e-06
579	-1.17249e-05
579.5	-1.28879e-05
580	-1.1124e-05
580.5	-1.14192e-05
581	-1.0939e-05
581.5	-1.00569e-05
582	-8.80136e-06
582.5	-8.43429e-06
583	-9.03323e-06
583.5	-9.89979e-06
584	-1.00058e-05
584.5	-8.79868e-06
585	-8.25093e-06
585.5	-6.49855e-06
586	-5.89337e-06
586.5	6.32274e-06
587	1.24244e-05
587.5	1.0714e-05
588	6.76176e-06
588.5	2.09997e-06
589	-5.99587e-07
589.5	-9.52497e-06
590	-1.33263e-05
590.5	-1.04956e-05
591	-8.72591e-06
591.5	-9.11056e-06
592	-7.63172e-06
592.5	-7.05347e-06
593	-7.27413e-06
593.5	-8.16457e-06
594	-1.09547e-05
594.5	-1.50819e-05
595	-1.64224e-05
595.5	-2.40239e-05
596	-2.5948e-05
596.5	-2.33847e-05
597	-2.91404e-05
597.5	-3.03586e-05
598	-3.59978e-05
598.5	-4.82679e-05
599	-7.75073e-05
599.5	-5.01533e-05
600	5.39434e-05
600.5	9.34498e-05
601	0.000400369
601.5	0.000570306
602	0.000463773
602.5	0.00033442
603	0.00017604
603.5	9.69985e-05
604	4.30888e-05
604.5	-1.64679e-05
605	-4.24703e-05
605.5	-1.97956e-05
606	-1.1878e-05
606.5	-9.93329e-06
607	-8.66483e-06
607.5	-7.95508e-06
608	-1.20821e-05
608.5	-1.36438e-05
609	-7.32718e-06
609.5	-1.92612e-06
610	6.44097e-06
610.5	6.10706e-06
611	0.000120082
611.5	0.000134047
612	0.000145896
612.5	0.000202851
613	0.000459766
613.5	0.000209818
614	0.000240395
614.5	0.000140297
615	3.79808e-05
615.5	-6.27762e-06
616	-1.94537e-06
616.5	-3.33233e-06
617	-6.59022e-06
617.5	-4.21012e-05
618	-1.1693e-05
618.5	-3.37902e-06
619	1.78497e-05
619.5	0.000108647
620	0.00013294
620.5	4.23506e-05
621	-2.74755e-05
621.5	-7.96471e-05
622	-0.000100881
622.5	-0.000121696
623	-5.07033e-05
623.5	-3.01611e-05
624	4.83196e-05
624.5	0.000112804
625	0.000128881
625.5	8.38393e-05
626	3.45444e-05
626.5	6.85342e-05
627	7.27478e-05
627.5	0.00010782
628	0.000113573
628.5	9.93058e-05
629	8.46436e-05
629.5	7.35504e-05
630	6.0118e-05
630.5	4.87687e-05
631	4.24365e-05
631.5	3.39479e-05
632	3.15459e-05
632.5	2.55028e-05
633	2.00631e-05
633.5	1.5004e-05
634	1.04074e-05
634.5	5.86225e-06
635	2.72876e-06
635.5	1.2931e-06
636	1.97918e-07
636.5	-2.72892e-06
637	8.17857e-06
637.5	7.09932e-06
638	6.45286e-06
638.5	1.09406e-05
639	9.15962e-06
639.5	6.36457e-06
640	4.19709e-06
640.5	2.58028e-06
641	3.83943e-06
641.5	4.62201e-06
642	3.19681e-06
642.5	2.63694e-06
643	2.29768e-06
643.5	1.73761e-06
644	7.57184e-07
644.5	-1.14098e-08
645	-2.14369e-07
645.5	-1.92224e-06
646	-2.77352e-06
646.5	-2.29027e-06
647	-1.47112e-06
647.5	-2.90144e-06
648	-4.11234e-06
648.5	-5.21941e-06
649	-6.75093e-06
649.5	-6.82857e-06
650	-6.09992e-06
650.5	-6.55203e-06
651	-7.73812e-06
651.5	-8.2275e-06
652	-8.11192e-06
652.5	5.95427e-07
653	-1.78594e-05
653.5	-2.6109e-05
654	-1.90838e-05
654.5	-6.9207e-06
655	3.34899e-06
655.5	3.61847e-06
656	2.90875e-06
656.5	2.25752e-06
657	1.51684e-06
657.5	3.68858e-07
658	-3.72376e-06
658.5	-6.23987e-06
659	-6.62216e-06
659.5	-7.28754e-06
660	-7.53284e-06
660.5	-7.40505e-06
661	-7.15098e-06
661.5	-8.69078e-06
662	-9.4623e-06
662.5	-9.18411e-06
663	-8.57283e-06
663.5	-7.21347e-06
664	-6.2578e-06
664.5	-6.76103e-06
665	-1.01565e-05
665.5	-1.20739e-05
666	-1.14986e-05
666.5	-1.09663e-05
667	9.79421e-07
667.5	4.85727e-06
668	1.12075e-05
668.5	9.29847e-06
669	6.89492e-06
669.5	3.97743e-06
670	9.73265e-07
670.5	-4.79708e-07
671	-2.57355e-06
671.5	-3.41982e-06
672	-2.12684e-06
672.5	-1.56009e-06
673	-1.1927e-06
673.5	-2.3372e-06
674	-4.20805e-06
674.5	-4.88543e-06
675	-5.68187e-06
675.5	-6.48703e-06
676	-9.4365e-06
676.5	-1.04739e-05
677	-1.62142e-05
677.5	-1.90227e-05
678	-1.72662e-05
678.5	-2.73763e-05
679	-2.93611e-05
679.5	2.14253e-06
680	2.50561e-05
680.5	2.43631e-05
681	1.43815e-05
681.5	1.76988e-06
682	1.28277e-05
682.5	1.84366e-05
683	1.61986e-05
683.5	1.23284e-05
684	9.2019e-06
684.5	6.31809e-06
685	4.90893e-06
685.5	4.15182e-06
686	3.08092e-06
686.5	2.39349e-06
687	2.07271e-06
687.5	1.19292e-06
688	3.35122e-07
688.5	-1.60561e-06
689	-4.24541e-06
689.5	-6.55398e-06
690	-7.70071e-06
690.5	-8.35605e-06
691	-7.91489e-06
691.5	-9.14683e-06
692	-8.67534e-06
692.5	-1.73521e-05
693	-2.25839e-05
693.5	-3.76199e-05
694	-8.83363e-06
694.5	1.12519e-05
695	1.93994e-05
695.5	1.69651e-05
696	1.20573e-05
696.5	2.14957e-05
697	2.05635e-05
697.5	2.50073e-05
698	4.15886e-05
698.5	3.96357e-05
699	2.72336e-05
699.5	1.72774e-05
700	1.02974e-05
700.5	4.56339e-06
701	-7.30842e-05
701.5	-9.65444e-05
702	-9.39245e-05
702.5	-8.43472e-05
703	-7.36868e-05
703.5	-6.26794e-05
704	-5.2974e-05
704.5	-4.47855e-05
705	-0.000132207
705.5	-0.000108626
706	-9.47092e-05
706.5	-8.3497e-05
707	-7.36752e-05
707.5	-6.46101e-05
708	-4.6979e-05
708.5	-3.02254e-05
709	-2.47389e-05
709.5	-1.31067e-05
710	-9.75224e-06
710.5	-1.65762e-06
711	1.64713e-06
711.5	2.73112e-06
712	-4.95108e-06
712.5	-7.27561e-06
713	-6.30682e-06
713.5	-6.03971e-06
714	-6.09785e-06
714.5	-6.6515e-06
715	-6.75453e-06
715.5	-6.96162e-06
716	-6.82129e-06
716.5	-1.8012e-05
717	-3.12778e-05
717.5	-3.09752e-05
718	-3.1908e-05
718.5	-2.16628e-05
719	-1.4413e-05
719.5	-1.12023e-05
720	-9.16766e-06
720.5	-7.88585e-06
721	-6.64938e-06
721.5	-6.03815e-06
722	-1.07006e-05
722.5	-1.04329e-05
723	2.03503e-05
723.5	6.69335e-05
724	7.26913e-05
724.5	8.15498e-05
725	7.00877e-05
725.5	5.42839e-05
726	4.70441e-05
726.5	4.18397e-05
727	3.43206e-05
727.5	2.85866e-05
728	2.45582e-05
728.5	2.07925e-05
729	1.59641e-05
729.5	1.22212e-05
730	9.22535e-06
730.5	7.26984e-06
731	6.17524e-06
731.5	5.12993e-06
732	4.47163e-06
732.5	1.86404e-06
733	1.03016e-06
733.5	-0.000106719
734	-8.19642e-05
734.5	-7.9974e-05
735	-7.42083e-05
735.5	-6.78252e-05
736	-6.17662e-05
736.5	-5.45827e-05
737	-4.4571e-05
737.5	-3.42781e-05
738	-2.14855e-05
738.5	-2.88584e-06
739	-3.12804e-06
739.5	-2.77811e-06
740	1.75044e-05
740.5	-2.62819e-06
741	9.66887e-08
741.5	-3.74365e-06
742	-3.41553e-06
742.5	-1.59615e-06
743	-1.23815e-05
743.5	-2.34298e-05
744	-1.86182e-05
744.5	-1.09072e-05
745	-4.06904e-06
745.5	2.55538e-05
746	-3.15118e-06
746.5	4.10526e-06
747	0.000100758
747.5	0.000153716
748	0.000326639
748.5	0.000362245
749	0.000183874
749.5	2.11146e-05
750	-6.31087e-05
750.5	-4.95221e-05
751	-3.97609e-05
751.5	-3.67502e-05
752	-1.25846e-05
752.5	-6.41476e-06
753	-2.42125e-05
753.5	4.07532e-05
754	6.00124e-05
754.5	5.92174e-05
755	5.96346e-05
755.5	0.000116218
756	0.000127136
756.5	0.000101531
757	8.03869e-05
757.5	6.29848e-05
758	4.32507e-05
758.5	3.41989e-05
759	3.28871e-05
759.5	1.98921e-05
760	2.28268e-05
760.5	1.78659e-05
761	1.21571e-05
761.5	8.58439e-06
762	-1.3145e-05
762.5	-2.19693e-05
763	-2.42968e-05
763.5	-2.42161e-05
764	-2.3243e-05
764.5	-2.10333e-05
765	-1.81487e-05
765.5	-1.61423e-05
766	-1.3854e-05
766.5	-1.12344e-05
767	-9.05992e-06
767.5	4.57018e-06
768	3.07144e-06
768.5	1.60415e-06
769	2.19689e-06
769.5	1.81895e-06
770	1.23164e-06
770.5	1.75142e-06
771	1.70148e-06
771.5	1.19468e-06
772	1.81278e-07
772.5	-1.71407e-06
773	-3.59633e-06
773.5	-2.86891e-06
774	-5.14627e-06
774.5	-2.88076e-06
775	2.80454e-05
775.5	2.04328e-05
776	1.47754e-05
776.5	1.17057e-05
777	9.80795e-06
777.5	8.45701e-06
778	-1.12473e-05
778.5	-7.50382e-05
779	-8.74878e-05
779.5	-8.39277e-05
780	-6.84546e-05
780.5	-5.91892e-05
781	-5.28396e-05
781.5	-4.60337e-05
782	-4.19356e-05
782.5	-3.94534e-05
783	-3.54105e-05
783.5	-3.48589e-05
784	-3.24278e-05
784.5	-2.94463e-05
785	-2.6771e-05
785.5	-2.52818e-05
786	-2.43289e-05
786.5	-2.20455e-05
787	-1.93209e-05
787.5	-1.68671e-05
788	-1.40882e-05
788.5	-1.13261e-05
789	-9.42858e-06
789.5	-8.23668e-06
790	-8.37746e-06
790.5	-8.15443e-06
791	-7.7352e-06
791.5	-7.12339e-06
792	-6.78489e-06
792.5	-6.83352e-06
793	-8.02847e-06
793.5	-7.91711e-06
794	-6.53995e-06
794.5	-5.88312e-06
795	4.56224e-06
795.5	1.29283e-05
796	1.44201e-05
796.5	1.19285e-05
797	9.98832e-06
797.5	6.37747e-06
798	-7.30001e-07
798.5	-3.83754e-06
799	-4.38104e-06
799.5	-6.33219e-06
800	-6.89872e-06
800.5	-6.28635e-06
801	-7.88335e-06
801.5	-8.75566e-06
802	-9.12208e-06
802.5	-9.9982e-06
803	-9.90356e-06
803.5	-1.01759e-05
804	-9.88216e-06
804.5	-1.02329e-05
805	-1.21974e-05
805.5	-1.19915e-05
806	-1.23768e-05
806.5	-1.43323e-05
807	-1.43192e-05
807.5	-1.37677e-05
808	-1.3825e-05
808.5	-8.25338e-06
809	-3.13814e-06
809.5	-1.33027e-05
810	1.50251e-06
810.5	6.79217e-06
811	-2.03437e-05
811.5	-2.38705e-06
812	2.37616e-05
812.5	3.0301e-05
813	-1.72507e-06
813.5	-5.75375e-06
814	-1.5599e-06
814.5	3.13659e-07
815	-1.30706e-06
815.5	-4.4757e-06
816	-1.23865e-05
816.5	-1.24556e-05
817	-1.30431e-05
817.5	-1.36186e-05
818	-1.09054e-05
818.5	-9.08594e-06
819	-8.79156e-06
819.5	-1.10328e-05
820	-1.58279e-05
820.5	-1.66224e-05
821	-1.55506e-05
821.5	-1.49211e-05
822	-1.45254e-05
822.5	-2.08745e-05
823	-1.85351e-05
823.5	-8.6971e-06
824	1.06926e-05
824.5	1.66629e-05
825	1.58379e-05
825.5	1.12009e-05
826	8.6049e-06
826.5	6.62468e-06
827	5.48688e-06
827.5	4.39711e-06
828	4.27629e-06
828.5	7.73458e-07
829	-2.68671e-06
829.5	-3.97915e-06
830	-1.41285e-05
830.5	-1.33214e-05
831	-9.00586e-06
831.5	-6.18791e-06
832	-1.10882e-05
832.5	-1.16956e-05
833	-8.12989e-06
833.5	-5.60204e-06
834	-5.95495e-06
834.5	-6.6103e-06
835	-8.98816e-06
835.5	-1.06086e-05
836	-1.05691e-05
836.5	-1.11898e-05
837	-7.42887e-06
837.5	6.79401e-06
838	3.85616e-05
838.5	4.23658e-05
839	3.90903e-05
839.5	3.01739e-05
840	2.65986e-05
840.5	2.40047e-05
841	2.12639e-05
841.5	1.69848e-05
842	1.0259e-05
842.5	9.49235e-06
843	9.38429e-06
843.5	6.32137e-06
844	6.11952e-06
844.5	-2.95231e-06
845	-1.24669e-05
845.5	-9.84627e-06
846	-5.47095e-06
846.5	-2.49958e-06
847	-1.93652e-06
847.5	-2.02598e-06
848	-2.80197e-06
848.5	-4.28447e-06
849	-1.37296e-05
849.5	-1.23564e-05
850	-6.07087e-06
850.5	-4.6868e-06
851	-2.02284e-06
851.5	1.23156e-05
852	1.78826e-05
852.5	1.49911e-05
853	1.12003e-05
853.5	9.66683e-06
854	1.74971e-05
854.5	1.99897e-05
855	1.52424e-05
855.5	-4.6703e-06
856	-4.48594e-06
856.5	-3.71672e-06
857	-3.93595e-06
857.5	-4.83098e-06
858	-5.32155e-06
858.5	-3.28754e-06
859	-2.38317e-06
859.5	-2.72472e-06
860	-3.21954e-06
860.5	-4.32602e-06
861	-4.801e-06
861.5	-7.401e-05
862	-2.06763e-05
862.5	-9.54372e-06
863	-5.61543e-05
863.5	-5.63713e-05
864	-6.58225e-05
864.5	-5.3881e-05
865	-3.74385e-05
865.5	-1.22081e-05
866	6.30309e-06
866.5	4.52237e-06
867	-2.43933e-05
867.5	-8.41277e-05
868	-3.19949e-05
868.5	0.000203543
869	0.000438334
869.5	0.00053743
870	0.000162092
870.5	2.64049e-05
871	3.74717e-06
871.5	-2.38484e-05
872	-1.3392e-05
872.5	-1.35082e-05
873	-1.454e-05
873.5	-4.16145e-05
874	4.07012e-05
874.5	7.33893e-05
875	8.26886e-05
875.5	7.37199e-05
876	4.99818e-05
876.5	3.30231e-05
877	1.32127e-05
877.5	7.42351e-06
878	-7.14971e-06
878.5	-1.71759e-05
879	-2.003e-05
879.5	-2.49854e-05
880	-2.66875e-05
880.5	-2.61525e-05
881	-1.90189e-05
881.5	-5.28597e-06
882	4.13988e-06
882.5	2.71248e-06
883	2.04473e-06
883.5	2.82427e-06
884	-1.07691e-06
884.5	-2.76967e-06
885	-2.02277e-06
885.5	-4.98706e-07
886	7.72801e-07
886.5	1.30691e-06
887	1.82406e-06
887.5	9.87894e-06
888	9.63054e-06
888.5	7.41683e-06
889	6.04181e-06
889.5	6.54786e-06
890	1.10765e-05
890.5	9.87151e-06
891	9.89745e-06
891.5	9.81246e-06
892	8.46655e-06
892.5	7.52312e-06
893	5.99965e-06
893.5	3.5426e-06
894	2.03371e-06
894.5	9.99987e-07
895	8.17902e-07
895.5	1.16422e-06
896	1.03933e-06
896.5	-8.63809e-08
897	-7.05801e-07
897.5	-1.36049e-06
898	-2.4391e-06
898.5	-3.54115e-06
899	-5.44652e-06
899.5	-1.27942e-05
900	-2.44553e-05
900.5	-2.12413e-05
901	-2.15702e-05
901.5	-1.85784e-05
902	-5.43698e-05
902.5	-4.03666e-05
903	-1.91888e-05
903.5	-1.25048e-05
904	-2.49506e-05
904.5	-2.98752e-05
905	-5.06534e-05
905.5	-5.61762e-05
906	-1.15009e-05
906.5	0.000170817
907	0.00015975
907.5	9.84889e-05
908	5.45675e-05
908.5	3.21878e-05
909	1.93638e-05
909.5	1.27814e-05
910	9.03019e-06
910.5	5.62519e-06
911	1.89458e-06
911.5	5.84347e-07
912	-1.1422e-06
912.5	-5.00085e-06
913	-7.20504e-06
913.5	-8.36087e-06
914	-7.79518e-06
914.5	-8.07989e-06
915	-7.55779e-06
915.5	-6.69356e-06
916	-5.67408e-06
916.5	-5.15605e-06
917	-4.68766e-06
917.5	1.94107e-06
918	2.75808e-06
918.5	2.07252e-06
919	-8.27495e-05
919.5	-9.1381e-05
920	-8.77881e-05
920.5	-7.68827e-05
921	-6.47022e-05
921.5	-4.93983e-05
922	-4.08254e-05
922.5	-3.33452e-05
923	-2.6847e-05
923.5	-2.21476e-05
924	-1.82086e-05
924.5	-3.00296e-05
925	-3.68688e-05
925.5	-2.8653e-05
926	-2.03488e-05
926.5	-1.48927e-05
927	-1.24338e-05
927.5	-1.04918e-05
928	-9.55799e-06
928.5	-9.84035e-06
929	-1.29416e-05
929.5	-2.12069e-05
930	-2.56891e-05
930.5	-5.55673e-05
931	-4.15007e-05
931.5	-2.30202e-05
932	-8.0528e-06
932.5	-2.5957e-05
933	-2.68597e-05
933.5	-1.33121e-05
934	3.78614e-07
934.5	2.1275e-05
935	2.26671e-05
935.5	1.63358e-05
936	2.99167e-05
936.5	2.60094e-05
937	1.9357e-05
937.5	1.69943e-05
938	1.45784e-05
938.5	1.23213e-05
939	1.03872e-05
939.5	7.27411e-06
940	4.18618e-06
940.5	-1.31124e-06
941	-3.77742e-06
941.5	-4.87493e-06
942	-7.43359e-06
942.5	-8.45483e-06
943	-1.70191e-05
943.5	-1.6676e-05
944	-9.82925e-06
944.5	-6.10037e-06
945	-7.84503e-06
945.5	-9.5254e-06
946	-1.08425e-05
946.5	-1.18746e-05
947	-2.49212e-06
947.5	-4.23525e-06
948	-7.82909e-07
948.5	-7.7916e-06
949	4.97361e-06
949.5	1.07831e-05
950	6.82782e-06
950.5	4.91218e-06
951	4.22894e-06
951.5	3.52407e-06
952	4.91124e-07
952.5	-3.33989e-06
953	-9.54766e-06
953.5	-6.08937e-06
954	-2.77499e-06
954.5	-1.98761e-06
955	-1.37834e-06
955.5	-1.71725e-06
956	-2.34663e-06
956.5	-2.66966e-06
957	-2.90337e-06
957.5	-2.70742e-06
958	-2.42362e-06
958.5	-2.87487e-06
959	-2.94618e-06
959.5	-1.94401e-06
960	-1.59783e-06
960.5	-1.39308e-06
961	-7.66037e-07
961.5	8.20083e-06
962	7.38204e-06
962.5	6.9705e-06
963	1.49222e-05
963.5	1.58488e-05
964	1.07976e-05
964.5	7.37927e-06
965	-2.26002e-05
965.5	-9.01229e-05
966	-0.00022314
966.5	-0.000154253
967	-0.000116293
967.5	-9.24357e-05
968	-7.52492e-05
968.5	-6.14196e-05
969	-5.00464e-05
969.5	-4.15312e-05
970	-2.56425e-05
970.5	-2.70728e-05
971	-2.49596e-05
971.5	-2.26368e-05
972	-2.1208e-05
972.5	-1.9813e-05
973	-1.93819e-05
973.5	-1.84433e-05
974	-1.70256e-05
974.5	-1.4204e-05
975	-1.42926e-05
975.5	-2.54422e-05
976	-1.66095e-05
976.5	2.83837e-06
977	3.30011e-06
977.5	1.18903e-05
978	2.46827e-05
978.5	5.48717e-05
979	1.10323e-05
979.5	5.26767e-06
980	1.72639e-05
980.5	1.94444e-05
981	2.45099e-05
981.5	-1.28804e-05
982	-2.21318e-05
982.5	-4.30523e-05
983	-3.69119e-05
983.5	-2.91625e-05
984	-2.28732e-05
984.5	-1.51672e-05
985	1.87719e-05
985.5	-5.98664e-05
986	-1.41549e-05
986.5	3.86788e-05
987	5.17413e-05
987.5	9.17442e-05
988	0.000193693
988.5	0.000381059
989	2.68203e-05
989.5	-7.14517e-05
990	-0.000113814
990.5	-6.25585e-05
991	-1.54388e-06
991.5	4.83654e-05
992	4.12906e-05
992.5	3.56019e-05
993	-2.00385e-06
993.5	-1.18105e-05
994	-3.52368e-05
994.5	-3.51149e-05
995	4.89005e-05
995.5	6.35997e-05
996	4.3615e-05
996.5	9.05506e-05
997	6.96696e-05
997.5	0.000134434
998	0.000142763
998.5	0.000113084
999	6.88084e-05
999.5	4.38581e-05
1000	7.94405e-05
