0	0
0.5	5.12968e-24
1	-1.02554e-24
1.5	1.02579e-24
2	-1.41051e-24
2.5	1.2181e-24
3	1.92393e-25
3.5	-4.24401e-08
4	-2.41788e-07
4.5	-5.84554e-07
5	-9.22752e-07
5.5	-1.19012e-06
6	-1.32212e-06
6.5	-1.47463e-06
7	-1.52155e-06
7.5	-1.72157e-06
8	-1.93263e-06
8.5	-2.30658e-06
9	-2.68938e-06
9.5	-2.85274e-06
10	-2.90562e-06
10.5	-2.84598e-06
11	-2.86537e-06
11.5	-2.96138e-06
12	-3.11723e-06
12.5	-3.22679e-06
13	-3.10883e-06
13.5	-3.16055e-06
14	-2.74363e-06
14.5	-2.80192e-06
15	-3.4349e-06
15.5	-3.46116e-06
16	-2.9853e-06
16.5	-3.36181e-06
17	-3.99992e-06
17.5	-5.44832e-06
18	-6.15966e-06
18.5	-6.56835e-06
19	-6.73278e-06
19.5	-9.65439e-06
20	-8.27197e-06
20.5	-6.28047e-06
21	-5.14179e-06
21.5	-4.54127e-06
22	-4.42447e-06
22.5	-4.5536e-06
23	-4.77865e-06
23.5	-8.18609e-06
24	-1.23118e-05
24.5	-1.57456e-05
25	-1.4925e-05
25.5	-1.37931e-05
26	-1.74921e-05
26.5	-3.55948e-05
27	9.28825e-06
27.5	0.00013327
28	6.73579e-05
28.5	-6.93489e-05
29	-4.1138e-05
29.5	-3.59994e-05
30	-3.63017e-05
30.5	-4.43551e-05
31	-5.76403e-05
31.5	-1.92299e-05
32	6.47649e-05
32.5	0.000307046
33	-8.74033e-06
33.5	-0.000177687
34	-9.14232e-05
34.5	-5.83519e-05
35	-2.74489e-05
35.5	-4.21754e-06
36	-1.11953e-05
36.5	8.5143e-06
37	1.34793e-05
37.5	2.31839e-06
38	4.54499e-06
38.5	2.49126e-06
39	-1.09445e-06
39.5	-6.43682e-06
40	-1.30088e-05
40.5	-1.28852e-05
41	-1.05766e-05
41.5	-9.0659e-06
42	-7.41748e-06
42.5	-6.31384e-06
43	-5.64324e-06
43.5	-5.23283e-06
44	-4.89078e-06
44.5	-4.71289e-06
45	-4.67277e-06
45.5	-4.66333e-06
46	-4.95394e-06
46.5	-5.4224e-06
47	-5.8054e-06
47.5	-6.1392e-06
48	-6.47673e-06
48.5	-6.85535e-06
49	-7.4927e-06
49.5	-8.60612e-06
50	-9.17113e-06
50.5	-3.33973e-05
51	-2.86255e-05
51.5	5.59352e-05
52	5.58023e-05
52.5	3.53456e-05
53	1.93493e-05
53.5	9.20651e-06
54	3.63642e-06
54.5	2.49892e-07
55	-2.13774e-06
55.5	-3.59991e-06
56	-4.5553e-06
56.5	-5.2612e-06
57	-5.78339e-06
57.5	-6.12874e-06
58	-6.34374e-06
58.5	-6.37817e-06
59	-6.29911e-06
59.5	-6.13764e-06
60	-5.99878e-06
60.5	-5.83262e-06
61	-5.6688e-06
61.5	-5.46969e-06
62	-5.27239e-06
62.5	-5.05215e-06
63	-4.81052e-06
63.5	-4.51745e-06
64	-4.24782e-06
64.5	-2.71033e-06
65	-1.57606e-06
65.5	-9.04625e-07
66	-4.29637e-07
66.5	-1.31366e-06
67	-2.70381e-06
67.5	-9.66415e-07
68	-3.74855e-08
68.5	-2.63114e-06
69	-3.25212e-06
69.5	-3.79119e-06
70	-3.64623e-06
70.5	-3.67723e-06
71	-3.33706e-06
71.5	-3.11131e-06
72	-2.90344e-06
72.5	-2.80505e-06
73	-2.74358e-06
73.5	-2.72487e-06
74	-2.76691e-06
74.5	-3.01102e-06
75	-3.44472e-06
75.5	-3.89678e-06
76	-4.16843e-06
76.5	-4.23106e-06
77	-4.20997e-06
77.5	-4.20422e-06
78	-4.20816e-06
78.5	-4.16081e-06
79	-4.64404e-06
79.5	-3.96721e-06
80	-3.80326e-06
80.5	-2.17991e-06
81	-1.95193e-06
81.5	-1.86333e-06
82	-2.73913e-06
82.5	-3.2993e-06
83	-3.43327e-06
83.5	-4.98623e-06
84	-5.40973e-06
84.5	-5.2018e-06
85	-4.97716e-06
85.5	-4.93919e-06
86	-4.89808e-06
86.5	-4.87969e-06
87	-4.82372e-06
87.5	-4.7233e-06
88	-4.57537e-06
88.5	-4.41019e-06
89	-4.37687e-06
89.5	-4.37192e-06
90	-4.41664e-06
90.5	-4.42681e-06
91	-4.52677e-06
91.5	-4.68144e-06
92	-4.75646e-06
92.5	-4.73205e-06
93	-4.62346e-06
93.5	-3.92267e-06
94	-2.84122e-06
94.5	-1.9654e-06
95	-7.07733e-07
95.5	-1.77847e-07
96	-1.17558e-06
96.5	-1.98495e-06
97	-2.36166e-06
97.5	-2.92878e-06
98	-3.8377e-06
98.5	-5.72461e-06
99	-5.92315e-06
99.5	-5.41608e-06
100	-5.16825e-06
100.5	-5.1492e-06
101	-5.19307e-06
101.5	-5.22377e-06
102	-9.26847e-06
102.5	-6.46453e-06
103	-6.27655e-06
103.5	-6.65916e-06
104	-1.08865e-05
104.5	-1.37214e-05
105	-1.10297e-05
105.5	-9.52076e-06
106	-8.71989e-06
106.5	-8.44533e-06
107	-8.55588e-06
107.5	-8.6364e-06
108	-8.64939e-06
108.5	-8.60863e-06
109	-7.71471e-06
109.5	-4.47133e-06
110	-4.88616e-06
110.5	-5.25827e-06
111	-4.79254e-06
111.5	-6.53893e-06
112	-6.83059e-06
112.5	-1.15335e-05
113	-1.69575e-05
113.5	-2.0066e-05
114	-1.95909e-05
114.5	-1.96646e-05
115	-1.9764e-05
115.5	-1.80359e-05
116	-1.1665e-05
116.5	-7.21413e-06
117	-1.07255e-05
117.5	-1.91265e-05
118	-4.18974e-05
118.5	1.47992e-05
119	-7.6905e-06
119.5	0.000191684
120	-7.25076e-05
120.5	-9.28594e-05
121	-4.53078e-05
121.5	-3.77832e-05
122	-5.29326e-05
122.5	-6.09442e-05
123	-7.80582e-05
123.5	3.29247e-05
124	0.000174835
124.5	6.5445e-06
125	-0.000207075
125.5	-8.59842e-05
126	-4.51959e-05
126.5	-3.71341e-05
127	-3.2479e-05
127.5	-1.10488e-05
128	7.15306e-06
128.5	-3.75848e-06
129	-1.09573e-05
129.5	-1.5674e-05
130	-6.55514e-06
130.5	-2.93124e-06
131	-5.06453e-06
131.5	-6.17149e-06
132	-8.38225e-06
132.5	-7.20598e-06
133	-6.85475e-06
133.5	-9.59675e-06
134	-9.32346e-06
134.5	-8.45148e-06
135	-7.64149e-06
135.5	-7.09914e-06
136	-6.63911e-06
136.5	-6.32129e-06
137	-6.12444e-06
137.5	-5.99606e-06
138	-5.91641e-06
138.5	-4.82731e-06
139	-4.77453e-06
139.5	-5.00282e-06
140	-5.18184e-06
140.5	-3.09678e-06
141	-5.01683e-07
141.5	4.91102e-07
142	2.20322e-07
142.5	-8.66114e-07
143	-2.37664e-06
143.5	-2.56986e-06
144	-3.29556e-06
144.5	-3.81022e-06
145	-4.53118e-06
145.5	-4.90432e-06
146	-5.28733e-06
146.5	-5.73275e-06
147	-6.1362e-06
147.5	-6.26741e-06
148	-6.11892e-06
148.5	-5.91105e-06
149	-5.77117e-06
149.5	-5.72504e-06
150	-5.82861e-06
150.5	-5.89323e-06
151	-5.97622e-06
151.5	-6.07835e-06
152	-6.23111e-06
152.5	-6.47092e-06
153	-6.71356e-06
153.5	-6.8504e-06
154	-6.9486e-06
154.5	-7.07916e-06
155	-7.35801e-06
155.5	-6.94413e-06
156	-7.06885e-06
156.5	-7.97228e-06
157	-7.57552e-06
157.5	-4.62568e-06
158	-4.15077e-06
158.5	-4.49161e-06
159	-5.16602e-06
159.5	-4.96494e-06
160	-6.24304e-06
160.5	-7.33415e-06
161	-7.53681e-06
161.5	-7.78709e-06
162	-7.96087e-06
162.5	-8.21115e-06
163	-8.40141e-06
163.5	-8.60275e-06
164	-8.80031e-06
164.5	-8.86459e-06
165	-8.83425e-06
165.5	-8.77167e-06
166	-8.70485e-06
166.5	-8.54911e-06
167	-8.41557e-06
167.5	-8.25444e-06
168	-8.11484e-06
168.5	-8.09968e-06
169	-8.05355e-06
169.5	-7.93014e-06
170	-7.69902e-06
170.5	-6.82789e-06
171	-6.22456e-06
171.5	-6.55854e-06
172	-5.56222e-06
172.5	-2.60642e-06
173	4.34691e-07
173.5	-2.05463e-06
174	-4.07426e-06
174.5	-6.02473e-06
175	-7.39049e-06
175.5	-8.66218e-06
176	-8.03548e-06
176.5	-7.3338e-06
177	-7.21367e-06
177.5	-6.43537e-06
178	-5.73774e-06
178.5	-5.12894e-06
179	-4.63157e-06
179.5	-4.27066e-06
180	-3.87645e-06
180.5	-3.46042e-06
181	-3.05936e-06
181.5	-2.65892e-06
182	-2.54632e-06
182.5	-2.47046e-06
183	-2.39092e-06
183.5	-2.33482e-06
184	-1.66802e-06
184.5	1.38878e-06
185	1.25178e-06
185.5	1.12654e-06
186	-5.72612e-07
186.5	1.09869e-07
187	-3.47561e-07
187.5	-7.26011e-07
188	-5.79892e-06
188.5	-9.56407e-06
189	-4.77203e-06
189.5	-3.99112e-06
190	-3.94549e-06
190.5	-7.90926e-06
191	-8.6514e-06
191.5	-7.06924e-06
192	-5.97078e-06
192.5	-5.43047e-06
193	-5.21988e-06
193.5	-5.25201e-06
194	-5.64476e-06
194.5	-6.25047e-06
195	-6.74111e-06
195.5	-7.04367e-06
196	-7.37566e-06
196.5	-7.57228e-06
197	-7.59345e-06
197.5	-7.43021e-06
198	-7.1947e-06
198.5	-6.90334e-06
199	-6.50448e-06
199.5	-4.54604e-06
200	-3.81065e-06
200.5	-2.35008e-06
201	-2.85366e-06
201.5	-1.12434e-06
202	-1.72589e-06
202.5	-2.72385e-06
203	-3.39093e-06
203.5	-4.31205e-06
204	-5.45802e-06
204.5	-5.4918e-06
205	-5.34732e-06
205.5	-5.29632e-06
206	-5.22943e-06
206.5	-5.20675e-06
207	-5.23316e-06
207.5	-5.20077e-06
208	-5.1291e-06
208.5	-5.10916e-06
209	-4.97293e-06
209.5	-4.79885e-06
210	-4.59575e-06
210.5	-4.42126e-06
211	-4.4749e-06
211.5	-4.75026e-06
212	-5.04897e-06
212.5	-8.00062e-06
213	-7.3724e-06
213.5	-5.16817e-06
214	-4.74871e-06
214.5	-5.26593e-06
215	-5.50989e-06
215.5	-5.40932e-06
216	-4.89921e-06
216.5	-2.39572e-06
217	-3.92866e-07
217.5	-3.7076e-06
218	-4.48256e-06
218.5	-4.18794e-06
219	-5.0953e-06
219.5	-8.02333e-06
220	-7.44482e-06
220.5	-7.43342e-06
221	-7.34793e-06
221.5	-5.52634e-06
222	-8.67549e-06
222.5	-8.92273e-06
223	-1.58386e-05
223.5	-1.82068e-05
224	-1.81486e-05
224.5	-1.30914e-05
225	-1.85394e-05
225.5	-2.47528e-05
226	-2.81184e-05
226.5	-1.07096e-05
227	0.000111118
227.5	-6.26905e-05
228	-5.57521e-05
228.5	-5.05301e-05
229	-5.89457e-05
229.5	-6.76726e-05
230	-7.25813e-05
230.5	2.93672e-05
231	3.21373e-05
231.5	3.96255e-05
232	4.35285e-05
232.5	-0.000257242
233	-0.000118453
233.5	-4.99925e-05
234	-2.64572e-05
234.5	-1.73033e-05
235	-6.32861e-06
235.5	-6.60465e-06
236	-4.9177e-06
236.5	-3.6478e-06
237	-5.16818e-06
237.5	-1.17831e-05
238	-1.39746e-05
238.5	-1.22536e-05
239	-1.13262e-05
239.5	-1.07157e-05
240	-9.64654e-06
240.5	-8.82749e-06
241	-8.23277e-06
241.5	-7.76959e-06
242	-7.36829e-06
242.5	-6.92209e-06
243	-6.55185e-06
243.5	-6.12161e-06
244	-5.72903e-06
244.5	-5.11957e-06
245	-4.25399e-06
245.5	-2.90384e-06
246	-2.66223e-06
246.5	-2.84627e-06
247	-3.0292e-06
247.5	-3.2032e-06
248	-3.07576e-06
248.5	-1.89972e-06
249	-1.16871e-06
249.5	-1.51833e-06
250	-1.23808e-06
250.5	-9.51745e-07
251	-1.13754e-06
251.5	-1.26262e-06
252	-1.21248e-06
252.5	-1.15335e-06
253	-1.18615e-06
253.5	-1.39019e-06
254	-1.76638e-06
254.5	-2.12551e-06
255	-2.3448e-06
255.5	-2.43772e-06
256	-2.62899e-06
256.5	-3.06673e-06
257	-3.40845e-06
257.5	-3.74024e-06
258	-3.99521e-06
258.5	-3.34398e-06
259	-3.6367e-06
259.5	-4.24609e-06
260	-4.63003e-06
260.5	-4.24638e-06
261	-4.44962e-06
261.5	-3.69683e-06
262	-3.77516e-06
262.5	-4.25938e-06
263	-6.29931e-06
263.5	-9.26675e-06
264	-8.15179e-06
264.5	-7.62429e-06
265	-6.65737e-06
265.5	-4.90811e-06
266	-4.46062e-06
266.5	-4.34551e-06
267	-4.27688e-06
267.5	-4.30361e-06
268	-4.17717e-06
268.5	-3.96504e-06
269	-3.6838e-06
269.5	-3.39867e-06
270	-3.16931e-06
270.5	-3.02949e-06
271	-3.10835e-06
271.5	-3.32164e-06
272	-3.53772e-06
272.5	-2.80936e-06
273	-2.98132e-06
273.5	-1.36569e-06
274	-7.37931e-07
274.5	-6.43928e-07
275	-6.22364e-07
275.5	-2.039e-06
276	-3.22871e-06
276.5	-4.00577e-06
277	-4.53945e-06
277.5	-3.43298e-06
278	-5.24639e-06
278.5	-6.11967e-06
279	-6.50356e-06
279.5	-6.61965e-06
280	-6.56673e-06
280.5	-6.3655e-06
281	-6.12671e-06
281.5	-5.9852e-06
282	-5.90648e-06
282.5	-5.75318e-06
283	-5.62316e-06
283.5	-5.48063e-06
284	-5.58706e-06
284.5	-5.72934e-06
285	-5.83322e-06
285.5	-5.92037e-06
286	-6.0048e-06
286.5	-5.97126e-06
287	-5.83104e-06
287.5	-5.68805e-06
288	-4.98578e-06
288.5	-1.67634e-06
289	5.63968e-07
289.5	6.83085e-07
290	2.53791e-07
290.5	-5.08413e-07
291	-2.13183e-06
291.5	-3.74555e-06
292	-5.02665e-06
292.5	-5.48526e-06
293	-5.88395e-06
293.5	-6.23336e-06
294	-6.35797e-06
294.5	-6.26077e-06
295	-6.13509e-06
295.5	-5.96831e-06
296	-5.88415e-06
296.5	-5.76393e-06
297	-5.46083e-06
297.5	-5.12957e-06
298	-4.91507e-06
298.5	-4.6973e-06
299	-4.51408e-06
299.5	-4.44501e-06
300	-4.43609e-06
300.5	-4.39973e-06
301	-4.45255e-06
301.5	-5.34235e-06
302	-4.94065e-06
302.5	-3.43624e-06
303	-1.74471e-06
303.5	-1.66397e-06
304	-1.8481e-06
304.5	-2.78817e-06
305	-2.69631e-06
305.5	-2.99458e-06
306	-1.51923e-06
306.5	-1.89075e-06
307	-3.30701e-06
307.5	-4.06902e-06
308	-3.75879e-06
308.5	-3.85242e-06
309	-4.09757e-06
309.5	-4.43913e-06
310	-4.7352e-06
310.5	-5.00763e-06
311	-5.22534e-06
311.5	-5.29069e-06
312	-5.22434e-06
312.5	-5.02928e-06
313	-4.76264e-06
313.5	-4.48712e-06
314	-4.30226e-06
314.5	-4.20219e-06
315	-4.0889e-06
315.5	-2.93513e-06
316	-2.63007e-06
316.5	-2.4875e-06
317	-3.20459e-07
317.5	1.2216e-06
318	2.48566e-06
318.5	-2.32943e-06
319	-5.96706e-07
319.5	-2.73082e-06
320	-4.99794e-06
320.5	-7.1061e-06
321	-4.43708e-06
321.5	-8.72137e-06
322	-5.86152e-06
322.5	-5.06953e-06
323	-5.01839e-06
323.5	-5.07121e-06
324	-5.14391e-06
324.5	-5.25604e-06
325	-5.4001e-06
325.5	-7.16808e-06
326	-9.30868e-06
326.5	-6.95166e-06
327	-5.99952e-06
327.5	-5.53525e-06
328	-5.31621e-06
328.5	-5.30862e-06
329	-5.3509e-06
329.5	-4.41817e-06
330	-3.17508e-06
330.5	-3.47243e-06
331	-3.79394e-06
331.5	-1.68898e-06
332	-1.25568e-06
332.5	-2.47365e-06
333	-3.69913e-06
333.5	-1.32176e-05
334	-1.315e-05
334.5	-7.93068e-06
335	-6.20042e-06
335.5	-5.74834e-06
336	-5.67865e-06
336.5	-9.94418e-06
337	-1.37725e-05
337.5	-9.82257e-06
338	-8.25831e-06
338.5	-6.58975e-06
339	-1.02921e-05
339.5	-2.28679e-06
340	-2.98921e-06
340.5	-7.9268e-06
341	-6.19643e-06
341.5	-5.5825e-06
342	-6.1226e-06
342.5	-1.45002e-05
343	-1.40736e-05
343.5	-1.90044e-05
344	-6.64862e-05
344.5	3.73791e-05
345	0.000213081
345.5	2.14028e-05
346	-0.000107647
346.5	-3.43138e-05
347	-1.92094e-05
347.5	-2.72198e-05
348	-3.46709e-05
348.5	-4.94616e-05
349	-4.01224e-05
349.5	-0.000101588
350	7.06605e-05
350.5	6.13745e-05
351	0.000228094
351.5	-9.01987e-05
352	-0.00016048
352.5	-8.33218e-05
353	-7.16526e-05
353.5	6.63717e-06
354	4.3138e-05
354.5	-1.67794e-05
355	-3.07934e-05
355.5	-1.96741e-05
356	-1.06111e-05
356.5	-4.29383e-07
357	-9.7081e-07
357.5	-1.19701e-05
358	-1.28965e-05
358.5	-8.45615e-06
359	-6.37615e-06
359.5	-5.43906e-06
360	-4.72221e-06
360.5	-5.04669e-06
361	-5.35004e-06
361.5	-4.9656e-06
362	-4.66219e-06
362.5	-4.41659e-06
363	-4.36086e-06
363.5	-4.27789e-06
364	-4.13961e-06
364.5	-3.97914e-06
365	-3.93584e-06
365.5	-3.96877e-06
366	-4.12345e-06
366.5	-4.32173e-06
367	-4.60405e-06
367.5	-4.86804e-06
368	-3.93244e-06
368.5	-1.8373e-06
369	1.14683e-06
369.5	1.34422e-06
370	1.60596e-06
370.5	6.25045e-07
371	-6.13051e-07
371.5	-1.52951e-06
372	-1.95547e-06
372.5	-1.73962e-06
373	-2.08707e-06
373.5	-2.39312e-06
374	-2.69153e-06
374.5	-2.91518e-06
375	-3.13725e-06
375.5	-3.33632e-06
376	-3.57131e-06
376.5	-3.9976e-06
377	-4.35798e-06
377.5	-4.95653e-06
378	-5.44919e-06
378.5	-5.95803e-06
379	-6.47248e-06
379.5	-6.74642e-06
380	-6.77807e-06
380.5	-6.71893e-06
381	-6.53449e-06
381.5	-6.17038e-06
382	-5.7283e-06
382.5	-5.34337e-06
383	-3.77745e-06
383.5	-3.46187e-06
384	-3.00647e-06
384.5	-2.11505e-06
385	-2.3168e-06
385.5	-3.449e-06
386	-4.69404e-06
386.5	-3.69599e-06
387	-4.46414e-06
387.5	-4.95357e-06
388	-5.32135e-06
388.5	-5.55627e-06
389	-5.64415e-06
389.5	-5.66363e-06
390	-5.5928e-06
390.5	-5.41381e-06
391	-5.23917e-06
391.5	-4.93011e-06
392	-4.43523e-06
392.5	-3.80794e-06
393	-3.28379e-06
393.5	-2.7892e-06
394	-2.2347e-06
394.5	-1.85912e-06
395	-1.56599e-06
395.5	-1.38954e-06
396	-6.24746e-07
396.5	-4.77748e-07
397	-7.3933e-07
397.5	-9.80763e-07
398	3.43264e-07
398.5	1.65207e-06
399	8.89415e-07
399.5	1.86647e-07
400	1.90656e-06
400.5	-1.03199e-07
401	-1.72587e-06
401.5	-2.63769e-06
402	-2.37099e-06
402.5	-2.47042e-06
403	-2.1016e-06
403.5	-2.00565e-06
404	-2.29943e-06
404.5	-2.61318e-06
405	-2.96293e-06
405.5	-3.49954e-06
406	-3.82283e-06
406.5	-3.99811e-06
407	-4.02035e-06
407.5	-3.98204e-06
408	-3.9905e-06
408.5	-3.92699e-06
409	-3.82596e-06
409.5	-3.95932e-06
410	-4.30726e-06
410.5	-4.73675e-06
411	-5.08628e-06
411.5	-5.30166e-06
412	-5.38701e-06
412.5	-6.20878e-06
413	-6.12096e-06
413.5	-4.09257e-06
414	-3.67978e-06
414.5	-1.23571e-06
415	1.07827e-06
415.5	-7.20764e-07
416	-9.4295e-07
416.5	4.55e-07
417	-1.9836e-06
417.5	-3.12917e-06
418	-3.53116e-06
418.5	-4.31572e-06
419	-4.46588e-06
419.5	-4.58396e-06
420	-4.64738e-06
420.5	-4.63721e-06
421	-4.59818e-06
421.5	-4.70813e-06
422	-4.87535e-06
422.5	-5.08216e-06
423	-5.27955e-06
423.5	-5.49626e-06
424	-5.6776e-06
424.5	-5.81048e-06
425	-5.66991e-06
425.5	-5.30764e-06
426	-4.89796e-06
426.5	-3.73651e-06
427	-3.2657e-06
427.5	-1.14721e-06
428	6.1051e-07
428.5	1.70744e-06
429	1.20974e-06
429.5	2.6469e-07
430	1.42e-06
430.5	1.49923e-06
431	1.00222e-07
431.5	-2.81019e-06
432	-3.59068e-06
432.5	-3.82958e-06
433	-4.14032e-06
433.5	-4.41648e-06
434	-4.60883e-06
434.5	-4.73958e-06
435	-4.9389e-06
435.5	-5.35582e-06
436	-5.75769e-06
436.5	-6.10495e-06
437	-1.14279e-05
437.5	-9.79655e-06
438	-8.26802e-06
438.5	-7.40799e-06
439	-6.89426e-06
439.5	-6.59038e-06
440	-6.4516e-06
440.5	-6.36883e-06
441	-6.34657e-06
441.5	-6.94939e-06
442	-5.87649e-06
442.5	-5.70041e-06
443	-5.80892e-06
443.5	-4.19456e-06
444	-9.29758e-06
444.5	-1.00507e-05
445	-8.36744e-06
445.5	-6.60626e-06
446	-9.08666e-06
446.5	-1.24569e-05
447	-9.04316e-06
447.5	-8.02522e-06
448	-7.83878e-06
448.5	-7.65422e-06
449	-7.3599e-06
449.5	-6.99309e-06
450	-6.5691e-06
450.5	-6.27601e-06
451	-6.24763e-06
451.5	-6.2976e-06
452	-6.33838e-06
452.5	-6.32696e-06
453	-6.35532e-06
453.5	-6.26558e-06
454	-6.80106e-06
454.5	-7.33364e-06
455	-6.27186e-06
455.5	-5.94204e-06
456	-6.22512e-06
456.5	-4.91803e-06
457	-1.90815e-06
457.5	-3.56244e-06
458	-4.49736e-06
458.5	-4.40227e-06
459	-4.28385e-06
459.5	-5.53067e-06
460	-7.17032e-06
460.5	-8.77191e-06
461	-8.14154e-06
461.5	-7.9163e-06
462	-7.83777e-06
462.5	-7.79088e-06
463	-7.67038e-06
463.5	-8.47608e-06
464	-7.81772e-06
464.5	-1.17202e-05
465	-1.05544e-05
465.5	-8.10171e-06
466	-8.13364e-06
466.5	-9.53089e-06
467	-8.42808e-06
467.5	-7.45097e-06
468	-6.78703e-06
468.5	-6.32151e-06
469	-5.2127e-06
469.5	-5.05801e-06
470	-4.86207e-06
470.5	-1.09036e-05
471	-9.73849e-06
471.5	-1.02617e-05
472	-2.39469e-05
472.5	-8.80715e-05
473	9.56396e-05
473.5	0.000158712
474	7.76292e-05
474.5	-0.000151326
475	-4.28143e-05
475.5	-2.07269e-05
476	-1.31205e-05
476.5	-2.65288e-05
477	-2.42842e-05
477.5	-3.87623e-05
478	-7.3482e-05
478.5	3.99246e-06
479	3.44437e-05
479.5	0.000116163
480	-0.000176641
480.5	-0.000111348
481	-6.98466e-05
481.5	-4.47558e-05
482	-4.81383e-05
482.5	3.79653e-06
483	3.09269e-05
483.5	-2.84825e-06
484	0.000162638
484.5	-0.000167153
485	-0.000151572
485.5	-4.89245e-05
486	-2.09926e-05
486.5	-1.23579e-05
487	-1.03052e-05
487.5	-1.10231e-05
488	-1.17501e-05
488.5	-1.26924e-05
489	-1.4472e-05
489.5	-1.34959e-05
490	-1.16818e-05
490.5	-9.76304e-06
491	-8.26363e-06
491.5	-7.1776e-06
492	-6.45939e-06
492.5	-5.95239e-06
493	-5.67658e-06
493.5	-5.63549e-06
494	-5.59774e-06
494.5	-5.60244e-06
495	-5.50825e-06
495.5	-5.35961e-06
496	-2.55546e-06
496.5	-1.76165e-06
497	-1.596e-06
497.5	-1.34128e-06
498	2.15143e-07
498.5	-7.28339e-07
499	-1.64157e-06
499.5	-2.71715e-06
500	-3.56365e-06
500.5	-4.34514e-06
501	-4.99562e-06
501.5	-5.55124e-06
502	-5.94239e-06
502.5	-6.155e-06
503	-6.17747e-06
503.5	-6.09493e-06
504	-6.0297e-06
504.5	-5.87767e-06
505	-5.73931e-06
505.5	-5.61589e-06
506	-5.59996e-06
506.5	-5.6042e-06
507	-5.68572e-06
507.5	-5.8054e-06
508	-5.98625e-06
508.5	-6.1645e-06
509	-6.23922e-06
509.5	-6.20553e-06
510	-4.98089e-06
510.5	-4.61973e-06
511	-3.9891e-06
511.5	-4.61523e-06
512	-1.54126e-06
512.5	2.50606e-06
513	1.74671e-06
513.5	-3.20116e-07
514	-2.09133e-06
514.5	-2.64455e-06
515	-3.22751e-06
515.5	-4.22366e-06
516	-5.19734e-06
516.5	-5.2145e-06
517	-6.07856e-06
517.5	-6.46855e-06
518	-6.42264e-06
518.5	-6.31776e-06
519	-6.11512e-06
519.5	-5.948e-06
520	-5.87463e-06
520.5	-6.10675e-06
521	-6.541e-06
521.5	-6.77623e-06
522	-6.70128e-06
522.5	-6.4925e-06
523	-6.31883e-06
523.5	-6.19188e-06
524	-6.04784e-06
524.5	-5.87787e-06
525	-5.70526e-06
525.5	-5.52594e-06
526	-4.69398e-06
526.5	-4.37323e-06
527	-3.73916e-06
527.5	-2.37132e-06
528	3.84275e-07
528.5	7.68693e-07
529	5.20637e-07
529.5	-1.40721e-06
530	-2.67808e-06
530.5	-4.01676e-06
531	-4.90556e-06
531.5	-4.85137e-06
532	-4.56992e-06
532.5	-4.6259e-06
533	-4.65724e-06
533.5	-4.5595e-06
534	-4.40118e-06
534.5	-4.28048e-06
535	-4.22835e-06
535.5	-4.21261e-06
536	-4.21641e-06
536.5	-4.10236e-06
537	-3.91085e-06
537.5	-3.75373e-06
538	-3.6089e-06
538.5	-3.47565e-06
539	-3.44102e-06
539.5	-2.00239e-06
540	-2.09823e-06
540.5	-1.40018e-06
541	-1.24742e-06
541.5	-5.1679e-07
542	-4.20244e-07
542.5	-2.49694e-06
543	-2.79717e-06
543.5	-2.78305e-06
544	-3.17122e-06
544.5	-3.67597e-06
545	-4.1875e-06
545.5	-4.65091e-06
546	-5.00874e-06
546.5	-5.19854e-06
547	-5.4828e-06
547.5	-5.82901e-06
548	-6.11007e-06
548.5	-6.39961e-06
549	-6.65259e-06
549.5	-6.82376e-06
550	-6.85373e-06
550.5	-6.75071e-06
551	-6.57825e-06
551.5	-6.43175e-06
552	-6.52043e-06
552.5	-6.68797e-06
553	-6.69525e-06
553.5	-6.62444e-06
554	-6.46866e-06
554.5	-6.47729e-06
555	-5.44743e-06
555.5	-5.47462e-06
556	-1.25422e-06
556.5	-2.47616e-06
557	-3.80132e-06
557.5	-1.11806e-05
558	-1.4151e-05
558.5	-1.3756e-05
559	-1.54974e-05
559.5	-1.16767e-05
560	-8.54245e-06
560.5	-6.69616e-06
561	-5.73794e-06
561.5	-5.22518e-06
562	-4.90415e-06
562.5	-4.7344e-06
563	-4.61968e-06
563.5	-4.53136e-06
564	-4.4745e-06
564.5	-4.39762e-06
565	-4.30595e-06
565.5	-4.21124e-06
566	-4.10399e-06
566.5	-3.80695e-06
567	-3.49452e-06
567.5	-3.22606e-06
568	-3.00062e-06
568.5	-2.9306e-06
569	-4.32688e-06
569.5	-1.17852e-06
570	3.73852e-08
570.5	-3.16992e-08
571	7.52417e-07
571.5	1.98615e-06
572	1.27172e-06
572.5	-2.26679e-06
573	-6.35107e-06
573.5	-5.94365e-06
574	-6.03947e-06
574.5	-5.58125e-06
575	-5.53945e-06
575.5	-4.33829e-06
576	-4.86281e-06
576.5	-4.97252e-06
577	-5.06921e-06
577.5	-5.19878e-06
578	-5.38115e-06
578.5	-5.26352e-06
579	-6.0447e-06
579.5	-6.28722e-06
580	-6.31059e-06
580.5	-6.24916e-06
581	-6.228e-06
581.5	-6.11392e-06
582	-5.91087e-06
582.5	-5.73781e-06
583	-5.63397e-06
583.5	-5.66936e-06
584	-6.31192e-06
584.5	-9.83585e-06
585	-1.03699e-05
585.5	-5.14235e-06
586	-2.77276e-06
586.5	-9.34837e-06
587	-8.99131e-06
587.5	-8.15238e-06
588	-1.00493e-05
588.5	-1.24775e-05
589	-9.97339e-06
589.5	-8.62004e-06
590	-7.62937e-06
590.5	-6.81225e-06
591	-8.30143e-06
591.5	-1.95584e-05
592	-1.77167e-05
592.5	-1.90298e-05
593	-1.38682e-05
593.5	-1.69392e-05
594	-1.49633e-05
594.5	-9.39547e-06
595	-6.95951e-06
595.5	-1.28465e-05
596	-1.23925e-05
596.5	-1.41523e-05
597	-1.51041e-05
597.5	-3.54853e-05
598	2.39343e-05
598.5	0.000121334
599	8.83167e-07
599.5	-8.14723e-05
600	-5.45713e-05
600.5	-3.91347e-05
601	-2.97198e-05
601.5	-3.33386e-05
602	-3.58445e-05
602.5	-4.89167e-05
603	6.0543e-05
603.5	3.73181e-05
604	0.000264879
604.5	-6.5119e-05
605	-0.000187681
605.5	-7.02835e-05
606	-3.8591e-05
606.5	-1.09924e-05
607	-8.59041e-06
607.5	-3.69888e-06
608	-4.44516e-06
608.5	-2.62303e-06
609	-6.53517e-06
609.5	-5.9348e-06
610	-6.69636e-06
610.5	-8.12977e-06
611	-7.88764e-06
611.5	-9.17349e-06
612	-1.00385e-05
612.5	-1.04308e-05
613	-9.67931e-06
613.5	-9.12956e-06
614	-8.97338e-06
614.5	-8.94366e-06
615	-8.89706e-06
615.5	-8.69727e-06
616	-8.38856e-06
616.5	-8.01087e-06
617	-7.60102e-06
617.5	-7.2827e-06
618	-7.07487e-06
618.5	-6.93549e-06
619	-6.68641e-06
619.5	-6.38142e-06
620	-5.00817e-06
620.5	-4.01867e-06
621	-2.40798e-06
621.5	-2.16755e-06
622	-8.00636e-07
622.5	-2.3588e-06
623	-3.48425e-06
623.5	-2.53522e-06
624	-2.47029e-06
624.5	-3.1512e-06
625	-3.63372e-06
625.5	-3.97831e-06
626	-4.1385e-06
626.5	-4.20857e-06
627	-4.14126e-06
627.5	-3.98215e-06
628	-3.74628e-06
628.5	-3.42509e-06
629	-3.09825e-06
629.5	-2.93455e-06
630	-2.78727e-06
630.5	-2.7157e-06
631	-2.68947e-06
631.5	-2.73839e-06
632	-2.96712e-06
632.5	-3.10192e-06
633	-3.22267e-06
633.5	-3.41972e-06
634	-4.36925e-06
634.5	-4.49697e-06
635	-4.56367e-06
635.5	-4.29271e-06
636	-4.54529e-06
636.5	-5.58366e-06
637	-3.23276e-06
637.5	-3.43846e-06
638	-4.46831e-06
638.5	-7.2207e-06
639	-6.96346e-06
639.5	-7.71977e-06
640	-8.70033e-06
640.5	-6.93826e-06
641	-6.43265e-06
641.5	-7.33591e-06
642	-7.43545e-06
642.5	-6.9911e-06
643	-6.52604e-06
643.5	-6.25763e-06
644	-6.16546e-06
644.5	-6.13915e-06
645	-6.01511e-06
645.5	-5.87757e-06
646	-5.7438e-06
646.5	-5.64658e-06
647	-5.45934e-06
647.5	-5.27803e-06
648	-4.39398e-06
648.5	-3.52526e-06
649	-3.62465e-06
649.5	-3.83416e-06
650	-2.73538e-06
650.5	-2.17241e-06
651	-1.44558e-06
651.5	-7.15572e-06
652	-6.39042e-06
652.5	-4.78237e-06
653	-3.60509e-06
653.5	-4.03052e-06
654	-5.5308e-06
654.5	-6.63813e-06
655	-6.92821e-06
655.5	-7.64512e-06
656	-8.49125e-06
656.5	-9.18214e-06
657	-9.60098e-06
657.5	-9.80405e-06
658	-9.83174e-06
658.5	-9.83529e-06
659	-9.76991e-06
659.5	-9.65545e-06
660	-9.62175e-06
660.5	-1.60968e-05
661	-1.26482e-05
661.5	-1.01718e-05
662	-8.91029e-06
662.5	-8.38935e-06
663	-8.13224e-06
663.5	-7.9538e-06
664	-6.69831e-06
664.5	-5.67151e-06
665	-5.68581e-06
665.5	-5.52701e-06
666	-5.52307e-06
666.5	-6.99281e-07
667	-1.39712e-06
667.5	-3.44503e-06
668	-6.50834e-06
668.5	-6.11219e-06
669	-6.83059e-06
669.5	-5.15655e-06
670	-5.39202e-06
670.5	-5.81896e-06
671	-6.09191e-06
671.5	-6.188e-06
672	-6.11276e-06
672.5	-5.9717e-06
673	-5.78679e-06
673.5	-5.52483e-06
674	-5.47424e-06
674.5	-5.49582e-06
675	-5.44319e-06
675.5	-5.32707e-06
676	-5.03295e-06
676.5	-4.57289e-06
677	-4.17346e-06
677.5	-3.90643e-06
678	-3.72629e-06
678.5	-3.86732e-06
679	-4.18207e-06
679.5	-4.07335e-06
680	-4.50272e-06
680.5	-3.23363e-06
681	-1.49844e-07
681.5	5.42728e-07
682	-2.34282e-07
682.5	-4.49514e-06
683	-7.88863e-06
683.5	-3.88324e-06
684	-2.47161e-06
684.5	-4.56411e-06
685	-1.24507e-05
685.5	-4.6408e-06
686	-4.65649e-06
686.5	-5.46323e-06
687	-5.75316e-06
687.5	-5.73872e-06
688	-5.74718e-06
688.5	-5.92441e-06
689	-1.17494e-05
689.5	-1.0573e-05
690	-8.73041e-06
690.5	-8.6658e-06
691	-8.91005e-06
691.5	-8.11207e-06
692	-7.72093e-06
692.5	-7.52355e-06
693	-7.32548e-06
693.5	-7.064e-06
694	-5.08498e-06
694.5	-1.14235e-06
695	2.28047e-06
695.5	3.47738e-06
696	2.0423e-06
696.5	-1.47138e-06
697	-4.35096e-06
697.5	-7.28529e-06
698	-8.54317e-06
698.5	-4.67213e-06
699	-5.22668e-06
699.5	-6.34569e-06
700	-6.86999e-06
700.5	-1.0665e-05
701	-1.03493e-05
701.5	-8.50905e-06
702	-7.3747e-06
702.5	-9.26338e-06
703	-8.11896e-06
703.5	-8.89544e-06
704	-1.22129e-05
704.5	-1.21818e-05
705	-1.23647e-05
705.5	-1.84089e-05
706	-1.3539e-05
706.5	-1.02622e-05
707	-1.4536e-05
707.5	-1.25818e-05
708	-1.04123e-05
708.5	-6.63313e-06
709	-6.17881e-06
709.5	-6.27857e-06
710	-7.46585e-06
710.5	0.000242528
711	-4.66291e-05
711.5	-9.1394e-05
712	-4.19267e-05
712.5	-4.21539e-05
713	-2.9578e-05
713.5	-3.2944e-05
714	-6.45101e-05
714.5	5.45518e-05
715	2.48919e-05
715.5	0.000218175
716	-0.000155827
716.5	-0.000190936
717	-6.68235e-05
717.5	-2.54026e-05
718	-2.1866e-05
718.5	-2.35571e-05
719	-6.33796e-06
719.5	2.66727e-06
720	5.32005e-06
720.5	-5.31923e-06
721	-4.45015e-06
721.5	-6.17624e-06
722	-6.56301e-06
722.5	-7.73384e-06
723	-9.43465e-06
723.5	-9.32796e-06
724	-9.28059e-06
724.5	-8.48505e-06
725	-7.66687e-06
725.5	-7.11758e-06
726	-6.7465e-06
726.5	-6.5655e-06
727	-6.44344e-06
727.5	-6.29898e-06
728	-6.19871e-06
728.5	-6.06354e-06
729	-6.01471e-06
729.5	-6.00417e-06
730	-5.0985e-06
730.5	-4.73235e-06
731	-5.04672e-06
731.5	-3.03704e-06
732	-3.49422e-06
732.5	-2.59741e-06
733	3.3244e-08
733.5	-9.42286e-07
734	-1.89805e-06
734.5	-3.37353e-06
735	-4.35454e-06
735.5	-4.87833e-06
736	-5.20038e-06
736.5	-5.41644e-06
737	-5.58992e-06
737.5	-5.71392e-06
738	-5.78098e-06
738.5	-5.78937e-06
739	-5.7712e-06
739.5	-5.71919e-06
740	-5.79437e-06
740.5	-5.94836e-06
741	-6.12632e-06
741.5	-6.28113e-06
742	-6.32124e-06
742.5	-6.22749e-06
743	-5.98603e-06
743.5	-5.72377e-06
744	-5.51759e-06
744.5	-5.31917e-06
745	-5.19101e-06
745.5	-4.20195e-06
746	-3.9209e-06
746.5	-3.24217e-06
747	-3.11864e-06
747.5	-3.77491e-06
748	-4.37269e-06
748.5	-4.6687e-06
749	-4.80532e-06
749.5	-5.1697e-06
750	-6.59521e-06
750.5	-8.17247e-06
751	-8.82572e-06
751.5	-8.60265e-06
752	-7.84484e-06
752.5	-8.24093e-06
753	-8.05871e-06
753.5	-8.05139e-06
754	-8.15929e-06
754.5	-8.25799e-06
755	-8.24725e-06
755.5	-8.24465e-06
756	-8.16113e-06
756.5	-7.92399e-06
757	-7.6059e-06
757.5	-7.27965e-06
758	-6.86284e-06
758.5	-6.2799e-06
759	-5.52449e-06
759.5	-4.72001e-06
760	-1.41004e-06
760.5	-1.33687e-07
761	-6.86025e-07
761.5	1.54192e-06
762	2.21961e-06
762.5	3.70149e-07
763	-1.79863e-06
763.5	-3.49489e-06
764	-5.04398e-06
764.5	-6.28762e-06
765	-7.33964e-06
765.5	-9.39467e-06
766	-1.08554e-05
766.5	-8.44538e-06
767	-7.7225e-06
767.5	-7.36766e-06
768	-7.14896e-06
768.5	-7.05785e-06
769	-7.02368e-06
769.5	-7.01698e-06
770	-6.9574e-06
770.5	-6.88364e-06
771	-6.69814e-06
771.5	-6.37088e-06
772	-6.05322e-06
772.5	-5.83788e-06
773	-5.70342e-06
773.5	-5.61403e-06
774	-5.46787e-06
774.5	-3.00238e-06
775	-2.68995e-06
775.5	-2.76171e-06
776	-2.42421e-06
776.5	-4.28869e-06
777	-3.12315e-06
777.5	-1.37886e-06
778	9.08988e-07
778.5	3.76065e-07
779	-3.48076e-06
779.5	-4.32137e-06
780	-4.67432e-06
780.5	-4.83069e-06
781	-4.90416e-06
781.5	-4.87399e-06
782	-4.7685e-06
782.5	-4.62102e-06
783	-4.50286e-06
783.5	-4.17511e-06
784	-3.78745e-06
784.5	-3.63051e-06
785	-3.71153e-06
785.5	-3.87595e-06
786	-3.91705e-06
786.5	-3.88634e-06
787	-4.01572e-06
787.5	-4.19935e-06
788	-4.27818e-06
788.5	-4.28572e-06
789	-4.36599e-06
789.5	-4.55594e-06
790	-4.70771e-06
790.5	-3.9012e-06
791	-4.60267e-06
791.5	-3.25558e-06
792	-2.30495e-06
792.5	-2.30992e-06
793	-6.93461e-06
793.5	-8.23344e-06
794	-7.07246e-06
794.5	-6.04195e-06
795	-4.77917e-06
795.5	-5.1588e-06
796	-5.06367e-06
796.5	-4.84122e-06
797	-4.60152e-06
797.5	-4.34162e-06
798	-4.18451e-06
798.5	-4.05437e-06
799	-3.90977e-06
799.5	-6.58177e-06
800	-6.35026e-06
800.5	-5.52237e-06
801	-5.13823e-06
801.5	-5.01619e-06
802	-4.8557e-06
802.5	-4.67835e-06
803	-4.50356e-06
803.5	-4.42523e-06
804	-3.75881e-06
804.5	-4.04075e-06
805	-6.26317e-06
805.5	-4.73912e-06
806	-3.11142e-06
806.5	-2.61313e-06
807	-2.43586e-06
807.5	-5.77031e-06
808	-5.87865e-06
808.5	-5.92833e-06
809	-5.16347e-06
809.5	-4.81079e-06
810	-4.84268e-06
810.5	-4.87429e-06
811	-4.78336e-06
811.5	-4.73377e-06
812	-4.73705e-06
812.5	-6.851e-06
813	-9.88652e-06
813.5	-7.47158e-06
814	-9.17268e-06
814.5	-6.83789e-06
815	-9.13799e-06
815.5	-8.65256e-06
816	-7.65676e-06
816.5	-4.93425e-06
817	-3.28793e-06
817.5	-3.76475e-06
818	-4.21031e-06
818.5	-2.56377e-06
819	-5.80084e-06
819.5	-7.58513e-06
820	-1.22645e-05
820.5	-4.43078e-06
821	-1.13987e-05
821.5	-2.80123e-05
822	-6.35311e-05
822.5	-1.42922e-05
823	0.000246823
823.5	8.75194e-05
824	-0.000182063
824.5	-5.81489e-05
825	-2.94218e-05
825.5	-4.73167e-05
826	-4.20848e-05
826.5	-7.12991e-05
827	-2.85014e-05
827.5	8.26392e-05
828	0.000272098
828.5	-5.93162e-05
829	-0.000166189
829.5	-5.507e-05
830	-5.17798e-05
830.5	-3.54092e-05
831	-3.6577e-05
831.5	9.67164e-06
832	2.63127e-05
832.5	-3.3401e-05
833	-3.68084e-05
833.5	-2.58752e-05
834	-1.29914e-05
834.5	-1.35839e-05
835	-8.5427e-06
835.5	-8.43385e-06
836	-6.10174e-06
836.5	-8.429e-06
837	-1.06363e-05
837.5	-9.63362e-06
838	-9.71837e-06
838.5	-9.38497e-06
839	-8.1245e-06
839.5	-6.25865e-06
840	-4.90502e-06
840.5	-4.12906e-06
841	-3.85158e-06
841.5	-3.68302e-06
842	-3.53369e-06
842.5	-3.36805e-06
843	-4.11964e-06
843.5	-3.88492e-06
844	-3.51737e-06
844.5	-3.22091e-06
845	-1.08267e-06
845.5	1.02194e-06
846	1.73201e-06
846.5	3.01272e-06
847	1.4208e-06
847.5	8.62436e-07
848	2.00726e-07
848.5	-7.23669e-07
849	-1.77368e-06
849.5	-2.45895e-06
850	-2.41384e-06
850.5	-2.90751e-06
851	-3.46866e-06
851.5	-3.86415e-06
852	-4.11076e-06
852.5	-4.35904e-06
853	-4.52717e-06
853.5	-4.60195e-06
854	-4.59753e-06
854.5	-4.60191e-06
855	-4.73286e-06
855.5	-4.89755e-06
856	-5.03965e-06
856.5	-5.01746e-06
857	-4.84626e-06
857.5	-4.56652e-06
858	-4.26435e-06
858.5	-3.96704e-06
859	-3.71443e-06
859.5	-3.4607e-06
860	-2.19452e-06
860.5	-7.37578e-09
861	2.02989e-06
861.5	9.48668e-07
862	5.7534e-07
862.5	1.4724e-08
863	-8.39254e-07
863.5	2.63838e-07
864	1.2911e-07
864.5	-6.76444e-07
865	-1.95905e-06
865.5	-3.32695e-06
866	-2.92993e-06
866.5	-2.53982e-06
867	-2.3282e-06
867.5	-2.37886e-06
868	-2.54299e-06
868.5	-2.82016e-06
869	-3.04802e-06
869.5	-3.19332e-06
870	-3.26731e-06
870.5	-3.33846e-06
871	-3.28137e-06
871.5	-3.21796e-06
872	-3.24134e-06
872.5	-3.11738e-06
873	-2.9113e-06
873.5	-2.63705e-06
874	-2.36568e-06
874.5	-2.10256e-06
875	-1.12867e-06
875.5	-1.32329e-06
876	1.31356e-06
876.5	2.38094e-06
877	1.6097e-06
877.5	2.43185e-06
878	1.01191e-06
878.5	4.37958e-07
879	1.93467e-08
879.5	-3.33187e-07
880	-8.28716e-07
880.5	-1.07486e-06
881	-2.14396e-06
881.5	-2.50518e-06
882	-2.97822e-06
882.5	-3.43122e-06
883	-3.70851e-06
883.5	-3.78163e-06
884	-3.7343e-06
884.5	-3.63225e-06
885	-3.55477e-06
885.5	-3.43168e-06
886	-3.35189e-06
886.5	-3.32515e-06
887	-3.31955e-06
887.5	-3.39764e-06
888	-3.606e-06
888.5	-3.84575e-06
889	-4.12789e-06
889.5	-4.29622e-06
890	-4.36299e-06
890.5	-3.5807e-06
891	-2.86748e-06
891.5	-2.16753e-06
892	-2.97944e-06
892.5	-3.63601e-06
893	-3.98116e-06
893.5	-4.20724e-06
894	-4.1528e-06
894.5	-7.07208e-06
895	-1.44367e-05
895.5	-1.25959e-05
896	-1.00519e-05
896.5	-9.19323e-06
897	-8.33506e-06
897.5	-7.69494e-06
898	-7.23615e-06
898.5	-6.88173e-06
899	-6.67008e-06
899.5	-6.44542e-06
900	-6.14291e-06
900.5	-5.88417e-06
901	-5.72442e-06
901.5	-5.69096e-06
902	-5.75586e-06
902.5	-5.79806e-06
903	-5.89294e-06
903.5	-6.17325e-06
904	-6.54257e-06
904.5	-6.7173e-06
905	-6.87521e-06
905.5	-7.15067e-06
906	-5.71349e-06
906.5	-4.8906e-06
907	-3.76537e-06
907.5	-4.4396e-06
908	-5.97597e-06
908.5	-5.67795e-06
909	-6.03156e-06
909.5	-6.67242e-06
910	-6.70971e-06
910.5	-6.73623e-06
911	-6.82066e-06
911.5	-6.9093e-06
912	-6.92139e-06
912.5	-6.89343e-06
913	-6.91019e-06
913.5	-6.91181e-06
914	-6.86201e-06
914.5	-6.93667e-06
915	-7.19257e-06
915.5	-7.2745e-06
916	-7.24809e-06
916.5	-7.1047e-06
917	-6.82907e-06
917.5	-6.52967e-06
918	-6.70831e-06
918.5	-1.124e-05
919	-8.16931e-06
919.5	-6.62593e-06
920	-6.65196e-06
920.5	-4.47763e-06
921	-1.67416e-06
921.5	-8.42393e-07
922	2.41275e-07
922.5	-1.60572e-06
923	-3.10377e-06
923.5	-3.48122e-06
924	-3.21273e-06
924.5	-6.73558e-06
925	-6.54647e-06
925.5	-5.05862e-06
926	-4.32316e-06
926.5	-3.94484e-06
927	-3.83689e-06
927.5	-3.79721e-06
928	-3.74409e-06
928.5	-3.69851e-06
929	-3.74652e-06
929.5	-3.86573e-06
930	-3.96932e-06
930.5	-3.97322e-06
931	-3.97016e-06
931.5	-4.13899e-06
932	-4.28921e-06
932.5	-4.52719e-06
933	-4.88819e-06
933.5	-5.75941e-06
934	-4.85733e-06
934.5	-4.73887e-06
935	-2.96464e-06
935.5	-1.75487e-06
936	-1.215e-06
936.5	-2.17078e-06
937	-2.19323e-06
937.5	-4.47532e-06
938	-5.17518e-06
938.5	-9.52053e-06
939	-8.79901e-06
939.5	-7.50389e-06
940	-6.96992e-06
940.5	-6.70101e-06
941	-6.44639e-06
941.5	-6.17137e-06
942	-5.92418e-06
942.5	-5.63057e-06
943	-5.3347e-06
943.5	-5.03883e-06
944	-4.84848e-06
944.5	-5.40874e-06
945	-7.76917e-06
945.5	-7.14755e-06
946	-6.31715e-06
946.5	-6.00815e-06
947	-5.90561e-06
947.5	-5.8957e-06
948	-5.93827e-06
948.5	-5.25943e-06
949	-5.18382e-06
949.5	-4.47312e-06
950	-4.71314e-06
950.5	-4.43835e-06
951	-4.22121e-06
951.5	-8.03942e-06
952	-9.3251e-06
952.5	-1.08453e-05
953	-1.00711e-05
953.5	-7.21519e-06
954	-9.33142e-06
954.5	-8.84155e-06
955	-6.21312e-06
955.5	-6.65153e-06
956	-7.31036e-06
956.5	-6.92336e-06
957	-8.67276e-06
957.5	-7.07343e-06
958	-7.69942e-06
958.5	-7.79253e-06
959	-1.42456e-05
959.5	-1.54814e-05
960	-1.5717e-05
960.5	-4.85144e-05
961	2.43162e-05
961.5	4.78027e-05
962	5.81921e-05
962.5	-0.000127876
963	-6.70472e-05
963.5	-1.74861e-05
964	-2.93596e-05
964.5	-1.27821e-05
965	-1.21483e-05
965.5	-1.73075e-05
966	-6.61807e-05
966.5	-9.78114e-06
967	5.83299e-06
967.5	4.99499e-05
968	0.00025366
968.5	-0.000155353
969	-0.000191272
969.5	-6.68034e-05
970	-4.52861e-05
970.5	-2.17932e-05
971	-1.16941e-05
971.5	8.98685e-06
972	-4.29135e-06
972.5	-1.08627e-05
973	-3.78143e-06
973.5	-2.22899e-06
974	-2.72706e-06
974.5	-3.87766e-06
975	-7.54145e-06
975.5	-9.58979e-06
976	-1.01279e-05
976.5	-9.9301e-06
977	-9.2641e-06
977.5	-9.64757e-06
978	-1.09689e-05
978.5	-1.09235e-05
979	-1.00015e-05
979.5	-9.30634e-06
980	-8.86968e-06
980.5	-8.49607e-06
981	-8.17873e-06
981.5	-8.17065e-06
982	-8.21618e-06
982.5	-8.43116e-06
983	-8.41356e-06
983.5	-8.2312e-06
984	-8.11476e-06
984.5	-6.81432e-06
985	-6.7781e-06
985.5	-5.96606e-06
986	-3.97569e-06
986.5	-2.36361e-06
987	-9.17044e-07
987.5	-1.19186e-06
988	-8.83632e-07
988.5	-1.2931e-06
989	-2.2531e-06
989.5	-2.70682e-06
990	-3.5333e-06
990.5	-4.05673e-06
991	-4.2997e-06
991.5	-4.50023e-06
992	-4.58674e-06
992.5	-4.67457e-06
993	-4.62537e-06
993.5	-4.50596e-06
994	-4.33422e-06
994.5	-4.20402e-06
995	-4.03963e-06
995.5	-3.9035e-06
996	-3.76256e-06
996.5	-3.72722e-06
997	-3.85964e-06
997.5	-3.99642e-06
998	-4.19545e-06
998.5	-4.44331e-06
999	-4.72291e-06
999.5	-4.96052e-06
1000	-5.07373e-06
