0	0
0.5	3.52768e-06
1	3.5281e-06
1.5	3.52817e-06
2	3.52811e-06
2.5	3.52799e-06
3	3.52782e-06
3.5	3.72983e-06
4	2.41322e-06
4.5	7.69956e-07
5	-5.03289e-07
5.5	-2.17281e-06
6	-4.0131e-06
6.5	-5.218e-06
7	-6.3063e-06
7.5	-7.11641e-06
8	-7.15717e-06
8.5	-7.45879e-06
9	-8.5361e-06
9.5	-9.1713e-06
10	-1.08493e-05
10.5	-1.25025e-05
11	-1.38259e-05
11.5	-1.53566e-05
12	-2.20844e-05
12.5	-3.36282e-05
13	-3.55156e-05
13.5	-2.6799e-05
14	-1.74652e-05
14.5	-1.43297e-06
15	-1.18853e-06
15.5	1.0126e-05
16	1.30068e-05
16.5	3.1808e-05
17	3.8444e-05
17.5	4.02103e-05
18	3.42249e-05
18.5	2.5044e-05
19	2.22931e-05
19.5	1.51426e-05
20	9.33176e-06
20.5	1.0741e-05
21	9.976e-06
21.5	7.31676e-06
22	5.26186e-06
22.5	3.44111e-06
23	2.06912e-06
23.5	8.98132e-07
24	2.54185e-05
24.5	4.09657e-05
25	5.89337e-06
25.5	-8.95504e-06
26	-8.55881e-06
26.5	2.14313e-05
27	-9.61444e-05
27.5	2.64478e-05
28	0.000194446
28.5	0.000157033
29	0.0002385
29.5	-2.87923e-05
30	-7.53073e-05
30.5	-8.38725e-05
31	-9.28244e-05
31.5	-9.0638e-05
32	-9.89727e-05
32.5	-6.37235e-05
33	-1.93216e-05
33.5	-1.67603e-05
34	-0.000170883
34.5	-0.000149868
35	-0.000171477
35.5	-0.000139009
36	-0.000205213
36.5	-0.000157461
37	-0.000157637
37.5	-0.00015333
38	-0.000144827
38.5	-0.000133282
39	-0.000116958
39.5	-9.07066e-05
40	-7.14284e-05
40.5	-4.81072e-05
41	-3.70412e-05
41.5	-3.06232e-05
42	-2.42002e-05
42.5	-1.8844e-05
43	-1.50002e-05
43.5	-1.08893e-05
44	-7.0636e-06
44.5	-4.76022e-06
45	-3.006e-06
45.5	-1.32664e-06
46	9.59757e-07
46.5	-1.62054e-05
47	-1.24174e-05
47.5	-4.673e-06
48	4.28433e-07
48.5	1.68905e-07
49	-2.65359e-06
49.5	-5.26067e-06
50	-4.478e-06
50.5	7.60432e-06
51	7.21418e-06
51.5	2.1181e-06
52	-1.33926e-06
52.5	-6.294e-05
53	-8.21161e-05
53.5	-7.99389e-05
54	-6.96203e-05
54.5	-5.98872e-05
55	-5.21994e-05
55.5	-4.6772e-05
56	-4.14403e-05
56.5	-3.71575e-05
57	-3.30393e-05
57.5	-2.93417e-05
58	-2.64418e-05
58.5	-2.45644e-05
59	-2.24237e-05
59.5	-2.05348e-05
60	-1.87956e-05
60.5	-1.7285e-05
61	-1.57088e-05
61.5	-1.52504e-05
62	-1.48196e-05
62.5	-1.45373e-05
63	-1.52704e-05
63.5	-1.59622e-05
64	-1.69766e-05
64.5	-1.5737e-05
65	-1.39097e-05
65.5	-1.45874e-05
66	-1.533e-05
66.5	-1.41813e-05
67	-5.56335e-06
67.5	-5.04432e-06
68	-3.00443e-06
68.5	-3.7352e-06
69	-4.68418e-06
69.5	-4.83665e-06
70	-5.04978e-06
70.5	-6.19989e-06
71	-7.3534e-06
71.5	-8.12776e-06
72	-8.37405e-06
72.5	-8.71549e-06
73	-8.89641e-06
73.5	-9.44813e-06
74	-9.61541e-06
74.5	-9.44203e-06
75	-9.73731e-06
75.5	-1.00966e-05
76	-7.76293e-06
76.5	-1.46323e-05
77	-2.38797e-05
77.5	-2.03653e-05
78	-1.5264e-05
78.5	-1.29913e-05
79	-1.19417e-05
79.5	-7.65337e-06
80	-7.26228e-06
80.5	-5.84087e-06
81	-1.79166e-06
81.5	-4.07398e-06
82	-3.1468e-06
82.5	-2.41025e-06
83	-2.39197e-06
83.5	-2.29831e-06
84	-3.40695e-07
84.5	-5.16227e-07
85	-2.79659e-06
85.5	-3.91149e-06
86	-5.88609e-06
86.5	-6.95986e-06
87	-6.69812e-06
87.5	-6.82426e-06
88	-7.93291e-06
88.5	-8.18866e-06
89	-8.36989e-06
89.5	-8.88204e-06
90	-9.50798e-06
90.5	-1.08763e-05
91	-1.19795e-05
91.5	-1.29614e-05
92	-1.36918e-05
92.5	-1.75014e-05
93	-1.9239e-05
93.5	-2.28232e-05
94	-1.61246e-05
94.5	-6.2486e-06
95	3.90714e-06
95.5	4.60255e-06
96	1.22342e-07
96.5	4.81895e-06
97	6.18149e-06
97.5	6.18423e-06
98	2.72738e-06
98.5	-1.6791e-05
99	-1.10103e-05
99.5	-3.87238e-06
100	-1.44875e-06
100.5	-5.09898e-07
101	-8.99845e-07
101.5	-1.3725e-06
102	-4.70749e-06
102.5	-9.13687e-06
103	-9.09523e-06
103.5	-7.71333e-06
104	-7.61853e-06
104.5	-7.45317e-06
105	-9.27452e-06
105.5	-1.01497e-05
106	-1.00244e-05
106.5	-9.75174e-06
107	-9.23981e-06
107.5	-8.76423e-06
108	-0.000179908
108.5	-0.000128038
109	-0.000105313
109.5	-9.06224e-05
110	-7.67023e-05
110.5	-6.73701e-05
111	-5.15126e-05
111.5	-3.70626e-05
112	-2.90776e-05
112.5	-1.48556e-05
113	-1.55049e-06
113.5	-1.07429e-06
114	-7.95006e-06
114.5	-1.11358e-05
115	-1.21927e-05
115.5	-1.30786e-05
116	-1.628e-05
116.5	-1.77774e-05
117	-2.39335e-05
117.5	-2.22559e-05
118	-0.000168145
118.5	-8.87755e-05
119	8.84698e-05
119.5	0.000394269
120	0.000402024
120.5	1.84147e-05
121	-0.00010657
121.5	-0.000138192
122	-0.000159702
122.5	-0.000113822
123	-0.000108294
123.5	-0.000370199
124	-0.000288057
124.5	-0.000280232
125	-0.000259499
125.5	-0.000269222
126	-0.000231222
126.5	-9.91512e-05
127	-7.81205e-05
127.5	-9.13739e-05
128	-0.000114305
128.5	-0.000123431
129	-0.000101693
129.5	-8.26551e-05
130	-7.05251e-05
130.5	-6.09369e-05
131	-5.37314e-05
131.5	-4.98572e-05
132	-4.39531e-05
132.5	-3.73907e-05
133	-2.88685e-05
133.5	-2.35867e-05
134	-1.98078e-05
134.5	-1.56662e-05
135	-1.18091e-05
135.5	-8.4671e-06
136	-5.91838e-06
136.5	-4.07128e-06
137	-2.98548e-06
137.5	-1.92121e-06
138	-5.4273e-07
138.5	-7.09689e-07
139	-1.98668e-06
139.5	-2.52849e-06
140	-5.72645e-07
140.5	5.83683e-07
141	4.76239e-06
141.5	5.53901e-06
142	3.5781e-06
142.5	1.71945e-06
143	-1.14854e-06
143.5	-2.90769e-06
144	-3.71681e-06
144.5	-5.37546e-06
145	-6.25969e-06
145.5	-6.48682e-06
146	-6.39e-06
146.5	-6.20257e-06
147	-7.0596e-06
147.5	-9.22052e-06
148	-9.66971e-06
148.5	-9.48932e-06
149	-8.96021e-06
149.5	-8.09207e-06
150	-7.09896e-06
150.5	-6.56143e-06
151	-6.09597e-06
151.5	-5.69223e-06
152	-5.78373e-06
152.5	-6.68829e-06
153	-7.61673e-06
153.5	-9.00975e-06
154	-1.1176e-05
154.5	-1.21909e-05
155	-1.22119e-05
155.5	-8.90005e-06
156	-7.00302e-06
156.5	-4.88118e-06
157	-3.54301e-06
157.5	-2.05752e-06
158	-2.39133e-06
158.5	-3.1731e-06
159	-3.42856e-06
159.5	-5.09864e-06
160	-6.10561e-06
160.5	-7.1505e-06
161	-7.59246e-06
161.5	-7.86425e-06
162	-7.93879e-06
162.5	-8.91552e-06
163	-1.02986e-05
163.5	-1.08165e-05
164	-1.07965e-05
164.5	-1.07387e-05
165	-1.06018e-05
165.5	-1.06194e-05
166	-1.08183e-05
166.5	-1.09865e-05
167	-1.16034e-05
167.5	-1.37631e-05
168	-1.31959e-05
168.5	-1.83923e-05
169	-4.80316e-05
169.5	-8.47922e-05
170	-7.51683e-05
170.5	-5.0414e-05
171	-1.95812e-05
171.5	-4.58279e-06
172	-3.30493e-06
172.5	-2.63844e-06
173	2.33288e-07
173.5	-5.50636e-06
174	-5.51673e-06
174.5	-3.42709e-06
175	-2.47414e-06
175.5	-7.52786e-06
176	-8.8272e-06
176.5	-9.16719e-06
177	-9.28239e-06
177.5	-9.5685e-06
178	-9.6535e-06
178.5	-9.4184e-06
179	-9.9626e-06
179.5	-9.99424e-06
180	-1.09144e-05
180.5	-1.08235e-05
181	-1.15365e-05
181.5	-1.16877e-05
182	-1.15719e-05
182.5	-1.30116e-05
183	-1.49157e-05
183.5	-1.428e-05
184	-1.36776e-05
184.5	-1.26789e-05
185	-1.37782e-05
185.5	-2.13915e-05
186	-2.82382e-05
186.5	-1.53446e-05
187	-8.30192e-06
187.5	-1.71267e-06
188	-7.28391e-06
188.5	-5.93254e-05
189	-5.00341e-05
189.5	-4.77722e-05
190	-3.83892e-05
190.5	-3.04522e-05
191	-2.7879e-05
191.5	-2.90479e-05
192	-2.49198e-05
192.5	-2.01166e-05
193	-1.75218e-05
193.5	-1.53793e-05
194	-1.32842e-05
194.5	-1.1766e-05
195	-1.09753e-05
195.5	-1.0498e-05
196	-1.31361e-05
196.5	-1.43279e-05
197	-1.54085e-05
197.5	-1.44263e-05
198	-1.32433e-05
198.5	-1.128e-05
199	-8.46626e-06
199.5	1.95001e-06
200	3.17958e-06
200.5	2.48152e-06
201	1.80382e-06
201.5	1.02026e-06
202	-3.10175e-06
202.5	-6.13595e-06
203	-6.83668e-06
203.5	-4.08486e-06
204	-2.40645e-06
204.5	-2.15081e-06
205	-1.82341e-06
205.5	-2.08055e-06
206	-2.58552e-06
206.5	-4.08801e-06
207	-4.71189e-06
207.5	-4.92964e-06
208	-4.95637e-06
208.5	-4.99386e-06
209	-4.98864e-06
209.5	-5.06576e-06
210	-9.57076e-06
210.5	-1.11572e-05
211	-9.88818e-06
211.5	-1.26626e-05
212	-1.40319e-05
212.5	-1.43578e-05
213	-1.4023e-05
213.5	-1.28495e-05
214	-8.43552e-06
214.5	-1.09597e-05
215	-8.37471e-06
215.5	-1.92194e-06
216	-1.68089e-06
216.5	4.5471e-06
217	1.78376e-06
217.5	-2.62984e-07
218	-1.18039e-06
218.5	-1.07851e-06
219	-3.37132e-06
219.5	-5.96581e-06
220	-7.15176e-06
220.5	-0.000118174
221	-6.68047e-05
221.5	-4.52581e-05
222	-3.99063e-05
222.5	-3.80535e-05
223	-3.45086e-05
223.5	-2.46881e-06
224	1.67573e-05
224.5	-2.59343e-06
225	0.000172214
225.5	0.000280126
226	0.000343991
226.5	-6.21371e-05
227	-0.000110847
227.5	-0.000137186
228	-7.50439e-05
228.5	-0.000137731
229	-9.25336e-05
229.5	-0.000121986
230	-4.83227e-05
230.5	-5.36521e-05
231	-9.52949e-05
231.5	-6.99115e-05
232	-9.39027e-05
232.5	-0.000112865
233	-0.000178045
233.5	-0.000185491
234	-0.000148398
234.5	-0.000153015
235	-0.000157863
235.5	-0.000152611
236	-0.000148276
236.5	-0.000140993
237	-0.000131063
237.5	-0.000120155
238	-0.000109549
238.5	-9.97421e-05
239	-7.89078e-05
239.5	-6.52024e-05
240	-5.52216e-05
240.5	-4.24947e-05
241	-3.33929e-05
241.5	-2.66119e-05
242	-2.08798e-05
242.5	-1.70214e-05
243	-1.36251e-05
243.5	-1.02716e-05
244	-6.79615e-06
244.5	-5.05434e-06
245	-3.50214e-06
245.5	-2.7564e-06
246	-2.88376e-06
246.5	-3.01376e-06
247	7.21378e-06
247.5	7.13093e-06
248	5.56802e-06
248.5	5.38437e-06
249	3.76371e-06
249.5	1.63209e-06
250	-8.30005e-07
250.5	-4.74462e-06
251	-7.33584e-06
251.5	-8.61298e-06
252	-8.16271e-06
252.5	-7.14417e-06
253	-6.55943e-06
253.5	-6.83778e-06
254	-6.74157e-06
254.5	-6.44371e-06
255	-6.15269e-06
255.5	-5.57881e-06
256	-4.82309e-06
256.5	-4.39941e-06
257	-4.23191e-06
257.5	-4.13769e-06
258	-3.95655e-06
258.5	-3.965e-06
259	-3.97362e-06
259.5	-4.84541e-06
260	-5.26389e-06
260.5	-5.61021e-06
261	-1.18824e-05
261.5	-1.24802e-05
262	-1.40445e-05
262.5	-1.51019e-05
263	-1.53089e-05
263.5	-1.04931e-05
264	-9.98101e-06
264.5	-9.78726e-06
265	-9.4981e-06
265.5	-8.83347e-06
266	-8.23225e-06
266.5	-1.11787e-06
267	-2.8082e-05
267.5	-2.72276e-05
268	-2.00559e-05
268.5	-1.42093e-05
269	-1.09163e-05
269.5	-1.0051e-05
270	-3.28029e-05
270.5	-9.27386e-05
271	-0.000112449
271.5	-0.000108283
272	-8.94223e-05
272.5	-7.57572e-05
273	-6.99894e-05
273.5	-5.92092e-05
274	-3.86834e-05
274.5	-3.05442e-05
275	-2.76934e-05
275.5	-2.84261e-05
276	-4.06595e-05
276.5	-2.99878e-05
277	-1.42407e-05
277.5	-9.4809e-06
278	-1.15083e-05
278.5	-1.23966e-05
279	-1.311e-05
279.5	-1.44846e-05
280	-1.48365e-05
280.5	-1.411e-05
281	-1.29026e-05
281.5	-1.16764e-05
282	-1.06061e-05
282.5	-9.67193e-06
283	-8.74757e-06
283.5	-7.81302e-06
284	-8.68726e-06
284.5	-9.61415e-06
285	-1.2368e-05
285.5	-1.55165e-05
286	-1.57736e-05
286.5	-1.53342e-05
287	-1.51292e-05
287.5	-1.49077e-05
288	-1.1609e-05
288.5	-1.12277e-05
289	-6.43079e-06
289.5	-3.3318e-06
290	-3.93405e-06
290.5	9.65434e-07
291	3.0718e-06
291.5	1.33807e-06
292	-3.86252e-07
292.5	-1.16442e-06
293	-1.39029e-06
293.5	-1.24953e-06
294	-1.0499e-06
294.5	-1.09044e-06
295	-1.40713e-06
295.5	-1.598e-06
296	-2.06454e-06
296.5	-2.69936e-06
297	-3.48571e-06
297.5	-4.79063e-06
298	-5.84127e-06
298.5	-6.18482e-06
299	-8.06893e-06
299.5	-8.60859e-06
300	-8.37237e-06
300.5	-7.54536e-06
301	-5.38388e-06
301.5	-6.7131e-06
302	-7.20015e-06
302.5	-7.1778e-06
303	-7.03482e-06
303.5	-3.17387e-06
304	5.42945e-06
304.5	1.92287e-05
305	2.69391e-05
305.5	2.87922e-05
306	1.92192e-05
306.5	1.0053e-05
307	1.12693e-05
307.5	1.27151e-05
308	1.12267e-05
308.5	9.47212e-06
309	7.68263e-06
309.5	5.79007e-06
310	2.9728e-06
310.5	4.90515e-07
311	-2.86814e-06
311.5	-8.86426e-06
312	-1.19463e-05
312.5	-1.86246e-05
313	-1.35155e-05
313.5	-9.7305e-06
314	-8.94752e-06
314.5	-9.5801e-06
315	-1.07665e-05
315.5	-8.51429e-06
316	-4.98259e-06
316.5	-3.68666e-05
317	-4.02713e-05
317.5	-3.43589e-05
318	1.2832e-05
318.5	2.81938e-05
319	3.03262e-05
319.5	2.9846e-05
320	-9.71583e-06
320.5	-5.13638e-06
321	-1.02768e-05
321.5	-7.13144e-06
322	-1.16033e-05
322.5	-9.55063e-06
323	-8.48581e-06
323.5	-1.04735e-05
324	-1.2387e-05
324.5	-1.26636e-05
325	-1.14644e-05
325.5	-1.05942e-05
326	-1.06696e-05
326.5	-5.02504e-05
327	-4.28842e-05
327.5	-3.7014e-05
328	-3.05369e-05
328.5	-3.04131e-05
329	-0.000209528
329.5	-9.57473e-05
330	-3.16693e-05
330.5	1.00321e-05
331	7.35284e-05
331.5	0.000235361
332	0.000522121
332.5	0.000322685
333	0.000192778
333.5	5.48878e-05
334	-3.59544e-05
334.5	-4.71979e-05
335	-2.66197e-05
335.5	-1.53632e-05
336	-1.07829e-05
336.5	-1.02495e-05
337	-1.05279e-05
337.5	-6.72064e-06
338	-1.02628e-05
338.5	-9.80278e-06
339	-9.27131e-06
339.5	3.14179e-06
340	9.10596e-07
340.5	4.98163e-06
341	-5.61821e-06
341.5	-1.28446e-05
342	-1.08873e-05
342.5	-4.70944e-05
343	-4.09269e-05
343.5	-4.01382e-05
344	-3.81908e-05
344.5	6.55743e-06
345	-4.47591e-05
345.5	-4.28287e-05
346	-3.52165e-05
346.5	-3.69623e-05
347	-4.27355e-05
347.5	-1.68586e-05
348	-0.000107134
348.5	0.000113737
349	0.000340127
349.5	0.000338347
350	0.000324016
350.5	1.75184e-05
351	-0.000113062
351.5	-0.000135573
352	-0.000137007
352.5	-0.000203117
353	-0.000211687
353.5	-0.000175822
354	-0.000119978
354.5	-2.88407e-05
355	-1.91451e-05
355.5	-0.00016505
356	-0.000116916
356.5	-9.68677e-05
357	-9.10636e-05
357.5	-9.2527e-05
358	-7.8701e-05
358.5	-6.42761e-05
359	-4.90111e-05
359.5	-4.13498e-05
360	-3.82285e-05
360.5	-3.34988e-05
361	-2.69637e-05
361.5	-2.1302e-05
362	-1.76429e-05
362.5	-1.55497e-05
363	-1.47094e-05
363.5	-1.35397e-05
364	-1.17252e-05
364.5	-9.69698e-06
365	-9.74297e-06
365.5	-9.1419e-06
366	-8.03358e-06
366.5	-6.80317e-06
367	-5.8934e-06
367.5	-4.0666e-06
368	-4.4184e-06
368.5	-6.21478e-06
369	-4.87301e-06
369.5	-2.48856e-06
370	4.49493e-06
370.5	2.77392e-06
371	3.50155e-07
371.5	-1.37993e-06
372	-2.43535e-06
372.5	-3.20395e-06
373	-4.14308e-06
373.5	-5.35005e-06
374	-6.47534e-06
374.5	-7.27898e-06
375	-7.21579e-06
375.5	-7.09546e-06
376	-6.75769e-06
376.5	-6.65999e-06
377	-6.97944e-06
377.5	-7.15363e-06
378	-3.05317e-05
378.5	-5.76841e-05
379	-6.96615e-05
379.5	-7.15059e-05
380	-6.92693e-05
380.5	-6.25049e-05
381	-5.41689e-05
381.5	-4.42525e-05
382	-3.59899e-05
382.5	-3.17192e-05
383	-2.27333e-05
383.5	-2.07099e-05
384	-1.08793e-05
384.5	-6.10915e-06
385	-7.36218e-06
385.5	-8.16064e-06
386	-6.23215e-06
386.5	-6.23374e-06
387	-6.87021e-06
387.5	-8.96354e-06
388	-1.05035e-05
388.5	-8.07883e-06
389	-7.60603e-06
389.5	-7.68936e-06
390	-8.35e-06
390.5	-8.16306e-06
391	-8.72329e-06
391.5	-9.14628e-06
392	-8.97824e-06
392.5	-9.38174e-06
393	-1.04237e-05
393.5	-1.17645e-05
394	-1.23826e-05
394.5	-1.22228e-05
395	-1.16328e-05
395.5	-1.11316e-05
396	-1.09895e-05
396.5	-1.09141e-05
397	-7.46132e-06
397.5	-5.16726e-06
398	-1.70118e-05
398.5	-7.56857e-05
399	-8.62056e-05
399.5	-8.30816e-05
400	-7.18434e-05
400.5	-6.17827e-05
401	-5.33282e-05
401.5	-4.19928e-05
402	-3.21491e-05
402.5	-2.5981e-05
403	-2.23002e-05
403.5	-2.03116e-05
404	-1.91643e-05
404.5	-2.03134e-05
405	-1.81579e-05
405.5	-1.31879e-05
406	-9.71093e-06
406.5	-7.72423e-06
407	-7.10012e-06
407.5	-6.89449e-06
408	-7.04597e-06
408.5	-6.40195e-06
409	-6.39472e-06
409.5	-7.11793e-06
410	-7.24424e-06
410.5	-7.75687e-06
411	-7.57714e-06
411.5	-7.31922e-06
412	-7.43757e-06
412.5	-7.3965e-06
413	-7.50222e-06
413.5	-6.94859e-06
414	-5.06839e-06
414.5	-1.87048e-06
415	-2.70612e-06
415.5	-4.26517e-06
416	-4.56071e-06
416.5	-3.97316e-06
417	-1.70968e-06
417.5	-2.05585e-06
418	-2.57573e-06
418.5	-3.50593e-06
419	-3.15119e-06
419.5	-2.57177e-06
420	-1.85784e-06
420.5	-1.01912e-06
421	-2.25108e-05
421.5	-1.76289e-05
422	-1.04999e-05
422.5	-8.64824e-06
423	-1.00267e-05
423.5	-1.15986e-05
424	-1.38223e-05
424.5	-1.5051e-05
425	-1.50539e-05
425.5	-1.53227e-05
426	-1.65249e-05
426.5	-1.78268e-05
427	-1.81703e-05
427.5	-1.65606e-05
428	-1.36144e-05
428.5	4.57265e-06
429	1.10472e-05
429.5	1.16039e-05
430	8.56029e-06
430.5	1.16965e-05
431	1.14745e-05
431.5	6.30972e-06
432	-8.76232e-06
432.5	-9.99915e-06
433	-6.31928e-06
433.5	-5.01683e-06
434	-4.92462e-06
434.5	-4.69305e-06
435	-4.50667e-06
435.5	-4.28481e-06
436	-4.37475e-06
436.5	-6.22565e-06
437	-7.22328e-06
437.5	-7.31491e-06
438	-7.13979e-06
438.5	-7.31679e-06
439	-7.80379e-06
439.5	-8.40095e-06
440	-8.69972e-06
440.5	-9.16216e-06
441	-8.79685e-06
441.5	-5.34568e-06
442	-5.65487e-06
442.5	-4.96937e-06
443	-1.67573e-06
443.5	-4.08621e-06
444	-4.83651e-06
444.5	3.52247e-06
445	-3.58606e-07
445.5	8.37406e-06
446	2.38705e-07
446.5	-4.42915e-06
447	7.21898e-07
447.5	6.00389e-06
448	-5.43042e-06
448.5	-1.19097e-05
449	-1.14082e-05
449.5	-1.05069e-05
450	-1.02776e-05
450.5	-4.99046e-06
451	-2.31622e-06
451.5	-1.82269e-06
452	-1.8466e-06
452.5	-2.18575e-06
453	-2.30742e-06
453.5	-2.75772e-06
454	-7.19108e-06
454.5	-3.17732e-05
455	-3.68226e-05
455.5	-2.02361e-05
456	-1.42069e-05
456.5	-1.30381e-05
457	-1.37801e-05
457.5	-1.93744e-05
458	-9.28401e-06
458.5	-5.80047e-05
459	-4.33589e-05
459.5	-4.40735e-05
460	-2.04403e-05
460.5	-1.99933e-05
461	-2.23239e-05
461.5	-2.10608e-05
462	-1.65321e-05
462.5	-1.71207e-05
463	-2.14506e-06
463.5	8.85083e-06
464	8.99492e-06
464.5	-1.08138e-06
465	-2.44957e-06
465.5	-2.07061e-06
466	-2.03353e-06
466.5	-3.26615e-06
467	-6.75399e-06
467.5	-1.67216e-05
468	-1.46474e-05
468.5	-4.8125e-05
469	-3.9752e-05
469.5	-3.61816e-05
470	-3.36953e-05
470.5	-3.0906e-05
471	-6.62897e-05
471.5	-7.34425e-05
472	-4.23541e-05
472.5	-2.42452e-05
473	-4.24621e-05
473.5	1.31271e-05
474	6.41344e-06
474.5	1.25623e-05
475	5.19812e-05
475.5	0.000174199
476	0.000219882
476.5	0.000210616
477	0.000303473
477.5	5.38437e-05
478	-3.48111e-05
478.5	-6.46485e-05
479	-0.000206259
479.5	-0.000176489
480	-0.000155291
480.5	-0.000186733
481	-0.000140124
481.5	-0.000120312
482	-0.000208388
482.5	-9.675e-05
483	-9.44638e-05
483.5	-9.93538e-05
484	-7.00274e-05
484.5	-4.59236e-05
485	-4.83643e-05
485.5	-5.82851e-05
486	-7.06988e-05
486.5	-7.11786e-05
487	-5.89122e-05
487.5	-4.81726e-05
488	-3.81358e-05
488.5	-2.91793e-05
489	-2.7677e-05
489.5	-2.47202e-05
490	-2.056e-05
490.5	-1.69229e-05
491	-1.39943e-05
491.5	-1.14373e-05
492	-9.21477e-06
492.5	-7.36193e-06
493	-5.75976e-06
493.5	-4.57499e-06
494	-3.75478e-06
494.5	-2.80786e-06
495	-3.46896e-06
495.5	-3.84621e-06
496	-2.28192e-06
496.5	-2.39813e-06
497	-2.71669e-07
497.5	8.04424e-09
498	5.75333e-09
498.5	-1.24956e-06
499	-1.32367e-06
499.5	-1.64215e-06
500	-2.17285e-06
500.5	-2.67779e-06
501	-2.97418e-06
501.5	-3.84561e-06
502	-5.09358e-06
502.5	-5.69786e-06
503	-6.34275e-06
503.5	-5.58293e-06
504	-4.95755e-06
504.5	-4.66151e-06
505	-4.68765e-06
505.5	-4.62422e-06
506	-4.76898e-06
506.5	-5.18486e-06
507	-6.13241e-06
507.5	-6.33367e-06
508	-6.78887e-06
508.5	-6.47811e-06
509	-6.0415e-06
509.5	-6.85808e-06
510	-5.43494e-06
510.5	-2.71418e-06
511	-2.34544e-06
511.5	-1.53327e-06
512	-1.44655e-06
512.5	-1.44103e-06
513	-5.78297e-07
513.5	2.30065e-06
514	1.70787e-06
514.5	1.26664e-06
515	-1.02961e-06
515.5	-3.4099e-06
516	-5.42484e-06
516.5	-5.46532e-06
517	-5.04803e-06
517.5	-4.88793e-06
518	-5.17121e-06
518.5	-4.8471e-06
519	-3.8008e-06
519.5	-3.16755e-06
520	-3.45362e-06
520.5	-4.01396e-06
521	-4.5513e-06
521.5	-6.90612e-06
522	-9.65362e-06
522.5	-1.03064e-05
523	-1.0015e-05
523.5	-9.48369e-06
524	-8.69618e-06
524.5	-8.24465e-06
525	-1.05741e-05
525.5	-1.08086e-05
526	-1.09263e-05
526.5	-1.26533e-05
527	-7.22134e-06
527.5	7.0111e-06
528	1.48355e-05
528.5	1.24981e-05
529	7.73052e-06
529.5	3.87362e-06
530	1.20236e-06
530.5	3.01215e-07
531	-8.3224e-07
531.5	-2.38977e-06
532	-2.91238e-06
532.5	-4.1072e-06
533	-4.87283e-06
533.5	-4.97354e-06
534	-4.94906e-06
534.5	-5.30804e-06
535	-7.52585e-06
535.5	-8.58998e-06
536	-7.33593e-06
536.5	-7.84981e-06
537	-8.01711e-06
537.5	-8.49502e-06
538	-9.40579e-06
538.5	-9.6825e-06
539	-9.42795e-06
539.5	-7.21772e-06
540	-5.57961e-06
540.5	-6.6914e-06
541	-2.89119e-06
541.5	-3.88399e-07
542	-7.49931e-07
542.5	-1.29446e-06
543	-3.9927e-06
543.5	6.78846e-07
544	2.00505e-06
544.5	-1.94869e-06
545	-5.46984e-06
545.5	-7.8322e-06
546	-8.11113e-06
546.5	-7.88679e-06
547	-8.12412e-06
547.5	-8.5586e-06
548	-8.83394e-06
548.5	-9.45687e-06
549	-8.88418e-06
549.5	-1.08263e-05
550	-1.27419e-05
550.5	-1.292e-05
551	-1.35434e-05
551.5	-1.55295e-05
552	-1.85945e-05
552.5	-2.49314e-05
553	-3.25899e-05
553.5	-3.33409e-05
554	-4.01936e-05
554.5	-3.77631e-05
555	-2.36111e-05
555.5	-1.43595e-05
556	-9.29647e-06
556.5	-3.66552e-05
557	-5.89304e-05
557.5	-3.55756e-05
558	-1.66069e-05
558.5	-4.72616e-05
559	-5.67555e-05
559.5	-5.39686e-05
560	-4.12734e-05
560.5	-3.37051e-05
561	-3.0243e-05
561.5	-2.65047e-05
562	-2.35733e-05
562.5	-2.01316e-05
563	-1.68053e-05
563.5	-1.19564e-05
564	-9.95772e-06
564.5	-7.91708e-06
565	-6.63542e-06
565.5	-5.19681e-06
566	-4.00961e-06
566.5	-5.43936e-06
567	-5.53766e-06
567.5	-5.47474e-06
568	-5.69232e-06
568.5	-5.86771e-06
569	-6.67368e-06
569.5	-5.66929e-06
570	-3.59626e-06
570.5	-2.93838e-06
571	7.39722e-06
571.5	6.12273e-06
572	6.6078e-06
572.5	5.13417e-06
573	1.97415e-06
573.5	1.2246e-06
574	2.96068e-07
574.5	-6.85793e-07
575	-1.48807e-06
575.5	-7.67429e-05
576	-9.5482e-05
576.5	-9.66414e-05
577	-9.20051e-05
577.5	-8.71302e-05
578	-7.67898e-05
578.5	-6.5861e-05
579	-6.16053e-05
579.5	-5.38121e-05
580	-4.3661e-05
580.5	-3.60954e-05
581	-3.0488e-05
581.5	-2.70084e-05
582	-2.38256e-05
582.5	-2.05479e-05
583	-1.75531e-05
583.5	-1.58981e-05
584	-1.3189e-05
584.5	-3.02231e-06
585	1.96134e-05
585.5	2.33209e-05
586	1.87126e-05
586.5	7.78931e-06
587	7.36677e-06
587.5	8.54818e-06
588	6.42253e-06
588.5	4.00971e-06
589	3.2157e-05
589.5	1.62423e-05
590	8.56033e-06
590.5	5.85918e-06
591	1.02695e-06
591.5	-8.71587e-07
592	5.9144e-05
592.5	6.56142e-05
593	7.06525e-05
593.5	7.95727e-05
594	8.35031e-05
594.5	0.000142131
595	0.000165371
595.5	0.000196288
596	0.000197253
596.5	-5.00281e-05
597	-8.37161e-05
597.5	5.26552e-08
598	-3.93088e-05
598.5	-6.19623e-05
599	-8.83422e-05
599.5	-0.000153279
600	-8.7154e-05
600.5	-9.73329e-05
601	-9.66771e-05
601.5	-4.42907e-05
602	-2.03137e-05
602.5	-6.78391e-05
603	-4.7775e-05
603.5	-9.12266e-05
604	-5.17046e-05
604.5	-0.000108314
605	-5.26504e-05
605.5	-9.82932e-05
606	-0.000166635
606.5	-0.000127458
607	-0.000111518
607.5	-0.000116631
608	-0.000117436
608.5	-8.31607e-05
609	-7.14842e-05
609.5	-5.3337e-05
610	-4.43489e-05
610.5	-4.07502e-05
611	-3.7797e-05
611.5	-2.60211e-05
612	-2.08809e-05
612.5	-1.5674e-05
613	-1.27208e-05
613.5	-1.02309e-05
614	-7.78332e-06
614.5	-6.72658e-06
615	-5.65634e-06
615.5	-4.26771e-06
616	-2.80597e-06
616.5	-2.07424e-06
617	-1.51934e-06
617.5	-9.18418e-07
618	-7.98643e-07
618.5	-2.27789e-06
619	-3.9307e-06
619.5	-4.05216e-06
620	6.81773e-06
620.5	6.95356e-06
621	4.52998e-06
621.5	3.04628e-06
622	4.40897e-06
622.5	2.50685e-06
623	1.29985e-06
623.5	6.34645e-07
624	3.11759e-08
624.5	-8.63874e-07
625	-1.70661e-06
625.5	-4.12218e-06
626	-5.13901e-06
626.5	-5.01085e-06
627	-5.22002e-06
627.5	-5.46094e-06
628	-5.66737e-06
628.5	-6.02242e-06
629	-6.14046e-06
629.5	-5.93337e-06
630	-5.70222e-06
630.5	-5.66066e-06
631	-5.54385e-06
631.5	-6.58427e-06
632	-7.34519e-06
632.5	-9.31904e-06
633	-9.95769e-06
633.5	-9.95386e-06
634	-9.74489e-06
634.5	-9.89295e-06
635	-9.96362e-06
635.5	-8.35282e-06
636	-7.89793e-07
636.5	1.25376e-05
637	9.31078e-06
637.5	4.56059e-06
638	1.20875e-06
638.5	-1.516e-06
639	-3.0158e-06
639.5	-3.58729e-06
640	-3.25435e-06
640.5	-2.46774e-06
641	-2.40109e-06
641.5	-4.35223e-06
642	-1.81651e-06
642.5	-1.54344e-05
643	-2.97534e-05
643.5	-2.35926e-05
644	-2.52606e-05
644.5	-3.8668e-05
645	-3.30572e-05
645.5	-3.10173e-05
646	-2.49794e-05
646.5	-1.87186e-05
647	-1.21394e-05
647.5	-1.01999e-05
648	-8.97349e-06
648.5	-7.9691e-06
649	-1.1607e-05
649.5	-1.75406e-05
650	-1.76387e-05
650.5	-1.71521e-05
651	-2.08451e-05
651.5	-1.17464e-05
652	-4.15219e-06
652.5	1.69907e-06
653	8.92767e-06
653.5	1.22797e-05
654	1.18168e-05
654.5	8.42722e-06
655	5.97465e-06
655.5	4.20084e-06
656	1.5714e-06
656.5	-2.98422e-06
657	-5.89584e-06
657.5	-7.42614e-06
658	-8.2319e-06
658.5	-8.36098e-06
659	-8.11621e-06
659.5	-7.7606e-06
660	-7.86115e-06
660.5	-7.43492e-06
661	-6.59079e-06
661.5	-5.66754e-06
662	-4.59148e-06
662.5	-5.04393e-06
663	-6.9261e-06
663.5	-8.41821e-06
664	-1.13669e-05
664.5	-1.29683e-05
665	-1.21151e-05
665.5	-5.32235e-06
666	-5.56762e-06
666.5	-1.1745e-05
667	-8.10947e-06
667.5	-4.33557e-06
668	-2.68072e-06
668.5	-2.01919e-06
669	-2.26573e-06
669.5	2.37675e-06
670	-5.24166e-06
670.5	-8.94967e-06
671	-4.79979e-06
671.5	-2.22248e-06
672	-2.04421e-06
672.5	-2.17688e-06
673	-2.68298e-06
673.5	-3.08112e-06
674	-3.46127e-06
674.5	-3.40422e-06
675	-3.36031e-06
675.5	-3.51963e-06
676	-4.07863e-06
676.5	-5.18319e-06
677	-6.33511e-06
677.5	-6.99336e-06
678	-8.36895e-06
678.5	-9.26697e-06
679	-1.0404e-05
679.5	-9.983e-06
680	-8.81504e-06
680.5	-6.36419e-06
681	-5.08831e-06
681.5	-4.58761e-06
682	2.40285e-06
682.5	4.85496e-06
683	4.17339e-06
683.5	1.8364e-06
684	-5.47418e-06
684.5	-5.64962e-06
685	-1.27974e-05
685.5	-1.07059e-05
686	-7.20008e-06
686.5	-7.02045e-06
687	-8.82945e-06
687.5	-1.02028e-05
688	-1.10266e-05
688.5	-1.10956e-05
689	-2.24533e-05
689.5	-2.99891e-05
690	-2.49134e-05
690.5	-1.89465e-05
691	-1.72062e-05
691.5	-1.85728e-05
692	-1.55158e-05
692.5	-1.28382e-05
693	-1.21149e-05
693.5	-1.17158e-05
694	-1.20409e-05
694.5	-1.20857e-05
695	-9.51659e-06
695.5	4.70352e-06
696	6.75834e-06
696.5	1.55143e-05
697	1.49185e-05
697.5	1.69876e-05
698	9.01003e-06
698.5	3.3784e-06
699	4.95634e-06
699.5	4.10841e-06
700	1.25021e-05
700.5	1.34513e-05
701	7.07133e-06
701.5	7.37203e-06
702	7.36898e-06
702.5	6.88884e-06
703	1.57873e-05
703.5	9.90273e-06
704	7.04092e-06
704.5	5.81669e-06
705	-1.75456e-05
705.5	-1.185e-05
706	-2.07234e-05
706.5	-3.3399e-05
707	-7.83421e-05
707.5	-5.84323e-05
708	-1.21724e-05
708.5	1.63702e-05
709	4.49088e-05
709.5	0.000189503
710	0.000227821
710.5	0.000377646
711	0.00028539
711.5	0.000152618
712	7.16565e-05
712.5	-6.21354e-06
713	-0.000188831
713.5	-0.000300584
714	-0.000239398
714.5	-0.000424524
715	-0.0001635
715.5	-0.000178126
716	-0.000221382
716.5	-7.53105e-05
717	-2.48752e-05
717.5	-8.52193e-06
718	-3.69783e-05
718.5	-4.24846e-05
719	-6.53684e-05
719.5	-6.08562e-05
720	-5.83376e-05
720.5	-5.34057e-05
721	-4.78127e-05
721.5	-2.94677e-05
722	-2.29732e-05
722.5	-1.84377e-05
723	-3.87155e-06
723.5	4.57604e-06
724	5.5328e-06
724.5	5.47651e-06
725	3.71181e-06
725.5	2.9856e-06
726	3.15151e-06
726.5	3.07828e-06
727	1.93382e-06
727.5	1.05456e-06
728	5.92249e-07
728.5	-1.16522e-08
729	-2.7063e-07
729.5	-7.7395e-07
730	-2.11903e-06
730.5	-2.20723e-06
731	-2.73832e-06
731.5	1.21874e-06
732	-4.80838e-10
732.5	3.80494e-06
733	1.84364e-06
733.5	-2.82796e-06
734	-3.93668e-06
734.5	-3.42597e-06
735	-3.95893e-06
735.5	-5.45481e-06
736	-6.72389e-06
736.5	-7.44212e-06
737	-7.66623e-06
737.5	-8.16788e-06
738	-8.89958e-06
738.5	-9.0626e-06
739	-9.09425e-06
739.5	-1.18081e-05
740	-1.26081e-05
740.5	-1.29991e-05
741	-1.29551e-05
741.5	-1.23312e-05
742	-1.20769e-05
742.5	-1.25089e-05
743	-1.2588e-05
743.5	-1.22235e-05
744	-1.1438e-05
744.5	-1.08049e-05
745	-1.14366e-05
745.5	-1.31355e-05
746	-1.16362e-05
746.5	-1.09221e-05
747	-1.08795e-05
747.5	-1.11908e-05
748	-9.34938e-06
748.5	-7.45026e-06
749	-2.02427e-06
749.5	-3.68824e-06
750	-4.54578e-06
750.5	-3.44135e-06
751	-3.51412e-06
751.5	-3.5139e-06
752	-4.25159e-06
752.5	-7.19366e-06
753	-1.35681e-05
753.5	-2.25885e-05
754	-2.16164e-05
754.5	-2.09608e-05
755	-2.10792e-05
755.5	-1.70019e-05
756	-1.46742e-05
756.5	-1.34843e-05
757	-1.29296e-05
757.5	-1.28348e-05
758	-1.25973e-05
758.5	-1.25704e-05
759	-1.23203e-05
759.5	-1.18364e-05
760	-1.13555e-05
760.5	-1.05936e-05
761	-1.1191e-05
761.5	-1.33542e-05
762	-1.70739e-05
762.5	-1.28551e-05
763	-1.07654e-05
763.5	-1.96959e-05
764	-2.07069e-05
764.5	-2.54627e-05
765	-2.15109e-05
765.5	-1.1374e-05
766	-8.78818e-06
766.5	-8.1998e-06
767	-8.05298e-06
767.5	-8.36575e-06
768	-8.30213e-06
768.5	-8.02047e-06
769	-7.89409e-06
769.5	-7.79877e-06
770	-9.74399e-06
770.5	-1.2324e-05
771	-1.30716e-05
771.5	-1.26971e-05
772	-1.10216e-05
772.5	-9.95696e-06
773	-9.27492e-06
773.5	-8.75424e-06
774	-9.95741e-06
774.5	-1.44844e-05
775	-1.68861e-05
775.5	-1.5672e-05
776	-0.000188506
776.5	-0.000145562
777	-0.000117794
777.5	-0.000100034
778	-8.41279e-05
778.5	-6.45994e-05
779	-4.48387e-05
779.5	-3.72151e-05
780	-3.4047e-05
780.5	-2.97923e-05
781	-2.60463e-05
781.5	-2.25147e-05
782	-2.00732e-05
782.5	-1.73387e-05
783	-1.45141e-05
783.5	-1.24552e-05
784	-1.0604e-05
784.5	-9.4554e-06
785	-9.37163e-06
785.5	-8.66267e-06
786	-7.95248e-06
786.5	-7.24544e-06
787	-6.48248e-06
787.5	-5.43895e-06
788	-4.81818e-06
788.5	-5.80203e-06
789	-6.56649e-06
789.5	-7.89735e-06
790	-8.86842e-06
790.5	-5.79415e-06
791	-1.48562e-06
791.5	1.14975e-06
792	1.82495e-06
792.5	2.90699e-06
793	1.17315e-06
793.5	4.1194e-07
794	2.93415e-07
794.5	-4.87338e-06
795	-2.35645e-06
795.5	-4.81075e-06
796	-2.29533e-06
796.5	-3.20822e-06
797	-4.75866e-06
797.5	-5.3428e-06
798	-5.55155e-06
798.5	-6.89441e-06
799	-8.05644e-06
799.5	-9.07055e-06
800	-1.38172e-05
800.5	-2.50506e-05
801	-2.22794e-05
801.5	-1.78564e-05
802	-1.31943e-05
802.5	-8.79083e-06
803	-1.7769e-05
803.5	-2.0473e-05
804	-1.33644e-05
804.5	-5.92136e-06
805	1.09157e-05
805.5	1.09746e-05
806	1.7319e-05
806.5	3.06783e-06
807	-1.99112e-07
807.5	-2.30908e-06
808	-4.40691e-06
808.5	-6.74726e-06
809	-4.22885e-06
809.5	-1.93553e-06
810	-9.41634e-07
810.5	-1.64195e-06
811	-2.61559e-06
811.5	-3.89813e-06
812	-4.85942e-06
812.5	-5.46687e-06
813	-7.09329e-06
813.5	-9.48795e-06
814	-1.32509e-05
814.5	-8.41434e-06
815	-4.53141e-06
815.5	-1.22663e-05
816	-1.34342e-05
816.5	-1.47829e-05
817	-1.45858e-05
817.5	-1.40871e-05
818	-1.35687e-05
818.5	-1.30965e-05
819	2.29056e-06
819.5	4.81385e-06
820	2.66509e-05
820.5	3.18079e-05
821	3.13282e-05
821.5	2.73484e-05
822	1.97366e-05
822.5	1.34712e-05
823	1.6725e-05
823.5	2.81732e-05
824	7.75851e-05
824.5	0.000226513
825	0.000337743
825.5	0.000405642
826	5.27268e-05
826.5	-4.06697e-05
827	-5.82891e-05
827.5	-0.00020169
828	-0.000172984
828.5	-0.000153851
829	-0.000147908
829.5	-0.000160637
830	-0.000172172
830.5	-0.000156673
831	-4.00088e-05
831.5	-1.74186e-05
832	-3.66865e-05
832.5	-0.000174896
833	-0.000161612
833.5	-8.31839e-05
834	-7.48632e-05
834.5	-3.38271e-05
835	-4.53652e-05
835.5	-6.60509e-05
836	-7.47971e-05
836.5	-7.21263e-05
837	-8.45118e-05
837.5	-5.44671e-05
838	-4.23426e-05
838.5	-4.58318e-05
839	-4.46663e-05
839.5	-3.58012e-05
840	-3.28934e-05
840.5	-3.25285e-05
841	-3.28413e-05
841.5	-3.119e-05
842	-2.78586e-05
842.5	-2.21782e-05
843	-1.99958e-05
843.5	-1.75439e-05
844	-1.4992e-05
844.5	-1.14474e-05
845	-8.4171e-06
845.5	-6.03297e-06
846	-4.23203e-06
846.5	-3.58028e-07
847	-1.9954e-06
847.5	-2.25518e-06
848	9.94536e-07
848.5	1.59597e-07
849	-6.26191e-07
849.5	-1.97697e-06
850	-2.82196e-06
850.5	-2.83744e-06
851	-7.7053e-07
851.5	6.56063e-07
852	-1.73216e-06
852.5	-4.35365e-06
853	-5.61919e-06
853.5	-7.60618e-06
854	-9.4393e-06
854.5	-9.67366e-06
855	-9.27035e-06
855.5	-8.81415e-06
856	-9.9386e-06
856.5	-1.01437e-05
857	-9.7714e-06
857.5	-9.30471e-06
858	-9.91275e-06
858.5	-1.05378e-05
859	-1.17537e-05
859.5	-1.25325e-05
860	-1.28414e-05
860.5	-1.27514e-05
861	-1.21019e-05
861.5	-1.13249e-05
862	-7.20922e-06
862.5	-6.63148e-06
863	-5.74399e-06
863.5	-3.58826e-06
864	-2.98732e-06
864.5	-4.55034e-06
865	-5.61752e-06
865.5	-6.52396e-06
866	-8.40027e-06
866.5	-9.46511e-06
867	-9.77902e-06
867.5	-9.00772e-06
868	-8.84044e-06
868.5	-9.12208e-06
869	-1.07604e-05
869.5	-1.14726e-05
870	-1.12068e-05
870.5	-1.13236e-05
871	-1.13609e-05
871.5	-1.10273e-05
872	-9.94599e-06
872.5	-9.45903e-06
873	-8.57726e-06
873.5	-8.19244e-06
874	-8.02687e-06
874.5	-8.20331e-06
875	-8.76658e-06
875.5	-9.70727e-06
876	-1.4312e-05
876.5	-1.72706e-05
877	-1.19361e-05
877.5	3.28432e-06
878	4.97946e-06
878.5	5.13297e-06
879	3.79263e-06
879.5	2.33137e-06
880	1.34068e-06
880.5	8.97316e-07
881	-6.60126e-07
881.5	-9.58261e-07
882	-8.38395e-07
882.5	-3.29577e-07
883	-1.54779e-05
883.5	-2.29868e-05
884	-1.72252e-05
884.5	-1.12098e-05
885	-7.9621e-06
885.5	-6.55015e-06
886	-7.25589e-06
886.5	-2.09744e-05
887	-1.98909e-05
887.5	-1.90388e-05
888	-1.90569e-05
888.5	-1.24025e-05
889	-8.73511e-06
889.5	-7.19574e-06
890	-6.19879e-06
890.5	-5.79872e-06
891	-3.63305e-06
891.5	-3.38428e-06
892	-4.01967e-06
892.5	-5.59214e-06
893	-8.49546e-06
893.5	-5.92203e-07
894	2.48089e-08
894.5	-4.83455e-07
895	4.12419e-06
895.5	1.97409e-06
896	-2.13825e-06
896.5	-2.0355e-06
897	-1.68233e-06
897.5	-1.92888e-06
898	-2.39661e-06
898.5	-9.02305e-07
899	-5.99277e-06
899.5	-1.45305e-05
900	-1.40359e-05
900.5	-9.63877e-06
901	-8.51839e-06
901.5	-8.86999e-06
902	-9.20474e-06
902.5	-8.89456e-06
903	-8.31196e-06
903.5	-7.56976e-06
904	-7.11094e-06
904.5	-7.26641e-06
905	-8.11623e-06
905.5	-9.60347e-06
906	-9.28605e-06
906.5	-9.45842e-06
907	-9.21804e-06
907.5	1.26287e-06
908	6.044e-06
908.5	5.67774e-06
909	5.51389e-06
909.5	2.25079e-06
910	-1.82714e-07
910.5	-1.64442e-06
911	-2.40092e-06
911.5	-2.95412e-06
912	-6.07241e-06
912.5	-7.66513e-06
913	-8.01794e-06
913.5	-7.66803e-06
914	-7.48658e-06
914.5	-7.43634e-06
915	-6.70108e-06
915.5	-6.108e-06
916	-5.27918e-06
916.5	-4.96135e-06
917	-6.85873e-06
917.5	-1.77169e-05
918	-1.90542e-05
918.5	-1.28717e-05
919	-9.51929e-06
919.5	-8.8328e-06
920	-9.79436e-06
920.5	-7.40333e-05
921	-9.09988e-05
921.5	-8.80549e-05
922	-8.18355e-05
922.5	-6.03163e-05
923	-5.2738e-05
923.5	-4.22214e-05
924	-4.30909e-05
924.5	-3.54988e-05
925	-2.68906e-05
925.5	-2.57587e-05
926	-2.67211e-05
926.5	-2.27578e-05
927	-2.06966e-05
927.5	-2.07185e-05
928	-1.9991e-05
928.5	-1.89346e-05
929	-1.73216e-05
929.5	-1.53569e-05
930	-1.33359e-05
930.5	-1.13271e-05
931	-9.41642e-06
931.5	-8.19575e-06
932	-8.37192e-06
932.5	-9.85712e-06
933	-1.05282e-05
933.5	-1.03177e-05
934	-1.02117e-05
934.5	-8.05526e-06
935	-6.71654e-06
935.5	-9.27756e-06
936	-1.12028e-05
936.5	-6.34059e-06
937	3.17256e-06
937.5	8.74222e-06
938	4.42438e-06
938.5	-7.27295e-06
939	-8.25521e-06
939.5	-4.91323e-06
940	-7.97517e-07
940.5	-1.32173e-06
941	-2.46279e-06
941.5	-4.45016e-06
942	-5.11665e-06
942.5	-5.52483e-06
943	-5.8253e-06
943.5	-5.91866e-06
944	-6.47435e-06
944.5	-1.29412e-05
945	-1.55982e-05
945.5	-1.53889e-05
946	-1.4821e-05
946.5	-1.5109e-05
947	-1.4714e-05
947.5	-1.49108e-05
948	-1.59874e-05
948.5	-1.50469e-05
949	-1.5234e-05
949.5	-1.54078e-05
950	-9.6893e-06
950.5	3.97728e-06
951	4.02006e-06
951.5	3.78314e-06
952	1.80476e-06
952.5	4.24474e-07
953	-1.11904e-06
953.5	-1.7332e-06
954	-2.22017e-06
954.5	-3.92183e-06
955	-4.84431e-06
955.5	-5.01928e-06
956	-6.22903e-06
956.5	-7.42312e-06
957	-7.55006e-06
957.5	-7.69429e-06
958	-7.05513e-06
958.5	-1.50507e-05
959	-1.42186e-05
959.5	-1.44338e-05
960	-1.68335e-05
960.5	-2.04512e-05
961	-1.52641e-05
961.5	-1.25369e-05
962	-2.25768e-05
962.5	-5.48178e-05
963	-3.96215e-05
963.5	-5.80238e-05
964	-4.95991e-05
964.5	-4.94802e-05
965	-5.31783e-05
965.5	-5.37086e-05
966	-4.47299e-05
966.5	-2.66624e-05
967	0.000110909
967.5	0.000247963
968	0.00028956
968.5	0.000459563
969	0.000363214
969.5	0.000198034
970	0.000113778
970.5	8.17505e-05
971	-4.73688e-05
971.5	-8.78502e-05
972	-0.000187457
972.5	-0.00031024
973	-0.000309574
973.5	-0.000319595
974	-0.000310679
974.5	-0.000285592
975	-0.000251939
975.5	-0.00022119
976	-0.000194994
976.5	-0.000170222
977	-0.000145281
977.5	-0.000122197
978	-0.000100246
978.5	-7.94253e-05
979	-6.33769e-05
979.5	-4.93557e-05
980	-3.75397e-05
980.5	-2.7853e-05
981	-2.04907e-05
981.5	-1.49624e-05
982	-1.00264e-05
982.5	-6.13093e-06
983	-3.71202e-06
983.5	-3.5366e-06
984	-1.89022e-06
984.5	1.55514e-06
985	3.19676e-06
985.5	3.1506e-06
986	2.0868e-06
986.5	1.49923e-06
987	1.15222e-05
987.5	1.0196e-05
988	6.43019e-06
988.5	2.86776e-06
989	2.98543e-08
989.5	-1.23207e-06
990	-2.00659e-06
990.5	-2.85137e-06
991	-3.21029e-06
991.5	-3.46545e-06
992	-3.79592e-06
992.5	-4.97401e-06
993	-6.24793e-06
993.5	-7.32102e-06
994	-8.31634e-06
994.5	-1.03773e-05
995	-1.14442e-05
995.5	-1.18181e-05
996	-1.16103e-05
996.5	-8.80255e-06
997	-1.61433e-05
997.5	-2.54744e-05
998	-2.0539e-05
998.5	-1.46054e-05
999	-1.23394e-05
999.5	-1.21229e-05
1000	-1.40141e-05
