0	0
0.5	5.95195e-24
1	1.95267e-25
1.5	-2.46982e-24
2	-4.52883e-24
2.5	2.86709e-24
3	-4.12552e-25
3.5	4.75514e-08
4	1.50079e-07
4.5	1.66592e-07
5	7.6402e-08
5.5	-1.91417e-07
6	-5.1019e-07
6.5	-6.1975e-07
7	-6.02467e-07
7.5	-9.42119e-07
8	-1.13239e-06
8.5	-1.1307e-06
9	-1.21644e-06
9.5	-1.37395e-06
10	-1.40048e-06
10.5	-1.72601e-06
11	-2.28953e-06
11.5	-3.03187e-06
12	-3.86063e-06
12.5	-4.54917e-06
13	-5.37332e-06
13.5	-5.86411e-06
14	-6.06258e-06
14.5	-5.51404e-06
15	-3.6586e-06
15.5	-1.34403e-06
16	-1.24583e-06
16.5	-4.42617e-06
17	-6.74635e-06
17.5	-9.12849e-06
18	-1.30489e-05
18.5	-1.36391e-05
19	-1.21491e-05
19.5	-1.06834e-05
20	-9.67575e-06
20.5	-7.07895e-06
21	-1.14024e-05
21.5	-1.08986e-05
22	-1.00497e-05
22.5	-9.53079e-06
23	-9.25774e-06
23.5	-9.1877e-06
24	-1.87823e-05
24.5	-2.78064e-05
25	-3.05087e-05
25.5	-3.79632e-05
26	-8.46356e-05
26.5	-6.2414e-06
27	-2.09304e-05
27.5	7.98514e-05
28	-0.000143829
28.5	-5.89037e-05
29	-6.04097e-05
29.5	-9.94144e-05
30	-0.000114331
30.5	3.14882e-05
31	-1.54684e-05
31.5	0.000105051
32	0.0004005
32.5	4.08342e-05
33	-0.000415701
33.5	-0.000188267
34	-6.35503e-05
34.5	-3.48498e-05
35	-4.93211e-06
35.5	2.40553e-05
36	3.27331e-05
36.5	1.41693e-05
37	7.85572e-06
37.5	3.22326e-06
38	-1.59878e-06
38.5	-4.94346e-06
39	-9.52229e-06
39.5	-1.44713e-05
40	-1.55588e-05
40.5	-1.46757e-05
41	-1.2661e-05
41.5	-1.06909e-05
42	-9.29869e-06
42.5	-8.45241e-06
43	-7.78458e-06
43.5	-7.14357e-06
44	-6.4775e-06
44.5	-5.86325e-06
45	-5.45872e-06
45.5	-5.19781e-06
46	-5.1786e-06
46.5	-5.3285e-06
47	-5.62153e-06
47.5	-5.87054e-06
48	-6.00749e-06
48.5	-2.31498e-06
49	1.1272e-07
49.5	-5.44536e-07
50	3.55881e-07
50.5	4.86943e-07
51	-9.13356e-07
51.5	-3.17178e-06
52	-1.7357e-06
52.5	-3.79035e-06
53	-5.66219e-06
53.5	-6.80388e-06
54	-7.29705e-06
54.5	-7.4983e-06
55	-7.60779e-06
55.5	-7.66725e-06
56	-7.99349e-06
56.5	-8.25009e-06
57	-8.52071e-06
57.5	-8.6934e-06
58	-8.82674e-06
58.5	-8.95392e-06
59	-8.97348e-06
59.5	-9.01106e-06
60	-9.13183e-06
60.5	-9.67932e-06
61	-1.03483e-05
61.5	-1.1132e-05
62	-1.19324e-05
62.5	-1.22737e-05
63	-1.05067e-05
63.5	-1.158e-05
64	-1.27637e-05
64.5	-1.23233e-05
65	-8.89519e-06
65.5	-9.77051e-06
66	-1.03916e-05
66.5	-1.08696e-05
67	-1.25699e-05
67.5	-1.26616e-05
68	-1.43412e-05
68.5	-1.51208e-05
69	-1.53702e-05
69.5	-1.65248e-05
70	-1.63135e-05
70.5	-1.62143e-05
71	-1.60577e-05
71.5	-1.56358e-05
72	-1.50831e-05
72.5	-1.4565e-05
73	-1.41515e-05
73.5	-1.38452e-05
74	-1.38175e-05
74.5	-1.37686e-05
75	-1.35651e-05
75.5	-1.31918e-05
76	-1.28384e-05
76.5	-1.25509e-05
77	-1.22895e-05
77.5	-1.20121e-05
78	-1.19719e-05
78.5	-1.11181e-05
79	-1.10133e-05
79.5	-1.11643e-05
80	-8.86884e-06
80.5	-5.35814e-06
81	-4.95209e-06
81.5	-5.22262e-06
82	-5.98599e-06
82.5	-7.37602e-06
83	-1.46277e-05
83.5	-1.264e-05
84	-1.20824e-05
84.5	-1.20299e-05
85	-1.1698e-05
85.5	-1.1203e-05
86	-1.0718e-05
86.5	-1.06841e-05
87	-1.06937e-05
87.5	-1.06082e-05
88	-1.03608e-05
88.5	-9.97571e-06
89	-9.76593e-06
89.5	-9.60133e-06
90	-9.28724e-06
90.5	-8.98453e-06
91	-8.74309e-06
91.5	-8.53916e-06
92	-8.46361e-06
92.5	-8.36486e-06
93	-8.23884e-06
93.5	-8.14063e-06
94	-7.85881e-06
94.5	-7.24421e-06
95	-6.05268e-06
95.5	-3.12234e-06
96	-4.47315e-06
96.5	-1.09796e-05
97	-1.02872e-05
97.5	-9.22877e-06
98	-1.08835e-05
98.5	-1.18291e-05
99	-1.23603e-05
99.5	-1.16876e-05
100	-1.09572e-05
100.5	-1.06923e-05
101	-1.07593e-05
101.5	-1.07777e-05
102	-1.3021e-05
102.5	-1.29734e-05
103	-2.15748e-05
103.5	-1.69706e-05
104	-1.42963e-05
104.5	-1.36652e-05
105	-1.35423e-05
105.5	-1.371e-05
106	-1.38577e-05
106.5	-1.8715e-05
107	-2.39882e-05
107.5	-2.76758e-05
108	-2.35013e-05
108.5	-1.70587e-05
109	-1.89659e-05
109.5	-1.57679e-05
110	-2.70667e-05
110.5	-2.85085e-05
111	-3.29234e-05
111.5	-0.000140374
112	0.000102856
112.5	0.000364979
113	3.13921e-05
113.5	-0.000176563
114	-8.73513e-05
114.5	-6.34878e-05
115	-7.55895e-05
115.5	-6.80702e-05
116	-4.55205e-05
116.5	-5.43203e-05
117	-0.000122736
117.5	0.000109411
118	4.99097e-05
118.5	0.000150124
119	-0.000365053
119.5	-0.000201033
120	-7.22759e-05
120.5	-8.02008e-05
121	-7.1711e-05
121.5	-1.34687e-05
122	6.72896e-05
122.5	-1.38812e-05
123	-6.03447e-05
123.5	-4.2137e-05
124	-4.58208e-05
124.5	-4.91743e-05
125	-2.81495e-05
125.5	-8.22508e-06
126	-1.14219e-05
126.5	-1.30171e-05
127	-2.05768e-05
127.5	-2.56023e-05
128	-2.36233e-05
128.5	-1.97516e-05
129	-1.85428e-05
129.5	-1.62762e-05
130	-1.42368e-05
130.5	-1.29482e-05
131	-1.21373e-05
131.5	-1.16728e-05
132	-1.15904e-05
132.5	-1.16526e-05
133	-1.17662e-05
133.5	-1.13181e-05
134	-1.1467e-05
134.5	-1.16292e-05
135	-1.16783e-05
135.5	-1.18021e-05
136	-7.8754e-06
136.5	-5.44286e-06
137	-5.66496e-06
137.5	-7.92999e-06
138	-8.29234e-06
138.5	-9.44881e-06
139	-1.09464e-05
139.5	-1.15079e-05
140	-1.21841e-05
140.5	-1.15173e-05
141	-1.20269e-05
141.5	-1.25913e-05
142	-1.29566e-05
142.5	-1.3136e-05
143	-1.30797e-05
143.5	-1.29016e-05
144	-1.28198e-05
144.5	-1.26914e-05
145	-1.23744e-05
145.5	-1.18748e-05
146	-1.12566e-05
146.5	-1.0828e-05
147	-1.07814e-05
147.5	-1.10758e-05
148	-1.13093e-05
148.5	-1.14254e-05
149	-1.14738e-05
149.5	-1.14304e-05
150	-1.13453e-05
150.5	-1.12543e-05
151	-9.90791e-06
151.5	-3.23448e-06
152	-1.27035e-06
152.5	-3.852e-06
153	-6.01194e-06
153.5	-9.29571e-06
154	-1.19286e-05
154.5	-1.3509e-05
155	-1.46664e-05
155.5	-1.62352e-05
156	-1.70975e-05
156.5	-1.66824e-05
157	-1.59578e-05
157.5	-1.52778e-05
158	-1.45868e-05
158.5	-1.37503e-05
159	-1.29317e-05
159.5	-1.23496e-05
160	-1.16584e-05
160.5	-1.09188e-05
161	-1.01826e-05
161.5	-9.56781e-06
162	-9.19518e-06
162.5	-9.28529e-06
163	-9.5633e-06
163.5	-9.67432e-06
164	-9.73922e-06
164.5	-9.48047e-06
165	-9.13578e-06
165.5	-6.60361e-06
166	-5.63007e-06
166.5	-5.27308e-06
167	-5.20877e-06
167.5	-1.93591e-06
168	-3.55634e-06
168.5	-6.44337e-06
169	-7.38162e-06
169.5	-1.0368e-05
170	-1.30918e-05
170.5	-1.30928e-05
171	-1.0193e-05
171.5	-8.43667e-06
172	-7.41882e-06
172.5	-5.1699e-06
173	-4.29809e-06
173.5	-4.02399e-06
174	-4.06173e-06
174.5	-4.32271e-06
175	-4.45019e-06
175.5	-4.64185e-06
176	-4.9592e-06
176.5	-5.23679e-06
177	-5.4304e-06
177.5	-5.72013e-06
178	-6.16612e-06
178.5	-6.71115e-06
179	-7.526e-06
179.5	-8.34736e-06
180	-8.9816e-06
180.5	-7.13062e-06
181	-6.77006e-06
181.5	-5.51913e-06
182	-6.48851e-06
182.5	-7.23012e-06
183	-7.8341e-06
183.5	-1.10484e-05
184	-1.61493e-05
184.5	-1.5347e-05
185	-2.59777e-05
185.5	-2.68061e-05
186	-2.01183e-05
186.5	-1.59756e-05
187	-1.37418e-05
187.5	-1.2421e-05
188	-1.17757e-05
188.5	-1.14032e-05
189	-1.10008e-05
189.5	-1.06147e-05
190	-1.02881e-05
190.5	-9.97046e-06
191	-9.78911e-06
191.5	-9.85646e-06
192	-9.95752e-06
192.5	-1.00171e-05
193	-1.00515e-05
193.5	-1.01696e-05
194	-1.0545e-05
194.5	-1.1089e-05
195	-1.15359e-05
195.5	-7.44943e-06
196	-7.80012e-06
196.5	-5.93787e-06
197	-8.01755e-06
197.5	-8.10061e-06
198	-7.2651e-06
198.5	-1.06419e-05
199	-1.36712e-05
199.5	-1.65412e-05
200	-2.35253e-05
200.5	-1.96082e-05
201	-1.67526e-05
201.5	-1.50666e-05
202	-1.40832e-05
202.5	-1.36437e-05
203	-1.33777e-05
203.5	-1.31839e-05
204	-1.29739e-05
204.5	-1.268e-05
205	-1.23631e-05
205.5	-1.22082e-05
206	-1.19979e-05
206.5	-1.17474e-05
207	-1.15897e-05
207.5	-1.18786e-05
208	-1.23778e-05
208.5	-1.28183e-05
209	-1.31353e-05
209.5	-1.33901e-05
210	-1.21441e-05
210.5	-1.25362e-05
211	-1.38634e-05
211.5	-9.43191e-06
212	-9.02329e-06
212.5	-9.39879e-06
213	-7.79785e-06
213.5	-1.01832e-05
214	-1.15773e-05
214.5	-1.70676e-05
215	-2.19659e-05
215.5	-2.12808e-05
216	-1.60619e-05
216.5	-1.43502e-05
217	-2.12367e-05
217.5	-1.71651e-05
218	-1.40295e-05
218.5	-1.26593e-05
219	-1.2166e-05
219.5	-1.222e-05
220	-2.17149e-05
220.5	-2.21729e-05
221	-1.6216e-05
221.5	-2.09485e-05
222	-1.92883e-05
222.5	-2.15955e-05
223	-2.36779e-05
223.5	-2.06903e-05
224	-2.07911e-05
224.5	-2.40173e-05
225	-1.69298e-05
225.5	-2.69267e-05
226	-5.9784e-05
226.5	-4.46549e-05
227	0.000335142
227.5	3.47205e-05
228	-0.000214057
228.5	-0.000121446
229	-9.60527e-05
229.5	-4.73646e-05
230	-3.83595e-05
230.5	-3.55101e-05
231	-4.8022e-05
231.5	1.3241e-05
232	0.000113717
232.5	1.52484e-05
233	0.000149101
233.5	-0.000434969
234	-0.000255649
234.5	-0.000102957
235	-2.12028e-05
235.5	-7.18739e-06
236	-1.00208e-05
236.5	6.03581e-06
237	-5.71862e-07
237.5	2.6507e-06
238	-1.74989e-06
238.5	-6.52583e-06
239	-1.01052e-05
239.5	-1.40246e-05
240	-1.72049e-05
240.5	-1.77633e-05
241	-1.63704e-05
241.5	-1.46513e-05
242	-1.34555e-05
242.5	-1.27243e-05
243	-1.22436e-05
243.5	-1.18873e-05
244	-1.15406e-05
244.5	-1.12222e-05
245	-1.07914e-05
245.5	-1.05497e-05
246	-1.07021e-05
246.5	-1.10251e-05
247	-1.10971e-05
247.5	-1.14007e-05
248	-1.1612e-05
248.5	-1.13733e-05
249	-1.19832e-05
249.5	-1.18532e-05
250	-8.96315e-06
250.5	-1.00867e-05
251	-9.79661e-06
251.5	-9.5839e-06
252	-1.02363e-05
252.5	-1.0952e-05
253	-1.20737e-05
253.5	-1.28182e-05
254	-1.31799e-05
254.5	-1.33633e-05
255	-1.454e-05
255.5	-1.49102e-05
256	-1.47712e-05
256.5	-1.44493e-05
257	-1.38742e-05
257.5	-1.31838e-05
258	-1.27398e-05
258.5	-1.24581e-05
259	-1.20136e-05
259.5	-1.12092e-05
260	-1.02726e-05
260.5	-9.49392e-06
261	-8.89654e-06
261.5	-8.34614e-06
262	-8.02571e-06
262.5	-7.63272e-06
263	-7.28617e-06
263.5	-6.69665e-06
264	-9.65026e-06
264.5	-1.00417e-05
265	-8.76643e-06
265.5	-7.43447e-06
266	-6.89931e-06
266.5	-4.93769e-06
267	-7.8989e-06
267.5	-9.30456e-06
268	-8.5023e-06
268.5	-6.55981e-06
269	-5.87654e-06
269.5	-6.12807e-06
270	-6.50943e-06
270.5	-6.74777e-06
271	-6.93479e-06
271.5	-6.99646e-06
272	-6.92264e-06
272.5	-6.76679e-06
273	-6.45346e-06
273.5	-6.06806e-06
274	-5.68468e-06
274.5	-5.61327e-06
275	-5.81949e-06
275.5	-6.05781e-06
276	-6.17888e-06
276.5	-4.02906e-06
277	-3.35136e-06
277.5	-1.79378e-06
278	-4.51634e-07
278.5	-1.68986e-06
279	-3.67418e-06
279.5	-4.72148e-06
280	-4.31216e-06
280.5	-6.7265e-06
281	-5.94461e-06
281.5	-5.55847e-06
282	-7.59329e-06
282.5	-9.92593e-06
283	-1.04845e-05
283.5	-1.05729e-05
284	-1.0718e-05
284.5	-1.04993e-05
285	-1.07554e-05
285.5	-1.10598e-05
286	-1.14031e-05
286.5	-1.17847e-05
287	-1.19776e-05
287.5	-1.22594e-05
288	-1.24379e-05
288.5	-1.22512e-05
289	-1.18558e-05
289.5	-1.14225e-05
290	-1.1226e-05
290.5	-1.11626e-05
291	-1.10297e-05
291.5	-1.00122e-05
292	-8.84098e-06
292.5	-7.21874e-06
293	-6.4256e-06
293.5	-7.94935e-06
294	-8.60703e-06
294.5	-8.27826e-06
295	-1.00242e-05
295.5	-1.23569e-05
296	-9.61795e-06
296.5	-9.54075e-06
297	-9.484e-06
297.5	-9.75506e-06
298	-1.02421e-05
298.5	-1.02857e-05
299	-1.02199e-05
299.5	-1.0135e-05
300	-9.98897e-06
300.5	-9.72949e-06
301	-9.36225e-06
301.5	-8.89457e-06
302	-8.8078e-06
302.5	-8.90074e-06
303	-9.02014e-06
303.5	-9.01108e-06
304	-8.87372e-06
304.5	-8.69331e-06
305	-7.08962e-06
305.5	-6.55062e-06
306	-5.58738e-06
306.5	-6.05392e-06
307	-7.89315e-06
307.5	-8.18074e-06
308	-7.55849e-06
308.5	-7.50633e-06
309	-6.12061e-06
309.5	-7.31357e-06
310	-7.10407e-06
310.5	-6.36593e-06
311	-7.45538e-06
311.5	-7.81809e-06
312	-7.84694e-06
312.5	-8.04149e-06
313	-7.99589e-06
313.5	-7.82786e-06
314	-7.59495e-06
314.5	-7.28804e-06
315	-7.15528e-06
315.5	-7.18002e-06
316	-7.3631e-06
316.5	-7.65327e-06
317	-7.86238e-06
317.5	-7.99934e-06
318	-8.11942e-06
318.5	-6.20672e-06
319	-6.39304e-06
319.5	-6.6577e-06
320	-5.70813e-06
320.5	-2.23248e-06
321	-3.14262e-06
321.5	-4.54244e-06
322	-5.21984e-06
322.5	-6.00297e-06
323	-6.10089e-06
323.5	-4.61567e-06
324	-3.8641e-06
324.5	-5.08202e-06
325	-5.92434e-06
325.5	-6.95197e-06
326	-7.87097e-06
326.5	-8.37674e-06
327	-8.42055e-06
327.5	-8.41305e-06
328	-8.11081e-06
328.5	-7.68237e-06
329	-9.58566e-06
329.5	-1.20096e-05
330	-8.07916e-06
330.5	-8.02219e-06
331	-8.32071e-06
331.5	-8.31646e-06
332	-8.32801e-06
332.5	-8.30293e-06
333	-7.36731e-06
333.5	-8.71507e-06
334	-9.2966e-06
334.5	-9.33568e-06
335	-6.18486e-06
335.5	-5.23956e-06
336	-1.8189e-05
336.5	-1.84932e-05
337	-1.30223e-05
337.5	-1.11419e-05
338	-1.04175e-05
338.5	-1.06477e-05
339	-1.10223e-05
339.5	-1.12425e-05
340	-1.16448e-05
340.5	-1.21117e-05
341	-1.26652e-05
341.5	-1.5385e-05
342	-1.29706e-05
342.5	-1.37114e-05
343	-2.02062e-05
343.5	-1.73388e-05
344	-1.59365e-05
344.5	-1.52846e-05
345	-1.49087e-05
345.5	-1.46109e-05
346	-1.44068e-05
346.5	-1.29438e-05
347	-1.11078e-05
347.5	-1.02844e-05
348	-7.5146e-06
348.5	-9.81895e-06
349	-1.26409e-05
349.5	-1.80021e-05
350	-1.78451e-05
350.5	-2.13556e-05
351	-1.50407e-05
351.5	-4.11694e-05
352	-4.46413e-05
352.5	-8.18474e-05
353	-0.000113873
353.5	8.70067e-05
354	0.000509983
354.5	-1.17681e-05
355	-0.000243753
355.5	-9.13072e-05
356	-0.000101706
356.5	-0.000104772
357	-0.000123152
357.5	5.26317e-05
358	8.44782e-05
358.5	0.000333623
359	-0.000180698
359.5	-0.000316894
360	-0.000100947
360.5	-7.42793e-05
361	-2.53616e-05
361.5	-1.40253e-05
362	-2.56917e-05
362.5	-2.62542e-05
363	-9.24382e-06
363.5	-5.57053e-06
364	-1.61733e-05
364.5	-1.14491e-05
365	-9.93691e-06
365.5	-1.1861e-05
366	-2.92694e-05
366.5	-1.90215e-05
367	-3.32826e-05
367.5	-1.79005e-05
368	-1.37176e-05
368.5	-7.40588e-06
369	-1.28562e-05
369.5	-1.39748e-05
370	-7.1865e-06
370.5	-5.87179e-06
371	-6.14365e-06
371.5	-7.68836e-06
372	-7.55797e-06
372.5	-7.02257e-06
373	-7.41871e-06
373.5	-7.1662e-06
374	-6.61669e-06
374.5	-5.85443e-06
375	-6.45006e-06
375.5	-7.78662e-06
376	-8.72547e-06
376.5	-9.46972e-06
377	-9.9545e-06
377.5	-9.20107e-06
378	-6.70053e-06
378.5	-7.5174e-06
379	-8.56099e-06
379.5	-1.01536e-05
380	-1.12111e-05
380.5	-1.17884e-05
381	-1.20698e-05
381.5	-1.1869e-05
382	-1.23884e-05
382.5	-1.3855e-05
383	-1.33538e-05
383.5	-1.31663e-05
384	-1.32512e-05
384.5	-1.13692e-05
385	-1.35686e-05
385.5	-1.35846e-05
386	-1.29255e-05
386.5	-1.31536e-05
387	-1.30639e-05
387.5	-1.12505e-05
388	-1.10693e-05
388.5	-1.11689e-05
389	-1.13084e-05
389.5	-9.63859e-06
390	-9.0932e-06
390.5	-9.20957e-06
391	-9.51682e-06
391.5	-1.09746e-05
392	-1.10502e-05
392.5	-1.07399e-05
393	-1.04265e-05
393.5	-1.11487e-05
394	-1.09107e-05
394.5	-1.03239e-05
395	-1.02396e-05
395.5	-1.01895e-05
396	-9.9686e-06
396.5	-9.25369e-06
397	-9.69524e-06
397.5	-8.51112e-06
398	-8.78486e-06
398.5	-9.3047e-06
399	-8.0105e-06
399.5	-7.9146e-06
400	-6.97301e-06
400.5	-6.78964e-06
401	-6.98785e-06
401.5	-7.11192e-06
402	-6.31513e-06
402.5	-4.93673e-06
403	-5.56584e-06
403.5	-6.19747e-06
404	-6.55855e-06
404.5	-6.53882e-06
405	-6.47596e-06
405.5	-6.37674e-06
406	-6.23024e-06
406.5	-5.96835e-06
407	-5.77789e-06
407.5	-5.59015e-06
408	-5.28035e-06
408.5	-4.99095e-06
409	-4.4412e-06
409.5	-1.99654e-06
410	1.80888e-07
410.5	1.67479e-07
411	-1.31274e-06
411.5	-4.07184e-06
412	-6.09612e-06
412.5	-7.90653e-06
413	-8.4953e-06
413.5	-8.62909e-06
414	-7.08318e-06
414.5	-7.0795e-06
415	-7.40472e-06
415.5	-6.70333e-06
416	-6.54965e-06
416.5	-6.4612e-06
417	-6.74868e-06
417.5	-7.24574e-06
418	-1.14489e-05
418.5	-1.03909e-05
419	-1.00599e-05
419.5	-1.00603e-05
420	-1.00637e-05
420.5	-1.00714e-05
421	-1.00566e-05
421.5	-1.00558e-05
422	-1.00222e-05
422.5	-9.77951e-06
423	-7.84403e-06
423.5	-7.15246e-06
424	-7.32008e-06
424.5	-7.78926e-06
425	-7.99833e-06
425.5	-6.99012e-06
426	-6.01819e-06
426.5	-4.74027e-06
427	-6.37174e-06
427.5	-9.87266e-06
428	-7.99413e-06
428.5	-6.96316e-06
429	-1.04824e-05
429.5	-8.95663e-06
430	-1.01508e-05
430.5	-1.12981e-05
431	-1.18411e-05
431.5	-1.18833e-05
432	-1.16475e-05
432.5	-1.12605e-05
433	-1.09921e-05
433.5	-1.073e-05
434	-1.04313e-05
434.5	-9.94946e-06
435	-9.44398e-06
435.5	-9.11294e-06
436	-8.76253e-06
436.5	-8.50915e-06
437	-8.29911e-06
437.5	-6.33624e-06
438	-5.57916e-06
438.5	-5.0827e-06
439	-8.38783e-06
439.5	-8.87578e-06
440	-9.15118e-06
440.5	-9.37721e-06
441	-1.12491e-05
441.5	-1.11393e-05
442	-9.85419e-06
442.5	-1.08065e-05
443	-1.10584e-05
443.5	-1.09767e-05
444	-1.10474e-05
444.5	-1.21241e-05
445	-1.22912e-05
445.5	-1.2257e-05
446	-1.21707e-05
446.5	-1.20312e-05
447	-1.16846e-05
447.5	-1.1218e-05
448	-1.12352e-05
448.5	-1.14011e-05
449	-1.15968e-05
449.5	-1.17114e-05
450	-1.17545e-05
450.5	-9.81614e-06
451	-8.62913e-06
451.5	-8.82309e-06
452	-9.03834e-06
452.5	-8.45342e-06
453	-7.08168e-06
453.5	-6.77164e-06
454	-8.85864e-06
454.5	-9.15394e-06
455	-1.20168e-05
455.5	-1.17088e-05
456	-1.04634e-05
456.5	-9.84429e-06
457	-9.26736e-06
457.5	-8.60715e-06
458	-8.23485e-06
458.5	-8.13096e-06
459	-8.17927e-06
459.5	-1.02643e-05
460	-6.2038e-06
460.5	-7.66657e-06
461	-9.62824e-06
461.5	-1.09902e-05
462	-1.44216e-05
462.5	-1.04316e-05
463	-1.17668e-05
463.5	-1.32242e-05
464	-1.42639e-05
464.5	-1.4973e-05
465	-1.54488e-05
465.5	-1.5676e-05
466	-1.56203e-05
466.5	-1.04694e-05
467	-4.58392e-06
467.5	-7.67623e-07
468	-7.05204e-06
468.5	-7.96133e-06
469	-1.04692e-05
469.5	-9.35616e-06
470	-1.05587e-05
470.5	-1.3234e-05
471	-1.57653e-05
471.5	-2.20109e-05
472	-2.06801e-05
472.5	-1.85338e-05
473	-1.64399e-05
473.5	-1.48256e-05
474	-1.35479e-05
474.5	-1.26038e-05
475	-1.21848e-05
475.5	-1.20551e-05
476	-1.15798e-05
476.5	-1.29294e-05
477	-1.25441e-05
477.5	-1.14403e-05
478	-1.56111e-05
478.5	-1.64276e-05
479	-1.21343e-05
479.5	-1.9856e-05
480	-1.58391e-05
480.5	-1.22949e-05
481	-1.5537e-05
481.5	-2.90526e-05
482	-1.31901e-05
482.5	-6.13916e-05
483	5.18479e-05
483.5	3.27887e-05
484	0.000242924
484.5	-0.000151922
485	-0.000154842
485.5	-9.43237e-05
486	-7.38824e-05
486.5	-0.000110634
487	3.53191e-05
487.5	4.11621e-05
488	-1.81507e-05
488.5	2.44151e-05
489	3.74169e-05
489.5	-7.62649e-06
490	-6.1407e-05
490.5	-5.48232e-05
491	-2.85922e-05
491.5	-1.54451e-05
492	-5.30028e-06
492.5	3.56894e-07
493	-1.68039e-05
493.5	-6.2261e-06
494	-1.30707e-05
494.5	-2.09308e-05
495	-2.9218e-06
495.5	-3.49745e-06
496	-2.6312e-05
496.5	-2.91034e-05
497	-2.59424e-05
497.5	-1.97101e-05
498	-1.12775e-05
498.5	-9.26424e-06
499	-1.46591e-05
499.5	-1.49144e-05
500	-1.8727e-05
500.5	-1.62874e-05
501	-1.76749e-05
501.5	-1.43885e-05
502	-1.12976e-05
502.5	-1.02533e-05
503	-1.03353e-05
503.5	-1.0941e-05
504	-1.15244e-05
504.5	-1.20355e-05
505	-1.22043e-05
505.5	-1.2043e-05
506	-1.04808e-05
506.5	-1.08596e-05
507	-1.16937e-05
507.5	-1.12198e-05
508	-1.00144e-05
508.5	-1.03437e-05
509	-1.09058e-05
509.5	-1.14791e-05
510	-1.1771e-05
510.5	-1.17528e-05
511	-1.12499e-05
511.5	-1.15744e-05
512	-1.23134e-05
512.5	-1.26744e-05
513	-1.28046e-05
513.5	-1.26323e-05
514	-1.22604e-05
514.5	-1.17182e-05
515	-1.08097e-05
515.5	-1.04819e-05
516	-9.99293e-06
516.5	-1.00437e-05
517	-1.02001e-05
517.5	-1.07006e-05
518	-9.67237e-06
518.5	-1.05935e-05
519	-1.18881e-05
519.5	-1.18758e-05
520	-1.10347e-05
520.5	-1.10716e-05
521	-1.06941e-05
521.5	-8.66404e-06
522	-8.60841e-06
522.5	-8.79804e-06
523	-8.74578e-06
523.5	-8.92164e-06
524	-9.69749e-06
524.5	-1.0224e-05
525	-1.03854e-05
525.5	-1.07216e-05
526	-1.11654e-05
526.5	-1.14261e-05
527	-1.26854e-05
527.5	-1.30288e-05
528	-1.24016e-05
528.5	-1.02198e-05
529	-9.02534e-06
529.5	-8.9241e-06
530	-5.89166e-06
530.5	-6.40353e-06
531	-7.61457e-06
531.5	-8.40495e-06
532	-8.79692e-06
532.5	-8.85949e-06
533	-8.83389e-06
533.5	-8.76195e-06
534	-8.77814e-06
534.5	-6.77303e-06
535	-5.86753e-06
535.5	-6.04226e-06
536	-6.12574e-06
536.5	-5.05224e-06
537	-3.07715e-06
537.5	-1.96693e-06
538	-2.93632e-06
538.5	-4.94372e-06
539	-6.97623e-06
539.5	-8.13984e-06
540	-9.71858e-06
540.5	-9.57816e-06
541	-8.47628e-06
541.5	-7.06283e-06
542	-9.32843e-06
542.5	-1.04231e-05
543	-1.06947e-05
543.5	-1.0678e-05
544	-1.04753e-05
544.5	-1.02708e-05
545	-1.01768e-05
545.5	-1.01604e-05
546	-1.02807e-05
546.5	-1.04169e-05
547	-1.06603e-05
547.5	-1.09571e-05
548	-1.16117e-05
548.5	-1.23453e-05
549	-1.29603e-05
549.5	-1.33176e-05
550	-1.3016e-05
550.5	-1.21376e-05
551	-1.25438e-05
551.5	-1.3033e-05
552	-8.56385e-06
552.5	-1.1289e-05
553	-1.34723e-05
553.5	-1.27985e-05
554	-1.21142e-05
554.5	-1.27004e-05
555	-2.01401e-05
555.5	-1.62881e-05
556	-1.33966e-05
556.5	-1.21379e-05
557	-1.12075e-05
557.5	-1.23812e-05
558	-1.07555e-05
558.5	-9.31976e-06
559	-8.32166e-06
559.5	-1.21049e-05
560	-1.26107e-05
560.5	-1.0887e-05
561	-1.06958e-05
561.5	-1.11186e-05
562	-1.15613e-05
562.5	-1.21097e-05
563	-1.26127e-05
563.5	-1.29328e-05
564	-1.34092e-05
564.5	-1.40566e-05
565	-1.47309e-05
565.5	-1.53474e-05
566	-1.60181e-05
566.5	-1.36338e-05
567	-8.71037e-06
567.5	1.37654e-06
568	8.06399e-06
568.5	6.05603e-06
569	3.05462e-06
569.5	-7.00315e-06
570	-9.12525e-06
570.5	-9.81271e-06
571	-1.04995e-05
571.5	-1.10519e-05
572	-1.12035e-05
572.5	-1.09124e-05
573	-1.04661e-05
573.5	-9.99367e-06
574	-9.4674e-06
574.5	-1.53077e-05
575	-1.60462e-05
575.5	-1.19673e-05
576	-9.88653e-06
576.5	-8.99101e-06
577	-8.88409e-06
577.5	-8.92047e-06
578	-8.74299e-06
578.5	-8.44693e-06
579	-7.99014e-06
579.5	-7.43375e-06
580	-3.00032e-06
580.5	2.53085e-07
581	3.98217e-06
581.5	-8.97133e-07
582	-2.87499e-06
582.5	-2.59117e-06
583	-5.40602e-06
583.5	-6.79588e-06
584	-7.5002e-06
584.5	-7.75886e-06
585	-9.08231e-06
585.5	-8.79728e-06
586	-8.77747e-06
586.5	-9.95527e-06
587	-1.09271e-05
587.5	-8.08484e-06
588	-6.48574e-06
588.5	-6.23927e-06
589	-6.66806e-06
589.5	-7.45275e-06
590	-8.39809e-06
590.5	-9.33953e-06
591	-1.03466e-05
591.5	-1.01819e-05
592	-1.03377e-05
592.5	-1.10359e-05
593	-1.14371e-05
593.5	-1.60957e-05
594	-1.69526e-05
594.5	-1.3381e-05
595	-7.03559e-06
595.5	-4.58723e-06
596	-6.0199e-06
596.5	-7.39174e-06
597	-1.91059e-05
597.5	-2.18563e-05
598	-2.83392e-05
598.5	-2.96837e-05
599	-4.93022e-05
599.5	-0.000137685
600	0.000100449
600.5	0.000112874
601	0.000165776
601.5	-0.000226394
602	-6.55643e-05
602.5	-5.96894e-05
603	-7.95453e-05
603.5	-6.48996e-05
604	-9.65246e-05
604.5	-0.000177718
605	0.000164388
605.5	6.93855e-05
606	6.69964e-05
606.5	-0.000346935
607	-0.000166474
607.5	-9.47357e-05
608	-0.000104031
608.5	-1.11384e-05
609	0.000101578
609.5	3.0323e-06
610	-3.08179e-05
610.5	-3.38028e-05
611	-1.9754e-05
611.5	-1.82557e-05
612	-3.57506e-05
612.5	-4.58904e-05
613	-2.56134e-05
613.5	-9.73191e-06
614	-2.18129e-05
614.5	-1.53531e-05
615	-2.16604e-05
615.5	-2.80466e-05
616	-1.83938e-05
616.5	-8.74128e-06
617	-8.74636e-06
617.5	-4.32993e-06
618	-3.0179e-06
618.5	-3.78909e-06
619	-1.27857e-05
619.5	-1.41868e-05
620	-9.60074e-06
620.5	-6.20551e-06
621	-2.24855e-06
621.5	-6.68203e-06
622	-4.15596e-06
622.5	-2.74284e-06
623	-3.29807e-06
623.5	-4.62963e-06
624	-5.05625e-06
624.5	-5.13794e-06
625	-5.42784e-06
625.5	-5.99249e-06
626	-6.76695e-06
626.5	-7.08632e-06
627	-7.13609e-06
627.5	-5.77965e-06
628	-4.91792e-06
628.5	-5.4964e-06
629	-6.11419e-06
629.5	-6.47484e-06
630	-6.77414e-06
630.5	-7.44469e-06
631	-8.22653e-06
631.5	-9.0667e-06
632	-1.01515e-05
632.5	-1.1705e-05
633	-1.32211e-05
633.5	-1.4386e-05
634	-1.5182e-05
634.5	-1.56071e-05
635	-1.57856e-05
635.5	-1.58453e-05
636	-1.57417e-05
636.5	-1.56757e-05
637	-1.51254e-05
637.5	-1.3342e-05
638	-1.33247e-05
638.5	-1.36072e-05
639	-1.28127e-05
639.5	-1.36263e-05
640	-1.6103e-05
640.5	-1.1571e-05
641	-1.50316e-05
641.5	-1.48148e-05
642	-1.36159e-05
642.5	-1.23907e-05
643	-1.15054e-05
643.5	-1.10995e-05
644	-1.07906e-05
644.5	-1.05726e-05
645	-1.02959e-05
645.5	-9.96454e-06
646	-9.04226e-06
646.5	-8.96217e-06
647	-9.2806e-06
647.5	-9.48004e-06
648	-9.51153e-06
648.5	-9.41331e-06
649	-9.31625e-06
649.5	-6.92076e-06
650	-6.69158e-06
650.5	-6.82047e-06
651	-6.75229e-06
651.5	-5.84691e-06
652	-4.81565e-06
652.5	-4.76631e-06
653	-6.12611e-06
653.5	-8.33895e-06
654	-1.16623e-05
654.5	-1.31179e-05
655	-1.39761e-05
655.5	-1.37149e-05
656	-1.4262e-05
656.5	-1.42779e-05
657	-1.34247e-05
657.5	-1.25686e-05
658	-1.16545e-05
658.5	-1.07612e-05
659	-9.95092e-06
659.5	-9.49336e-06
660	-9.46026e-06
660.5	-9.47828e-06
661	-9.38244e-06
661.5	-9.07588e-06
662	-8.94596e-06
662.5	-8.84448e-06
663	-8.73685e-06
663.5	-6.18799e-06
664	-4.90625e-06
664.5	-4.82381e-06
665	-3.84811e-06
665.5	-2.67722e-06
666	-2.43157e-06
666.5	-2.0062e-06
667	-2.25846e-06
667.5	-4.31132e-06
668	-5.21234e-06
668.5	-5.73667e-06
669	-8.11039e-06
669.5	-9.58932e-06
670	-1.01915e-05
670.5	-1.03701e-05
671	-1.03119e-05
671.5	-1.01383e-05
672	-9.9653e-06
672.5	-9.71746e-06
673	-9.18781e-06
673.5	-8.65067e-06
674	-8.18295e-06
674.5	-7.71551e-06
675	-7.49348e-06
675.5	-7.52456e-06
676	-7.94783e-06
676.5	-8.06869e-06
677	-8.14934e-06
677.5	-8.30144e-06
678	-8.21101e-06
678.5	-8.02058e-06
679	-7.8559e-06
679.5	-7.60158e-06
680	-7.99657e-06
680.5	-6.62215e-06
681	-2.72081e-06
681.5	1.86676e-06
682	-7.31406e-07
682.5	-4.12362e-06
683	-7.76342e-06
683.5	-8.78025e-06
684	-9.05187e-06
684.5	-9.16333e-06
685	-1.39469e-05
685.5	-1.33132e-05
686	-1.14592e-05
686.5	-1.02759e-05
687	-9.48916e-06
687.5	-9.04619e-06
688	-9.07335e-06
688.5	-9.63441e-06
689	-1.47603e-05
689.5	-1.24364e-05
690	-1.14203e-05
690.5	-1.13369e-05
691	-1.16007e-05
691.5	-1.17226e-05
692	-1.20305e-05
692.5	-1.25428e-05
693	-1.33619e-05
693.5	-1.41004e-05
694	-1.44002e-05
694.5	-1.48087e-05
695	-1.56527e-05
695.5	-1.37424e-05
696	-1.19195e-05
696.5	-1.74716e-05
697	-1.30383e-05
697.5	-9.78114e-06
698	-1.05863e-05
698.5	-1.28108e-05
699	-1.54933e-05
699.5	-1.65937e-05
700	-1.72216e-05
700.5	-1.76615e-05
701	-1.76758e-05
701.5	-2.04711e-05
702	-1.85931e-05
702.5	-1.77218e-05
703	-1.70696e-05
703.5	-1.67034e-05
704	-1.64645e-05
704.5	-1.63204e-05
705	-1.81352e-05
705.5	-2.08379e-05
706	-1.78162e-05
706.5	-1.5968e-05
707	-1.471e-05
707.5	-1.98541e-05
708	-2.10401e-05
708.5	-1.56978e-05
709	-8.60112e-06
709.5	-7.11429e-06
710	-1.46806e-05
710.5	-1.12838e-05
711	-1.4456e-05
711.5	-3.20602e-05
712	-9.54012e-05
712.5	-5.30107e-05
713	0.000146713
713.5	0.000385203
714	5.60433e-05
714.5	-0.000211654
715	-9.05344e-05
715.5	-6.62755e-05
716	-5.31884e-05
716.5	-6.2224e-05
717	-0.000108529
717.5	-9.15312e-05
718	0.00015353
718.5	0.000433164
719	-6.23543e-05
719.5	-0.000306487
720	-0.000115488
720.5	-6.53597e-05
721	-7.4112e-05
721.5	-4.72249e-05
722	-1.11956e-05
722.5	1.16157e-05
723	6.41247e-06
723.5	-2.28395e-05
724	-4.48868e-06
724.5	-1.64224e-05
725	-1.82389e-06
725.5	-1.4133e-05
726	-1.85227e-05
726.5	-1.21117e-05
727	-2.09254e-05
727.5	-2.09557e-05
728	-2.29224e-05
728.5	-1.49684e-05
729	-1.19754e-05
729.5	-1.21383e-05
730	-1.18818e-05
730.5	-1.08359e-05
731	-9.68347e-06
731.5	-8.70117e-06
732	-7.89111e-06
732.5	-7.14797e-06
733	-6.43791e-06
733.5	-6.36038e-06
734	-3.30274e-06
734.5	-2.51716e-06
735	-3.27256e-06
735.5	-3.49706e-06
736	-2.74645e-06
736.5	-3.2001e-06
737	-3.67797e-06
737.5	-2.83654e-06
738	-3.53463e-06
738.5	-4.41473e-06
739	-5.19201e-06
739.5	-6.76202e-06
740	-8.17664e-06
740.5	-9.10191e-06
741	-1.02416e-05
741.5	-1.14473e-05
742	-1.24677e-05
742.5	-1.28737e-05
743	-1.10135e-05
743.5	-1.02173e-05
744	-1.00945e-05
744.5	-9.88168e-06
745	-9.65667e-06
745.5	-9.52799e-06
746	-9.53318e-06
746.5	-9.69752e-06
747	-7.51738e-06
747.5	-6.36062e-06
748	-7.11e-06
748.5	-7.85123e-06
749	-7.66024e-06
749.5	-7.98344e-06
750	-9.39843e-06
750.5	-1.16586e-05
751	-1.00544e-05
751.5	-1.2009e-05
752	-1.3299e-05
752.5	-1.36373e-05
753	-1.38684e-05
753.5	-1.4222e-05
754	-1.45612e-05
754.5	-1.59437e-05
755	-1.5908e-05
755.5	-1.52536e-05
756	-1.46375e-05
756.5	-1.40676e-05
757	-1.36581e-05
757.5	-1.33855e-05
758	-1.31149e-05
758.5	-1.27111e-05
759	-1.218e-05
759.5	-1.15891e-05
760	-1.11403e-05
760.5	-1.08677e-05
761	-1.05671e-05
761.5	-1.03311e-05
762	-1.02214e-05
762.5	-1.0067e-05
763	-5.51468e-06
763.5	-5.25815e-06
764	-7.38129e-06
764.5	-8.89242e-06
765	-1.09155e-05
765.5	-1.19916e-05
766	-2.04041e-05
766.5	-1.75135e-05
767	-1.35895e-05
767.5	-1.2964e-05
768	-1.32115e-05
768.5	-1.24283e-05
769	-1.15791e-05
769.5	-1.08924e-05
770	-1.03223e-05
770.5	-1.00251e-05
771	-9.6906e-06
771.5	-9.70886e-06
772	-1.00049e-05
772.5	-9.68775e-06
773	-7.49023e-06
773.5	-6.47532e-06
774	-6.34458e-06
774.5	-7.7378e-06
775	-9.22325e-06
775.5	-1.13745e-05
776	-1.46709e-05
776.5	-1.34638e-05
777	-1.25405e-05
777.5	-1.28086e-05
778	-1.30709e-05
778.5	-1.25468e-05
779	-9.95353e-06
779.5	-1.14838e-05
780	-1.53993e-05
780.5	-1.57522e-05
781	-1.68066e-05
781.5	-1.6608e-05
782	-1.63025e-05
782.5	-1.60228e-05
783	-1.59036e-05
783.5	-1.57587e-05
784	-1.54255e-05
784.5	-1.50544e-05
785	-1.47652e-05
785.5	-1.45834e-05
786	-1.43731e-05
786.5	-1.41128e-05
787	-1.35679e-05
787.5	-1.084e-05
788	-8.99245e-06
788.5	-1.03512e-05
789	-9.94617e-06
789.5	-9.40161e-06
790	-6.20788e-06
790.5	-3.92023e-06
791	-9.59514e-07
791.5	-1.58734e-06
792	-4.20836e-06
792.5	-5.775e-06
793	-6.9941e-06
793.5	-2.01761e-05
794	-1.55318e-05
794.5	-1.20645e-05
795	-1.10593e-05
795.5	-1.12797e-05
796	-1.15594e-05
796.5	-1.14344e-05
797	-1.10263e-05
797.5	-1.10077e-05
798	-1.13632e-05
798.5	-1.17555e-05
799	-1.18935e-05
799.5	-1.1749e-05
800	-1.12518e-05
800.5	-1.06312e-05
801	-9.97305e-06
801.5	-9.75526e-06
802	-9.59902e-06
802.5	-9.21923e-06
803	-8.66283e-06
803.5	-8.26587e-06
804	-2.9738e-06
804.5	-3.30373e-06
805	-3.66635e-06
805.5	-3.92137e-06
806	-3.72254e-06
806.5	-5.58087e-06
807	-7.24078e-06
807.5	-8.76443e-06
808	-1.22738e-05
808.5	-2.20132e-05
809	-1.91424e-05
809.5	-2.05277e-05
810	-1.40972e-05
810.5	-1.16106e-05
811	-1.02702e-05
811.5	-9.35906e-06
812	-8.74372e-06
812.5	-8.22057e-06
813	-7.72557e-06
813.5	-7.1346e-06
814	-6.59673e-06
814.5	-6.06555e-06
815	-5.5945e-06
815.5	-7.23615e-06
816	-6.63676e-06
816.5	-5.26572e-06
817	-4.03083e-06
817.5	-3.46358e-06
818	-3.69314e-06
818.5	-3.38582e-06
819	-3.84105e-06
819.5	-8.28744e-06
820	-7.2775e-06
820.5	-5.63752e-06
821	-5.20619e-06
821.5	-2.03738e-05
822	-1.92132e-05
822.5	-1.78671e-05
823	-1.47643e-05
823.5	-1.38746e-05
824	-1.23601e-05
824.5	-1.22942e-05
825	-1.03619e-05
825.5	-9.16196e-06
826	-8.81706e-06
826.5	-9.00571e-06
827	-9.09404e-06
827.5	-9.13577e-06
828	-9.01263e-06
828.5	-1.52602e-05
829	-1.7999e-05
829.5	-1.29048e-05
830	-9.79964e-06
830.5	-1.24626e-05
831	-1.13533e-05
831.5	-1.47617e-05
832	-1.23437e-05
832.5	-1.15338e-05
833	-1.45978e-05
833.5	-1.75222e-05
834	-3.71308e-05
834.5	-8.54904e-05
835	0.000105631
835.5	0.000119195
836	-0.000227569
836.5	-9.12651e-05
837	-0.000107086
837.5	-0.00010421
838	-0.00011435
838.5	5.91136e-05
839	8.4568e-05
839.5	0.000446154
840	-3.96851e-06
840.5	-0.00034927
841	-0.000129826
841.5	-8.57571e-05
842	-5.2905e-05
842.5	-4.26197e-05
843	-2.99507e-05
843.5	1.20542e-06
844	1.63656e-05
844.5	1.00915e-05
845	-6.1937e-06
845.5	-1.25833e-05
846	-1.04153e-05
846.5	-1.59269e-05
847	-9.83284e-06
847.5	-1.20558e-05
848	-1.22353e-05
848.5	-1.07757e-05
849	-1.04327e-05
849.5	-1.01906e-05
850	-1.1276e-05
850.5	-1.07548e-05
851	-8.73711e-06
851.5	-7.32359e-06
852	-6.52442e-06
852.5	-6.2746e-06
853	-6.28759e-06
853.5	-6.31035e-06
854	-5.94209e-06
854.5	-5.55382e-06
855	-2.91455e-06
855.5	-2.57747e-06
856	-2.23541e-06
856.5	-1.90616e-06
857	-2.56356e-06
857.5	-3.19223e-06
858	-8.01597e-07
858.5	4.05606e-07
859	1.07728e-06
859.5	-1.50103e-08
860	-1.02219e-06
860.5	-3.21686e-06
861	-4.86572e-06
861.5	-5.74956e-06
862	-6.14804e-06
862.5	-6.29462e-06
863	-6.44929e-06
863.5	-6.6729e-06
864	-4.52071e-06
864.5	-4.4121e-06
865	-4.75988e-06
865.5	-5.10917e-06
866	-5.20197e-06
866.5	-5.1385e-06
867	-5.06792e-06
867.5	-5.94187e-06
868	-6.65749e-06
868.5	-4.35078e-06
869	-3.34765e-06
869.5	-2.43035e-06
870	-3.88199e-07
870.5	-1.59025e-06
871	-4.21295e-06
871.5	-6.04263e-06
872	-6.5659e-06
872.5	-7.22462e-06
873	-8.4571e-06
873.5	-1.01487e-05
874	-1.05336e-05
874.5	-9.68464e-06
875	-8.98622e-06
875.5	-8.14785e-06
876	-7.53668e-06
876.5	-6.96524e-06
877	-6.58042e-06
877.5	-7.83297e-06
878	-7.26422e-06
878.5	-6.8189e-06
879	-6.56836e-06
879.5	-6.33397e-06
880	-6.08639e-06
880.5	-5.78104e-06
881	-5.64239e-06
881.5	-5.67459e-06
882	-5.68587e-06
882.5	-5.12978e-06
883	-3.79584e-06
883.5	-3.71315e-06
884	-5.12252e-06
884.5	-5.90767e-06
885	-6.48332e-06
885.5	-6.0815e-06
886	-4.08427e-06
886.5	-5.1901e-06
887	-8.01288e-06
887.5	-1.01069e-05
888	-1.12088e-05
888.5	-1.17516e-05
889	-1.09058e-05
889.5	-9.22568e-06
890	-8.68859e-06
890.5	-6.94943e-06
891	-6.88163e-06
891.5	-7.26699e-06
892	-7.51323e-06
892.5	-7.84018e-06
893	-8.00512e-06
893.5	-7.98913e-06
894	-7.93937e-06
894.5	-7.99875e-06
895	-8.07447e-06
895.5	-8.08559e-06
896	-7.00349e-06
896.5	-7.00091e-06
897	-8.64112e-06
897.5	-1.0235e-05
898	-1.142e-05
898.5	-1.01696e-05
899	-7.95249e-06
899.5	-7.33442e-06
900	-8.1256e-06
900.5	-1.08857e-05
901	-1.2086e-05
901.5	-1.22035e-05
902	-1.17707e-05
902.5	-9.12327e-06
903	-6.91834e-06
903.5	-6.30951e-06
904	-6.29512e-06
904.5	-6.7825e-06
905	-7.09128e-06
905.5	-7.06065e-06
906	-6.78208e-06
906.5	-6.28456e-06
907	-5.81794e-06
907.5	-5.36513e-06
908	-5.09455e-06
908.5	-5.04164e-06
909	-4.07385e-06
909.5	-4.58718e-06
910	-5.38816e-06
910.5	-5.68318e-06
911	-5.73553e-06
911.5	-7.21616e-06
912	-8.39641e-06
912.5	-9.08544e-06
913	-9.17484e-06
913.5	-9.28308e-06
914	-9.34059e-06
914.5	-9.32339e-06
915	-9.45143e-06
915.5	-7.66443e-06
916	-6.86115e-06
916.5	-6.03763e-06
917	-5.53056e-06
917.5	-5.26216e-06
918	-6.08749e-06
918.5	-6.78082e-06
919	-7.27473e-06
919.5	-7.50887e-06
920	-7.52776e-06
920.5	-7.41543e-06
921	-7.16764e-06
921.5	-6.68768e-06
922	-6.05578e-06
922.5	-5.35409e-06
923	-5.02567e-06
923.5	-5.18432e-06
924	-5.61935e-06
924.5	-5.59647e-06
925	-4.35515e-06
925.5	-4.6843e-06
926	-5.00161e-06
926.5	-5.52919e-06
927	-4.10252e-06
927.5	-3.2713e-06
928	-4.85805e-06
928.5	-6.29299e-06
929	-7.2889e-06
929.5	-7.3902e-06
930	-5.43633e-06
930.5	-6.31465e-06
931	-7.31557e-06
931.5	-7.82201e-06
932	-7.91736e-06
932.5	-7.87783e-06
933	-7.73293e-06
933.5	-7.48566e-06
934	-7.53145e-06
934.5	-7.44137e-06
935	-7.27535e-06
935.5	-7.16409e-06
936	-7.13401e-06
936.5	-7.14182e-06
937	-7.2054e-06
937.5	-7.07207e-06
938	-6.58428e-06
938.5	-7.15579e-06
939	-4.82254e-06
939.5	-4.74996e-06
940	-5.45082e-06
940.5	-5.82001e-06
941	-5.49364e-06
941.5	-7.96337e-06
942	-1.09375e-05
942.5	-1.44941e-05
943	-1.01177e-05
943.5	-8.03913e-06
944	-7.72372e-06
944.5	-4.32193e-06
945	-4.49706e-06
945.5	-5.61339e-06
946	-5.72908e-06
946.5	-5.93427e-06
947	-1.01484e-05
947.5	-5.61919e-06
948	-6.06665e-06
948.5	-6.80315e-06
949	-7.51136e-06
949.5	-8.04933e-06
950	-8.16531e-06
950.5	-7.97467e-06
951	-6.46996e-06
951.5	-1.00166e-05
952	-1.62356e-05
952.5	-1.20866e-05
953	-9.65686e-06
953.5	-1.00833e-05
954	-1.01319e-05
954.5	-1.05664e-05
955	-9.35037e-06
955.5	-1.93857e-05
956	-1.54693e-05
956.5	-1.09348e-05
957	-1.15973e-05
957.5	-1.39741e-05
958	-2.52698e-05
958.5	-2.10071e-05
959	-2.69716e-05
959.5	-2.712e-05
960	-2.1555e-05
960.5	-1.76437e-05
961	-1.07896e-05
961.5	-8.54742e-06
962	-8.24917e-06
962.5	-8.26011e-06
963	-1.12484e-05
963.5	-2.04681e-05
964	-1.56781e-05
964.5	-1.20067e-05
965	-1.35143e-05
965.5	-1.66352e-05
966	-1.90364e-05
966.5	-2.11324e-05
967	-4.63915e-05
967.5	-0.000177699
968	0.000136136
968.5	0.000507633
969	8.71857e-06
969.5	-0.000220529
970	-9.87227e-05
970.5	-8.62723e-05
971	-9.29274e-05
971.5	-0.000110614
972	-2.36979e-05
972.5	0.000163751
973	5.8196e-05
973.5	0.000101975
974	-0.000404384
974.5	-0.000200518
975	-6.50546e-05
975.5	-4.7343e-05
976	-1.42941e-05
976.5	1.93139e-06
977	8.06197e-06
977.5	-2.40412e-05
978	-1.97483e-05
978.5	-1.3045e-05
979	-1.97261e-05
979.5	-2.6661e-05
980	-2.29188e-05
980.5	-1.47875e-05
981	-1.52596e-05
981.5	-1.83781e-05
982	-1.06644e-05
982.5	-7.04546e-06
983	-5.36132e-06
983.5	-5.18564e-06
984	-5.4956e-06
984.5	-6.83943e-06
985	-8.97569e-06
985.5	-1.12191e-05
986	-1.17084e-05
986.5	-1.08504e-05
987	-9.75681e-06
987.5	-8.85067e-06
988	-8.19842e-06
988.5	-7.69083e-06
989	-6.42084e-06
989.5	-5.8917e-06
990	-5.80262e-06
990.5	-3.10942e-06
991	-1.64747e-06
991.5	-1.50834e-06
992	-3.04517e-06
992.5	-4.22009e-06
993	-5.55563e-06
993.5	-5.46913e-06
994	-4.85685e-06
994.5	-6.30341e-06
995	-7.42678e-06
995.5	-8.09626e-06
996	-8.50784e-06
996.5	-8.55318e-06
997	-6.5548e-06
997.5	-6.29695e-06
998	-6.50785e-06
998.5	-6.70785e-06
999	-6.79085e-06
999.5	-6.82597e-06
1000	-6.68644e-06
