0	0
0.5	3.53275e-25
1	1.96499e-25
1.5	1.07428e-25
2	3.60955e-26
2.5	-7.60609e-26
3	1.78555e-25
3.5	-5.75119e-08
4	-2.5074e-07
4.5	-4.4396e-07
5	-8.89114e-07
5.5	-2.06156e-06
6	-3.20754e-06
6.5	-4.1051e-06
7	-4.56888e-06
7.5	-4.89489e-06
8	-5.15092e-06
8.5	-5.45722e-06
9	-5.77188e-06
9.5	-6.20547e-06
10	-6.53271e-06
10.5	-7.14117e-06
11	-7.72104e-06
11.5	-8.21533e-06
12	-8.59502e-06
12.5	-8.91816e-06
13	-9.27644e-06
13.5	-9.8156e-06
14	-1.06648e-06
14.5	4.12088e-06
15	-8.75768e-07
15.5	-8.91676e-06
16	-9.78717e-06
16.5	-9.72973e-06
17	-9.49014e-06
17.5	-9.35178e-06
18	-1.19096e-05
18.5	-9.25301e-06
19	-9.72508e-06
19.5	-1.0732e-05
20	-8.65424e-06
20.5	-8.5839e-06
21	-8.76326e-06
21.5	-8.82706e-06
22	-8.8101e-06
22.5	-8.78524e-06
23	-8.70738e-06
23.5	-1.03157e-05
24	-8.89769e-06
24.5	-8.60335e-06
25	-1.01304e-05
25.5	-8.15798e-06
26	-8.62099e-06
26.5	-1.08097e-05
27	-1.13351e-05
27.5	-1.01904e-05
28	-1.3076e-05
28.5	-1.57778e-05
29	-1.55442e-05
29.5	-6.79199e-06
30	-1.23585e-05
30.5	-0.000107514
31	4.6369e-06
31.5	3.443e-05
32	0.000725778
32.5	0.000536759
33	-0.000143377
33.5	-8.36513e-05
34	-6.20585e-05
34.5	-4.71849e-05
35	-0.000108083
35.5	1.54347e-05
36	-1.7124e-05
36.5	0.000722478
37	0.000506834
37.5	0.000342674
38	-0.000119354
38.5	-4.52201e-05
39	-2.36432e-05
39.5	-1.20414e-05
40	-6.61588e-06
40.5	-4.35341e-06
41	-3.47332e-06
41.5	-3.15475e-06
42	-3.15691e-06
42.5	-3.47906e-06
43	-3.87407e-06
43.5	-4.45915e-06
44	-5.10903e-06
44.5	-5.76623e-06
45	-6.41957e-06
45.5	-7.15131e-06
46	-8.11957e-06
46.5	-9.06972e-06
47	-9.99177e-06
47.5	-1.07393e-05
48	-1.13145e-05
48.5	-6.87896e-06
49	-8.43234e-06
49.5	-4.48607e-06
50	-6.83406e-06
50.5	-6.41225e-06
51	-8.36611e-06
51.5	-9.32907e-06
52	-9.85193e-06
52.5	-1.00196e-05
53	-9.66765e-06
53.5	-9.39798e-06
54	-9.36248e-06
54.5	-9.3821e-06
55	-9.57708e-06
55.5	-9.83746e-06
56	-1.02169e-05
56.5	-1.06246e-05
57	-1.10448e-05
57.5	-1.14422e-05
58	-1.18038e-05
58.5	-1.18544e-05
59	-1.17306e-05
59.5	-1.14691e-05
60	-1.12278e-05
60.5	-1.09662e-05
61	-1.10295e-05
61.5	-1.1277e-05
62	-1.21795e-05
62.5	-1.38255e-05
63	-2.15882e-05
63.5	-0.000165997
64	0.000189991
64.5	0.00028181
65	0.00014391
65.5	-0.000103245
66	-9.30317e-05
66.5	-2.91808e-05
67	-1.38507e-05
67.5	-3.6213e-06
68	2.52984e-08
68.5	3.39869e-07
69	-8.87609e-08
69.5	-8.74445e-07
70	-1.69814e-06
70.5	-2.51161e-06
71	-3.37879e-06
71.5	-4.13828e-06
72	-4.75321e-06
72.5	-5.31112e-06
73	-5.91492e-06
73.5	-6.33313e-06
74	-6.45861e-06
74.5	-6.60217e-06
75	-6.71711e-06
75.5	-6.65789e-06
76	-6.69111e-06
76.5	-6.89075e-06
77	-7.07579e-06
77.5	-7.19287e-06
78	-7.45849e-06
78.5	-5.63744e-06
79	-7.98641e-06
79.5	-9.0074e-06
80	-8.93815e-06
80.5	-8.42773e-06
81	-4.15121e-06
81.5	-2.86078e-06
82	-2.2081e-06
82.5	-4.49424e-06
83	-5.31646e-06
83.5	-5.75474e-06
84	-5.85091e-06
84.5	-6.02517e-06
85	-6.11692e-06
85.5	-5.8463e-06
86	-5.64074e-06
86.5	-5.58544e-06
87	-5.4026e-06
87.5	-5.30053e-06
88	-5.21917e-06
88.5	-5.01553e-06
89	-4.91425e-06
89.5	-5.18228e-06
90	-5.59259e-06
90.5	-5.88111e-06
91	-6.09554e-06
91.5	-6.27721e-06
92	-6.35771e-06
92.5	-6.45099e-06
93	-6.78678e-06
93.5	-7.20036e-06
94	-7.64322e-06
94.5	-7.92651e-06
95	-8.0088e-06
95.5	-3.49952e-06
96	-4.33144e-06
96.5	-6.47869e-06
97	-8.84933e-06
97.5	-9.40209e-06
98	-1.07538e-05
98.5	-8.62238e-06
99	-6.61077e-06
99.5	-5.73939e-06
100	-5.53115e-06
100.5	-5.38811e-06
101	-4.28301e-06
101.5	-5.00234e-06
102	-4.68695e-06
102.5	-4.37846e-06
103	-4.26827e-06
103.5	-4.38721e-06
104	-4.48431e-06
104.5	-4.44107e-06
105	-5.48391e-06
105.5	-4.23887e-06
106	-5.04887e-06
106.5	-6.05081e-06
107	-7.79612e-06
107.5	-7.94144e-06
108	-8.24793e-06
108.5	-5.95593e-06
109	-7.03721e-06
109.5	-8.33808e-06
110	-9.20228e-06
110.5	-1.09173e-05
111	-8.13348e-06
111.5	-6.88172e-06
112	-1.09012e-05
112.5	-9.47717e-06
113	-1.19689e-05
113.5	-1.3367e-05
114	-1.47675e-05
114.5	-1.34535e-05
115	-1.20967e-05
115.5	-1.35415e-05
116	-1.08535e-05
116.5	-9.9679e-06
117	-9.72838e-06
117.5	-1.3008e-05
118	-6.23196e-06
118.5	-5.06617e-06
119	-6.82547e-06
119.5	-7.95793e-06
120	-9.53868e-06
120.5	-1.25951e-05
121	-1.35567e-05
121.5	-1.78365e-05
122	-2.11352e-05
122.5	-0.000101182
123	-8.24266e-05
123.5	-4.58112e-05
124	0.000469701
124.5	0.000320437
125	-0.000177139
125.5	-0.000103459
126	-6.02968e-05
126.5	-4.83017e-05
127	-2.25713e-05
127.5	-2.2526e-05
128	-5.69907e-06
128.5	-5.33563e-06
129	-2.48846e-06
129.5	-1.78885e-06
130	-1.2874e-06
130.5	-1.52507e-06
131	-1.49287e-06
131.5	-2.03994e-06
132	-2.42708e-06
132.5	-2.77748e-06
133	-3.38349e-06
133.5	-4.02249e-06
134	-4.55164e-06
134.5	-5.00077e-06
135	-5.55926e-06
135.5	-6.24634e-06
136	-6.86793e-06
136.5	-7.5512e-06
137	-8.14147e-06
137.5	-8.57437e-06
138	-8.96582e-06
138.5	-5.27091e-06
139	4.60959e-07
139.5	8.61491e-07
140	-1.6579e-06
140.5	-5.18336e-06
141	-6.8407e-06
141.5	-6.49136e-06
142	-6.21915e-06
142.5	-6.08274e-06
143	-6.15226e-06
143.5	-5.71007e-06
144	-5.49195e-06
144.5	-5.56171e-06
145	-5.62794e-06
145.5	-5.52777e-06
146	-5.47778e-06
146.5	-5.33792e-06
147	-5.36959e-06
147.5	-5.6048e-06
148	-5.86118e-06
148.5	-6.10971e-06
149	-6.35982e-06
149.5	-6.74728e-06
150	-7.12597e-06
150.5	-7.54524e-06
151	-8.03616e-06
151.5	-8.45281e-06
152	-8.66844e-06
152.5	-8.83796e-06
153	-9.08946e-06
153.5	-9.38854e-06
154	-9.87945e-06
154.5	-1.03472e-05
155	-1.08645e-05
155.5	-7.79119e-06
156	-1.05513e-05
156.5	-7.02992e-06
157	-5.91322e-06
157.5	-7.20023e-06
158	-7.93255e-06
158.5	-8.05798e-06
159	-8.31313e-06
159.5	-8.66637e-06
160	-7.69076e-06
160.5	-7.38259e-06
161	-7.03329e-06
161.5	-6.57681e-06
162	-6.30594e-06
162.5	-6.08582e-06
163	-5.86211e-06
163.5	-5.65181e-06
164	-5.59225e-06
164.5	-5.54597e-06
165	-5.53692e-06
165.5	-5.70079e-06
166	-6.01703e-06
166.5	-6.29131e-06
167	-6.41377e-06
167.5	-6.64246e-06
168	-6.94146e-06
168.5	-7.23905e-06
169	-7.64766e-06
169.5	-8.02415e-06
170	-8.46479e-06
170.5	-8.6748e-06
171	1.51499e-06
171.5	-9.71123e-07
172	-1.9246e-06
172.5	-4.94007e-06
173	-6.78059e-06
173.5	-7.8319e-06
174	-8.02715e-06
174.5	-8.05681e-06
175	-7.82146e-06
175.5	-7.27684e-06
176	-6.88788e-06
176.5	-6.79694e-06
177	-8.8675e-06
177.5	-8.05617e-06
178	-7.34802e-06
178.5	-7.18609e-06
179	-7.11795e-06
179.5	-6.64018e-06
180	-6.04463e-06
180.5	-5.31362e-06
181	-4.70974e-06
181.5	-4.26056e-06
182	-3.86523e-06
182.5	-3.62955e-06
183	-3.5869e-06
183.5	-3.9777e-06
184	-4.60239e-06
184.5	-5.23915e-06
185	-2.90956e-06
185.5	-2.0899e-06
186	-4.09795e-06
186.5	-3.57157e-06
187	-6.17038e-06
187.5	-6.56287e-06
188	-8.07052e-06
188.5	-9.89374e-06
189	-1.09781e-05
189.5	-8.93377e-06
190	-9.28513e-06
190.5	-7.46272e-06
191	-6.3875e-06
191.5	-5.59565e-06
192	-5.06607e-06
192.5	-4.76306e-06
193	-4.56857e-06
193.5	-4.65595e-06
194	-4.90732e-06
194.5	-6.1641e-06
195	-5.45475e-06
195.5	-5.60912e-06
196	-5.98607e-06
196.5	-6.44082e-06
197	-6.85523e-06
197.5	-7.13942e-06
198	-7.94307e-06
198.5	-7.21228e-06
199	-7.26306e-06
199.5	-7.58029e-06
200	-7.99041e-06
200.5	-4.22367e-06
201	-3.60344e-06
201.5	-7.37804e-06
202	-6.96684e-06
202.5	-7.81317e-06
203	-7.96013e-06
203.5	-7.20163e-06
204	-7.58617e-06
204.5	-7.78217e-06
205	-8.04813e-06
205.5	-8.07076e-06
206	-8.41849e-06
206.5	-9.74451e-06
207	-8.81665e-06
207.5	-7.92343e-06
208	-6.77382e-06
208.5	-6.79522e-06
209	-6.88842e-06
209.5	-8.55201e-06
210	-7.54038e-06
210.5	-6.72825e-06
211	-6.6239e-06
211.5	-6.75581e-06
212	-7.00833e-06
212.5	-8.02206e-06
213	-7.4222e-06
213.5	-8.42791e-06
214	-8.48163e-06
214.5	-7.24023e-06
215	-6.50047e-06
215.5	-8.09762e-06
216	-9.31523e-06
216.5	-1.00529e-05
217	-1.39105e-05
217.5	-1.63178e-05
218	-1.92083e-05
218.5	-2.41645e-05
219	-2.14375e-05
219.5	-1.82492e-05
220	-1.47328e-05
220.5	-1.69774e-05
221	-1.17561e-05
221.5	-1.19402e-05
222	-1.17474e-05
222.5	-3.57992e-05
223	1.35586e-06
223.5	-8.47777e-05
224	0.000674835
224.5	0.000458527
225	0.000201772
225.5	-0.000219643
226	-0.000234044
226.5	-0.000113114
227	-9.7247e-05
227.5	6.03488e-05
228	-4.73963e-05
228.5	-0.000113877
229	5.58523e-05
229.5	-6.73363e-05
230	0.000603014
230.5	0.000208771
231	-0.000105376
231.5	-0.000147014
232	-0.000119233
232.5	-9.95981e-06
233	4.50425e-06
233.5	5.98034e-06
234	4.50107e-06
234.5	2.52847e-06
235	9.17594e-07
235.5	-5.08337e-07
236	-1.72848e-06
236.5	-2.74609e-06
237	-3.65293e-06
237.5	-4.69997e-06
238	-5.71609e-06
238.5	-2.05725e-06
239	-3.3227e-06
239.5	-1.33623e-06
240	-1.62233e-06
240.5	-5.57897e-07
241	-1.57419e-06
241.5	-3.00747e-06
242	-2.84218e-06
242.5	-2.59812e-06
243	-4.97948e-06
243.5	-5.77986e-06
244	-5.84278e-06
244.5	-6.14794e-06
245	-6.2161e-06
245.5	-6.40179e-06
246	-6.41358e-06
246.5	-6.3237e-06
247	-6.21607e-06
247.5	-6.31419e-06
248	-6.49619e-06
248.5	-6.53489e-06
249	-6.44311e-06
249.5	-6.34782e-06
250	-6.27169e-06
250.5	-6.30613e-06
251	-6.4425e-06
251.5	-6.65921e-06
252	-6.8127e-06
252.5	-7.13234e-06
253	-7.48434e-06
253.5	-7.89654e-06
254	-8.26348e-06
254.5	-8.60799e-06
255	-8.7674e-06
255.5	-1.57646e-06
256	-1.25075e-06
256.5	-4.59574e-06
257	-6.465e-06
257.5	-4.64208e-06
258	-4.91639e-06
258.5	-5.95756e-06
259	-6.23808e-06
259.5	-7.00633e-06
260	-7.26902e-06
260.5	-7.13696e-06
261	-6.92314e-06
261.5	-6.53204e-06
262	-6.41667e-06
262.5	-6.39792e-06
263	-6.4964e-06
263.5	-6.52396e-06
264	-6.83812e-06
264.5	-7.16545e-06
265	-7.39438e-06
265.5	-7.74298e-06
266	-8.21929e-06
266.5	-8.37472e-06
267	-8.47135e-06
267.5	-8.60221e-06
268	-8.73304e-06
268.5	-4.57803e-06
269	-5.2421e-06
269.5	-6.16371e-06
270	-7.18905e-06
270.5	-9.28312e-06
271	-6.3701e-06
271.5	-7.95002e-06
272	-8.44548e-06
272.5	-9.34447e-06
273	-9.81213e-06
273.5	-9.77744e-06
274	-1.00363e-05
274.5	-1.05003e-05
275	-1.07782e-05
275.5	-1.05685e-05
276	-1.03275e-05
276.5	-1.02783e-05
277	-1.01501e-05
277.5	-9.92054e-06
278	-9.43648e-06
278.5	-8.71443e-06
279	-8.27034e-06
279.5	-8.06865e-06
280	-7.93555e-06
280.5	-7.76945e-06
281	-7.52374e-06
281.5	-7.38551e-06
282	-7.15132e-06
282.5	-7.10941e-06
283	-7.1181e-06
283.5	-6.87838e-06
284	-6.69832e-06
284.5	-6.99218e-06
285	-7.58002e-06
285.5	8.34128e-07
286	1.34224e-06
286.5	-2.85639e-06
287	-5.24918e-06
287.5	-7.66614e-06
288	-8.62595e-06
288.5	-8.43103e-06
289	-8.33075e-06
289.5	-8.02961e-06
290	-7.45752e-06
290.5	-7.34719e-06
291	-7.2736e-06
291.5	-7.17855e-06
292	-7.01505e-06
292.5	-6.64233e-06
293	-6.36022e-06
293.5	-6.15842e-06
294	-5.99293e-06
294.5	-5.71595e-06
295	-5.38483e-06
295.5	-5.15605e-06
296	-5.05341e-06
296.5	-5.12925e-06
297	-5.25414e-06
297.5	-5.26042e-06
298	-3.56367e-06
298.5	-2.78751e-06
299	-3.84141e-06
299.5	-3.49649e-06
300	-2.81805e-06
300.5	-2.92509e-06
301	-3.90369e-06
301.5	-3.99919e-06
302	-5.07957e-06
302.5	-4.89542e-06
303	-5.00359e-06
303.5	-5.03262e-06
304	-7.0278e-06
304.5	-5.25751e-06
305	-5.08987e-06
305.5	-5.07186e-06
306	-5.08668e-06
306.5	-5.05173e-06
307	-4.84838e-06
307.5	-4.72713e-06
308	-4.64352e-06
308.5	-4.50327e-06
309	-4.08355e-06
309.5	-3.56429e-06
310	-3.1231e-06
310.5	-2.47762e-06
311	-1.91308e-06
311.5	-1.36029e-06
312	-9.35476e-07
312.5	3.01996e-06
313	6.18674e-06
313.5	3.44198e-06
314	1.49255e-06
314.5	2.92524e-06
315	1.54145e-06
315.5	-4.0638e-07
316	-9.63097e-07
316.5	-1.44883e-06
317	-2.01982e-06
317.5	-6.1688e-06
318	-4.88628e-06
318.5	-4.13943e-06
319	-3.81653e-06
319.5	-4.59301e-06
320	-4.27105e-06
320.5	-3.79132e-06
321	-3.54442e-06
321.5	-3.56255e-06
322	-3.58141e-06
322.5	-3.62635e-06
323	-3.9289e-06
323.5	-4.29654e-06
324	-4.60431e-06
324.5	-5.03909e-06
325	-5.62843e-06
325.5	-6.14455e-06
326	-6.88958e-06
326.5	-7.71278e-06
327	-8.8054e-06
327.5	-5.1039e-06
328	-3.46479e-05
328.5	-0.000128878
329	-2.42932e-05
329.5	1.91219e-05
330	2.40028e-05
330.5	1.22546e-05
331	4.04155e-06
331.5	-2.45554e-07
332	-2.6484e-06
332.5	-5.49235e-06
333	-4.89971e-06
333.5	-4.50244e-06
334	-4.42934e-06
334.5	-4.29208e-06
335	-3.89367e-06
335.5	-3.45794e-06
336	-3.13427e-06
336.5	-4.63029e-06
337	-6.62229e-06
337.5	-7.8063e-06
338	-7.36026e-06
338.5	-5.81754e-06
339	-5.21239e-06
339.5	-5.01005e-06
340	-4.39662e-06
340.5	-4.44873e-06
341	-5.0946e-06
341.5	-6.32285e-06
342	-6.66688e-06
342.5	-6.06303e-06
343	-6.07791e-06
343.5	2.07132e-06
344	-1.85785e-06
344.5	-5.79565e-06
345	-9.33627e-06
345.5	-1.13429e-05
346	-1.11749e-05
346.5	-8.95789e-06
347	-8.91303e-06
347.5	-1.03848e-05
348	-8.86689e-06
348.5	-1.09749e-05
349	-7.6249e-06
349.5	-9.55005e-06
350	-1.29645e-05
350.5	-1.63442e-05
351	-2.00387e-05
351.5	-0.000133902
352	2.06517e-05
352.5	0.000473811
353	0.000303888
353.5	0.000123892
354	-0.000160167
354.5	-0.000197236
355	-6.16208e-05
355.5	-3.65434e-05
356	-0.000124346
356.5	-4.38447e-05
357	-1.93756e-06
357.5	6.62242e-05
358	0.000404544
358.5	0.0002356
359	-0.000133335
359.5	-4.95738e-05
360	-2.5593e-05
360.5	-1.20502e-05
361	-5.65547e-06
361.5	-2.77307e-06
362	-2.0268e-06
362.5	-2.05021e-06
363	-2.29893e-06
363.5	-2.59705e-06
364	-2.87259e-06
364.5	-3.14394e-06
365	-3.50908e-06
365.5	-3.9585e-06
366	-4.37872e-06
366.5	-4.78495e-06
367	-5.14135e-06
367.5	-5.57079e-06
368	-6.08775e-06
368.5	-6.93114e-06
369	1.78841e-06
369.5	-3.13497e-07
370	-2.70726e-06
370.5	-3.56744e-06
371	-3.83802e-06
371.5	-4.41268e-06
372	-4.77936e-06
372.5	-5.03926e-06
373	-5.1704e-06
373.5	-5.23132e-06
374	-5.49714e-06
374.5	-5.71738e-06
375	-5.77617e-06
375.5	-6.0307e-06
376	-6.16557e-06
376.5	-6.43896e-06
377	-6.56697e-06
377.5	-6.73933e-06
378	-6.9366e-06
378.5	-7.07341e-06
379	-7.27355e-06
379.5	-7.56818e-06
380	-7.74001e-06
380.5	-7.75411e-06
381	-7.64489e-06
381.5	-7.67298e-06
382	-7.90529e-06
382.5	-8.55618e-06
383	-7.84681e-06
383.5	-7.68607e-06
384	-7.28107e-06
384.5	-8.82686e-06
385	-7.236e-06
385.5	-9.28377e-06
386	-9.8924e-06
386.5	-9.61998e-06
387	-9.06347e-06
387.5	-8.41118e-06
388	-7.74317e-06
388.5	-6.93592e-06
389	-6.07369e-06
389.5	-4.90379e-06
390	-5.00772e-06
390.5	-5.26785e-06
391	-5.45447e-06
391.5	-5.49705e-06
392	-5.55705e-06
392.5	-5.50202e-06
393	-5.42905e-06
393.5	-5.49993e-06
394	-5.51839e-06
394.5	-5.61969e-06
395	-5.72727e-06
395.5	-5.79525e-06
396	-5.60031e-06
396.5	-7.09937e-06
397	-7.99605e-06
397.5	-8.2828e-06
398	-6.80865e-06
398.5	-5.2847e-06
399	-5.80562e-06
399.5	-3.79279e-06
400	-5.72694e-07
400.5	-8.62667e-07
401	-1.52627e-06
401.5	7.55874e-07
402	7.17005e-07
402.5	-2.33682e-07
403	-1.21808e-06
403.5	-1.30406e-06
404	-1.10906e-06
404.5	-9.61754e-07
405	-6.7632e-07
405.5	-3.83222e-07
406	-2.05857e-07
406.5	-1.69319e-07
407	-3.91699e-07
407.5	-7.60446e-07
408	-1.14048e-06
408.5	-1.51399e-06
409	-1.9302e-06
409.5	-2.24978e-06
410	-2.2306e-06
410.5	-2.28473e-06
411	-2.56625e-06
411.5	-3.17871e-06
412	2.36124e-07
412.5	3.844e-06
413	-1.14586e-06
413.5	-1.76085e-06
414	-1.10148e-06
414.5	-4.52177e-06
415	-7.01519e-06
415.5	-6.08435e-06
416	-5.65893e-06
416.5	-5.39574e-06
417	-4.70596e-06
417.5	-4.28506e-06
418	-4.10953e-06
418.5	-4.05737e-06
419	-4.41797e-06
419.5	-4.66507e-06
420	-4.95151e-06
420.5	-5.31748e-06
421	-5.66069e-06
421.5	-6.03805e-06
422	-6.48921e-06
422.5	-6.7461e-06
423	-7.08422e-06
423.5	-7.65887e-06
424	-8.31311e-06
424.5	-8.73551e-06
425	-9.30849e-06
425.5	-1.00092e-05
426	-1.04131e-05
426.5	-1.05338e-05
427	-1.05685e-05
427.5	-9.31282e-06
428	-6.91524e-06
428.5	-6.40551e-06
429	-9.15283e-06
429.5	-7.74348e-06
430	-9.05655e-06
430.5	-8.30227e-06
431	-7.19784e-06
431.5	-8.1405e-06
432	-8.42929e-06
432.5	-8.33459e-06
433	-8.04722e-06
433.5	-7.8262e-06
434	-7.66499e-06
434.5	-7.60811e-06
435	-8.43689e-06
435.5	-7.62173e-06
436	-7.60253e-06
436.5	-7.63113e-06
437	-7.21897e-06
437.5	-6.95576e-06
438	-6.7633e-06
438.5	-6.67085e-06
439	-6.66405e-06
439.5	-6.83425e-06
440	-6.91468e-06
440.5	-7.07191e-06
441	-6.16726e-06
441.5	1.18237e-06
442	3.49358e-07
442.5	-2.86275e-06
443	-6.52336e-06
443.5	-6.87005e-06
444	-6.58828e-06
444.5	-7.32375e-06
445	-5.87574e-06
445.5	-4.46181e-06
446	-3.92565e-06
446.5	-3.53805e-06
447	-2.99713e-06
447.5	-2.57314e-06
448	-1.79809e-06
448.5	-1.4522e-06
449	-1.1281e-06
449.5	-9.42381e-07
450	-7.97277e-07
450.5	-6.4769e-07
451	-6.28078e-07
451.5	-7.98251e-07
452	-1.21909e-06
452.5	-1.71656e-06
453	-2.15365e-06
453.5	-2.55353e-06
454	-3.10631e-06
454.5	-3.62016e-06
455	-3.99519e-06
455.5	-4.39677e-06
456	-9.76226e-07
456.5	-4.07504e-06
457	-1.35345e-07
457.5	-4.14913e-06
458	-6.0249e-06
458.5	-6.41068e-06
459	-6.43437e-06
459.5	-6.06797e-06
460	-5.62972e-06
460.5	-5.34386e-06
461	-5.04819e-06
461.5	-6.33056e-06
462	-5.35538e-06
462.5	-4.99891e-06
463	-4.97831e-06
463.5	-7.36702e-06
464	-6.87507e-06
464.5	-7.62376e-06
465	-8.46981e-06
465.5	-8.20041e-06
466	-1.06982e-05
466.5	-1.07796e-05
467	-1.09472e-05
467.5	-1.1386e-05
468	-1.33388e-05
468.5	-1.34091e-05
469	-1.72982e-05
469.5	-0.000115584
470	-5.06308e-05
470.5	0.000569452
471	0.000256497
471.5	-0.000103122
472	-0.000153775
472.5	-3.39245e-05
473	-1.47339e-05
473.5	-6.30706e-06
474	-2.99282e-06
474.5	-6.17367e-06
475	-5.7557e-06
475.5	-7.7596e-06
476	-6.6429e-06
476.5	-8.22169e-06
477	-3.56988e-06
477.5	-6.0266e-06
478	-7.01642e-06
478.5	-4.76039e-06
479	-1.18359e-05
479.5	-1.88111e-05
480	-2.21897e-05
480.5	-8.93658e-05
481	-7.69847e-05
481.5	0.000209457
482	0.000405459
482.5	0.000182037
483	-0.000253587
483.5	-0.000220526
484	-5.80872e-05
484.5	-3.09087e-05
485	-2.05514e-05
485.5	-0.000112271
486	-3.72146e-05
486.5	1.21033e-05
487	0.000793867
487.5	0.000323877
488	8.28617e-05
488.5	-6.74039e-05
489	-3.67881e-05
489.5	-1.64466e-05
490	-7.12483e-06
490.5	-3.57802e-06
491	-2.49209e-06
491.5	-2.35509e-06
492	-2.5427e-06
492.5	-3.176e-06
493	-3.92637e-06
493.5	-4.69265e-06
494	-5.43467e-06
494.5	-6.23362e-06
495	-7.38185e-06
495.5	-8.43264e-06
496	-9.29511e-06
496.5	-1.00141e-05
497	-1.05861e-05
497.5	-1.88379e-06
498	1.19019e-06
498.5	1.87216e-07
499	-2.8877e-06
499.5	-3.58388e-06
500	-3.68981e-06
500.5	-2.9843e-06
501	-2.78275e-06
501.5	-2.53013e-06
502	-1.69876e-06
502.5	-1.34954e-06
503	-9.44403e-07
503.5	-7.65299e-07
504	-5.27795e-07
504.5	-3.45165e-07
505	-3.94872e-07
505.5	-3.67676e-07
506	-5.1803e-07
506.5	-9.36636e-07
507	-1.4388e-06
507.5	-2.00658e-06
508	-2.44515e-06
508.5	-2.72661e-06
509	-3.04994e-06
509.5	-3.38386e-06
510	-3.77748e-06
510.5	-4.19694e-06
511	-4.59963e-06
511.5	-5.00017e-06
512	-5.33407e-06
512.5	-2.23427e-06
513	7.89803e-07
513.5	-1.75552e-06
514	-2.74637e-06
514.5	-4.28519e-06
515	-6.24762e-06
515.5	-6.59673e-06
516	-6.20448e-06
516.5	-6.35631e-06
517	-6.72587e-06
517.5	-6.89224e-06
518	-7.01733e-06
518.5	-7.15946e-06
519	-7.27889e-06
519.5	-7.26214e-06
520	-7.24653e-06
520.5	-7.25775e-06
521	-7.21309e-06
521.5	-7.17259e-06
522	-7.14253e-06
522.5	-7.07903e-06
523	-6.98535e-06
523.5	-7.13547e-06
524	-7.23406e-06
524.5	-7.24069e-06
525	-7.15363e-06
525.5	-7.06391e-06
526	-7.24331e-06
526.5	-7.49546e-06
527	-7.70474e-06
527.5	-6.92827e-06
528	-3.8615e-06
528.5	-3.45122e-06
529	-3.82649e-06
529.5	-5.21214e-06
530	-6.82691e-06
530.5	-7.41907e-06
531	-7.13531e-06
531.5	-6.91909e-06
532	-6.98618e-06
532.5	-6.88079e-06
533	-6.79414e-06
533.5	-6.59179e-06
534	-6.6047e-06
534.5	-6.68015e-06
535	-6.71742e-06
535.5	-6.76887e-06
536	-7.19517e-06
536.5	-7.93228e-06
537	-8.375e-06
537.5	-8.51425e-06
538	-8.50823e-06
538.5	-8.5845e-06
539	-8.77881e-06
539.5	-8.98819e-06
540	-9.15985e-06
540.5	-8.94849e-06
541	-6.39453e-06
541.5	-5.84254e-06
542	-6.1332e-06
542.5	-7.12211e-06
543	-7.88482e-06
543.5	-8.2672e-06
544	-1.23659e-05
544.5	-1.10025e-05
545	-1.096e-05
545.5	-1.09442e-05
546	-1.07097e-05
546.5	-1.15224e-05
547	-1.05178e-05
547.5	-1.01835e-05
548	-9.81504e-06
548.5	-9.2371e-06
549	-8.55963e-06
549.5	-8.41187e-06
550	-8.42289e-06
550.5	-8.30425e-06
551	-8.18102e-06
551.5	-8.01241e-06
552	-7.96988e-06
552.5	-8.28497e-06
553	-8.59647e-06
553.5	-8.82235e-06
554	-8.94869e-06
554.5	-5.4101e-06
555	-5.11477e-06
555.5	-2.82864e-06
556	-6.3189e-06
556.5	-9.39117e-06
557	-1.12608e-05
557.5	-1.06735e-05
558	-1.40687e-05
558.5	-1.16105e-05
559	-1.01886e-05
559.5	-9.69885e-06
560	-9.55517e-06
560.5	-9.38684e-06
561	-9.17687e-06
561.5	-8.74509e-06
562	-1.02369e-05
562.5	-9.73243e-06
563	-8.44258e-06
563.5	-8.7219e-06
564	-7.6859e-06
564.5	-7.27575e-06
565	-7.26208e-06
565.5	-7.27068e-06
566	-7.15752e-06
566.5	-6.82525e-06
567	-6.6235e-06
567.5	-6.3146e-06
568	-6.22218e-06
568.5	-7.27923e-06
569	-4.76798e-06
569.5	-5.90932e-06
570	-5.05896e-06
570.5	-2.93644e-05
571	-0.000136676
571.5	-3.69147e-05
572	2.07981e-05
572.5	2.29528e-05
573	1.12668e-05
573.5	4.47612e-06
574	-6.22727e-08
574.5	-2.57779e-06
575	-3.91815e-06
575.5	-4.62858e-06
576	-4.7565e-06
576.5	-4.51351e-06
577	-4.34845e-06
577.5	-4.31877e-06
578	-5.08448e-06
578.5	-6.44672e-06
579	-3.98809e-06
579.5	-3.93987e-06
580	-4.09461e-06
580.5	-3.1638e-06
581	-3.34993e-06
581.5	-3.76598e-06
582	-4.15359e-06
582.5	-4.63292e-06
583	-5.2237e-06
583.5	-6.76629e-06
584	-4.21021e-06
584.5	-2.16853e-06
585	-9.44446e-07
585.5	-4.49736e-06
586	-5.72528e-06
586.5	-5.23219e-06
587	-3.46871e-06
587.5	-3.52016e-06
588	-5.42352e-06
588.5	-4.89129e-06
589	-5.22628e-06
589.5	-3.37487e-06
590	-2.30085e-06
590.5	-2.16952e-06
591	-8.80463e-07
591.5	5.5871e-07
592	2.8924e-06
592.5	1.91731e-06
593	4.85792e-06
593.5	4.81335e-06
594	4.11368e-06
594.5	2.47103e-06
595	1.48257e-06
595.5	-6.01205e-07
596	-3.32978e-06
596.5	-4.36798e-08
597	-2.37203e-06
597.5	-1.89879e-06
598	-7.19724e-06
598.5	-3.1636e-06
599	-8.10737e-06
599.5	-4.78431e-06
600	-8.64454e-06
600.5	-8.34942e-06
601	-7.50837e-06
601.5	-1.36435e-05
602	-1.00807e-05
602.5	-1.50534e-05
603	-2.33144e-05
603.5	-3.26118e-05
604	5.48047e-06
604.5	-5.32585e-05
605	0.000673361
605.5	0.000455943
606	0.000259234
606.5	-0.000171918
607	-0.000169523
607.5	-8.9061e-05
608	-2.05935e-05
608.5	-5.52816e-06
609	-2.94525e-06
609.5	-4.4577e-07
610	-6.16662e-07
610.5	-1.07304e-06
611	-1.14404e-06
611.5	-1.83056e-06
612	-2.17005e-06
612.5	-2.3574e-06
613	-2.38743e-06
613.5	-2.52504e-06
614	-2.91027e-06
614.5	-3.44048e-06
615	-4.24253e-06
615.5	-5.30154e-06
616	-6.07384e-06
616.5	-6.90634e-06
617	-7.66903e-06
617.5	-8.07393e-06
618	-8.52293e-06
618.5	-4.31149e-06
619	-2.90884e-08
619.5	-1.50535e-06
620	-6.15653e-07
620.5	-3.15503e-06
621	-1.30782e-06
621.5	-1.22847e-06
622	-4.79016e-06
622.5	-7.4366e-06
623	-8.44922e-06
623.5	-8.72186e-06
624	-8.48219e-06
624.5	-8.2698e-06
625	-7.69589e-06
625.5	-7.24843e-06
626	-6.79679e-06
626.5	-6.26154e-06
627	-5.73283e-06
627.5	-5.54642e-06
628	-5.6126e-06
628.5	-5.60562e-06
629	-5.48494e-06
629.5	-5.31773e-06
630	-5.16224e-06
630.5	-5.22693e-06
631	-5.46712e-06
631.5	-5.66509e-06
632	-5.95913e-06
632.5	-6.44702e-06
633	-6.94207e-06
633.5	-7.35314e-06
634	-7.90119e-06
634.5	-8.48871e-06
635	-9.10086e-06
635.5	-9.81535e-06
636	-1.08128e-05
636.5	-1.28185e-05
637	-1.95297e-05
637.5	-0.000162525
638	-6.44508e-05
638.5	0.000766813
639	0.000324513
639.5	-2.63656e-05
640	-0.00019229
640.5	-3.88761e-05
641	-1.3425e-05
641.5	-5.03472e-06
642	-2.12125e-06
642.5	-1.5804e-06
643	-2.17759e-06
643.5	-2.8169e-06
644	-3.38074e-06
644.5	-3.93703e-06
645	-4.46962e-06
645.5	-4.95754e-06
646	-5.4634e-06
646.5	-5.83416e-06
647	-6.265e-06
647.5	-6.84173e-06
648	-7.26586e-06
648.5	-7.12704e-06
649	-7.04183e-06
649.5	-6.91376e-06
650	-3.85724e-06
650.5	-3.42289e-06
651	-1.8982e-06
651.5	-1.53413e-06
652	-2.37371e-06
652.5	-2.78642e-06
653	-1.71344e-06
653.5	-3.51497e-06
654	-5.77077e-06
654.5	-7.21979e-06
655	-8.24858e-06
655.5	-8.72782e-06
656	-8.51066e-06
656.5	-8.07559e-06
657	-7.67443e-06
657.5	-6.96934e-06
658	-6.27929e-06
658.5	-5.77754e-06
659	-5.29317e-06
659.5	-4.66177e-06
660	-4.1449e-06
660.5	-3.65004e-06
661	-3.20745e-06
661.5	-2.77772e-06
662	-2.70719e-06
662.5	-2.77757e-06
663	-3.06296e-06
663.5	-3.41719e-06
664	-3.71192e-06
664.5	-3.95311e-06
665	-4.05e-06
665.5	1.65461e-07
666	4.8688e-06
666.5	-4.12581e-07
667	-4.27165e-06
667.5	-3.5149e-06
668	-3.13953e-06
668.5	-3.48178e-06
669	-3.16983e-06
669.5	-2.86149e-06
670	-3.03446e-06
670.5	-2.91911e-06
671	-2.55073e-06
671.5	-2.18374e-06
672	-1.96463e-06
672.5	-1.93161e-06
673	-1.94937e-06
673.5	-1.61112e-06
674	-1.20645e-06
674.5	-8.70685e-07
675	-5.78193e-07
675.5	-2.2923e-07
676	-6.45767e-08
676.5	-9.25339e-08
677	-3.32374e-07
677.5	-6.14337e-07
678	-8.76714e-07
678.5	-1.08534e-06
679	-1.30474e-06
679.5	-1.63092e-06
680	8.45605e-07
680.5	-2.57523e-07
681	-3.35783e-06
681.5	-5.15405e-06
682	-6.51896e-06
682.5	-5.35196e-06
683	-5.43554e-06
683.5	-6.58416e-06
684	-7.11091e-06
684.5	-7.75062e-06
685	-8.17428e-06
685.5	-7.64254e-06
686	-7.40877e-06
686.5	-6.92645e-06
687	-6.35881e-06
687.5	-5.98897e-06
688	-6.00143e-06
688.5	-5.98534e-06
689	-6.01235e-06
689.5	-6.07163e-06
690	-5.99265e-06
690.5	-5.79274e-06
691	-5.30554e-06
691.5	-4.67029e-06
692	-4.08888e-06
692.5	-3.8362e-06
693	-3.68036e-06
693.5	-3.37372e-06
694	-3.37231e-06
694.5	-2.96329e-06
695	-2.64301e-07
695.5	-3.84601e-06
696	-6.09607e-06
696.5	-5.4645e-06
697	-5.39803e-06
697.5	-4.3144e-06
698	-5.33308e-06
698.5	-5.99413e-06
699	-6.51705e-06
699.5	-6.99283e-06
700	-7.05246e-06
700.5	-6.89627e-06
701	-6.93891e-06
701.5	-5.92116e-06
702	-5.63419e-06
702.5	-5.33907e-06
703	-4.08459e-06
703.5	-4.41155e-06
704	-4.12694e-06
704.5	-4.57776e-06
705	-4.58464e-06
705.5	-4.54802e-06
706	-9.30032e-06
706.5	-6.52163e-06
707	-4.91079e-06
707.5	-5.44491e-06
708	-7.37627e-06
708.5	-1.38417e-05
709	-1.08954e-05
709.5	-1.02979e-05
710	-1.18582e-05
710.5	-2.07838e-05
711	-0.000172733
711.5	-5.30973e-05
712	0.000742502
712.5	0.000861627
713	0.000391682
713.5	-0.000134938
714	-8.84452e-05
714.5	-6.00829e-05
715	-3.96034e-05
715.5	-1.71382e-05
716	-1.77308e-05
716.5	-1.4553e-05
717	-1.01154e-05
717.5	-8.9447e-06
718	-7.60358e-06
718.5	-3.32134e-06
719	-1.68297e-06
719.5	-7.15412e-07
720	-1.7378e-06
720.5	-1.87087e-06
721	-1.14525e-06
721.5	-1.0061e-06
722	-8.66275e-07
722.5	-7.81682e-07
723	-9.28893e-07
723.5	-1.18093e-06
724	-1.57128e-06
724.5	-1.95451e-06
725	-2.3015e-06
725.5	-2.45947e-06
726	-2.79189e-06
726.5	-3.15888e-06
727	-3.28719e-06
727.5	-3.43393e-06
728	-3.75459e-06
728.5	-4.05957e-06
729	-4.25455e-06
729.5	-4.35288e-06
730	-1.87981e-06
730.5	5.652e-06
731	2.53552e-07
731.5	-1.75617e-06
732	-1.52754e-06
732.5	3.44043e-07
733	3.38274e-07
733.5	3.05219e-07
734	2.02009e-07
734.5	-7.25699e-07
735	-1.84023e-06
735.5	-2.37483e-06
736	-2.70151e-06
736.5	-3.05496e-06
737	-3.33726e-06
737.5	-3.48416e-06
738	-3.63549e-06
738.5	-3.78065e-06
739	-3.65173e-06
739.5	-3.4245e-06
740	-3.4904e-06
740.5	-3.72454e-06
741	-3.97807e-06
741.5	-4.24239e-06
742	-4.44108e-06
742.5	-4.4446e-06
743	-4.52866e-06
743.5	-4.88098e-06
744	-5.43799e-06
744.5	-5.99087e-06
745	-6.79836e-06
745.5	-7.70883e-06
746	-5.66405e-07
746.5	-4.34391e-07
747	-5.62438e-05
747.5	-0.000125006
748	-3.58411e-05
748.5	1.92501e-05
749	2.48007e-05
749.5	1.34334e-05
750	6.57409e-06
750.5	2.74471e-06
751	6.71413e-07
751.5	-3.99858e-07
752	-9.2872e-07
752.5	-8.78211e-07
753	-9.42991e-07
753.5	-9.93583e-07
754	-1.21917e-06
754.5	-1.50686e-06
755	-1.62188e-06
755.5	-1.69391e-06
756	-1.69762e-06
756.5	-2.03033e-06
757	-2.64451e-06
757.5	-3.30169e-06
758	-3.89508e-06
758.5	-4.49527e-06
759	-5.10822e-06
759.5	-5.89604e-06
760	-6.71311e-06
760.5	-7.80815e-06
761	-1.03898e-05
761.5	-7.70856e-05
762	-0.000236668
762.5	0.00028395
763	0.000314514
763.5	0.000142191
764	-0.000158907
764.5	-5.82748e-05
765	-1.55074e-05
765.5	-5.07365e-06
766	-3.68975e-06
766.5	-5.92136e-06
767	-5.31387e-06
767.5	-5.76406e-06
768	-6.16658e-06
768.5	-6.70591e-06
769	-7.0672e-06
769.5	-7.3784e-06
770	-7.85654e-06
770.5	-8.50849e-06
771	-9.01031e-06
771.5	-9.5577e-06
772	-9.9735e-06
772.5	-1.04128e-05
773	-1.06505e-05
773.5	-1.09255e-05
774	-1.11885e-05
774.5	-1.14355e-05
775	-1.17718e-05
775.5	-1.11873e-05
776	-7.13436e-06
776.5	-1.25244e-05
777	-8.30198e-05
777.5	-0.000108599
778	-1.76436e-05
778.5	2.19787e-05
779	1.51739e-05
779.5	4.41863e-06
780	-1.72158e-06
780.5	-5.5195e-06
781	-6.7305e-06
781.5	-7.02731e-06
782	-7.21803e-06
782.5	-7.14716e-06
783	-7.06842e-06
783.5	-7.02949e-06
784	-6.99456e-06
784.5	-6.89834e-06
785	-6.81938e-06
785.5	-6.81943e-06
786	-6.78467e-06
786.5	-6.65105e-06
787	-6.32915e-06
787.5	-5.97822e-06
788	-5.84285e-06
788.5	-5.76666e-06
789	-5.89559e-06
789.5	-6.10857e-06
790	-4.83225e-06
790.5	-2.61521e-06
791	-4.82026e-06
791.5	-7.54153e-06
792	-5.70748e-06
792.5	-6.47989e-06
793	-5.87118e-06
793.5	-4.98417e-06
794	-4.627e-06
794.5	-4.16683e-06
795	-3.87463e-06
795.5	-3.6836e-06
796	-3.45349e-06
796.5	-3.35286e-06
797	-3.23136e-06
797.5	-3.18647e-06
798	-3.12026e-06
798.5	-3.04697e-06
799	-3.25049e-06
799.5	-3.57055e-06
800	-3.51669e-06
800.5	-4.68673e-06
801	-3.5186e-06
801.5	-3.43319e-06
802	-4.13836e-06
802.5	-4.88052e-06
803	-5.61266e-06
803.5	-6.39663e-06
804	-7.21705e-06
804.5	-7.85099e-06
805	-8.48516e-06
805.5	-9.1825e-06
806	-1.42901e-06
806.5	-3.77985e-06
807	-7.81809e-05
807.5	-6.70822e-05
808	-2.00708e-05
808.5	2.5036e-05
809	1.38948e-05
809.5	5.54654e-06
810	1.902e-07
810.5	-2.99264e-06
811	-6.54057e-06
811.5	-5.99043e-06
812	-5.63959e-06
812.5	-5.40851e-06
813	-5.10549e-06
813.5	-4.88672e-06
814	-4.78183e-06
814.5	-5.14643e-06
815	-4.90256e-06
815.5	-4.72486e-06
816	-4.583e-06
816.5	-4.81617e-06
817	-4.26842e-06
817.5	-3.79428e-06
818	-3.49876e-06
818.5	-3.2741e-06
819	-3.11866e-06
819.5	-1.81553e-06
820	8.4914e-07
820.5	4.32325e-06
821	3.05424e-06
821.5	-1.07029e-06
822	-3.75772e-06
822.5	-3.27778e-06
823	-3.84502e-06
823.5	-4.1981e-06
824	-5.06253e-06
824.5	-5.65966e-06
825	-7.23474e-06
825.5	-6.52218e-06
826	-6.54292e-06
826.5	-6.65571e-06
827	-8.82902e-06
827.5	-7.95216e-06
828	-9.86945e-06
828.5	-9.52477e-06
829	-9.09823e-06
829.5	-9.10924e-06
830	-8.28006e-06
830.5	-8.97872e-06
831	-1.14437e-05
831.5	-9.0642e-06
832	-1.11997e-05
832.5	-1.24161e-05
833	-1.58613e-05
833.5	-1.6127e-05
834	-1.22483e-05
834.5	-7.91448e-06
835	-9.78097e-06
835.5	-1.36857e-05
836	-1.82348e-05
836.5	-1.93114e-05
837	-6.49397e-05
837.5	4.27997e-05
838	-0.000124274
838.5	0.00103642
839	0.000645689
839.5	-0.000127357
840	-8.41284e-05
840.5	-5.17757e-05
841	-3.18576e-05
841.5	-2.25412e-05
842	-1.18384e-05
842.5	-1.26472e-05
843	-1.49545e-05
843.5	-6.24991e-06
844	-2.1972e-06
844.5	-7.14905e-07
845	-9.07734e-07
845.5	-1.29891e-06
846	-1.70768e-06
846.5	-2.15654e-06
847	-2.57858e-06
847.5	-3.02953e-06
848	-3.72198e-06
848.5	-4.35476e-06
849	-4.93488e-06
849.5	-5.3637e-06
850	-5.63437e-06
850.5	-5.76377e-06
851	-5.94598e-06
851.5	-6.15473e-06
852	-6.22452e-06
852.5	-6.17357e-06
853	-6.07172e-06
853.5	-6.07012e-06
854	-6.26509e-06
854.5	1.8907e-06
855	4.5201e-06
855.5	7.84714e-07
856	-2.31353e-06
856.5	-4.28367e-06
857	-5.06144e-06
857.5	-4.68197e-06
858	-4.36914e-06
858.5	-4.11637e-06
859	-4.18036e-06
859.5	-4.3226e-06
860	-4.5729e-06
860.5	-4.81746e-06
861	-5.00623e-06
861.5	-5.17779e-06
862	-5.47957e-06
862.5	-5.66843e-06
863	-5.8598e-06
863.5	-6.05366e-06
864	-6.29502e-06
864.5	-6.78219e-06
865	-7.40253e-06
865.5	-8.24489e-06
866	-8.92818e-06
866.5	-9.69659e-06
867	-1.06632e-05
867.5	-1.21089e-05
868	-1.58313e-05
868.5	-9.16755e-05
869	8.30189e-05
869.5	0.000235138
870	0.000104953
870.5	-7.42195e-05
871	-0.000129188
871.5	-3.24088e-05
872	-1.39612e-05
872.5	-4.29963e-06
873	-3.97006e-07
873.5	4.75805e-07
874	-4.24322e-07
874.5	-1.49413e-06
875	-2.19051e-06
875.5	-2.69542e-06
876	-2.88402e-06
876.5	-2.99087e-06
877	-3.36624e-06
877.5	-3.83567e-06
878	-4.18871e-06
878.5	-4.44338e-06
879	-4.2778e-06
879.5	-4.21348e-06
880	-4.08178e-06
880.5	-4.18546e-06
881	-4.3285e-06
881.5	-4.43987e-06
882	-5.01482e-06
882.5	-5.73212e-06
883	-1.86802e-06
883.5	-6.1433e-06
884	-8.31542e-06
884.5	-2.57452e-06
885	-2.0906e-06
885.5	-2.0332e-06
886	-3.11366e-06
886.5	-3.4769e-06
887	-2.2275e-06
887.5	-2.12521e-06
888	-2.58379e-06
888.5	-2.7449e-06
889	-3.32666e-06
889.5	-3.99546e-06
890	-4.42138e-06
890.5	-4.7202e-06
891	-4.86872e-06
891.5	-4.75226e-06
892	-4.58128e-06
892.5	-4.49097e-06
893	-4.80238e-06
893.5	-5.03648e-06
894	-5.25093e-06
894.5	-5.51201e-06
895	-5.99761e-06
895.5	-6.63672e-06
896	-3.24261e-06
896.5	-2.14945e-06
897	-3.53901e-06
897.5	-1.32465e-06
898	-3.57718e-06
898.5	-5.75428e-06
899	-6.63717e-06
899.5	-7.88327e-06
900	-7.8414e-06
900.5	-7.4677e-06
901	-7.47703e-06
901.5	-7.64698e-06
902	-7.43547e-06
902.5	-6.91992e-06
903	-6.27133e-06
903.5	-5.72074e-06
904	-5.44722e-06
904.5	-5.19755e-06
905	-4.97289e-06
905.5	-4.68693e-06
906	-4.42327e-06
906.5	-4.27127e-06
907	-4.30735e-06
907.5	-4.56242e-06
908	-4.89942e-06
908.5	-3.38495e-06
909	-5.03663e-06
909.5	-6.55637e-06
910	-7.00033e-06
910.5	-2.36507e-06
911	2.49322e-06
911.5	5.97348e-07
912	-1.36008e-06
912.5	-1.91298e-06
913	-2.71999e-06
913.5	-2.8232e-06
914	-3.12871e-06
914.5	-3.43882e-06
915	-3.6426e-06
915.5	-3.87307e-06
916	-4.10785e-06
916.5	-4.31686e-06
917	-4.33916e-06
917.5	-4.23925e-06
918	-4.14811e-06
918.5	-4.21182e-06
919	-4.64422e-06
919.5	-4.91898e-06
920	-5.10374e-06
920.5	-5.00658e-06
921	-5.00587e-06
921.5	-4.91345e-06
922	-4.90614e-06
922.5	-4.82526e-06
923	-4.80621e-06
923.5	-5.25773e-06
924	-2.66891e-06
924.5	-6.74347e-06
925	-5.95035e-05
925.5	-9.75598e-05
926	4.38583e-06
926.5	4.40186e-05
927	2.46204e-05
927.5	1.20511e-05
928	5.35636e-06
928.5	1.70001e-06
929	-1.01159e-06
929.5	-2.63362e-06
930	-3.08205e-06
930.5	-3.53387e-06
931	-3.7099e-06
931.5	-3.6262e-06
932	-3.48122e-06
932.5	-3.63209e-06
933	-3.93435e-06
933.5	-4.15328e-06
934	-2.79871e-06
934.5	-2.73223e-06
935	-2.71652e-06
935.5	-1.94402e-06
936	-2.64417e-06
936.5	-3.17591e-06
937	-3.38484e-06
937.5	-2.57434e-06
938	-1.73266e-06
938.5	-2.95394e-06
939	-3.65059e-06
939.5	-4.33051e-06
940	-4.61805e-06
940.5	-5.60915e-06
941	-5.49348e-06
941.5	-6.3772e-06
942	-6.57762e-06
942.5	-6.4445e-06
943	-6.39977e-06
943.5	-6.42792e-06
944	-6.21322e-06
944.5	-5.88548e-06
945	-5.71357e-06
945.5	-5.48209e-06
946	-5.00246e-06
946.5	-4.55821e-06
947	-4.25073e-06
947.5	-6.68251e-06
948	-5.97087e-06
948.5	-4.54109e-06
949	-3.96333e-06
949.5	-3.52295e-06
950	-4.8813e-06
950.5	-5.07201e-06
951	-4.45579e-06
951.5	-1.14022e-06
952	-2.7767e-06
952.5	-2.68693e-06
953	-2.85985e-06
953.5	-7.10503e-06
954	-7.31549e-06
954.5	-5.64558e-06
955	-4.30869e-06
955.5	-3.00562e-06
956	-3.29927e-06
956.5	-4.21757e-06
957	-3.9189e-06
957.5	-3.71278e-06
958	-9.94645e-06
958.5	-8.96924e-06
959	-2.87246e-06
959.5	-5.44394e-08
960	7.98392e-07
960.5	-5.54638e-07
961	-1.31025e-06
961.5	2.02649e-07
962	-3.08039e-07
962.5	-3.51786e-06
963	-4.10035e-06
963.5	-4.21768e-06
964	-1.40343e-06
964.5	1.66927e-07
965	1.53876e-06
965.5	6.90611e-07
966	2.2177e-06
966.5	9.5103e-07
967	-2.42245e-06
967.5	-4.17421e-06
968	-7.45653e-06
968.5	-1.08509e-05
969	-1.93606e-05
969.5	-9.72881e-05
970	6.59595e-05
970.5	-0.000143958
971	0.000904622
971.5	0.000502562
972	-0.000103647
972.5	-0.000104548
973	-6.65571e-05
973.5	-5.0219e-05
974	-0.000107228
974.5	3.31481e-05
975	-5.75104e-05
975.5	-4.0578e-05
976	0.000723302
976.5	0.000466172
977	0.000208974
977.5	-8.26215e-05
978	-4.6813e-05
978.5	-2.16229e-05
979	-1.24354e-05
979.5	-6.32433e-06
980	-3.73805e-06
980.5	-2.75594e-06
981	-2.53207e-06
981.5	-2.7421e-06
982	-3.13621e-06
982.5	-3.4137e-06
983	-3.71337e-06
983.5	-3.97298e-06
984	-4.25406e-06
984.5	-4.59383e-06
985	-4.82805e-06
985.5	-5.04737e-06
986	-5.32199e-06
986.5	-5.65523e-06
987	-6.09961e-06
987.5	-1.51144e-06
988	-1.65509e-06
988.5	2.86626e-06
989	1.83205e-07
989.5	-2.77469e-06
990	-4.21361e-06
990.5	-4.97799e-06
991	-5.15208e-06
991.5	-5.04235e-06
992	-4.84622e-06
992.5	-4.83099e-06
993	-5.15769e-06
993.5	-5.4102e-06
994	-5.45078e-06
994.5	-5.41462e-06
995	-5.39906e-06
995.5	-5.44398e-06
996	-5.64988e-06
996.5	-6.12733e-06
997	-6.51905e-06
997.5	-6.96208e-06
998	-7.60848e-06
998.5	-8.24538e-06
999	-8.84956e-06
999.5	-9.66572e-06
1000	-1.06588e-05
