0	0
0.5	5.47993e-06
1	5.48057e-06
1.5	5.48067e-06
2	5.48057e-06
2.5	5.48036e-06
3	5.4801e-06
3.5	5.26774e-06
4	4.16752e-06
4.5	2.31972e-06
5	-1.97111e-06
5.5	-5.78218e-06
6	-6.27563e-06
6.5	-5.52677e-06
7	-4.42387e-06
7.5	-5.69332e-06
8	-7.42727e-06
8.5	-1.0894e-05
9	-1.40455e-05
9.5	-1.70139e-05
10	-1.86456e-05
10.5	-1.95768e-05
11	-1.91881e-05
11.5	-1.82599e-05
12	-1.75887e-05
12.5	-1.78236e-05
13	-1.97126e-05
13.5	-2.18188e-05
14	-2.31983e-05
14.5	-1.61704e-05
15	-1.45062e-05
15.5	-1.00495e-05
16	3.01888e-05
16.5	3.44989e-05
17	2.92417e-05
17.5	3.57565e-05
18	4.06539e-05
18.5	3.50798e-05
19	3.9096e-06
19.5	-2.18376e-06
20	-5.69206e-06
20.5	-5.52944e-06
21	-4.82433e-06
21.5	-4.52109e-06
22	-4.24141e-06
22.5	-9.62913e-06
23	-1.4016e-05
23.5	-1.21486e-05
24	-4.45305e-05
24.5	2.58752e-05
25	0.000121247
25.5	0.000527981
26	0.000583444
26.5	0.000214084
27	-3.933e-05
27.5	-0.000101249
28	-9.23042e-05
28.5	-8.41469e-05
29	-6.48694e-05
29.5	1.72325e-05
30	1.9896e-05
30.5	-0.000125484
31	-0.000180563
31.5	-0.000148892
32	-0.000179601
32.5	-0.0001223
33	-0.000119534
33.5	-0.000199567
34	-9.57323e-06
34.5	0.000143928
35	7.24998e-05
35.5	-6.65795e-05
36	-0.000138744
36.5	-0.000160349
37	-0.00016217
37.5	-0.000156445
38	-0.000147849
38.5	-0.000118008
39	-9.1056e-05
39.5	-7.74769e-05
40	-6.47777e-05
40.5	-4.94147e-05
41	-3.51543e-05
41.5	-2.75895e-05
42	-2.08877e-05
42.5	-1.49033e-05
43	-9.91973e-06
43.5	-6.08123e-06
44	-2.71407e-06
44.5	1.74965e-07
45	1.40176e-06
45.5	2.93024e-06
46	1.17124e-06
46.5	-1.63679e-06
47	-4.42644e-06
47.5	-5.31011e-06
48	-7.80419e-06
48.5	-9.3366e-06
49	1.76394e-05
49.5	2.54653e-05
50	1.71999e-05
50.5	1.12722e-05
51	1.08728e-05
51.5	1.06913e-05
52	7.69368e-06
52.5	5.03828e-06
53	3.14794e-06
53.5	2.34093e-06
54	8.37131e-07
54.5	-4.8719e-07
55	-2.41931e-06
55.5	-2.95794e-06
56	-2.73954e-06
56.5	-4.22165e-06
57	-1.00284e-05
57.5	-1.18693e-05
58	-1.18266e-05
58.5	-1.25932e-05
59	-1.26242e-05
59.5	-1.36958e-05
60	-1.68622e-05
60.5	-2.95451e-05
61	-3.72521e-05
61.5	-2.84303e-05
62	-2.23281e-05
62.5	-2.25579e-05
63	-2.49227e-05
63.5	-2.56571e-05
64	-2.5895e-05
64.5	-1.11879e-05
65	-2.89957e-05
65.5	-3.80643e-05
66	-1.04544e-05
66.5	4.68323e-06
67	4.09756e-05
67.5	3.51817e-05
68	2.60039e-05
68.5	1.62658e-05
69	7.97211e-06
69.5	2.8609e-06
70	-1.27901e-06
70.5	-4.84401e-06
71	-5.91838e-06
71.5	-5.74996e-06
72	-5.93774e-06
72.5	-6.3513e-06
73	-6.3835e-06
73.5	-6.49704e-06
74	-7.08385e-06
74.5	-7.46156e-06
75	-7.82444e-06
75.5	-8.16411e-06
76	-8.58977e-06
76.5	-1.09783e-05
77	-1.34467e-05
77.5	-1.39913e-05
78	-1.54474e-05
78.5	-1.55213e-05
79	-9.06986e-06
79.5	-9.85977e-06
80	-8.0347e-06
80.5	-8.05492e-06
81	8.48525e-06
81.5	1.0968e-05
82	4.01627e-06
82.5	3.32685e-06
83	2.32391e-06
83.5	1.10383e-06
84	-1.08553e-06
84.5	-5.0545e-06
85	-6.13534e-06
85.5	-5.80132e-06
86	-5.60661e-06
86.5	-6.24629e-06
87	-8.81423e-06
87.5	-1.0943e-05
88	-1.19767e-05
88.5	-1.21685e-05
89	-1.17918e-05
89.5	-1.2841e-05
90	-1.51554e-05
90.5	-1.59984e-05
91	-1.65518e-05
91.5	-2.53029e-05
92	-5.2788e-05
92.5	-4.49903e-05
93	-3.24343e-05
93.5	-2.77957e-05
94	-2.62422e-05
94.5	-1.81662e-05
95	1.18932e-05
95.5	8.9995e-06
96	4.68647e-06
96.5	2.7028e-05
97	3.10567e-05
97.5	7.19352e-05
98	4.75018e-05
98.5	2.96533e-05
99	3.34694e-05
99.5	2.32459e-05
100	1.84409e-05
100.5	1.74186e-05
101	1.50456e-05
101.5	1.22029e-05
102	8.61203e-06
102.5	5.56448e-06
103	2.28468e-06
103.5	-2.88343e-06
104	-7.03016e-06
104.5	-1.29128e-05
105	-2.78036e-05
105.5	-2.66214e-05
106	-3.67575e-05
106.5	-2.82193e-05
107	-5.91294e-05
107.5	-5.93969e-05
108	-4.94737e-05
108.5	-3.98527e-05
109	-5.56789e-05
109.5	-1.45469e-05
110	1.38829e-05
110.5	-1.06543e-05
111	-9.90773e-06
111.5	-3.61274e-06
112	4.0929e-06
112.5	-0.000116517
113	-0.000241698
113.5	-0.000172536
114	-0.000138353
114.5	-0.000123223
115	-9.85273e-05
115.5	-7.37934e-05
116	1.02105e-05
116.5	0.000321034
117	0.000609863
117.5	0.000418911
118	3.48723e-05
118.5	-5.55094e-05
119	-8.37478e-05
119.5	-0.000182908
120	-0.000164275
120.5	-0.000132326
121	-4.49152e-05
121.5	-0.00013221
122	-0.000195116
122.5	-0.000201592
123	-0.000173744
123.5	-8.36519e-05
124	-6.50959e-05
124.5	-8.53452e-05
125	-0.000248678
125.5	-0.000187395
126	-0.000163143
126.5	-0.000117991
127	-9.71307e-05
127.5	-0.000104512
128	-0.000101235
128.5	-8.04059e-05
129	-7.88361e-05
129.5	-6.70165e-05
130	-6.25968e-05
130.5	-5.78143e-05
131	-5.35978e-05
131.5	-4.92901e-05
132	-4.48316e-05
132.5	-3.96327e-05
133	-3.34897e-05
133.5	-2.78285e-05
134	-2.28316e-05
134.5	-1.8649e-05
135	-1.55754e-05
135.5	-1.23966e-05
136	-8.38926e-06
136.5	-1.36697e-05
137	-1.29056e-05
137.5	1.52263e-05
138	9.90745e-06
138.5	5.7563e-06
139	1.71495e-06
139.5	-4.52729e-06
140	-8.89738e-06
140.5	-1.08213e-05
141	-1.34575e-05
141.5	-1.01256e-05
142	-1.24858e-05
142.5	-1.87116e-05
143	-2.01013e-05
143.5	-2.11797e-05
144	-2.03995e-05
144.5	-2.15393e-05
145	-2.11841e-05
145.5	-1.96351e-05
146	-1.8611e-05
146.5	-1.84381e-05
147	-1.9244e-05
147.5	-2.01673e-05
148	-2.09849e-05
148.5	-2.17659e-05
149	-2.12558e-05
149.5	-2.09742e-05
150	-1.98506e-05
150.5	-1.85634e-05
151	-1.58032e-05
151.5	-9.81639e-06
152	-1.02764e-05
152.5	-1.11626e-05
153	-1.21526e-05
153.5	-1.17981e-05
154	-1.3073e-05
154.5	-4.19905e-06
155	3.23457e-06
155.5	2.91291e-06
156	4.71686e-06
156.5	3.73217e-06
157	3.26283e-06
157.5	3.14324e-06
158	2.32175e-06
158.5	2.0644e-06
159	6.5741e-06
159.5	5.35504e-06
160	2.68934e-06
160.5	1.79939e-06
161	-6.34327e-07
161.5	-4.93479e-06
162	-6.84334e-06
162.5	-8.22871e-06
163	-8.7033e-06
163.5	-7.98849e-06
164	-8.08141e-06
164.5	-9.50101e-06
165	-1.06387e-05
165.5	-1.10059e-05
166	-5.50864e-06
166.5	-5.0921e-06
167	-5.5544e-06
167.5	-7.00384e-06
168	-7.40116e-06
168.5	-6.26419e-06
169	-4.13966e-07
169.5	-2.81214e-05
170	-2.4233e-05
170.5	-2.21816e-05
171	-1.91237e-05
171.5	2.91928e-06
172	3.84066e-05
172.5	3.23073e-05
173	2.2432e-05
173.5	1.5526e-05
174	1.15661e-05
174.5	7.93029e-06
175	5.28593e-06
175.5	2.65445e-06
176	-1.3247e-06
176.5	-4.12152e-06
177	-5.60239e-06
177.5	-7.75474e-06
178	-9.35688e-06
178.5	-9.31229e-06
179	-1.06138e-05
179.5	-3.79352e-06
180	-1.88423e-05
180.5	-3.26136e-05
181	-2.37951e-05
181.5	-1.41253e-05
182	-1.18372e-05
182.5	2.28551e-06
183	9.40139e-06
183.5	-2.09777e-05
184	1.11768e-06
184.5	2.49237e-05
185	2.69949e-05
185.5	2.78057e-05
186	2.63968e-05
186.5	2.58958e-05
187	2.11494e-05
187.5	1.58439e-05
188	1.23949e-05
188.5	9.12491e-06
189	5.82749e-06
189.5	1.64589e-06
190	6.51498e-05
190.5	4.82283e-05
191	3.95152e-05
191.5	3.36033e-05
192	-7.08111e-05
192.5	-5.54821e-05
193	-5.04511e-05
193.5	-4.93432e-05
194	-4.75989e-05
194.5	-4.40131e-05
195	-4.05643e-05
195.5	-3.55357e-05
196	-3.1386e-05
196.5	-3.20096e-05
197	-4.04236e-05
197.5	-3.17017e-05
198	-1.81588e-06
198.5	3.75094e-05
199	4.17559e-05
199.5	5.20153e-05
200	3.86724e-05
200.5	3.03864e-05
201	2.32207e-05
201.5	7.612e-06
202	7.88164e-06
202.5	8.35452e-06
203	8.87728e-06
203.5	7.40411e-06
204	2.91264e-07
204.5	-5.53375e-06
205	-4.877e-06
205.5	-1.43225e-05
206	-7.70773e-06
206.5	-5.91134e-06
207	-2.24716e-05
207.5	-2.48563e-05
208	-2.49999e-05
208.5	-2.57619e-05
209	-2.49128e-05
209.5	-2.40261e-05
210	-2.2626e-05
210.5	-2.05638e-05
211	-2.29251e-05
211.5	-5.60892e-05
212	7.38508e-06
212.5	2.98215e-05
213	2.44739e-05
213.5	1.76981e-05
214	1.33455e-05
214.5	5.37788e-06
215	-7.34562e-05
215.5	-6.1925e-05
216	-6.55186e-05
216.5	-6.00635e-05
217	-5.54811e-05
217.5	-5.25319e-05
218	-4.88831e-05
218.5	-4.77606e-05
219	-4.5147e-05
219.5	-3.96136e-05
220	-3.57279e-05
220.5	-3.26539e-05
221	-2.43824e-05
221.5	-4.90489e-05
222	-5.27803e-05
222.5	-5.11377e-05
223	-5.37685e-05
223.5	-4.48259e-05
224	-4.86448e-05
224.5	-3.92513e-05
225	-3.59912e-05
225.5	-8.46106e-05
226	-0.000107083
226.5	-8.66467e-05
227	-6.68173e-06
227.5	5.4007e-05
228	5.08078e-05
228.5	9.10697e-05
229	0.000301914
229.5	0.00065805
230	0.00107886
230.5	0.000716834
231	0.000405196
231.5	0.000180958
232	2.39976e-06
232.5	-0.000121415
233	-0.000149051
233.5	-0.000196422
234	-0.000208602
234.5	-0.000170195
235	-0.00016453
235.5	-0.000149771
236	-0.000149024
236.5	-0.000147652
237	-0.000131783
237.5	-0.0001105
238	-9.64828e-05
238.5	-8.42113e-05
239	-7.36534e-05
239.5	-6.04789e-05
240	-5.2194e-05
240.5	-3.1554e-05
241	-3.00765e-05
241.5	-4.83466e-05
242	-5.33914e-05
242.5	-5.31923e-05
243	-4.93406e-05
243.5	-4.49495e-05
244	-4.05387e-05
244.5	-3.71369e-05
245	-3.3063e-05
245.5	-2.9547e-05
246	-2.74285e-05
246.5	-2.3831e-05
247	-1.96398e-05
247.5	-1.64526e-05
248	-1.33553e-05
248.5	-1.09263e-05
249	-8.85552e-06
249.5	1.02946e-05
250	1.27835e-05
250.5	9.77589e-06
251	9.06993e-06
251.5	5.42041e-06
252	4.34435e-06
252.5	3.76222e-06
253	1.32972e-06
253.5	-2.2542e-06
254	-4.26722e-06
254.5	-5.86376e-06
255	-4.96302e-06
255.5	-8.26914e-06
256	-1.10662e-05
256.5	-1.10278e-05
257	-1.51663e-05
257.5	-1.5896e-05
258	-1.54946e-05
258.5	-1.46475e-05
259	-1.34976e-05
259.5	-1.26869e-05
260	-1.25452e-05
260.5	-1.27492e-05
261	-1.29237e-05
261.5	-1.16141e-05
262	-1.08601e-05
262.5	-1.06483e-05
263	-1.17991e-05
263.5	-1.37288e-05
264	-1.34011e-05
264.5	-1.15553e-05
265	-1.52133e-05
265.5	-1.3287e-05
266	-5.64528e-06
266.5	-6.59237e-06
267	-1.82331e-05
267.5	-1.75467e-05
268	2.21681e-05
268.5	4.06239e-05
269	2.64118e-05
269.5	1.71223e-05
270	1.17387e-05
270.5	8.73461e-06
271	6.9428e-06
271.5	5.54871e-06
272	4.4062e-06
272.5	2.55484e-08
273	-1.0197e-05
273.5	-1.40574e-05
274	-1.02019e-05
274.5	-4.74007e-06
275	-6.28094e-06
275.5	-1.90125e-05
276	-1.6136e-05
276.5	-1.01746e-05
277	-6.46527e-06
277.5	1.20906e-05
278	1.48791e-05
278.5	1.2705e-05
279	8.85462e-06
279.5	4.87325e-06
280	3.18774e-06
280.5	4.88761e-06
281	7.73096e-06
281.5	5.69879e-06
282	2.15815e-05
282.5	1.9274e-05
283	1.97505e-05
283.5	3.18407e-05
284	1.58855e-05
284.5	9.3986e-06
285	6.28177e-06
285.5	3.90959e-06
286	1.29862e-06
286.5	-1.96878e-06
287	-6.10568e-06
287.5	-7.41878e-06
288	-8.15178e-06
288.5	-8.21563e-06
289	-6.63576e-06
289.5	-2.22767e-06
290	-9.54008e-06
290.5	-5.27623e-05
291	-3.69398e-05
291.5	-8.21481e-06
292	-3.81391e-06
292.5	1.09955e-05
293	1.06981e-05
293.5	1.44482e-05
294	1.14026e-05
294.5	3.26913e-05
295	2.97839e-05
295.5	2.51944e-05
296	2.53695e-05
296.5	2.22306e-05
297	1.81789e-05
297.5	1.40608e-05
298	1.0071e-05
298.5	7.1137e-06
299	4.30298e-06
299.5	1.76662e-06
300	-2.43865e-06
300.5	-4.82687e-06
301	-6.69903e-06
301.5	-6.72689e-06
302	-8.06226e-06
302.5	-5.33447e-05
303	-4.58352e-05
303.5	-3.85124e-05
304	-3.45606e-05
304.5	-3.19493e-05
305	-2.86417e-05
305.5	-4.62562e-05
306	-6.11605e-05
306.5	-3.67412e-05
307	-1.30712e-05
307.5	-9.47396e-06
308	1.15301e-05
308.5	3.1551e-05
309	2.61525e-05
309.5	2.09458e-05
310	3.01414e-06
310.5	-5.27724e-06
311	-4.01465e-06
311.5	3.55423e-05
312	3.24777e-05
312.5	2.77221e-05
313	2.31653e-05
313.5	1.89823e-05
314	1.55385e-05
314.5	1.23117e-05
315	6.25452e-06
315.5	2.05696e-06
316	1.18468e-06
316.5	1.85468e-06
317	3.1124e-06
317.5	3.53548e-06
318	3.10128e-07
318.5	-6.66825e-07
319	-5.81558e-07
319.5	-3.99858e-07
320	-4.4823e-07
320.5	1.72062e-07
321	-3.9361e-05
321.5	-2.9054e-05
322	-1.82286e-05
322.5	-7.98997e-06
323	-7.58341e-06
323.5	-5.33138e-06
324	8.07925e-06
324.5	1.3419e-05
325	1.06465e-05
325.5	6.82945e-06
326	4.98547e-06
326.5	2.84653e-06
327	1.61583e-06
327.5	3.2271e-07
328	6.88133e-08
328.5	-4.12829e-06
329	-6.60087e-06
329.5	-6.92619e-06
330	-6.09638e-06
330.5	-9.33037e-06
331	-1.8435e-06
331.5	-1.34938e-06
332	-6.47496e-08
332.5	-1.30918e-06
333	-2.78666e-06
333.5	-4.76698e-06
334	-4.49872e-06
334.5	-4.87023e-06
335	-5.14145e-06
335.5	-4.19756e-06
336	-5.2831e-06
336.5	9.00028e-06
337	8.84942e-06
337.5	8.76814e-06
338	7.66214e-06
338.5	6.93448e-06
339	5.70497e-06
339.5	-1.01475e-05
340	-9.14415e-05
340.5	-5.71802e-05
341	-4.62951e-05
341.5	-4.13847e-05
342	-3.89101e-05
342.5	-3.60844e-05
343	-3.26358e-05
343.5	-2.95198e-05
344	-2.7659e-05
344.5	-2.72193e-05
345	-2.59988e-05
345.5	-2.35725e-05
346	-3.59942e-05
346.5	6.94249e-06
347	-6.2801e-06
347.5	-7.30866e-05
348	9.09805e-07
348.5	2.39896e-05
349	7.92417e-05
349.5	7.11943e-05
350	3.56792e-05
350.5	4.08628e-05
351	3.73119e-05
351.5	4.80886e-05
352	0.00011984
352.5	0.000290711
353	0.00030892
353.5	0.000306343
354	0.000411163
354.5	0.000390897
355	0.000121553
355.5	1.09805e-06
356	-6.90266e-05
356.5	-9.84919e-05
357	-0.000110629
357.5	-0.000128572
358	-0.000109003
358.5	-0.000186553
359	-0.000247855
359.5	-0.000231244
360	-0.000156033
360.5	-2.00609e-05
361	-6.0925e-05
361.5	-3.45969e-05
362	1.32551e-05
362.5	2.95423e-05
363	-6.61136e-05
363.5	-6.74162e-05
364	-7.24082e-05
364.5	-4.82435e-05
365	-6.35891e-05
365.5	-5.52887e-05
366	-5.13524e-05
366.5	-3.87034e-05
367	-3.60486e-05
367.5	-3.15514e-05
368	-2.58223e-05
368.5	-1.42943e-05
369	-8.01367e-06
369.5	-8.40076e-06
370	-6.87797e-06
370.5	-5.31742e-06
371	-4.7914e-06
371.5	-5.40268e-06
372	-6.24188e-06
372.5	-4.53107e-06
373	-3.8738e-06
373.5	-3.36249e-06
374	-2.73766e-06
374.5	-3.15724e-06
375	-7.32899e-06
375.5	-9.79313e-06
376	-1.42018e-06
376.5	-7.17134e-07
377	-1.69914e-06
377.5	4.25407e-07
378	-4.8391e-06
378.5	-7.23005e-06
379	-4.4481e-06
379.5	-4.93132e-06
380	-6.18341e-06
380.5	-6.11459e-06
381	-6.77776e-06
381.5	-7.77035e-06
382	-7.72551e-06
382.5	-8.49137e-06
383	-1.08065e-05
383.5	-1.18372e-05
384	-1.17326e-05
384.5	-1.17071e-05
385	-1.14421e-05
385.5	-1.13611e-05
386	-1.24057e-05
386.5	-1.25613e-05
387	-1.26392e-05
387.5	-1.1184e-05
388	-6.3041e-07
388.5	2.11814e-06
389	-1.22022e-06
389.5	-3.10285e-06
390	-3.60858e-06
390.5	-4.61469e-06
391	-6.08061e-06
391.5	-7.06468e-06
392	-7.16577e-06
392.5	-7.73511e-06
393	-8.0141e-06
393.5	-7.49052e-06
394	-6.38713e-06
394.5	-6.63396e-06
395	-7.93834e-06
395.5	1.01375e-05
396	9.11934e-06
396.5	9.63018e-06
397	7.49482e-06
397.5	4.97233e-06
398	2.08608e-06
398.5	-5.78909e-08
399	-1.96567e-07
399.5	-1.53399e-06
400	-2.90466e-06
400.5	-3.64162e-06
401	-4.57793e-06
401.5	-6.85856e-06
402	-6.68327e-06
402.5	-3.00057e-06
403	-1.60762e-06
403.5	8.93652e-06
404	7.51308e-06
404.5	5.40506e-06
405	3.7534e-06
405.5	2.24011e-06
406	5.80855e-07
406.5	-2.28255e-06
407	-3.87619e-06
407.5	-3.76784e-06
408	-7.64803e-06
408.5	-1.47679e-05
409	-1.19972e-05
409.5	-8.00972e-06
410	-3.0463e-05
410.5	-3.58598e-05
411	-4.55826e-05
411.5	-3.60071e-05
412	-2.39291e-05
412.5	-2.49844e-05
413	-3.95404e-05
413.5	-7.12642e-05
414	-4.39299e-05
414.5	5.64788e-06
415	8.23661e-06
415.5	1.5779e-06
416	-4.03487e-06
416.5	-2.39892e-05
417	-3.85993e-05
417.5	-5.18212e-05
418	-2.88378e-05
418.5	-1.27429e-05
419	-9.65549e-06
419.5	-8.93259e-06
420	-8.11977e-06
420.5	-7.518e-06
421	-8.56296e-06
421.5	1.43764e-05
422	2.0295e-05
422.5	1.74483e-05
423	1.96921e-05
423.5	1.84756e-05
424	1.56774e-05
424.5	1.20766e-05
425	8.2933e-06
425.5	5.8908e-06
426	5.03205e-06
426.5	2.80782e-06
427	5.31437e-06
427.5	6.72497e-06
428	6.41337e-06
428.5	1.73662e-06
429	-1.36909e-06
429.5	-2.40017e-06
430	1.88809e-06
430.5	6.83944e-06
431	4.4594e-06
431.5	1.98299e-06
432	-6.47634e-07
432.5	-3.08393e-06
433	-4.42054e-06
433.5	-5.04686e-06
434	-5.26235e-06
434.5	-5.3943e-06
435	-5.1556e-06
435.5	-3.97742e-06
436	-4.47051e-06
436.5	-4.23248e-06
437	-5.3076e-06
437.5	1.32768e-05
438	1.04349e-05
438.5	1.00771e-05
439	8.32146e-06
439.5	5.85917e-06
440	5.21477e-06
440.5	1.2651e-05
441	1.01587e-05
441.5	4.98799e-06
442	1.60321e-06
442.5	-3.24766e-06
443	-1.34463e-05
443.5	-2.79947e-05
444	-6.12501e-05
444.5	-4.45711e-05
445	-3.50226e-05
445.5	-2.43834e-05
446	-1.82515e-05
446.5	-1.60952e-05
447	-1.49344e-05
447.5	-3.65073e-05
448	-6.79601e-05
448.5	-4.96956e-05
449	-2.01407e-05
449.5	-8.20807e-06
450	-5.0124e-06
450.5	-4.32783e-06
451	-4.38131e-06
451.5	-4.92053e-06
452	-4.1124e-06
452.5	-7.29034e-06
453	1.02849e-05
453.5	3.78325e-05
454	4.51365e-05
454.5	4.37365e-05
455	3.2469e-05
455.5	2.14023e-05
456	2.31951e-05
456.5	1.91622e-05
457	1.43263e-05
457.5	1.0323e-05
458	7.3196e-06
458.5	6.28975e-06
459	5.46637e-06
459.5	2.56288e-06
460	-1.20797e-05
460.5	-2.87437e-05
461	-3.27136e-05
461.5	-3.35116e-05
462	-3.39575e-05
462.5	-4.17586e-05
463	-4.40407e-05
463.5	-3.39174e-05
464	-3.40852e-05
464.5	-3.42097e-05
465	-4.52073e-05
465.5	-3.78366e-05
466	-2.80262e-05
466.5	-2.45107e-05
467	1.19317e-05
467.5	5.55383e-05
468	7.80454e-05
468.5	2.98902e-05
469	2.3563e-05
469.5	2.19372e-05
470	1.96427e-05
470.5	2.28704e-05
471	1.73449e-05
471.5	1.33847e-05
472	1.2332e-05
472.5	-3.3772e-06
473	5.61873e-06
473.5	1.14018e-05
474	1.28182e-05
474.5	8.40211e-06
475	-8.42676e-05
475.5	-7.09983e-05
476	-6.99315e-05
476.5	-6.30601e-05
477	-5.82351e-05
477.5	-5.49252e-05
478	-5.21492e-05
478.5	-4.79625e-05
479	-4.35877e-05
479.5	1.49164e-06
480	-4.57451e-05
480.5	-2.8563e-05
481	2.00928e-06
481.5	-2.97541e-05
482	-3.05171e-05
482.5	1.38707e-05
483	0.000124482
483.5	0.000351267
484	0.000504323
484.5	0.000613863
485	0.000973444
485.5	0.000471351
486	0.000254752
486.5	0.000112684
487	-1.84455e-05
487.5	-0.000109503
488	-8.60532e-05
488.5	-3.83795e-05
489	-8.12716e-05
489.5	-3.58449e-05
490	-6.4256e-05
490.5	-6.39698e-05
491	-7.43494e-05
491.5	-0.000182092
492	-0.000174493
492.5	-0.000159973
493	-0.000164387
493.5	-0.000154735
494	-0.000173832
494.5	-0.000143627
495	-0.000118015
495.5	-9.97575e-05
496	-8.91083e-05
496.5	-7.72652e-05
497	-5.25208e-05
497.5	-3.628e-05
498	-2.36653e-05
498.5	-1.866e-05
499	-1.319e-05
499.5	-1.14242e-05
500	-1.01428e-05
500.5	-1.08383e-05
501	-1.01727e-05
501.5	-9.14134e-06
502	-7.9456e-06
502.5	-7.19586e-06
503	-6.45285e-06
503.5	-9.9569e-06
504	-1.06004e-05
504.5	-1.34662e-05
505	-1.73792e-05
505.5	-1.95045e-05
506	-1.12139e-05
506.5	-7.08832e-06
507	-6.73047e-06
507.5	-6.13233e-06
508	-7.2284e-06
508.5	-4.23142e-06
509	-7.32981e-06
509.5	-1.00245e-05
510	-1.17583e-05
510.5	-1.19696e-05
511	5.80032e-06
511.5	8.21024e-06
512	3.71259e-06
512.5	-2.15871e-06
513	-4.53489e-06
513.5	-5.88251e-06
514	-6.466e-06
514.5	-7.50035e-06
515	-6.78282e-06
515.5	-5.41914e-06
516	-5.67988e-06
516.5	-3.6521e-06
517	-3.35697e-06
517.5	-4.69357e-06
518	-5.44575e-06
518.5	-8.02132e-06
519	-1.0124e-05
519.5	-8.87431e-06
520	-9.25714e-06
520.5	-1.0191e-05
521	-1.04872e-05
521.5	-1.33948e-05
522	-2.13568e-06
522.5	-3.73955e-06
523	-5.72242e-06
523.5	-6.43893e-06
524	-6.45939e-06
524.5	-1.47482e-05
525	-1.49801e-05
525.5	-5.69373e-06
526	-4.34657e-06
526.5	-6.80198e-06
527	-5.35131e-06
527.5	-1.9211e-05
528	-2.85209e-05
528.5	-2.31278e-05
529	-1.81841e-05
529.5	-1.53998e-05
530	-1.21144e-05
530.5	-1.3756e-05
531	-1.8841e-05
531.5	-2.68665e-05
532	-3.81184e-05
532.5	-4.05219e-05
533	-3.30171e-05
533.5	-3.55932e-05
534	-3.62646e-05
534.5	-1.6782e-05
535	-1.74006e-05
535.5	-1.07962e-05
536	-7.6459e-06
536.5	-7.28731e-06
537	-6.10169e-06
537.5	-5.65379e-06
538	-6.34867e-06
538.5	-2.87259e-05
539	-2.3113e-05
539.5	-1.33735e-05
540	-9.72185e-06
540.5	-8.0707e-06
541	5.74684e-06
541.5	2.321e-05
542	1.89198e-05
542.5	1.43755e-05
543	9.9957e-06
543.5	6.79712e-06
544	5.05548e-06
544.5	5.6107e-07
545	-1.61897e-06
545.5	-2.9941e-06
546	4.146e-07
546.5	-1.12144e-05
547	-3.77486e-05
547.5	-3.48863e-05
548	-2.65544e-05
548.5	-1.25464e-06
549	6.52489e-06
549.5	4.96258e-06
550	2.87127e-06
550.5	2.73997e-07
551	-1.46665e-06
551.5	1.54436e-05
552	4.38852e-05
552.5	3.59485e-05
553	3.74434e-05
553.5	2.17192e-05
554	1.06092e-05
554.5	1.40367e-05
555	-1.16865e-07
555.5	-4.00814e-06
556	-4.47253e-06
556.5	-3.59707e-06
557	-2.75667e-06
557.5	-3.41711e-06
558	-5.00945e-06
558.5	-5.962e-06
559	-6.15315e-06
559.5	-6.96973e-06
560	-7.52775e-06
560.5	-1.06768e-05
561	-1.21652e-05
561.5	-1.69534e-05
562	-2.81522e-05
562.5	-2.09241e-05
563	-1.37939e-05
563.5	-1.25488e-05
564	-1.2436e-05
564.5	-4.01507e-05
565	-4.74533e-05
565.5	-4.02446e-05
566	-2.90937e-05
566.5	-1.54679e-05
567	3.06046e-05
567.5	4.62903e-05
568	3.53002e-05
568.5	2.18362e-05
569	4.54069e-05
569.5	4.73227e-05
570	3.84401e-05
570.5	2.96976e-05
571	2.31962e-05
571.5	1.96757e-05
572	3.55377e-05
572.5	4.60056e-05
573	3.38474e-05
573.5	2.03636e-05
574	9.20929e-06
574.5	3.35734e-06
575	5.10021e-07
575.5	-1.28218e-06
576	-2.97532e-06
576.5	-4.50403e-06
577	-5.03538e-06
577.5	-4.90977e-06
578	-4.66359e-06
578.5	-6.30398e-06
579	-6.34792e-06
579.5	-6.46332e-06
580	-7.24571e-06
580.5	-9.60337e-06
581	1.93851e-05
581.5	3.03987e-05
582	1.55159e-05
582.5	2.83348e-05
583	2.93388e-05
583.5	2.34816e-05
584	1.22301e-05
584.5	1.2183e-05
585	1.35837e-05
585.5	6.72708e-06
586	6.69601e-07
586.5	-7.36194e-06
587	-1.50868e-05
587.5	-1.66671e-05
588	-2.50949e-05
588.5	-2.39116e-05
589	-2.41361e-05
589.5	-4.135e-05
590	-3.13582e-05
590.5	-2.06077e-05
591	-1.17856e-05
591.5	-4.07031e-05
592	-3.91201e-05
592.5	-4.59542e-05
593	-2.29906e-05
593.5	-7.08929e-06
594	-5.76313e-06
594.5	-7.63687e-06
595	-2.05866e-05
595.5	-4.25669e-06
596	6.54311e-05
596.5	0.000153545
597	0.000143523
597.5	0.000109104
598	9.23031e-05
598.5	-4.13817e-05
599	-2.86259e-05
599.5	-9.70013e-06
600	2.5659e-05
600.5	2.31465e-05
601	8.08549e-06
601.5	-3.54709e-05
602	-3.11315e-05
602.5	-2.55534e-05
603	-0.000189628
603.5	-0.000213204
604	-0.000271992
604.5	-0.000229773
605	-0.000235107
605.5	-0.000159664
606	0.000245294
606.5	0.000346485
607	0.000397471
607.5	0.000269523
608	2.62603e-05
608.5	1.21678e-05
609	-1.00946e-07
609.5	1.11359e-05
610	-5.57752e-05
610.5	-2.72732e-05
611	-1.61201e-05
611.5	-1.70475e-05
612	-6.68935e-05
612.5	-4.65278e-05
613	-6.56543e-05
613.5	-0.000182774
614	-0.000127268
614.5	-9.75032e-05
615	-8.52125e-05
615.5	-7.89867e-05
616	-7.1335e-05
616.5	-6.09734e-05
617	-4.96263e-05
617.5	-3.93447e-05
618	-3.0838e-05
618.5	-2.62118e-05
619	-2.16328e-05
619.5	-1.7209e-05
620	-4.81214e-06
620.5	-1.70289e-07
621	-2.19959e-06
621.5	-2.58819e-06
622	-4.71136e-06
622.5	-4.50021e-06
623	-3.04843e-06
623.5	-1.89284e-06
624	-1.98518e-07
624.5	-7.31046e-07
625	-4.24373e-07
625.5	-6.24481e-07
626	-9.66293e-07
626.5	-2.58878e-06
627	-2.35713e-06
627.5	3.52953e-06
628	4.82908e-07
628.5	-1.55946e-06
629	-3.12977e-06
629.5	-4.60642e-06
630	-7.68486e-06
630.5	-9.51706e-06
631	-1.01152e-05
631.5	-1.02408e-05
632	-1.13826e-05
632.5	-1.27675e-05
633	-1.47699e-05
633.5	-1.59207e-05
634	-1.55862e-05
634.5	-1.74341e-05
635	-2.10239e-05
635.5	-2.46364e-05
636	-3.22972e-05
636.5	-4.51541e-05
637	-4.35074e-05
637.5	-3.53723e-05
638	-1.15824e-05
638.5	-6.69584e-06
639	-1.84334e-05
639.5	-2.74829e-05
640	-4.06968e-05
640.5	-2.59596e-05
641	-1.0646e-05
641.5	-4.51185e-06
642	3.30888e-06
642.5	0.000112914
643	0.000166895
643.5	0.000128818
644	8.02491e-05
644.5	4.87698e-05
645	2.85122e-05
645.5	2.00957e-05
646	3.66179e-05
646.5	3.70057e-05
647	2.4176e-05
647.5	1.30507e-05
648	5.81791e-06
648.5	-1.80435e-07
649	-3.5171e-06
649.5	-5.05969e-06
650	-7.71367e-06
650.5	-1.02625e-05
651	-1.13698e-05
651.5	-1.12997e-05
652	-9.79068e-06
652.5	-5.16529e-06
653	-2.12571e-05
653.5	-2.19416e-05
654	-1.08364e-05
654.5	-1.22686e-05
655	-1.0561e-05
655.5	-4.64395e-06
656	-1.73551e-06
656.5	1.42237e-06
657	1.37426e-06
657.5	2.66235e-07
658	-1.91902e-06
658.5	-2.96028e-06
659	-7.43847e-06
659.5	-1.6921e-05
660	-1.70068e-05
660.5	-1.09212e-05
661	-8.34616e-06
661.5	-7.10298e-06
662	-6.14371e-06
662.5	-5.22921e-06
663	-5.09411e-06
663.5	-4.79189e-06
664	-1.82555e-06
664.5	-1.67001e-06
665	-1.76819e-06
665.5	-1.8301e-06
666	-3.76833e-06
666.5	-4.01584e-06
667	1.60775e-06
667.5	-1.02626e-05
668	-1.15768e-05
668.5	8.53524e-06
669	2.5657e-05
669.5	2.69402e-05
670	2.70833e-05
670.5	2.20439e-05
671	1.67786e-05
671.5	1.22612e-05
672	9.03052e-06
672.5	7.0031e-06
673	5.64279e-06
673.5	4.57087e-06
674	3.85632e-06
674.5	3.63729e-06
675	3.3346e-06
675.5	2.69856e-06
676	1.6087e-06
676.5	-6.08097e-07
677	-2.99753e-06
677.5	-4.79469e-06
678	-6.74993e-06
678.5	-9.96827e-06
679	-1.34918e-05
679.5	-1.36588e-05
680	-1.4115e-05
680.5	-1.43584e-05
681	-1.95438e-05
681.5	1.09603e-05
682	3.45078e-05
682.5	4.13602e-05
683	3.23606e-05
683.5	2.27404e-05
684	1.3892e-05
684.5	1.3207e-05
685	8.73125e-06
685.5	6.32903e-06
686	3.90997e-06
686.5	2.5535e-06
687	1.13981e-06
687.5	-7.17786e-07
688	-3.12515e-06
688.5	-4.70049e-06
689	-2.96678e-06
689.5	-7.49408e-06
690	-2.46228e-05
690.5	-0.000107422
691	-8.03568e-05
691.5	-6.30865e-05
692	-5.28982e-05
692.5	-2.93854e-05
693	-1.7927e-05
693.5	-1.96646e-05
694	-3.55935e-05
694.5	-3.59503e-05
695	-9.91519e-06
695.5	5.24591e-05
696	7.31878e-05
696.5	8.37663e-05
697	6.02995e-05
697.5	3.07171e-05
698	2.18362e-05
698.5	-1.99686e-05
699	-0.000118629
699.5	-0.000138962
700	-0.000126713
700.5	-0.000109272
701	-0.00010694
701.5	-0.000117127
702	-0.000100985
702.5	-8.86626e-05
703	-7.913e-05
703.5	-6.66839e-05
704	-7.81274e-05
704.5	-7.53611e-05
705	-6.24841e-05
705.5	-5.36869e-05
706	-4.88708e-05
706.5	-0.000274762
707	-0.000205512
707.5	-0.000141187
708	-7.7591e-05
708.5	-6.16435e-05
709	-5.31189e-05
709.5	-1.95508e-05
710	-1.61917e-05
710.5	-6.09266e-05
711	-6.4635e-05
711.5	-0.000108183
712	-0.000104009
712.5	-0.000115441
713	-0.000127271
713.5	-6.31296e-05
714	6.44039e-05
714.5	0.00031754
715	0.00029251
715.5	0.000345515
716	0.000129901
716.5	-9.85348e-05
717	-0.000155937
717.5	-0.00018183
718	-0.000243855
718.5	-0.000289307
719	-0.000230995
719.5	-0.000206394
720	-0.000192543
720.5	-0.00012337
721	-7.23676e-05
721.5	-5.60463e-05
722	-6.21874e-05
722.5	-6.00262e-05
723	-5.41008e-05
723.5	-4.6104e-05
724	-3.66163e-05
724.5	-2.77194e-05
725	-2.13334e-05
725.5	-1.74362e-05
726	-1.42571e-05
726.5	-1.29974e-05
727	-1.29908e-05
727.5	-9.90619e-06
728	-8.20601e-06
728.5	-7.08108e-06
729	-5.17997e-06
729.5	-4.32921e-06
730	-3.72205e-06
730.5	-9.57082e-07
731	-1.53431e-06
731.5	-1.48259e-06
732	-6.206e-06
732.5	2.03733e-06
733	1.33362e-06
733.5	1.14517e-05
734	6.36213e-06
734.5	2.03934e-06
735	-6.00208e-07
735.5	-2.29028e-06
736	1.46684e-05
736.5	1.48696e-05
737	1.00088e-05
737.5	6.77619e-06
738	3.94407e-06
738.5	1.80257e-06
739	6.91592e-07
739.5	-1.89413e-07
740	-2.693e-06
740.5	-5.56293e-06
741	-7.18929e-06
741.5	-1.20163e-05
742	-1.33626e-05
742.5	-1.4029e-05
743	-1.43603e-05
743.5	-1.89181e-05
744	-2.46191e-05
744.5	-1.55487e-05
745	-8.18673e-06
745.5	-8.40933e-06
746	-1.02247e-05
746.5	-1.41132e-05
747	-1.95765e-05
747.5	-2.21823e-05
748	-2.65173e-05
748.5	-2.82143e-05
749	-1.54657e-05
749.5	1.20457e-06
750	3.99888e-06
750.5	5.22672e-06
751	5.16511e-06
751.5	1.77611e-05
752	1.29156e-05
752.5	6.46748e-06
753	3.41726e-06
753.5	2.36408e-06
754	2.14693e-06
754.5	3.99618e-07
755	1.60745e-07
755.5	-7.93651e-07
756	-5.33749e-06
756.5	-7.90805e-06
757	-8.05326e-06
757.5	-7.41122e-06
758	-6.56587e-06
758.5	-6.723e-06
759	-7.66435e-06
759.5	-7.26147e-06
760	-7.08356e-06
760.5	-6.66906e-06
761	-5.83426e-06
761.5	-6.39746e-06
762	-3.02507e-06
762.5	-1.28533e-05
763	-1.77251e-05
763.5	-8.04142e-06
764	5.32161e-06
764.5	1.93094e-06
765	1.07992e-05
765.5	5.75695e-06
766	2.11048e-06
766.5	2.19722e-07
767	-1.17631e-06
767.5	-1.11617e-06
768	-1.45616e-06
768.5	-4.86591e-06
769	-6.1692e-06
769.5	-5.83092e-06
770	-6.52978e-06
770.5	-6.30163e-06
771	-6.33628e-06
771.5	-7.52333e-06
772	-6.86702e-06
772.5	-1.12086e-05
773	-2.09619e-05
773.5	-2.03157e-05
774	-1.34351e-05
774.5	-3.86458e-06
775	-3.89766e-06
775.5	-5.84526e-06
776	-7.69266e-06
776.5	-8.86435e-06
777	-1.04368e-05
777.5	1.75329e-05
778	1.65829e-05
778.5	1.39153e-05
779	1.14873e-05
779.5	9.28655e-06
780	7.85537e-06
780.5	6.89918e-06
781	6.04623e-06
781.5	5.2257e-06
782	4.14033e-06
782.5	2.40415e-06
783	1.70554e-06
783.5	1.60662e-06
784	1.25444e-06
784.5	3.55114e-07
785	-8.82055e-07
785.5	9.09911e-07
786	-1.48489e-06
786.5	-5.01848e-06
787	-9.89389e-06
787.5	-4.33899e-06
788	-2.98077e-06
788.5	6.943e-07
789	-1.82459e-05
789.5	3.38283e-06
790	1.94338e-05
790.5	2.6997e-05
791	2.10907e-05
791.5	2.33699e-05
792	1.97239e-05
792.5	1.23245e-05
793	5.6217e-06
793.5	-3.05633e-06
794	-7.60082e-06
794.5	-7.95516e-06
795	-7.32328e-06
795.5	-6.80655e-06
796	-6.59325e-06
796.5	-7.05504e-06
797	-1.08086e-05
797.5	-1.17221e-05
798	-1.17595e-05
798.5	-1.13446e-05
799	-1.0712e-05
799.5	-9.94855e-06
800	-1.02407e-05
800.5	-1.05991e-05
801	-1.29014e-05
801.5	-1.32776e-05
802	-1.45917e-05
802.5	-1.34961e-05
803	-1.08677e-05
803.5	-2.42629e-05
804	-7.53854e-05
804.5	-4.72244e-05
805	-2.53068e-05
805.5	2.53898e-05
806	3.03769e-05
806.5	1.97967e-05
807	1.55105e-05
807.5	1.23121e-05
808	1.3591e-05
808.5	6.11748e-06
809	8.54918e-06
809.5	8.43676e-06
810	6.23765e-06
810.5	5.25547e-06
811	2.9592e-06
811.5	8.01825e-06
812	-1.81578e-05
812.5	-1.99201e-05
813	-1.67421e-05
813.5	-1.11081e-05
814	-1.55868e-05
814.5	-1.17887e-05
815	-6.88579e-06
815.5	-5.46223e-06
816	-4.65405e-06
816.5	-4.74073e-06
817	-6.27895e-06
817.5	-7.98545e-06
818	-5.60835e-05
818.5	-8.83897e-05
819	-8.8854e-05
819.5	-7.66184e-05
820	-1.66208e-05
820.5	-6.53193e-06
821	-1.2299e-05
821.5	-2.71031e-05
822	-2.62874e-05
822.5	-2.78758e-05
823	-2.77246e-05
823.5	-2.71671e-05
824	-1.55079e-05
824.5	-1.93743e-05
825	-2.11311e-05
825.5	-2.15606e-05
826	-2.22805e-05
826.5	-2.29677e-05
827	-2.21323e-05
827.5	-1.89162e-05
828	-1.65746e-05
828.5	-5.5763e-05
829	-6.31781e-05
829.5	-2.50279e-05
830	-1.78139e-05
830.5	-1.86274e-05
831	-2.49339e-05
831.5	-3.58348e-05
832	-1.81059e-05
832.5	-5.56687e-06
833	-8.42542e-06
833.5	4.53303e-07
834	1.99461e-05
834.5	-8.19281e-05
835	-6.04807e-06
835.5	-0.000133004
836	-0.000131447
836.5	-0.000166467
837	-0.000158468
837.5	-0.000140844
838	-0.000126661
838.5	-0.000210604
839	0.000321402
839.5	0.00055496
840	0.000893562
840.5	0.000521306
841	0.000173176
841.5	6.183e-05
842	-1.77404e-05
842.5	-0.000105309
843	-0.000143776
843.5	-0.000157716
844	-0.000137703
844.5	-0.000138191
845	-0.000127447
845.5	-0.000119625
846	-0.000114445
846.5	-0.000106387
847	-9.27244e-05
847.5	-8.07858e-05
848	-6.90621e-05
848.5	-5.144e-05
849	-4.28492e-05
849.5	-3.37351e-05
850	-2.23771e-05
850.5	-1.6622e-05
851	-1.2713e-05
851.5	-1.11593e-05
852	-1.13188e-05
852.5	-9.22824e-06
853	-6.68591e-06
853.5	-6.39976e-06
854	-6.0183e-06
854.5	-5.52455e-06
855	-5.35395e-06
855.5	-6.38968e-06
856	1.13337e-06
856.5	-6.11693e-07
857	5.96111e-06
857.5	5.59837e-06
858	5.17231e-06
858.5	2.81722e-06
859	1.2313e-06
859.5	3.44032e-07
860	-1.4505e-06
860.5	-3.72618e-06
861	-4.47793e-06
861.5	-3.74017e-06
862	-2.90521e-06
862.5	-2.66692e-06
863	-2.49309e-06
863.5	-2.97539e-06
864	-3.33419e-06
864.5	-3.19471e-06
865	-3.61641e-06
865.5	-3.92519e-06
866	-4.71615e-06
866.5	-6.55523e-06
867	-8.0374e-06
867.5	-8.06587e-06
868	-7.65199e-06
868.5	-7.22328e-06
869	-8.51652e-06
869.5	-9.06425e-06
870	-8.50586e-06
870.5	-7.62324e-06
871	-8.34036e-06
871.5	-8.89505e-06
872	-1.02991e-05
872.5	-9.06369e-06
873	-5.41419e-06
873.5	1.15584e-06
874	1.55556e-05
874.5	1.53613e-05
875	1.57363e-05
875.5	1.35505e-05
876	1.15567e-05
876.5	1.07009e-05
877	9.26981e-06
877.5	5.77478e-06
878	3.05572e-06
878.5	-2.43157e-07
879	-4.58335e-06
879.5	-6.36491e-06
880	-7.15328e-06
880.5	-7.82237e-06
881	-7.60423e-06
881.5	-7.86358e-06
882	-8.89187e-06
882.5	-1.15952e-05
883	-1.72458e-05
883.5	-2.24382e-05
884	-5.66984e-06
884.5	-4.2422e-05
885	-3.72275e-05
885.5	-1.9309e-05
886	-9.72698e-06
886.5	1.57422e-07
887	3.10201e-05
887.5	2.71163e-05
888	2.79083e-05
888.5	1.56669e-05
889	1.85002e-05
889.5	2.00123e-05
890	1.73297e-05
890.5	1.22699e-05
891	7.94319e-06
891.5	5.61878e-06
892	3.7647e-06
892.5	-3.27343e-05
893	-0.000120408
893.5	-0.000135526
894	-0.000127831
894.5	-0.000116245
895	-0.000103011
895.5	-8.96e-05
896	-7.94401e-05
896.5	-6.91916e-05
897	-6.07074e-05
897.5	-5.19326e-05
898	-4.4626e-05
898.5	-3.79571e-05
899	-2.78041e-05
899.5	-1.70588e-05
900	-1.30209e-05
900.5	-1.16548e-05
901	9.64239e-06
901.5	1.09526e-05
902	9.72853e-06
902.5	7.78217e-06
903	6.9739e-06
903.5	5.79439e-06
904	4.53962e-06
904.5	2.62936e-06
905	2.58096e-06
905.5	-5.89129e-07
906	-9.41263e-06
906.5	-1.14961e-05
907	-7.24231e-06
907.5	-4.05658e-06
908	-3.53039e-06
908.5	-6.20826e-06
909	-2.07524e-05
909.5	-1.94583e-05
910	-1.39134e-05
910.5	-1.11211e-05
911	-1.00499e-05
911.5	-1.02258e-05
912	-9.17616e-06
912.5	-8.3645e-06
913	-8.30961e-06
913.5	-7.69731e-06
914	4.29416e-07
914.5	1.11891e-05
915	9.80135e-06
915.5	8.96333e-06
916	6.04382e-06
916.5	4.40491e-06
917	1.19987e-05
917.5	1.05055e-05
918	8.31562e-06
918.5	9.39501e-06
919	6.96388e-06
919.5	-9.34744e-05
920	-0.000114509
920.5	-0.000109307
921	-9.59569e-05
921.5	-8.29382e-05
922	-7.26428e-05
922.5	-6.30619e-05
923	-5.49618e-05
923.5	-4.77185e-05
924	-4.19789e-05
924.5	-3.7575e-05
925	-3.74907e-05
925.5	-3.91238e-05
926	-3.79965e-05
926.5	-3.49995e-05
927	-3.26571e-05
927.5	-2.95946e-05
928	-2.85778e-05
928.5	-2.61254e-05
929	-1.5181e-05
929.5	-9.61118e-06
930	1.15251e-05
930.5	1.52134e-05
931	1.2822e-05
931.5	7.73295e-06
932	6.62013e-06
932.5	-3.07353e-07
933	1.4251e-06
933.5	9.02952e-06
934	1.04506e-05
934.5	8.49543e-06
935	5.91399e-06
935.5	4.27189e-06
936	3.35716e-06
936.5	1.79559e-06
937	-1.30351e-06
937.5	-5.61602e-06
938	-8.45339e-06
938.5	6.26732e-05
939	4.3766e-05
939.5	2.52184e-05
940	1.18655e-05
940.5	3.34901e-06
941	1.05772e-06
941.5	1.82845e-05
942	1.27924e-05
942.5	6.06419e-06
943	1.99394e-06
943.5	-7.44152e-07
944	1.59483e-06
944.5	-2.78618e-07
945	1.47563e-05
945.5	1.1206e-05
946	7.59157e-06
946.5	5.09459e-06
947	3.03359e-06
947.5	1.56938e-06
948	-8.16354e-07
948.5	-4.52391e-06
949	-9.2977e-06
949.5	-2.07007e-05
950	-1.92626e-05
950.5	-1.65308e-05
951	-2.1388e-05
951.5	-3.03301e-05
952	-3.15422e-05
952.5	-2.46886e-05
953	-2.12085e-05
953.5	-2.55906e-05
954	-3.62171e-05
954.5	-2.95846e-05
955	-1.97014e-05
955.5	5.54039e-06
956	4.82614e-05
956.5	1.10527e-05
957	1.02337e-05
957.5	5.48078e-06
958	2.99394e-05
958.5	2.64516e-05
959	1.85592e-05
959.5	1.29184e-05
960	6.409e-06
960.5	-7.47841e-06
961	-1.01267e-05
961.5	-9.83464e-06
962	-1.05831e-05
962.5	-1.24752e-05
963	-1.26794e-05
963.5	-1.19464e-05
964	-1.11659e-05
964.5	-1.04644e-05
965	5.10224e-05
965.5	4.0102e-05
966	2.54567e-05
966.5	2.29837e-05
967	9.0877e-05
967.5	9.88444e-05
968	0.000125962
968.5	0.000144223
969	0.00011995
969.5	0.000110687
970	0.000203862
970.5	0.000274088
971	0.000307851
971.5	0.000515027
972	0.000497499
972.5	0.000199793
973	-1.72111e-06
973.5	-0.000134536
974	-0.000175816
974.5	-0.000184666
975	-0.000106871
975.5	-0.000144909
976	-0.000113825
976.5	-0.000121407
977	-0.000165098
977.5	-0.000200269
978	-0.000123498
978.5	-7.13057e-05
979	-6.18767e-05
979.5	-4.4905e-05
980	-5.23376e-05
980.5	-5.92915e-05
981	-5.45323e-05
981.5	-6.6016e-05
982	-5.49506e-05
982.5	-5.1202e-05
983	-3.86814e-05
983.5	-3.12749e-05
984	-2.10757e-05
984.5	-2.03091e-05
985	-1.28629e-05
985.5	-9.44279e-06
986	-8.23318e-06
986.5	-5.51183e-06
987	-3.43918e-06
987.5	-4.74907e-06
988	-7.81228e-06
988.5	-7.63539e-06
989	-6.42695e-06
989.5	1.24753e-05
990	9.05681e-06
990.5	5.61263e-06
991	2.8618e-06
991.5	1.91572e-06
992	2.31164e-06
992.5	9.78678e-06
993	2.5638e-05
993.5	2.83912e-05
994	2.39882e-05
994.5	1.75269e-05
995	1.61574e-05
995.5	1.29809e-05
996	1.0049e-05
996.5	5.86162e-06
997	2.79341e-06
997.5	-3.07002e-07
998	-1.98851e-06
998.5	-3.73993e-06
999	-7.6237e-06
999.5	-8.63187e-06
1000	-8.06047e-06
