0	0
0.5	9.70295e-24
1	-5.06447e-24
1.5	2.06746e-24
2	3.40363e-24
2.5	6.67364e-24
3	-2.18354e-24
3.5	-1.73096e-07
4	-3.89354e-07
4.5	-8.09711e-07
5	-1.93543e-06
5.5	-2.39061e-06
6	-2.54301e-06
6.5	-3.37925e-06
7	-4.25697e-06
7.5	-4.88447e-06
8	-5.22152e-06
8.5	-5.14883e-06
9	-5.51663e-06
9.5	-6.27857e-06
10	-6.84854e-06
10.5	-7.53243e-06
11	-7.92018e-06
11.5	-8.15847e-06
12	-8.67581e-06
12.5	-9.50167e-06
13	-9.66983e-06
13.5	-9.86634e-06
14	-1.06665e-05
14.5	-9.90233e-06
15	-8.64178e-06
15.5	-1.04126e-05
16	-1.29234e-05
16.5	-1.29595e-05
17	-1.47759e-05
17.5	-1.44672e-05
18	-1.78429e-05
18.5	-2.11642e-05
19	-2.2329e-05
19.5	-2.18072e-05
20	-2.35815e-05
20.5	-2.019e-05
21	-3.53795e-05
21.5	-2.67195e-05
22	-2.37551e-05
22.5	-2.23794e-05
23	-2.10135e-05
23.5	-2.19625e-05
24	-3.52688e-05
24.5	-3.65191e-05
25	-5.35927e-05
25.5	-5.91992e-05
26	-8.23986e-05
26.5	-0.000208852
27	0.000101201
27.5	0.000499363
28	-1.1018e-05
28.5	-0.000174304
29	-0.000148388
29.5	-0.000186132
30	-0.000178569
30.5	-0.000177691
31	0.000303202
31.5	-1.8407e-05
32	0.000560927
32.5	-0.000449005
33	-0.000505071
33.5	-0.000175312
34	-7.16347e-05
34.5	-3.95283e-05
35	1.44303e-05
35.5	2.66801e-05
36	3.68095e-05
36.5	2.89526e-05
37	1.77897e-05
37.5	9.99395e-06
38	4.36122e-06
38.5	-2.11777e-08
39	-6.43173e-06
39.5	-1.03141e-05
40	-1.07605e-05
40.5	-1.14918e-05
41	-1.06063e-05
41.5	-8.29664e-06
42	-6.64168e-06
42.5	-5.65399e-06
43	-5.21936e-06
43.5	-5.27998e-06
44	-5.94202e-06
44.5	-6.96689e-06
45	-7.67818e-06
45.5	-8.10797e-06
46	-8.4389e-06
46.5	-8.92713e-06
47	-9.26689e-06
47.5	-5.49582e-06
48	-4.39283e-06
48.5	-7.80821e-07
49	7.88042e-06
49.5	5.93542e-06
50	7.3758e-06
50.5	7.30477e-06
51	3.70078e-06
51.5	2.54869e-06
52	-2.19797e-06
52.5	-5.76441e-06
53	-9.69033e-06
53.5	-1.16977e-05
54	-1.23682e-05
54.5	-1.23576e-05
55	-1.19648e-05
55.5	-1.13512e-05
56	-1.09736e-05
56.5	-1.03768e-05
57	-9.86618e-06
57.5	-9.81005e-06
58	-9.86937e-06
58.5	-9.8703e-06
59	-9.96513e-06
59.5	-1.01045e-05
60	-1.02119e-05
60.5	-1.02547e-05
61	-1.0421e-05
61.5	-1.04853e-05
62	-1.04927e-05
62.5	-1.01134e-05
63	-9.65538e-06
63.5	-8.80763e-06
64	-5.21298e-06
64.5	-3.12605e-06
65	-1.44547e-06
65.5	2.2455e-06
66	5.78315e-07
66.5	-5.87083e-06
67	-9.4271e-06
67.5	-9.7605e-06
68	-8.73239e-06
68.5	-9.9266e-06
69	-1.0682e-05
69.5	-1.13172e-05
70	-1.04852e-05
70.5	-9.08974e-06
71	-8.18208e-06
71.5	-7.4762e-06
72	-6.80365e-06
72.5	-6.21927e-06
73	-5.84842e-06
73.5	-5.66894e-06
74	-5.86474e-06
74.5	-6.61101e-06
75	-7.22939e-06
75.5	-7.80352e-06
76	-8.24929e-06
76.5	-8.51298e-06
77	-8.69227e-06
77.5	-3.53088e-06
78	-2.53324e-06
78.5	-4.12451e-06
79	-3.42135e-06
79.5	-1.17174e-06
80	-2.9913e-06
80.5	-7.50684e-07
81	-1.52206e-06
81.5	-3.53708e-06
82	-8.42923e-06
82.5	-1.77951e-05
83	-1.52789e-05
83.5	-1.3791e-05
84	-1.31272e-05
84.5	-1.44145e-05
85	-1.57505e-05
85.5	-1.67424e-05
86	-1.73852e-05
86.5	-1.78586e-05
87	-1.82617e-05
87.5	-1.83425e-05
88	-1.82874e-05
88.5	-1.80519e-05
89	-1.77668e-05
89.5	-1.72703e-05
90	-1.66264e-05
90.5	-1.59401e-05
91	-1.54089e-05
91.5	-1.50895e-05
92	-1.45621e-05
92.5	-1.4125e-05
93	-1.30007e-05
93.5	-1.299e-05
94	-8.61309e-06
94.5	-1.5237e-06
95	-1.40551e-06
95.5	-7.468e-06
96	-2.18852e-05
96.5	-1.54565e-05
97	-1.47935e-05
97.5	-1.53224e-05
98	-3.44629e-05
98.5	-2.98909e-05
99	-2.37132e-05
99.5	-2.08027e-05
100	-1.97429e-05
100.5	-1.96568e-05
101	-1.98955e-05
101.5	-2.01685e-05
102	-2.02226e-05
102.5	-2.04725e-05
103	-2.0724e-05
103.5	-2.15705e-05
104	-2.26836e-05
104.5	-2.33277e-05
105	-2.35097e-05
105.5	-2.31923e-05
106	-2.27426e-05
106.5	-2.22136e-05
107	-2.18323e-05
107.5	-2.14463e-05
108	-2.09003e-05
108.5	-2.02776e-05
109	-1.96406e-05
109.5	-1.6201e-05
110	-1.44454e-05
110.5	2.55316e-06
111	-2.18897e-06
111.5	-8.21758e-06
112	-9.63422e-06
112.5	-2.0249e-05
113	-1.62998e-05
113.5	-2.20085e-05
114	-1.41545e-05
114.5	-2.29167e-05
115	-1.68737e-05
115.5	-1.10163e-05
116	-7.2854e-06
116.5	-3.95436e-06
117	-3.1459e-06
117.5	-3.44527e-06
118	-2.89036e-06
118.5	-1.21688e-05
119	-2.09343e-05
119.5	-1.74654e-05
120	-4.50215e-05
120.5	-3.52788e-05
121	-0.000159042
121.5	3.11993e-05
122	0.000242904
122.5	-0.000423138
123	-0.000260741
123.5	-0.00021805
124	-0.000134193
124.5	-6.83415e-05
125	-3.19511e-06
125.5	6.38732e-05
126	6.44816e-05
126.5	-3.3893e-05
127	-5.4218e-05
127.5	-9.2078e-05
128	-1.15435e-05
128.5	-4.05932e-06
129	2.09078e-05
129.5	1.78384e-05
130	1.49162e-05
130.5	5.98314e-06
131	-5.52545e-07
131.5	-5.99486e-06
132	-8.15633e-06
132.5	-1.01638e-05
133	-1.21556e-05
133.5	-1.18576e-05
134	-1.08626e-05
134.5	-1.09873e-05
135	-1.11582e-05
135.5	-1.12185e-05
136	-1.11279e-05
136.5	-1.0907e-05
137	-1.05682e-05
137.5	-1.02942e-05
138	-1.0372e-05
138.5	-1.0947e-05
139	-1.24187e-05
139.5	-1.0772e-05
140	-1.36185e-05
140.5	-1.71324e-05
141	-1.9288e-05
141.5	-1.728e-05
142	-1.18338e-05
142.5	-1.1246e-05
143	-8.07023e-06
143.5	-7.59648e-06
144	-5.14027e-06
144.5	-7.39295e-06
145	-1.00132e-05
145.5	-1.18424e-05
146	-1.31537e-05
146.5	-1.38447e-05
147	-1.42041e-05
147.5	-1.43947e-05
148	-1.45025e-05
148.5	-1.43168e-05
149	-1.37975e-05
149.5	-1.33079e-05
150	-1.28678e-05
150.5	-1.27187e-05
151	-1.3044e-05
151.5	-1.33585e-05
152	-1.3403e-05
152.5	-1.34226e-05
153	-1.32786e-05
153.5	-1.28671e-05
154	-8.87399e-06
154.5	-7.31145e-06
155	-7.35801e-06
155.5	-4.68609e-06
156	-5.46713e-06
156.5	7.7632e-07
157	1.49942e-06
157.5	-1.12934e-06
158	-2.35127e-06
158.5	-3.19847e-06
159	-9.1632e-06
159.5	-1.06769e-05
160	-1.16286e-05
160.5	-1.22039e-05
161	-1.22047e-05
161.5	-1.1817e-05
162	-1.13207e-05
162.5	-1.06592e-05
163	-9.89136e-06
163.5	-9.30927e-06
164	-8.90893e-06
164.5	-9.25838e-06
165	-9.9118e-06
165.5	-1.06938e-05
166	-1.16577e-05
166.5	-1.23142e-05
167	-1.29127e-05
167.5	-1.35258e-05
168	-1.37791e-05
168.5	-1.37703e-05
169	-1.34738e-05
169.5	-1.30292e-05
170	-1.26081e-05
170.5	-3.88068e-06
171	-3.65289e-06
171.5	-6.82929e-06
172	-8.82647e-06
172.5	-1.26452e-05
173	-1.34816e-05
173.5	-1.52704e-05
174	-1.77824e-05
174.5	-1.32369e-05
175	-1.48504e-05
175.5	-1.26977e-05
176	-1.31669e-05
176.5	-1.3924e-05
177	-1.42627e-05
177.5	-1.48109e-05
178	-1.53196e-05
178.5	-1.54194e-05
179	-1.51283e-05
179.5	-1.46979e-05
180	-1.41371e-05
180.5	-1.36375e-05
181	-1.29971e-05
181.5	-1.24505e-05
182	-1.22426e-05
182.5	-1.19802e-05
183	-1.18277e-05
183.5	-7.30344e-06
184	-8.15607e-06
184.5	-2.33334e-06
185	-2.17697e-06
185.5	1.06034e-06
186	-2.89795e-06
186.5	-2.49e-06
187	-3.12834e-06
187.5	-5.2573e-06
188	-8.0857e-06
188.5	-9.96145e-06
189	-1.02383e-05
189.5	-1.00654e-05
190	-1.01991e-05
190.5	-1.04198e-05
191	-1.05495e-05
191.5	-1.06472e-05
192	-1.05263e-05
192.5	-1.00859e-05
193	-9.96032e-06
193.5	-9.95685e-06
194	-9.70303e-06
194.5	-9.4613e-06
195	-9.09969e-06
195.5	-9.06225e-06
196	-9.51261e-06
196.5	-1.02698e-05
197	-1.09803e-05
197.5	-1.18731e-05
198	-9.86274e-06
198.5	-1.04257e-05
199	-1.09e-05
199.5	-1.43003e-05
200	-1.0648e-05
200.5	-6.51474e-06
201	-3.49451e-06
201.5	-2.96666e-06
202	-6.54847e-06
202.5	-1.14155e-05
203	-1.5857e-05
203.5	-1.70035e-05
204	-1.74561e-05
204.5	-1.80289e-05
205	-1.87148e-05
205.5	-1.90657e-05
206	-1.90008e-05
206.5	-1.86939e-05
207	-1.84923e-05
207.5	-1.86797e-05
208	-1.87879e-05
208.5	-1.86072e-05
209	-1.77496e-05
209.5	-1.66605e-05
210	-1.62222e-05
210.5	-1.59176e-05
211	-1.29368e-05
211.5	-1.13299e-05
212	-1.18201e-05
212.5	-9.37003e-06
213	-8.823e-06
213.5	-4.39391e-06
214	-2.0638e-06
214.5	-2.19392e-06
215	-8.58809e-06
215.5	-1.64647e-05
216	-1.7951e-05
216.5	-1.8244e-05
217	-1.19035e-05
217.5	-1.1309e-05
218	-1.18868e-05
218.5	-1.37086e-05
219	-1.52749e-05
219.5	-1.619e-05
220	-1.90122e-05
220.5	-1.98343e-05
221	-2.89483e-05
221.5	-2.55956e-05
222	-2.11774e-05
222.5	-1.85438e-05
223	-1.70928e-05
223.5	-1.64015e-05
224	-1.6055e-05
224.5	-1.56185e-05
225	-1.53145e-05
225.5	-1.5298e-05
226	-1.54348e-05
226.5	-1.52936e-05
227	-1.06712e-05
227.5	-2.29401e-05
228	-1.96774e-05
228.5	-1.38196e-05
229	-7.31493e-06
229.5	-1.60175e-05
230	-2.5709e-05
230.5	-2.37506e-05
231	-4.49155e-05
231.5	-4.48348e-05
232	-4.31347e-05
232.5	-3.97535e-05
233	-4.73216e-05
233.5	-4.77567e-05
234	-3.62878e-05
234.5	-5.19253e-05
235	-4.09813e-05
235.5	-3.21364e-05
236	-3.07191e-05
236.5	-9.38377e-05
237	0.000111177
237.5	0.000773529
238	-0.000107067
238.5	-0.00045039
239	-0.000232913
239.5	-0.000147574
240	-0.000112602
240.5	-0.000100468
241	-9.10133e-06
241.5	0.000107136
242	3.4766e-05
242.5	-3.2182e-05
243	-5.37221e-05
243.5	-5.29228e-05
244	-1.57279e-05
244.5	-3.9159e-05
245	-4.29045e-05
245.5	-1.02385e-06
246	-5.62459e-05
246.5	-1.91244e-05
247	4.84705e-06
247.5	9.52147e-06
248	4.77199e-06
248.5	-1.55048e-06
249	-7.54373e-06
249.5	-1.10207e-05
250	-1.24408e-05
250.5	-1.40391e-05
251	-1.22517e-05
251.5	-9.68854e-06
252	-1.01806e-05
252.5	-1.12795e-05
253	-1.21539e-05
253.5	-1.27278e-05
254	-1.3424e-05
254.5	-1.4042e-05
255	-9.10904e-06
255.5	-8.22115e-06
256	-9.79104e-06
256.5	-1.08748e-05
257	-1.13186e-05
257.5	-1.16279e-05
258	-1.13633e-05
258.5	-1.10064e-05
259	-1.05796e-05
259.5	-1.05069e-05
260	-9.82719e-06
260.5	-7.2513e-06
261	-9.03798e-06
261.5	-1.15369e-05
262	-1.41411e-05
262.5	-1.59769e-05
263	-1.72227e-05
263.5	-1.68288e-05
264	-1.63286e-05
264.5	-1.57974e-05
265	-1.70828e-05
265.5	-1.78372e-05
266	-1.80689e-05
266.5	-1.78297e-05
267	-1.46938e-05
267.5	-1.09022e-05
268	-1.08973e-05
268.5	-1.03467e-05
269	-8.82308e-06
269.5	-1.00016e-05
270	-1.11612e-05
270.5	-1.18188e-05
271	-9.3259e-06
271.5	-1.00971e-05
272	-1.12642e-05
272.5	-1.19148e-05
273	-1.23197e-05
273.5	-1.41686e-05
274	-1.4013e-05
274.5	-1.37059e-05
275	-1.33132e-05
275.5	-1.28746e-05
276	-1.22824e-05
276.5	-1.23422e-05
277	-1.27948e-05
277.5	-1.30346e-05
278	-1.3222e-05
278.5	-1.33803e-05
279	-1.33623e-05
279.5	-1.30025e-05
280	-1.07036e-05
280.5	-1.02751e-05
281	-1.56037e-05
281.5	-1.8571e-05
282	-1.75413e-05
282.5	-1.489e-05
283	-1.66545e-05
283.5	-1.79056e-05
284	-1.65109e-05
284.5	-1.32956e-05
285	-8.197e-06
285.5	-9.39191e-06
286	-1.2169e-05
286.5	-1.21727e-05
287	-1.30139e-05
287.5	-1.3443e-05
288	-1.32832e-05
288.5	-1.28141e-05
289	-1.22207e-05
289.5	-9.0255e-06
290	-8.80653e-06
290.5	-9.21011e-06
291	-9.59717e-06
291.5	-1.03468e-05
292	-1.30113e-05
292.5	-1.53768e-05
293	-1.50198e-05
293.5	-1.42578e-05
294	-1.06914e-05
294.5	-9.79337e-06
295	-1.01784e-05
295.5	-1.08072e-05
296	-1.07746e-05
296.5	-1.09225e-05
297	-1.1273e-05
297.5	-1.24244e-05
298	-7.23079e-06
298.5	-7.17395e-06
299	-9.20594e-06
299.5	-1.37803e-05
300	-1.5653e-05
300.5	-1.67077e-05
301	-1.7341e-05
301.5	-1.95433e-05
302	-2.16476e-05
302.5	-2.00991e-05
303	-1.89089e-05
303.5	-1.83971e-05
304	-1.78646e-05
304.5	-1.7453e-05
305	-1.74472e-05
305.5	-1.75427e-05
306	-1.75205e-05
306.5	-1.74563e-05
307	-1.92743e-05
307.5	-1.89621e-05
308	-1.67605e-05
308.5	-1.49743e-05
309	-6.96627e-06
309.5	1.1355e-06
310	-3.9794e-06
310.5	-1.12189e-05
311	-1.37401e-05
311.5	-1.13732e-05
312	-2.72686e-06
312.5	-2.67291e-06
313	-5.97856e-06
313.5	-8.65453e-06
314	-1.16445e-05
314.5	-1.42104e-05
315	-1.48348e-05
315.5	-1.52021e-05
316	-1.56335e-05
316.5	-1.59761e-05
317	-1.62323e-05
317.5	-1.64507e-05
318	-1.66832e-05
318.5	-1.69914e-05
319	-1.71814e-05
319.5	-1.72351e-05
320	-1.69696e-05
320.5	-1.69004e-05
321	-1.6446e-05
321.5	-1.565e-05
322	-1.47386e-05
322.5	-1.31905e-05
323	-1.38112e-05
323.5	-1.62196e-05
324	-8.6133e-06
324.5	-7.03527e-06
325	-3.86675e-06
325.5	-3.9265e-06
326	-9.11011e-06
326.5	-1.83656e-05
327	-2.17845e-05
327.5	-2.46807e-05
328	-2.18736e-05
328.5	-2.21908e-05
329	-2.30656e-05
329.5	-2.19071e-05
330	-2.07075e-05
330.5	-1.97346e-05
331	-1.95998e-05
331.5	-2.35527e-05
332	-3.23447e-05
332.5	-2.63437e-05
333	-3.28501e-05
333.5	-2.41636e-05
334	-2.1305e-05
334.5	-2.00259e-05
335	-1.92535e-05
335.5	-1.88525e-05
336	-1.85224e-05
336.5	-1.83096e-05
337	-1.65336e-05
337.5	-1.5406e-05
338	-1.42806e-05
338.5	-1.16595e-05
339	-5.50025e-06
339.5	-3.85203e-06
340	-1.85205e-06
340.5	-2.24817e-06
341	-5.90295e-06
341.5	-1.09816e-05
342	-1.24279e-05
342.5	-1.32732e-05
343	-1.25256e-05
343.5	-1.25168e-05
344	-3.45424e-05
344.5	-2.82206e-05
345	-2.15816e-05
345.5	-1.83994e-05
346	-1.68171e-05
346.5	-1.61456e-05
347	-1.56623e-05
347.5	-1.53305e-05
348	-1.53004e-05
348.5	-1.52495e-05
349	-1.19239e-05
349.5	-2.08971e-05
350	-1.98819e-05
350.5	-1.4279e-05
351	-1.66327e-05
351.5	-1.5601e-05
352	-1.14155e-05
352.5	-3.71906e-06
353	-1.51747e-05
353.5	-1.0357e-05
354	-5.53388e-06
354.5	-5.18864e-06
355	-7.70934e-06
355.5	-8.10162e-06
356	-1.9497e-05
356.5	-7.65206e-06
357	-8.32943e-06
357.5	-1.14099e-05
358	-1.30209e-05
358.5	-1.35539e-05
359	-1.38404e-05
359.5	-2.12913e-05
360	-1.48004e-05
360.5	-1.60078e-05
361	-1.1226e-05
361.5	-2.43314e-05
362	-3.51576e-05
362.5	-2.77884e-05
363	-2.0308e-05
363.5	-3.16476e-05
364	-8.93461e-05
364.5	-0.000120271
365	3.14903e-05
365.5	0.000625425
366	-0.000162828
366.5	-0.000297758
367	-0.000196942
367.5	-0.000148402
368	-0.000158822
368.5	-7.94684e-05
369	6.43245e-05
369.5	0.000167736
370	4.64652e-05
370.5	3.73332e-05
371	-0.000626601
371.5	-0.000284408
372	-0.000117857
372.5	-5.57151e-05
373	-1.00414e-05
373.5	5.18623e-06
374	1.5153e-06
374.5	-2.49115e-06
375	-6.17241e-06
375.5	-1.03644e-05
376	-1.05764e-05
376.5	-1.06675e-05
377	-1.01823e-05
377.5	-8.45176e-06
378	-6.85814e-06
378.5	-6.32253e-06
379	-6.3614e-06
379.5	-7.02989e-06
380	-7.72573e-06
380.5	-8.75295e-06
381	-9.87411e-06
381.5	-1.08995e-05
382	-1.20737e-05
382.5	-1.17365e-05
383	-8.81051e-06
383.5	-8.14285e-06
384	-9.66714e-06
384.5	-1.2263e-05
385	-1.36375e-05
385.5	-1.10328e-05
386	-5.97535e-06
386.5	-8.94271e-06
387	-9.29064e-06
387.5	-1.11637e-05
388	-1.31774e-05
388.5	-1.44186e-05
389	-1.52979e-05
389.5	-1.58222e-05
390	-1.56829e-05
390.5	-1.54729e-05
391	-1.53018e-05
391.5	-1.49959e-05
392	-1.47227e-05
392.5	-1.48401e-05
393	-1.51797e-05
393.5	-1.53912e-05
394	-1.54305e-05
394.5	-1.51588e-05
395	-1.4406e-05
395.5	-1.3629e-05
396	-1.34005e-05
396.5	-8.64332e-06
397	-8.24089e-06
397.5	-3.72866e-06
398	-2.59087e-06
398.5	-1.65994e-06
399	1.79905e-06
399.5	4.36388e-06
400	-6.89362e-07
400.5	-5.76257e-06
401	-8.9116e-06
401.5	-5.55583e-06
402	-6.67124e-06
402.5	-9.94201e-06
403	-1.29693e-05
403.5	-1.37794e-05
404	-1.43783e-05
404.5	-1.49776e-05
405	-1.5723e-05
405.5	-1.6601e-05
406	-1.71909e-05
406.5	-1.70658e-05
407	-1.66458e-05
407.5	-1.61543e-05
408	-1.56666e-05
408.5	-1.52923e-05
409	-1.52571e-05
409.5	-1.55464e-05
410	-1.56097e-05
410.5	-1.19323e-05
411	-1.18959e-05
411.5	-1.37984e-05
412	-1.10889e-05
412.5	-5.9363e-06
413	-8.74963e-06
413.5	-8.96215e-06
414	-9.95692e-06
414.5	-1.28886e-05
415	-1.44576e-05
415.5	-1.33798e-05
416	-1.1034e-05
416.5	-1.42722e-05
417	-1.53039e-05
417.5	-1.56511e-05
418	-1.58769e-05
418.5	-1.56708e-05
419	-1.5371e-05
419.5	-1.56323e-05
420	-1.59322e-05
420.5	-1.58921e-05
421	-1.63538e-05
421.5	-1.69776e-05
422	-1.78085e-05
422.5	-1.8625e-05
423	-2.13946e-05
423.5	-2.20563e-05
424	-2.2051e-05
424.5	-1.87311e-05
425	-1.68635e-05
425.5	-1.75264e-05
426	-1.47016e-05
426.5	-1.39822e-05
427	-1.36663e-05
427.5	-1.15067e-05
428	-1.02937e-05
428.5	-1.008e-05
429	-1.37335e-05
429.5	-1.5961e-05
430	-1.70524e-05
430.5	-1.76345e-05
431	-1.75844e-05
431.5	-1.71708e-05
432	-1.69365e-05
432.5	-1.67135e-05
433	-1.67838e-05
433.5	-1.69974e-05
434	-1.7394e-05
434.5	-1.76974e-05
435	-1.76516e-05
435.5	-1.75201e-05
436	-1.74107e-05
436.5	-1.73847e-05
437	-1.74179e-05
437.5	-1.72403e-05
438	-1.73068e-05
438.5	-1.75584e-05
439	-1.78963e-05
439.5	-8.61798e-06
440	-4.53782e-06
440.5	-2.58553e-06
441	-8.17567e-06
441.5	-1.42633e-05
442	-1.83766e-05
442.5	-1.87236e-05
443	-1.75978e-05
443.5	-1.6331e-05
444	-1.52932e-05
444.5	-1.43332e-05
445	-1.3418e-05
445.5	-1.2784e-05
446	-1.22442e-05
446.5	-1.21491e-05
447	-1.24656e-05
447.5	-1.28685e-05
448	-1.35215e-05
448.5	-1.40303e-05
449	-1.46762e-05
449.5	-1.53862e-05
450	-1.61992e-05
450.5	-1.68838e-05
451	-1.74512e-05
451.5	-1.79795e-05
452	-1.81016e-05
452.5	-1.60202e-05
453	-1.33216e-05
453.5	-1.27632e-05
454	-1.04726e-05
454.5	-1.04137e-05
455	-1.15075e-05
455.5	-1.1176e-05
456	-1.37707e-05
456.5	-1.65977e-05
457	-2.21611e-05
457.5	-2.25212e-05
458	-2.16707e-05
458.5	-2.08804e-05
459	-2.01588e-05
459.5	-1.9409e-05
460	-1.86928e-05
460.5	-1.80692e-05
461	-1.74062e-05
461.5	-1.73599e-05
462	-1.75498e-05
462.5	-1.75924e-05
463	-1.81847e-05
463.5	-2.3255e-05
464	-2.3984e-05
464.5	-2.43104e-05
465	-2.47989e-05
465.5	-2.51716e-05
466	-2.45024e-05
466.5	-2.53481e-05
467	-2.58661e-05
467.5	-1.60493e-05
468	-1.56194e-05
468.5	-1.25324e-05
469	-1.59492e-05
469.5	-1.52825e-05
470	-1.23718e-05
470.5	-1.37716e-05
471	-1.49374e-05
471.5	-1.70365e-05
472	-1.82832e-05
472.5	-1.86944e-05
473	-1.86651e-05
473.5	-1.84444e-05
474	-1.79234e-05
474.5	-1.72215e-05
475	-1.65959e-05
475.5	-1.66753e-05
476	-1.70687e-05
476.5	-1.72221e-05
477	-1.70757e-05
477.5	-1.68828e-05
478	-1.70053e-05
478.5	-1.72419e-05
479	-1.746e-05
479.5	-1.75392e-05
480	-1.75319e-05
480.5	-1.71968e-05
481	-1.43216e-05
481.5	-2.62578e-05
482	-1.6158e-05
482.5	-1.39669e-05
483	-8.062e-06
483.5	-9.13722e-06
484	-1.1002e-05
484.5	-1.14163e-05
485	-2.48716e-05
485.5	-3.47366e-05
486	-2.73772e-05
486.5	-1.98587e-05
487	-1.81719e-05
487.5	-1.79011e-05
488	-1.42581e-05
488.5	-1.36086e-05
489	-1.54977e-05
489.5	-1.69116e-05
490	-1.79471e-05
490.5	-2.25249e-05
491	-2.29431e-05
491.5	-2.44118e-05
492	-2.61251e-05
492.5	-2.56773e-05
493	-1.89554e-05
493.5	-1.70686e-05
494	-1.63622e-05
494.5	-1.58884e-05
495	-3.58103e-05
495.5	-3.06869e-05
496	-3.80576e-05
496.5	-3.43437e-05
497	-0.000117822
497.5	-0.00011199
498	0.000137131
498.5	0.000533131
499	-0.000302969
499.5	-0.000219096
500	-0.000141463
500.5	-0.000116836
501	-0.000103233
501.5	-0.00016757
502	-1.90002e-05
502.5	0.000240804
503	0.000743332
503.5	-4.45558e-05
504	-0.000558556
504.5	-0.000216564
505	-9.18167e-05
505.5	-9.73912e-05
506	-2.74327e-05
506.5	-2.99154e-06
507	-1.00485e-05
507.5	-1.97295e-05
508	-9.46846e-06
508.5	2.99802e-05
509	1.44246e-05
509.5	8.08283e-06
510	8.05815e-06
510.5	6.81922e-06
511	3.597e-07
511.5	-8.20594e-06
512	-1.57149e-05
512.5	-1.97075e-05
513	-1.95776e-05
513.5	-1.95262e-05
514	-1.44486e-05
514.5	-1.22842e-05
515	-1.13151e-05
515.5	-1.09104e-05
516	-1.0733e-05
516.5	-1.07122e-05
517	-1.05137e-05
517.5	-8.12073e-06
518	-6.62239e-06
518.5	-6.93899e-06
519	-6.11271e-06
519.5	-7.17845e-06
520	-5.16458e-06
520.5	-3.3353e-06
521	-1.14936e-06
521.5	-1.67806e-06
522	-3.03012e-06
522.5	-5.72474e-06
523	-7.83182e-06
523.5	-8.84647e-06
524	-9.26376e-06
524.5	-9.33123e-06
525	-9.1957e-06
525.5	-9.1033e-06
526	-8.87713e-06
526.5	-8.39168e-06
527	-8.23099e-06
527.5	-8.0398e-06
528	-7.99998e-06
528.5	-8.10374e-06
529	-8.09179e-06
529.5	-7.96671e-06
530	-8.21752e-06
530.5	-9.36458e-06
531	-1.01077e-05
531.5	-1.06913e-05
532	-1.05466e-05
532.5	-1.00963e-05
533	-1.04006e-05
533.5	-1.14158e-05
534	-4.23867e-06
534.5	-2.43368e-06
535	-6.55192e-06
535.5	-3.98234e-06
536	-4.99905e-06
536.5	-7.2871e-06
537	-9.13921e-06
537.5	-1.01163e-05
538	-1.29922e-05
538.5	-1.33949e-05
539	-1.32568e-05
539.5	-1.33753e-05
540	-1.38432e-05
540.5	-1.46779e-05
541	-1.52589e-05
541.5	-1.53627e-05
542	-1.55011e-05
542.5	-1.51731e-05
543	-1.45319e-05
543.5	-1.37702e-05
544	-1.29103e-05
544.5	-1.20533e-05
545	-1.1357e-05
545.5	-1.08582e-05
546	-1.04525e-05
546.5	-4.0517e-06
547	-2.37681e-06
547.5	-2.39463e-06
548	-1.09506e-06
548.5	-2.49615e-06
549	-8.10795e-06
549.5	-2.02901e-06
550	-8.24907e-07
550.5	-2.78823e-07
551	-2.59201e-06
551.5	-4.72723e-06
552	-3.98986e-06
552.5	-8.06991e-06
553	-1.86686e-05
553.5	-1.25034e-05
554	-9.28293e-06
554.5	-8.07729e-06
555	-8.53511e-06
555.5	-9.39678e-06
556	-1.05243e-05
556.5	-1.15213e-05
557	-1.2177e-05
557.5	-1.28803e-05
558	-1.33377e-05
558.5	-1.36569e-05
559	-1.41034e-05
559.5	-1.42048e-05
560	-1.39963e-05
560.5	-1.37683e-05
561	-1.38333e-05
561.5	-1.40466e-05
562	-1.27503e-05
562.5	-8.59847e-06
563	-2.54169e-06
563.5	-1.87159e-06
564	-4.40465e-06
564.5	-1.20784e-05
565	-1.55487e-05
565.5	-1.48498e-05
566	-1.34061e-05
566.5	-1.34598e-05
567	-1.30821e-05
567.5	-1.1514e-05
568	-1.16376e-05
568.5	-1.18311e-05
569	-1.2152e-05
569.5	-1.27333e-05
570	-1.31677e-05
570.5	-1.36002e-05
571	-1.37615e-05
571.5	-1.37359e-05
572	-1.34836e-05
572.5	-1.32621e-05
573	-1.30268e-05
573.5	-1.2639e-05
574	-1.23064e-05
574.5	-1.22072e-05
575	-1.24705e-05
575.5	-1.26309e-05
576	-9.40983e-06
576.5	-8.47997e-06
577	-9.76443e-06
577.5	-8.59741e-06
578	-1.10028e-05
578.5	-1.2352e-05
579	-1.01524e-05
579.5	-1.12756e-05
580	-1.42727e-05
580.5	-1.52037e-05
581	-1.59965e-05
581.5	-1.65867e-05
582	-1.72298e-05
582.5	-1.75181e-05
583	-1.78862e-05
583.5	-1.81874e-05
584	-1.82959e-05
584.5	-1.8108e-05
585	-1.76219e-05
585.5	-1.73913e-05
586	-1.75299e-05
586.5	-1.79846e-05
587	-1.86612e-05
587.5	-1.9442e-05
588	-2.02981e-05
588.5	-2.09286e-05
589	-2.09776e-05
589.5	-1.9908e-05
590	-1.13008e-05
590.5	-8.48946e-06
591	-1.14539e-05
591.5	-1.37988e-05
592	-1.2367e-05
592.5	-1.28443e-05
593	-1.16317e-05
593.5	-1.06231e-05
594	-8.31611e-06
594.5	-1.03847e-05
595	-1.38384e-05
595.5	-1.41053e-05
596	-1.36243e-05
596.5	-1.32947e-05
597	-1.28989e-05
597.5	-1.2259e-05
598	-1.23294e-05
598.5	-1.25657e-05
599	-1.2604e-05
599.5	-1.30166e-05
600	-1.59759e-05
600.5	-1.7395e-05
601	-1.6435e-05
601.5	-1.57808e-05
602	-2.49367e-05
602.5	-2.24267e-05
603	-1.78073e-05
603.5	-1.52086e-05
604	-6.31793e-06
604.5	1.79123e-06
605	4.32419e-06
605.5	-9.05784e-06
606	-1.62756e-06
606.5	1.82942e-07
607	-2.63084e-06
607.5	-8.30039e-06
608	-2.47665e-05
608.5	-2.72283e-05
609	-2.85464e-05
609.5	-3.24078e-05
610	-2.63448e-05
610.5	-2.17334e-05
611	-1.94633e-05
611.5	-1.85324e-05
612	-1.79645e-05
612.5	-4.75138e-05
613	-3.9994e-05
613.5	-3.46269e-05
614	-2.69326e-05
614.5	-2.63549e-05
615	-2.23499e-05
615.5	-1.89407e-05
616	-2.65564e-05
616.5	-2.85644e-05
617	-3.13679e-05
617.5	-2.18757e-05
618	-1.00368e-05
618.5	-7.92399e-06
619	-6.53586e-05
619.5	-0.000121857
620	7.12025e-05
620.5	0.000740815
621	-0.000165077
621.5	-0.00037364
622	-0.00016625
622.5	-0.000112575
623	-0.000110962
623.5	-0.000118144
624	4.29328e-05
624.5	0.000130018
625	2.38351e-05
625.5	0.000637379
626	-0.000254265
626.5	-0.000488436
627	-0.000178522
627.5	-6.00768e-05
628	-6.29849e-05
628.5	-3.9881e-05
629	-2.44782e-05
629.5	-3.16488e-06
630	1.60357e-06
630.5	2.38238e-06
631	1.54275e-07
631.5	-1.79655e-06
632	-4.65915e-06
632.5	-5.77589e-06
633	-8.03137e-06
633.5	-9.95173e-06
634	-1.01041e-05
634.5	-1.03196e-05
635	-1.09563e-05
635.5	-1.13348e-05
636	-1.18512e-05
636.5	-1.2688e-05
637	-1.32808e-05
637.5	-1.2579e-05
638	-1.36541e-05
638.5	-1.55233e-05
639	-1.68664e-05
639.5	-1.74027e-05
640	-1.64544e-05
640.5	-1.1758e-05
641	-1.13443e-05
641.5	-1.02866e-05
642	-1.11364e-05
642.5	-1.1637e-05
643	-8.72734e-06
643.5	-7.44664e-06
644	-5.22507e-06
644.5	-7.67418e-06
645	-1.05011e-05
645.5	-1.26621e-05
646	-1.41876e-05
646.5	-1.50222e-05
647	-1.55325e-05
647.5	-1.58088e-05
648	-1.60101e-05
648.5	-1.60828e-05
649	-1.58341e-05
649.5	-1.57688e-05
650	-1.54648e-05
650.5	-1.5111e-05
651	-1.48432e-05
651.5	-1.44101e-05
652	-1.22356e-05
652.5	-8.02653e-06
653	-8.01011e-06
653.5	-8.5953e-06
654	-9.77747e-06
654.5	-1.11594e-05
655	-1.2499e-05
655.5	-7.49108e-06
656	-8.36861e-06
656.5	-7.49299e-06
657	-7.44781e-06
657.5	-7.07548e-06
658	-1.08966e-05
658.5	-1.69995e-05
659	-2.27836e-05
659.5	-2.33369e-05
660	-2.28281e-05
660.5	-2.46442e-05
661	-2.39672e-05
661.5	-2.2626e-05
662	-2.47923e-05
662.5	-2.51022e-05
663	-2.47093e-05
663.5	-2.42305e-05
664	-2.34097e-05
664.5	-1.98136e-05
665	-2.00772e-05
665.5	-2.06014e-05
666	-2.21375e-05
666.5	-2.38545e-05
667	-2.51032e-05
667.5	-2.55907e-05
668	-2.54736e-05
668.5	-1.98441e-05
669	-1.70571e-05
669.5	-1.66534e-05
670	-1.78687e-05
670.5	-1.56154e-05
671	-1.5212e-05
671.5	-1.5609e-05
672	-1.58238e-05
672.5	-1.20753e-05
673	-1.24301e-05
673.5	-8.67146e-06
674	-9.01927e-06
674.5	-1.01076e-05
675	-1.32735e-05
675.5	-1.37208e-05
676	-1.32439e-05
676.5	-1.28858e-05
677	-1.26081e-05
677.5	-1.47914e-05
678	-1.34958e-05
678.5	-1.15088e-05
679	-9.66384e-06
679.5	-8.22412e-06
680	-7.11406e-06
680.5	-6.25796e-06
681	-2.08336e-06
681.5	-1.56573e-06
682	-2.29191e-06
682.5	-2.79846e-06
683	-5.05555e-06
683.5	-8.18971e-07
684	-1.63097e-06
684.5	-8.26756e-06
685	-1.71964e-06
685.5	1.06673e-07
686	6.41911e-07
686.5	-1.56119e-06
687	-3.21996e-06
687.5	-4.28705e-06
688	-5.03218e-06
688.5	-5.88159e-06
689	-6.53626e-06
689.5	-6.91345e-06
690	-3.79314e-06
690.5	-3.76658e-06
691	-5.7794e-06
691.5	-6.89779e-06
692	-7.56489e-06
692.5	-7.87494e-06
693	-7.72901e-06
693.5	-7.3935e-06
694	-9.60575e-07
694.5	1.21466e-06
695	-1.53764e-06
695.5	-4.2695e-06
696	-1.78554e-05
696.5	-8.80069e-06
697	-4.71595e-06
697.5	-3.57783e-06
698	-4.87312e-06
698.5	1.50578e-06
699	-2.0392e-06
699.5	-2.61545e-05
700	-2.18991e-05
700.5	-1.58339e-05
701	-1.27572e-05
701.5	-1.14885e-05
702	-1.03381e-05
702.5	-9.80354e-06
703	-1.09496e-05
703.5	-1.1939e-05
704	-1.30916e-05
704.5	-1.39738e-05
705	-1.4934e-05
705.5	-1.5708e-05
706	-2.07861e-05
706.5	-1.61685e-05
707	-1.51676e-05
707.5	-1.33079e-05
708	-1.16057e-05
708.5	-9.93592e-06
709	-1.14871e-05
709.5	-1.05957e-05
710	-1.05366e-05
710.5	-1.19587e-05
711	-1.2157e-05
711.5	-1.22661e-05
712	-1.4786e-05
712.5	-6.90226e-06
713	-6.65397e-06
713.5	-4.80058e-06
714	-5.87763e-06
714.5	-7.81781e-06
715	-9.3432e-06
715.5	-1.03387e-05
716	-1.06236e-05
716.5	-1.03442e-05
717	-9.67418e-06
717.5	-1.34333e-05
718	-8.75524e-06
718.5	-1.05446e-05
719	-1.06073e-05
719.5	-1.03503e-05
720	-9.89135e-06
720.5	-1.74091e-05
721	-2.34372e-05
721.5	-1.73696e-05
722	-1.38068e-05
722.5	-1.13461e-05
723	-1.75767e-05
723.5	-1.61012e-05
724	-1.08488e-05
724.5	-1.02674e-05
725	-9.6242e-06
725.5	-2.05025e-05
726	-4.01405e-05
726.5	-0.000166922
727	5.02592e-09
727.5	0.000150308
728	0.000730812
728.5	-0.000146215
729	-0.000263599
729.5	-0.000125721
730	-0.000115481
730.5	-0.000134993
731	-0.000166626
731.5	-0.000257516
732	0.000307115
732.5	0.000302121
733	2.94929e-05
733.5	-0.000587758
734	-0.00021886
734.5	-0.000112189
735	-0.000111858
735.5	-8.80698e-05
736	-4.00235e-05
736.5	1.0539e-05
737	1.51333e-06
737.5	-4.42945e-07
738	-2.6609e-05
738.5	-3.50931e-06
739	-2.98005e-05
739.5	-1.13967e-05
740	5.28612e-06
740.5	5.13717e-06
741	1.63566e-06
741.5	7.4973e-06
742	7.37551e-06
742.5	4.24973e-06
743	8.39095e-07
743.5	-1.54714e-06
744	-5.38289e-06
744.5	-5.24643e-06
745	-5.57642e-06
745.5	-9.84153e-06
746	-1.07115e-05
746.5	-1.06655e-05
747	-1.0815e-05
747.5	-1.10757e-05
748	-1.1109e-05
748.5	-9.64776e-06
749	-7.25223e-06
749.5	-8.26813e-06
750	-9.90118e-06
750.5	-1.0879e-05
751	-8.84389e-06
751.5	-1.05368e-05
752	-1.2021e-05
752.5	-8.79635e-06
753	-8.82456e-06
753.5	-7.58357e-06
754	-1.05063e-05
754.5	-1.38658e-05
755	-1.5973e-05
755.5	-1.70399e-05
756	-1.76092e-05
756.5	-1.7314e-05
757	-1.63897e-05
757.5	-1.4877e-05
758	-1.68004e-05
758.5	-1.65247e-05
759	-1.58014e-05
759.5	-1.32806e-05
760	-1.28457e-05
760.5	-1.29011e-05
761	-1.43306e-05
761.5	-1.39321e-05
762	-8.30044e-06
762.5	-7.09225e-06
763	-8.56054e-06
763.5	-1.01187e-05
764	-1.14684e-05
764.5	-9.95123e-06
765	-1.02282e-05
765.5	-1.10669e-05
766	-9.72876e-06
766.5	-7.07171e-06
767	-8.92005e-06
767.5	-1.10874e-05
768	-1.2655e-05
768.5	-1.29791e-05
769	-1.32761e-05
769.5	-1.4611e-05
770	-1.55703e-05
770.5	-1.60897e-05
771	-1.60478e-05
771.5	-1.58729e-05
772	-1.73552e-05
772.5	-1.73075e-05
773	-1.59958e-05
773.5	-1.47008e-05
774	-1.55965e-05
774.5	-1.57034e-05
775	-1.49373e-05
775.5	-1.45465e-05
776	-1.0878e-05
776.5	-6.58289e-06
777	-7.7635e-06
777.5	-1.04996e-05
778	-1.60989e-05
778.5	-1.57181e-05
779	-1.47083e-05
779.5	-1.36432e-05
780	-8.00739e-06
780.5	-6.76306e-06
781	-6.5593e-06
781.5	-6.91207e-06
782	-5.3242e-06
782.5	-4.85526e-06
783	-5.0849e-06
783.5	-6.67643e-06
784	-4.23467e-06
784.5	-1.38879e-06
785	-1.82039e-06
785.5	-3.24733e-06
786	-4.43864e-06
786.5	-5.26209e-06
787	-4.25289e-06
787.5	-4.12851e-06
788	-5.27039e-06
788.5	-5.63661e-06
789	-2.22033e-06
789.5	-2.42786e-06
790	-3.0732e-06
790.5	-8.60422e-06
791	-1.06144e-05
791.5	-8.51569e-06
792	-9.83402e-06
792.5	-1.34615e-05
793	-1.55654e-05
793.5	-1.75225e-05
794	-1.90583e-05
794.5	-2.00871e-05
795	-2.0604e-05
795.5	-2.09289e-05
796	-2.05711e-05
796.5	-1.98626e-05
797	-1.93598e-05
797.5	-1.92909e-05
798	-1.93804e-05
798.5	-1.98832e-05
799	-2.03017e-05
799.5	-1.53493e-05
800	-1.45449e-05
800.5	-1.34747e-05
801	-1.47087e-05
801.5	-1.41129e-05
802	-1.46165e-05
802.5	-1.56968e-05
803	-1.27723e-05
803.5	-1.19293e-05
804	-1.14192e-05
804.5	-1.08953e-05
805	-1.43135e-05
805.5	-1.7838e-05
806	-2.00123e-05
806.5	-2.0948e-05
807	-2.15433e-05
807.5	-2.21202e-05
808	-2.1958e-05
808.5	-2.13247e-05
809	-2.05879e-05
809.5	-1.97012e-05
810	-1.86702e-05
810.5	-1.78221e-05
811	-1.74291e-05
811.5	-1.71434e-05
812	-1.69776e-05
812.5	-1.65364e-05
813	-1.60857e-05
813.5	-1.58208e-05
814	-1.44433e-05
814.5	-1.23498e-05
815	-1.99881e-05
815.5	-1.49528e-05
816	-1.23273e-05
816.5	-1.00257e-05
817	-1.18932e-05
817.5	-2.25438e-05
818	-1.60685e-05
818.5	-1.45498e-05
819	-1.2679e-05
819.5	-1.28646e-05
820	-1.37804e-05
820.5	-1.58969e-05
821	-1.77668e-05
821.5	-1.89427e-05
822	-1.95713e-05
822.5	-1.35663e-05
823	-1.47583e-05
823.5	-1.73056e-05
824	-1.8149e-05
824.5	-1.80901e-05
825	-1.76294e-05
825.5	-1.68625e-05
826	-1.60735e-05
826.5	-1.5793e-05
827	-1.52042e-05
827.5	-1.45915e-05
828	-1.38873e-05
828.5	-1.05922e-05
829	-2.95618e-06
829.5	-2.44747e-06
830	-2.14596e-06
830.5	1.4087e-06
831	-3.87532e-06
831.5	-7.29115e-06
832	-7.75701e-06
832.5	-2.67877e-05
833	-1.80295e-05
833.5	-1.32903e-05
834	-2.91763e-05
834.5	-2.25213e-05
835	-1.64487e-05
835.5	-1.36988e-05
836	-1.2653e-05
836.5	-1.24445e-05
837	-1.22873e-05
837.5	-1.2694e-05
838	-1.33416e-05
838.5	-1.41106e-05
839	-1.4527e-05
839.5	-1.46825e-05
840	-1.4617e-05
840.5	-1.42182e-05
841	-1.41191e-05
841.5	-1.89759e-05
842	-1.73687e-05
842.5	-2.59613e-05
843	-2.81984e-05
843.5	-8.86126e-05
844	6.14724e-05
844.5	0.000549866
845	-1.77494e-05
845.5	-0.000214826
846	-0.000131858
846.5	-8.89232e-05
847	-0.000137321
847.5	-0.000101946
848	-0.000132908
848.5	0.000112343
849	2.47382e-05
849.5	0.000671763
850	-2.35934e-05
850.5	-0.000656424
851	-0.000226403
851.5	-0.000116464
852	-8.82937e-05
852.5	-5.42317e-05
853	-4.70327e-05
853.5	2.55648e-06
854	-2.39162e-05
854.5	5.34862e-06
855	3.97954e-05
855.5	2.72481e-06
856	-1.48652e-05
856.5	-1.59544e-05
857	-1.3312e-05
857.5	-5.53886e-06
858	-2.47622e-06
858.5	-3.38959e-06
859	-1.17806e-05
859.5	-5.28725e-06
860	-1.53153e-05
860.5	-1.90491e-05
861	-1.67525e-05
861.5	-1.06083e-05
862	-8.694e-06
862.5	-7.72442e-06
863	-7.65167e-06
863.5	-7.83479e-06
864	-8.18674e-06
864.5	-8.80911e-06
865	-9.17971e-06
865.5	-9.82322e-06
866	-9.5557e-06
866.5	-4.86835e-06
867	-2.99475e-06
867.5	-3.08691e-06
868	-5.33231e-06
868.5	-7.37752e-06
869	-8.49306e-06
869.5	-6.17493e-06
870	-5.866e-06
870.5	-6.55766e-06
871	-6.20055e-06
871.5	-1.03244e-05
872	-1.1471e-05
872.5	-1.32641e-05
873	-1.1796e-05
873.5	-1.11479e-05
874	-1.08623e-05
874.5	-1.05199e-05
875	-9.69356e-06
875.5	-9.19029e-06
876	-8.82476e-06
876.5	-8.38365e-06
877	-8.15619e-06
877.5	-7.86838e-06
878	-7.73505e-06
878.5	-7.89405e-06
879	-7.81809e-06
879.5	-7.83455e-06
880	-8.12032e-06
880.5	-8.7628e-06
881	-8.76931e-06
881.5	-8.54236e-06
882	-8.61153e-06
882.5	-5.86631e-06
883	-1.36353e-06
883.5	-1.01621e-06
884	-3.93015e-06
884.5	-5.72252e-06
885	-5.5229e-06
885.5	-7.98392e-06
886	-1.26712e-05
886.5	-1.32054e-05
887	-1.48234e-05
887.5	-1.36306e-05
888	-1.0481e-05
888.5	-1.02719e-05
889	-1.05748e-05
889.5	-7.68717e-06
890	-6.42166e-06
890.5	-7.16728e-06
891	-8.05806e-06
891.5	-8.34954e-06
892	-8.20646e-06
892.5	-8.17668e-06
893	-8.08434e-06
893.5	-8.16315e-06
894	-8.63725e-06
894.5	-9.45758e-06
895	-8.01114e-06
895.5	-7.84478e-06
896	-9.14787e-06
896.5	-7.68295e-06
897	-7.12598e-06
897.5	-9.60399e-06
898	-1.01336e-05
898.5	-1.10034e-05
899	-1.5422e-05
899.5	-1.95984e-05
900	-2.10866e-05
900.5	-2.0091e-05
901	-2.0478e-05
901.5	-2.04893e-05
902	-2.12628e-05
902.5	-2.14448e-05
903	-2.1477e-05
903.5	-2.01111e-05
904	-1.89494e-05
904.5	-1.88154e-05
905	-1.91199e-05
905.5	-1.90564e-05
906	-1.84504e-05
906.5	-1.77761e-05
907	-1.74449e-05
907.5	-1.73409e-05
908	-1.74233e-05
908.5	-1.78468e-05
909	-1.82443e-05
909.5	-1.85317e-05
910	-1.86514e-05
910.5	-1.5725e-05
911	-1.56053e-05
911.5	-1.63754e-05
912	-1.49042e-05
912.5	-1.00029e-05
913	-1.03418e-05
913.5	-1.04199e-05
914	-1.92634e-05
914.5	-1.80571e-05
915	-1.31737e-05
915.5	-8.55424e-06
916	-6.63654e-06
916.5	-6.29828e-06
917	-7.23865e-06
917.5	-8.43164e-06
918	-8.4441e-06
918.5	-8.69076e-06
919	-9.04712e-06
919.5	-9.9601e-06
920	-1.09935e-05
920.5	-1.21001e-05
921	-1.30982e-05
921.5	-1.42052e-05
922	-1.51058e-05
922.5	-1.56378e-05
923	-1.60068e-05
923.5	-1.6272e-05
924	-1.64081e-05
924.5	-1.6034e-05
925	-1.54021e-05
925.5	-1.4888e-05
926	-1.46061e-05
926.5	-1.44401e-05
927	-1.19727e-05
927.5	-4.34029e-06
928	-9.20082e-06
928.5	-1.31858e-05
929	-1.24606e-05
929.5	-9.33683e-06
930	-5.44469e-06
930.5	-7.98367e-06
931	-1.14674e-05
931.5	-1.34662e-05
932	-1.43304e-05
932.5	-1.4136e-05
933	-1.37037e-05
933.5	-1.37379e-05
934	-1.4095e-05
934.5	-1.42844e-05
935	-1.42727e-05
935.5	-1.40493e-05
936	-1.36057e-05
936.5	-1.32371e-05
937	-1.23079e-05
937.5	-1.1958e-05
938	-1.20132e-05
938.5	-1.22735e-05
939	-8.75642e-06
939.5	-7.75504e-06
940	-8.8201e-06
940.5	-1.02e-05
941	-8.40236e-06
941.5	-3.73583e-06
942	-4.06103e-06
942.5	-1.73933e-05
943	-1.36817e-05
943.5	-1.53508e-05
944	-1.14222e-05
944.5	-1.22345e-05
945	-1.45018e-05
945.5	-1.73705e-05
946	-1.96292e-05
946.5	-2.00982e-05
947	-1.99599e-05
947.5	-1.92871e-05
948	-1.87441e-05
948.5	-1.86837e-05
949	-1.87234e-05
949.5	-1.9304e-05
950	-2.00221e-05
950.5	-2.08689e-05
951	-2.14935e-05
951.5	-3.07951e-05
952	-3.1288e-05
952.5	-2.57876e-05
953	-2.40358e-05
953.5	-2.29622e-05
954	-2.1901e-05
954.5	-2.09288e-05
955	-1.9709e-05
955.5	-1.83026e-05
956	-1.66171e-05
956.5	-6.70823e-06
957	1.03873e-05
957.5	1.71495e-05
958	1.02231e-05
958.5	1.39859e-06
959	-8.87272e-06
959.5	-1.42464e-05
960	-1.77959e-05
960.5	-1.79153e-05
961	-1.73578e-05
961.5	-1.69444e-05
962	-1.7462e-05
962.5	-2.05858e-05
963	-1.87956e-05
963.5	-1.56714e-05
964	-1.50231e-05
964.5	-1.71005e-05
965	-2.37832e-05
965.5	-2.46809e-05
966	-4.3363e-05
966.5	-4.50886e-05
967	-3.56143e-05
967.5	-5.20286e-05
968	-5.42104e-05
968.5	-4.95575e-05
969	-4.27361e-05
969.5	-3.67046e-05
970	-3.51213e-05
970.5	-5.27069e-05
971	-0.00018379
971.5	0.000532374
972	0.000168894
972.5	-0.000248054
973	-0.000124526
973.5	-9.0503e-05
974	-7.19824e-05
974.5	-6.48253e-05
975	-5.91988e-05
975.5	-7.9065e-05
976	-9.81314e-05
976.5	-8.15666e-05
977	-0.000220573
977.5	0.000183537
978	0.00019636
978.5	0.00014819
979	-0.000690539
979.5	-0.000307455
980	-0.000142629
980.5	-0.000109999
981	-5.5953e-05
981.5	-1.01378e-05
982	7.80143e-05
982.5	2.04827e-05
983	-5.10344e-05
983.5	-7.72061e-05
984	-7.8623e-05
984.5	-2.02007e-05
985	7.29871e-07
985.5	-2.63568e-05
986	-2.08701e-05
986.5	-1.03106e-05
987	-1.14488e-05
987.5	-2.57063e-05
988	-3.54974e-05
988.5	-3.16538e-05
989	-2.54414e-05
989.5	-2.1115e-05
990	-1.85571e-05
990.5	-1.71804e-05
991	-1.64052e-05
991.5	-1.5923e-05
992	-1.56017e-05
992.5	-1.52302e-05
993	-1.44598e-05
993.5	-1.45004e-05
994	-1.34035e-05
994.5	-3.72286e-06
995	-3.30888e-07
995.5	3.90237e-06
996	-1.26327e-07
996.5	-2.43932e-06
997	-4.35045e-06
997.5	-6.22971e-06
998	-8.23007e-06
998.5	-9.54454e-06
999	-1.19006e-05
999.5	-1.33871e-05
1000	-1.39653e-05
