0	0
0.5	5.0551e-25
1	3.01175e-25
1.5	5.73805e-26
2	9.66698e-26
2.5	-3.03969e-25
3	-2.34071e-25
3.5	-6.36679e-08
4	-3.74173e-07
4.5	-7.60467e-07
5	-9.64288e-07
5.5	-1.55916e-06
6	-2.41315e-06
6.5	-3.65723e-06
7	-5.17116e-06
7.5	-6.19615e-06
8	-6.74622e-06
8.5	-7.0781e-06
9	-8.0455e-06
9.5	-9.87182e-06
10	-1.15099e-05
10.5	-1.3087e-05
11	-1.42472e-05
11.5	-1.51768e-05
12	-1.61125e-05
12.5	-1.70131e-05
13	-1.79262e-05
13.5	-1.91387e-05
14	-2.08165e-05
14.5	-1.80541e-05
15	-1.78965e-05
15.5	-1.73716e-05
16	-2.08007e-05
16.5	-3.73142e-05
17	-0.000354833
17.5	0.000537306
18	0.000187913
18.5	-0.000118584
19	-0.000208742
19.5	-4.11642e-05
20	-2.55179e-05
20.5	-1.81676e-05
21	-1.4066e-05
21.5	-1.17005e-05
22	-1.05531e-05
22.5	-9.95683e-06
23	-9.61975e-06
23.5	-9.61617e-06
24	-9.64066e-06
24.5	-9.85433e-06
25	-1.02833e-05
25.5	-1.05642e-05
26	-1.03693e-05
26.5	-1.04482e-05
27	-1.03329e-05
27.5	-1.07494e-05
28	-1.18367e-05
28.5	-1.37771e-05
29	-1.54427e-05
29.5	-1.53546e-05
30	-1.14515e-05
30.5	-1.01281e-05
31	-4.41293e-06
31.5	-3.63924e-06
32	-5.22426e-06
32.5	-7.52806e-06
33	-9.9269e-06
33.5	-1.11893e-05
34	-1.4711e-05
34.5	-1.76638e-05
35	-1.45489e-05
35.5	-1.01512e-05
36	-7.3133e-06
36.5	-4.9344e-06
37	-3.49324e-06
37.5	-2.31089e-06
38	-1.58783e-06
38.5	-2.08322e-06
39	-3.12806e-06
39.5	-4.32065e-06
40	-5.90168e-06
40.5	-7.18564e-06
41	-8.05935e-06
41.5	-8.68585e-06
42	-9.23836e-06
42.5	-9.77664e-06
43	-1.01557e-05
43.5	-1.05605e-05
44	-1.09755e-05
44.5	-1.13074e-05
45	-1.18335e-05
45.5	-1.28782e-05
46	-1.43905e-05
46.5	-1.63895e-05
47	-1.83348e-05
47.5	-2.0838e-05
48	-2.72322e-05
48.5	-0.000192186
49	0.000129196
49.5	0.000521651
50	-4.1846e-05
50.5	-0.000225474
51	-4.64771e-05
51.5	-3.2153e-05
52	-2.76548e-05
52.5	-2.36589e-05
53	-1.87067e-05
53.5	-1.5889e-05
54	-1.44642e-05
54.5	-1.39345e-05
55	-1.4355e-05
55.5	-1.50925e-05
56	-1.56533e-05
56.5	-1.58481e-05
57	-1.56404e-05
57.5	-1.51142e-05
58	-1.45101e-05
58.5	-1.38924e-05
59	-1.31795e-05
59.5	-1.28263e-05
60	-1.29563e-05
60.5	-1.29702e-05
61	-1.31957e-05
61.5	-1.37253e-05
62	-1.50158e-05
62.5	-1.73667e-05
63	-2.13913e-05
63.5	-2.98012e-05
64	-0.000187829
64.5	0.000241829
65	0.000613575
65.5	-2.03518e-05
66	-0.000254455
66.5	-5.88078e-05
67	-3.66395e-05
67.5	-2.8966e-05
68	-2.15058e-05
68.5	-1.67109e-05
69	-1.4243e-05
69.5	-1.30067e-05
70	-1.27037e-05
70.5	-1.33978e-05
71	-1.42514e-05
71.5	-1.53253e-05
72	-1.65172e-05
72.5	-1.7384e-05
73	-1.80374e-05
73.5	-1.8508e-05
74	-1.85673e-05
74.5	-1.866e-05
75	-1.94544e-05
75.5	-2.04321e-05
76	-2.2336e-05
76.5	-2.72895e-05
77	-6.19528e-05
77.5	-0.000672102
78	0.000635567
78.5	1.18644e-05
79	-0.000156727
79.5	-8.28236e-05
80	-3.58755e-05
80.5	-3.60964e-05
81	-3.47905e-05
81.5	-3.17181e-05
82	-2.81375e-05
82.5	-2.42864e-05
83	-2.21574e-05
83.5	-2.07363e-05
84	-1.94795e-05
84.5	-1.84712e-05
85	-1.76261e-05
85.5	-1.71257e-05
86	-1.69095e-05
86.5	-1.69539e-05
87	-1.70503e-05
87.5	-1.71151e-05
88	-1.7182e-05
88.5	-1.72405e-05
89	-1.75326e-05
89.5	-1.8013e-05
90	-1.82736e-05
90.5	-1.85513e-05
91	-1.87737e-05
91.5	-1.91394e-05
92	-2.05641e-05
92.5	-2.44517e-05
93	-5.01313e-05
93.5	-0.00060595
94	0.000573886
94.5	-2.8682e-05
95	-0.00019493
95.5	-8.03424e-05
96	-4.33819e-05
96.5	-3.22338e-05
97	-2.25386e-05
97.5	-1.6448e-05
98	-1.22503e-05
98.5	-9.69958e-06
99	-8.58997e-06
99.5	-8.08086e-06
100	-7.807e-06
100.5	-7.81191e-06
101	-7.8651e-06
101.5	-8.03463e-06
102	-8.15963e-06
102.5	-8.06334e-06
103	-8.21801e-06
103.5	-8.45664e-06
104	-8.83482e-06
104.5	-9.71365e-06
105	-1.05022e-05
105.5	-1.10327e-05
106	-1.13702e-05
106.5	-1.16653e-05
107	-1.20796e-05
107.5	-1.27982e-05
108	-1.39517e-05
108.5	-1.49723e-05
109	-1.51844e-05
109.5	-1.58724e-05
110	-1.83002e-05
110.5	-1.95626e-05
111	-0.000195065
111.5	-0.000597317
112	0.00101345
112.5	1.09923e-05
113	-0.000264159
113.5	-7.82574e-05
114	-3.2207e-05
114.5	-2.17148e-05
115	-1.72824e-05
115.5	-1.56029e-05
116	-1.51556e-05
116.5	-1.4194e-05
117	-1.30996e-05
117.5	-1.34768e-05
118	-1.28786e-05
118.5	-1.2728e-05
119	-1.27289e-05
119.5	-1.26389e-05
120	-1.26268e-05
120.5	-1.23948e-05
121	-1.39332e-05
121.5	-1.63996e-05
122	-1.8132e-05
122.5	-1.93254e-05
123	-1.79777e-05
123.5	-1.31697e-05
124	-7.91472e-06
124.5	-1.02657e-05
125	-1.14148e-05
125.5	-1.29859e-05
126	-1.3728e-05
126.5	-1.60542e-05
127	-1.74152e-05
127.5	-1.9829e-05
128	-2.03435e-05
128.5	-1.73633e-05
129	-1.6564e-05
129.5	-1.54964e-05
130	-1.53709e-05
130.5	-1.56169e-05
131	-1.59508e-05
131.5	-1.52046e-05
132	-1.46109e-05
132.5	-1.45477e-05
133	-1.50953e-05
133.5	-1.61977e-05
134	-1.72357e-05
134.5	-1.76609e-05
135	-1.76217e-05
135.5	-1.74765e-05
136	-1.76619e-05
136.5	-1.82149e-05
137	-1.93255e-05
137.5	-2.10559e-05
138	-2.45966e-05
138.5	-3.86155e-05
139	-0.000354449
139.5	0.000278027
140	3.63852e-05
140.5	-0.000174415
141	-0.00014611
141.5	-3.99183e-05
142	-3.78363e-05
142.5	-3.12796e-05
143	-2.54149e-05
143.5	-2.20484e-05
144	-1.94058e-05
144.5	-1.76028e-05
145	-1.65003e-05
145.5	-1.59986e-05
146	-1.59273e-05
146.5	-1.59571e-05
147	-1.64582e-05
147.5	-1.72946e-05
148	-1.81274e-05
148.5	-1.92365e-05
149	-2.01784e-05
149.5	-2.09127e-05
150	-2.19971e-05
150.5	-2.30302e-05
151	-2.42901e-05
151.5	-2.60088e-05
152	-2.92752e-05
152.5	-4.68154e-05
153	-0.000409952
153.5	0.000385842
154	3.24232e-05
154.5	-0.000196132
155	-0.000140294
155.5	-2.79125e-05
156	-2.48091e-05
156.5	-2.58326e-05
157	-2.40335e-05
157.5	-2.27092e-05
158	-2.16652e-05
158.5	-2.00382e-05
159	-1.91918e-05
159.5	-1.84447e-05
160	-1.76039e-05
160.5	-1.68061e-05
161	-1.61425e-05
161.5	-1.56782e-05
162	-1.5331e-05
162.5	-1.51372e-05
163	-1.52018e-05
163.5	-1.52254e-05
164	-1.50756e-05
164.5	-1.4482e-05
165	-1.38305e-05
165.5	-1.31797e-05
166	-1.27555e-05
166.5	-1.25647e-05
167	-1.25762e-05
167.5	-1.2846e-05
168	-1.32355e-05
168.5	-1.26013e-05
169	-1.41102e-05
169.5	-1.63183e-05
170	-1.82007e-05
170.5	-1.9045e-05
171	-1.8354e-05
171.5	-2.10898e-05
172	-2.48174e-05
172.5	-3.65734e-05
173	-0.00022898
173.5	-0.000199426
174	0.000798057
174.5	0.000125557
175	-0.000259901
175.5	-5.91912e-05
176	-3.76359e-05
176.5	-2.92598e-05
177	-2.48236e-05
177.5	-2.27997e-05
178	-2.21566e-05
178.5	-2.22854e-05
179	-2.32011e-05
179.5	-2.46701e-05
180	-2.5304e-05
180.5	-2.53869e-05
181	-2.56288e-05
181.5	-2.6412e-05
182	-2.73646e-05
182.5	-2.84027e-05
183	-2.98302e-05
183.5	-3.32478e-05
184	-4.80727e-05
184.5	-0.000355692
185	0.000247266
185.5	0.0001294
186	-0.000154846
186.5	-0.000187981
187	-5.53752e-05
187.5	-4.43578e-05
188	-4.10684e-05
188.5	-3.64807e-05
189	-3.30795e-05
189.5	-3.10359e-05
190	-2.99828e-05
190.5	-2.97889e-05
191	-2.96805e-05
191.5	-2.93893e-05
192	-2.92832e-05
192.5	-2.91601e-05
193	-2.90449e-05
193.5	-2.96254e-05
194	-2.99208e-05
194.5	-3.05943e-05
195	-3.18988e-05
195.5	-3.45938e-05
196	-4.10619e-05
196.5	-9.40986e-05
197	-0.000892932
197.5	0.00080477
198	0.000120168
198.5	-0.000180417
199	-7.94723e-05
199.5	-3.80277e-05
200	-3.69842e-05
200.5	-3.87034e-05
201	-3.60143e-05
201.5	-3.09265e-05
202	-2.68467e-05
202.5	-2.43567e-05
203	-2.24344e-05
203.5	-2.11589e-05
204	-2.02627e-05
204.5	-2.0239e-05
205	-2.06299e-05
205.5	-2.11903e-05
206	-2.19821e-05
206.5	-2.27825e-05
207	-2.32971e-05
207.5	-2.38204e-05
208	-2.49847e-05
208.5	-2.65023e-05
209	-2.84088e-05
209.5	-3.14569e-05
210	-3.66691e-05
210.5	-7.43403e-05
211	-0.000595506
211.5	0.000460617
212	1.33136e-05
212.5	-0.00019701
213	-0.000105187
213.5	-3.29883e-05
214	-3.2451e-05
214.5	-3.50522e-05
215	-3.77557e-05
215.5	-3.82593e-05
216	-3.8628e-05
216.5	-3.68475e-05
217	-3.5016e-05
217.5	-3.14173e-05
218	-2.83462e-05
218.5	-2.56301e-05
219	-2.39663e-05
219.5	-2.29905e-05
220	-2.27553e-05
220.5	-2.2945e-05
221	-2.32358e-05
221.5	-2.33625e-05
222	-2.33927e-05
222.5	-2.3468e-05
223	-2.38486e-05
223.5	-2.42807e-05
224	-2.46543e-05
224.5	-2.50287e-05
225	-2.54408e-05
225.5	-2.60827e-05
226	-2.822e-05
226.5	-3.96047e-05
227	-0.000337472
227.5	0.000394759
228	2.31352e-05
228.5	-0.000189438
229	-0.00012101
229.5	-3.37005e-05
230	-3.1455e-05
230.5	-3.14265e-05
231	-3.0482e-05
231.5	-2.94769e-05
232	-2.6806e-05
232.5	-2.17375e-05
233	-1.83994e-05
233.5	-1.65549e-05
234	-1.57836e-05
234.5	-1.63227e-05
235	-1.63277e-05
235.5	-1.64973e-05
236	-1.69634e-05
236.5	-1.63218e-05
237	-1.56337e-05
237.5	-1.50092e-05
238	-1.41241e-05
238.5	-1.82457e-05
239	-1.9479e-05
239.5	-1.78364e-05
240	-1.78673e-05
240.5	-1.89415e-05
241	-1.84231e-05
241.5	-1.74827e-05
242	-1.77492e-05
242.5	-1.81294e-05
243	-1.7283e-05
243.5	-1.87091e-05
244	-1.8402e-05
244.5	-1.75563e-05
245	-1.58226e-05
245.5	-1.50874e-05
246	-1.55497e-05
246.5	-1.53993e-05
247	-1.54187e-05
247.5	-1.59489e-05
248	-1.66986e-05
248.5	-1.73247e-05
249	-1.77145e-05
249.5	-1.84791e-05
250	-1.9575e-05
250.5	-2.09418e-05
251	-2.17783e-05
251.5	-2.32831e-05
252	-2.90699e-05
252.5	-0.000204619
253	-0.000309951
253.5	0.000652246
254	-5.93322e-05
254.5	-0.000275925
255	-5.58089e-05
255.5	-3.43701e-05
256	-2.82883e-05
256.5	-2.50019e-05
257	-2.47182e-05
257.5	-2.4687e-05
258	-2.23238e-05
258.5	-1.966e-05
259	-1.82823e-05
259.5	-1.81603e-05
260	-1.80813e-05
260.5	-1.7716e-05
261	-1.732e-05
261.5	-1.68886e-05
262	-1.64702e-05
262.5	-1.68678e-05
263	-1.75897e-05
263.5	-1.86632e-05
264	-2.03304e-05
264.5	-2.37944e-05
265	-3.17463e-05
265.5	-0.000207525
266	0.000711569
266.5	0.000543317
267	-9.43585e-05
267.5	-0.000268144
268	-4.52517e-05
268.5	-3.09397e-05
269	-2.7962e-05
269.5	-2.76256e-05
270	-2.91417e-05
270.5	-2.62107e-05
271	-2.17544e-05
271.5	-1.82629e-05
272	-1.58288e-05
272.5	-1.46175e-05
273	-1.42172e-05
273.5	-1.40958e-05
274	-1.40512e-05
274.5	-1.35495e-05
275	-1.37001e-05
275.5	-1.42272e-05
276	-1.48745e-05
276.5	-1.48218e-05
277	-1.5398e-05
277.5	-1.58941e-05
278	-1.61791e-05
278.5	-1.62742e-05
279	-1.60787e-05
279.5	-1.56382e-05
280	-1.54725e-05
280.5	-1.53066e-05
281	-1.48923e-05
281.5	-1.45619e-05
282	-1.47072e-05
282.5	-1.56861e-05
283	-1.68898e-05
283.5	-1.79118e-05
284	-1.74696e-05
284.5	-1.73002e-05
285	-1.52327e-05
285.5	-1.47172e-05
286	-1.77274e-05
286.5	-2.14545e-05
287	-5.36022e-05
287.5	-0.000453888
288	0.000529559
288.5	3.22705e-05
289	-0.000223231
289.5	-0.000127628
290	-2.72957e-05
290.5	-2.03156e-05
291	-1.67089e-05
291.5	-1.47401e-05
292	-1.39032e-05
292.5	-1.34293e-05
293	-1.31519e-05
293.5	-1.25841e-05
294	-1.21697e-05
294.5	-1.20234e-05
295	-1.19733e-05
295.5	-1.1645e-05
296	-1.11761e-05
296.5	-1.10926e-05
297	-1.14169e-05
297.5	-1.216e-05
298	-1.2386e-05
298.5	-1.27996e-05
299	-1.13264e-05
299.5	-1.12081e-05
300	-1.14404e-05
300.5	-1.13572e-05
301	-1.17124e-05
301.5	-1.30363e-05
302	-1.41727e-05
302.5	-1.49878e-05
303	-1.51539e-05
303.5	-1.56723e-05
304	-1.5992e-05
304.5	-1.63685e-05
305	-1.66156e-05
305.5	-1.65101e-05
306	-1.61223e-05
306.5	-1.56581e-05
307	-1.56479e-05
307.5	-1.57065e-05
308	-1.58261e-05
308.5	-1.59868e-05
309	-1.65557e-05
309.5	-1.85293e-05
310	-2.17652e-05
310.5	-6.37784e-05
311	-0.00108351
311.5	0.000897204
312	0.000141302
312.5	-0.000250559
313	-7.44286e-05
313.5	-4.56779e-05
314	-3.10682e-05
314.5	-2.12873e-05
315	-1.54914e-05
315.5	-1.2293e-05
316	-1.0172e-05
316.5	-9.46826e-06
317	-9.7663e-06
317.5	-1.00316e-05
318	-1.06802e-05
318.5	-1.17285e-05
319	-1.29347e-05
319.5	-1.40876e-05
320	-1.51552e-05
320.5	-1.62335e-05
321	-1.80941e-05
321.5	-2.05551e-05
322	-2.4044e-05
322.5	-3.16015e-05
323	-0.000210027
323.5	-0.000380999
324	0.000708669
324.5	-2.62137e-05
325	-0.000273905
325.5	-5.4404e-05
326	-3.2451e-05
326.5	-3.61512e-05
327	-3.61281e-05
327.5	-3.27597e-05
328	-2.94244e-05
328.5	-2.56715e-05
329	-2.37221e-05
329.5	-2.21182e-05
330	-2.19455e-05
330.5	-2.24077e-05
331	-2.28608e-05
331.5	-2.31798e-05
332	-2.33929e-05
332.5	-2.37555e-05
333	-2.4058e-05
333.5	-2.41963e-05
334	-2.4111e-05
334.5	-2.38654e-05
335	-2.36249e-05
335.5	-2.31347e-05
336	-2.25141e-05
336.5	-2.21413e-05
337	-2.2221e-05
337.5	-2.40429e-05
338	-3.01365e-05
338.5	-0.000205979
339	-0.000382201
339.5	0.000657642
340	-4.23609e-05
340.5	-0.000271916
341	-4.66356e-05
341.5	-3.43772e-05
342	-2.78362e-05
342.5	-2.13483e-05
343	-1.57257e-05
343.5	-1.29624e-05
344	-1.11383e-05
344.5	-9.0951e-06
345	-7.9757e-06
345.5	-7.58525e-06
346	-7.87332e-06
346.5	-8.23288e-06
347	-8.64975e-06
347.5	-9.60509e-06
348	-1.06706e-05
348.5	-1.14007e-05
349	-1.18397e-05
349.5	-1.24972e-05
350	-1.28478e-05
350.5	-1.31168e-05
351	-1.38994e-05
351.5	-1.54755e-05
352	-1.70555e-05
352.5	-1.88533e-05
353	-2.1869e-05
353.5	-3.04021e-05
354	-0.000208406
354.5	0.000763107
355	0.000285654
355.5	-0.000120077
356	-0.000231867
356.5	-5.70939e-05
357	-4.00206e-05
357.5	-3.27933e-05
358	-2.68053e-05
358.5	-2.31868e-05
359	-2.24775e-05
359.5	-2.30807e-05
360	-2.40283e-05
360.5	-2.39193e-05
361	-2.64376e-05
361.5	-2.65806e-05
362	-2.51379e-05
362.5	-2.3093e-05
363	-2.16345e-05
363.5	-2.27065e-05
364	-2.35469e-05
364.5	-2.23112e-05
365	-2.26918e-05
365.5	-2.27848e-05
366	-2.24303e-05
366.5	-2.20898e-05
367	-2.09816e-05
367.5	-2.00712e-05
368	-1.81498e-05
368.5	-1.86899e-05
369	-1.79169e-05
369.5	-1.72161e-05
370	-1.77016e-05
370.5	-1.74155e-05
371	-1.72459e-05
371.5	-1.70674e-05
372	-1.66879e-05
372.5	-1.58817e-05
373	-1.54152e-05
373.5	-1.57069e-05
374	-1.49068e-05
374.5	-1.25768e-05
375	-1.13172e-05
375.5	-1.01289e-05
376	-9.23978e-06
376.5	-8.59642e-06
377	-8.02621e-06
377.5	-7.6199e-06
378	-7.33973e-06
378.5	-7.27603e-06
379	-7.3384e-06
379.5	-5.34191e-06
380	-5.22927e-06
380.5	-7.00037e-06
381	-1.16144e-05
381.5	-4.35565e-05
382	-0.000642615
382.5	0.000829596
383	-2.94578e-05
383.5	-0.000235977
384	-4.83021e-05
384.5	-2.31584e-05
385	-2.1225e-05
385.5	-2.0438e-05
386	-1.82577e-05
386.5	-1.74633e-05
387	-1.74051e-05
387.5	-1.77271e-05
388	-1.83367e-05
388.5	-1.87486e-05
389	-1.89364e-05
389.5	-1.89476e-05
390	-1.90588e-05
390.5	-1.90934e-05
391	-1.88199e-05
391.5	-1.83706e-05
392	-1.77782e-05
392.5	-1.75928e-05
393	-1.74446e-05
393.5	-1.46092e-05
394	-1.14185e-05
394.5	-1.19479e-05
395	-1.30655e-05
395.5	-1.37313e-05
396	-1.30958e-05
396.5	-1.14751e-05
397	-1.05234e-05
397.5	-1.05702e-05
398	-1.0355e-05
398.5	-9.73159e-06
399	-9.35007e-06
399.5	-9.2026e-06
400	-8.14189e-06
400.5	-8.32869e-06
401	-9.27618e-06
401.5	-1.02433e-05
402	-1.1063e-05
402.5	-1.171e-05
403	-1.22718e-05
403.5	-1.26713e-05
404	-1.29951e-05
404.5	-1.3551e-05
405	-1.42881e-05
405.5	-1.50973e-05
406	-1.70855e-05
406.5	-3.65461e-05
407	-0.000448134
407.5	0.000445377
408	1.31344e-05
408.5	-0.000202986
409	-0.000107413
409.5	-3.03904e-05
410	-2.46844e-05
410.5	-2.00412e-05
411	-1.72329e-05
411.5	-1.43419e-05
412	-1.26291e-05
412.5	-1.19673e-05
413	-1.10823e-05
413.5	-9.99956e-06
414	-9.34817e-06
414.5	-9.61303e-06
415	-1.03294e-05
415.5	-1.07343e-05
416	-1.09145e-05
416.5	-1.09896e-05
417	-1.11557e-05
417.5	-1.1638e-05
418	-1.22167e-05
418.5	-1.26238e-05
419	-1.33329e-05
419.5	-1.46727e-05
420	-1.7096e-05
420.5	-2.27891e-05
421	-4.8054e-05
421.5	-0.000725578
422	0.000717366
422.5	0.000132838
423	-0.000175305
423.5	-9.50027e-05
424	-4.8718e-05
424.5	-4.23325e-05
425	-3.53738e-05
425.5	-2.91767e-05
426	-2.55288e-05
426.5	-2.1782e-05
427	-1.8907e-05
427.5	-1.7095e-05
428	-1.67215e-05
428.5	-1.71205e-05
429	-1.75005e-05
429.5	-1.76562e-05
430	-1.78492e-05
430.5	-1.78221e-05
431	-1.80324e-05
431.5	-1.8476e-05
432	-1.87733e-05
432.5	-1.91824e-05
433	-1.96676e-05
433.5	-2.01085e-05
434	-2.21996e-05
434.5	-2.60966e-05
435	-3.66606e-05
435.5	-0.000253008
436	0.000896226
436.5	0.000464084
437	-0.000138393
437.5	-0.000249441
438	-4.6725e-05
438.5	-3.75876e-05
439	-3.704e-05
439.5	-3.68147e-05
440	-3.44124e-05
440.5	-3.36047e-05
441	-3.10991e-05
441.5	-2.91573e-05
442	-2.80627e-05
442.5	-2.75777e-05
443	-2.71335e-05
443.5	-2.6865e-05
444	-2.73552e-05
444.5	-2.80208e-05
445	-2.86191e-05
445.5	-2.93405e-05
446	-3.02878e-05
446.5	-3.19513e-05
447	-3.49704e-05
447.5	-4.49082e-05
448	-0.000282852
448.5	0.000874253
449	0.000472534
449.5	-0.000130924
450	-0.000257685
450.5	-5.35979e-05
451	-4.17241e-05
451.5	-3.75073e-05
452	-3.16436e-05
452.5	-2.59319e-05
453	-2.31075e-05
453.5	-2.18479e-05
454	-2.17508e-05
454.5	-2.18114e-05
455	-2.1611e-05
455.5	-2.0985e-05
456	-2.01403e-05
456.5	-1.8731e-05
457	-1.82876e-05
457.5	-1.81879e-05
458	-1.83798e-05
458.5	-1.83857e-05
459	-1.82379e-05
459.5	-1.81872e-05
460	-1.82111e-05
460.5	-1.77894e-05
461	-1.70968e-05
461.5	-1.59994e-05
462	-1.52443e-05
462.5	-1.46504e-05
463	-1.44786e-05
463.5	-1.41605e-05
464	-1.39074e-05
464.5	-1.22652e-05
465	-1.15198e-05
465.5	-1.27057e-05
466	-1.40753e-05
466.5	-1.50976e-05
467	-1.57569e-05
467.5	-1.61249e-05
468	-1.58195e-05
468.5	-1.45316e-05
469	-1.31505e-05
469.5	-1.24661e-05
470	-1.1873e-05
470.5	-1.10709e-05
471	-1.03671e-05
471.5	-9.84758e-06
472	-9.62616e-06
472.5	-9.72351e-06
473	-1.00513e-05
473.5	-1.07777e-05
474	-1.2271e-05
474.5	-1.36767e-05
475	-1.4921e-05
475.5	-1.62721e-05
476	-1.51805e-05
476.5	-1.60427e-05
477	-1.70126e-05
477.5	-1.7571e-05
478	-1.79885e-05
478.5	-1.5255e-05
479	-1.68077e-05
479.5	-2.05718e-05
480	-2.32006e-05
480.5	-1.93948e-05
481	-1.92117e-05
481.5	-1.93089e-05
482	-1.99831e-05
482.5	-2.05849e-05
483	-2.08467e-05
483.5	-2.05719e-05
484	-2.02315e-05
484.5	-2.01031e-05
485	-2.00702e-05
485.5	-1.98807e-05
486	-1.97524e-05
486.5	-1.95864e-05
487	-1.94739e-05
487.5	-1.92451e-05
488	-2.01854e-05
488.5	-2.16732e-05
489	-2.3373e-05
489.5	-2.60843e-05
490	-3.22648e-05
490.5	-0.000138814
491	-0.000578761
491.5	0.000770353
492	-3.51216e-05
492.5	-0.000267731
493	-5.97255e-05
493.5	-3.5656e-05
494	-3.00744e-05
494.5	-2.75245e-05
495	-2.51554e-05
495.5	-2.19564e-05
496	-1.98403e-05
496.5	-1.84729e-05
497	-1.7582e-05
497.5	-1.68777e-05
498	-1.61651e-05
498.5	-1.56141e-05
499	-1.43823e-05
499.5	-1.39019e-05
500	-1.38428e-05
500.5	-1.43103e-05
501	-1.41228e-05
501.5	-1.39337e-05
502	-1.38175e-05
502.5	-1.46234e-05
503	-1.39658e-05
503.5	-1.43807e-05
504	-1.80605e-05
504.5	-1.9838e-05
505	-1.91336e-05
505.5	-1.37402e-05
506	-2.73087e-06
506.5	-2.06983e-06
507	-9.85715e-06
507.5	-1.23997e-05
508	-1.565e-05
508.5	-1.58964e-05
509	-1.49083e-05
509.5	-1.15641e-05
510	-7.91112e-06
510.5	-8.82736e-07
511	-2.19088e-07
511.5	-1.5867e-06
512	-2.86358e-06
512.5	-3.609e-06
513	-3.78598e-06
513.5	-3.79734e-06
514	-4.15021e-06
514.5	-4.68885e-06
515	-5.19023e-06
515.5	-5.55835e-06
516	-6.27792e-06
516.5	-7.45483e-06
517	-8.72553e-06
517.5	-9.72248e-06
518	-1.06697e-05
518.5	-1.13804e-05
519	-1.18848e-05
519.5	-1.24399e-05
520	-1.29994e-05
520.5	-1.38097e-05
521	-1.4447e-05
521.5	-1.55638e-05
522	-3.72438e-05
522.5	-0.000462982
523	0.00050804
523.5	8.46195e-05
524	-0.000178273
524.5	-9.97352e-05
525	-4.52199e-05
525.5	-3.16215e-05
526	-2.29996e-05
526.5	-1.81049e-05
527	-1.58593e-05
527.5	-1.44918e-05
528	-1.34954e-05
528.5	-1.2759e-05
529	-1.26963e-05
529.5	-1.31216e-05
530	-1.38279e-05
530.5	-1.48219e-05
531	-1.55536e-05
531.5	-1.62787e-05
532	-1.67706e-05
532.5	-1.70439e-05
533	-1.70289e-05
533.5	-1.68659e-05
534	-1.70312e-05
534.5	-1.78452e-05
535	-1.936e-05
535.5	-2.2529e-05
536	-3.12385e-05
536.5	-0.000202336
537	0.000725746
537.5	0.000472128
538	-7.22406e-05
538.5	-0.000237215
539	-4.23303e-05
539.5	-2.53691e-05
540	-1.80309e-05
540.5	-1.29876e-05
541	-1.00446e-05
541.5	-8.78412e-06
542	-7.00603e-06
542.5	-5.71944e-06
543	-4.94584e-06
543.5	-4.45084e-06
544	-4.26429e-06
544.5	-4.38584e-06
545	-4.81571e-06
545.5	-5.36396e-06
546	-5.91266e-06
546.5	-6.43697e-06
547	-7.07549e-06
547.5	-7.74563e-06
548	-8.47766e-06
548.5	-7.8969e-06
549	-8.49195e-06
549.5	-9.30706e-06
550	-5.82743e-06
550.5	-3.9776e-06
551	-7.58875e-06
551.5	-1.88842e-05
552	-0.000246289
552.5	0.000949641
553	0.000588039
553.5	-0.000104004
554	-0.000282914
554.5	-4.54759e-05
555	-2.18312e-05
555.5	-1.46503e-05
556	-1.19357e-05
556.5	-1.13882e-05
557	-1.18427e-05
557.5	-1.27338e-05
558	-1.30475e-05
558.5	-1.33212e-05
559	-1.36761e-05
559.5	-1.38854e-05
560	-1.41508e-05
560.5	-1.43794e-05
561	-1.46074e-05
561.5	-1.49817e-05
562	-1.53398e-05
562.5	-1.58405e-05
563	-1.6668e-05
563.5	-1.65796e-05
564	-1.74495e-05
564.5	-1.67876e-05
565	-1.40994e-05
565.5	-1.25184e-05
566	-1.39258e-05
566.5	-1.76227e-05
567	-3.09507e-05
567.5	-0.000313319
568	0.000595911
568.5	0.000183598
569	-0.000190139
569.5	-0.000201532
570	-3.76502e-05
570.5	-2.30045e-05
571	-1.69445e-05
571.5	-1.44025e-05
572	-1.35816e-05
572.5	-1.33613e-05
573	-1.35204e-05
573.5	-1.39835e-05
574	-1.46532e-05
574.5	-1.55941e-05
575	-1.64351e-05
575.5	-1.71662e-05
576	-1.63767e-05
576.5	-1.71986e-05
577	-1.94244e-05
577.5	-2.36856e-05
578	-3.46418e-05
578.5	-0.000300087
579	0.000455349
579.5	0.000373308
580	-9.30971e-05
580.5	-0.000244667
581	-5.42945e-05
581.5	-3.60794e-05
582	-2.72559e-05
582.5	-2.22995e-05
583	-2.00026e-05
583.5	-1.77203e-05
584	-1.62046e-05
584.5	-1.54461e-05
585	-1.50959e-05
585.5	-1.4919e-05
586	-1.47168e-05
586.5	-1.44401e-05
587	-1.40906e-05
587.5	-1.39379e-05
588	-1.36568e-05
588.5	-1.34165e-05
589	-1.29117e-05
589.5	-1.18824e-05
590	-1.07349e-05
590.5	-1.02667e-05
591	-1.05091e-05
591.5	-1.13537e-05
592	-1.29128e-05
592.5	-1.35852e-05
593	-1.21188e-05
593.5	-1.33467e-05
594	-1.83384e-05
594.5	-2.51604e-05
595	-0.000208101
595.5	-0.000614747
596	0.000964138
596.5	2.09788e-05
597	-0.000259958
597.5	-6.97042e-05
598	-2.51227e-05
598.5	-1.57267e-05
599	-1.11459e-05
599.5	-8.90589e-06
600	-8.34974e-06
600.5	-8.41973e-06
601	-8.58827e-06
601.5	-8.67794e-06
602	-8.84778e-06
602.5	-8.95085e-06
603	-8.96316e-06
603.5	-9.23914e-06
604	-9.21019e-06
604.5	-9.03293e-06
605	-9.22769e-06
605.5	-9.35053e-06
606	-9.51e-06
606.5	-9.33552e-06
607	-8.84641e-06
607.5	-5.84436e-06
608	-4.09162e-06
608.5	-1.89875e-06
609	-2.67327e-06
609.5	-3.27602e-06
610	-4.29266e-06
610.5	-6.04467e-06
611	-6.34648e-06
611.5	-5.64447e-06
612	-5.25844e-06
612.5	-5.82504e-06
613	-5.53626e-06
613.5	-5.17632e-06
614	-6.33358e-06
614.5	-7.03311e-06
615	-6.92169e-06
615.5	-4.93984e-06
616	-3.39328e-06
616.5	-2.87561e-06
617	-5.13099e-06
617.5	-5.39376e-06
618	-5.21319e-06
618.5	-6.16999e-06
619	-5.76399e-06
619.5	-7.40317e-06
620	-7.50002e-06
620.5	-7.34805e-06
621	-5.49655e-06
621.5	-4.02913e-06
622	-3.26384e-06
622.5	-5.06108e-06
623	-7.0969e-06
623.5	-8.74325e-06
624	-7.73659e-06
624.5	-6.68834e-06
625	-3.75923e-06
625.5	-1.50496e-06
626	-8.34489e-07
626.5	-6.88771e-07
627	-3.4937e-07
627.5	-6.1698e-07
628	-9.73387e-07
628.5	-1.9193e-06
629	-3.76886e-06
629.5	-5.819e-06
630	-7.26318e-06
630.5	-8.14445e-06
631	-9.02561e-06
631.5	-1.01464e-05
632	-1.11275e-05
632.5	-1.18729e-05
633	-1.26379e-05
633.5	-1.32172e-05
634	-1.38865e-05
634.5	-1.53313e-05
635	-1.97367e-05
635.5	-9.0155e-05
636	-0.000612
636.5	0.000752345
637	-2.42804e-05
637.5	-0.000265581
638	-5.06929e-05
638.5	-2.37951e-05
639	-2.10109e-05
639.5	-1.66574e-05
640	-1.19903e-05
640.5	-1.0563e-05
641	-8.81036e-06
641.5	-7.56135e-06
642	-7.14212e-06
642.5	-6.63413e-06
643	-6.67463e-06
643.5	-6.97405e-06
644	-7.23877e-06
644.5	-7.38807e-06
645	-7.53932e-06
645.5	-8.24022e-06
646	-9.41042e-06
646.5	-1.07013e-05
647	-1.18437e-05
647.5	-1.28805e-05
648	-1.38576e-05
648.5	-1.47968e-05
649	-1.5546e-05
649.5	-1.61288e-05
650	-1.67034e-05
650.5	-1.73495e-05
651	-1.83141e-05
651.5	-1.94366e-05
652	-2.24325e-05
652.5	-3.70071e-05
653	-0.000406674
653.5	0.000439281
654	5.85182e-05
654.5	-0.000198776
655	-0.000140724
655.5	-3.82276e-05
656	-3.00553e-05
656.5	-2.9432e-05
657	-2.55129e-05
657.5	-2.247e-05
658	-2.0589e-05
658.5	-1.95442e-05
659	-1.905e-05
659.5	-1.86189e-05
660	-1.86774e-05
660.5	-1.89731e-05
661	-1.90793e-05
661.5	-1.89605e-05
662	-1.86936e-05
662.5	-1.8197e-05
663	-1.78682e-05
663.5	-1.77543e-05
664	-1.76769e-05
664.5	-1.76354e-05
665	-1.74595e-05
665.5	-1.56634e-05
666	-1.51975e-05
666.5	-1.45051e-05
667	-1.60031e-05
667.5	-1.76772e-05
668	-1.89112e-05
668.5	-1.98511e-05
669	-2.07293e-05
669.5	-2.27155e-05
670	-2.62509e-05
670.5	-3.4183e-05
671	-0.000192621
671.5	-0.000393549
672	0.000845893
672.5	-4.34255e-05
673	-0.000291834
673.5	-6.26436e-05
674	-3.43782e-05
674.5	-2.84189e-05
675	-2.52872e-05
675.5	-2.36988e-05
676	-2.29635e-05
676.5	-2.27078e-05
677	-2.26282e-05
677.5	-2.2673e-05
678	-2.29392e-05
678.5	-2.29807e-05
679	-2.35439e-05
679.5	-2.41626e-05
680	-2.39182e-05
680.5	-2.30752e-05
681	-2.22991e-05
681.5	-2.0476e-05
682	-2.02093e-05
682.5	-2.17182e-05
683	-2.20469e-05
683.5	-2.33713e-05
684	-2.60043e-05
684.5	-3.14244e-05
685	-0.00011703
685.5	-0.000684987
686	0.000723631
686.5	4.55902e-05
687	-0.000240686
687.5	-0.00010309
688	-4.35137e-05
688.5	-3.4893e-05
689	-3.16674e-05
689.5	-3.02708e-05
690	-2.91841e-05
690.5	-2.83499e-05
691	-2.74495e-05
691.5	-2.64886e-05
692	-2.56397e-05
692.5	-2.5069e-05
693	-2.4897e-05
693.5	-2.47507e-05
694	-2.50635e-05
694.5	-2.68017e-05
695	-3.58081e-05
695.5	-0.00020908
696	0.000171403
696.5	0.000687816
697	4.61155e-05
697.5	-0.000280667
698	-6.47922e-05
698.5	-4.22104e-05
699	-3.50136e-05
699.5	-2.71411e-05
700	-2.20272e-05
700.5	-1.89314e-05
701	-1.70418e-05
701.5	-1.61685e-05
702	-1.58955e-05
702.5	-1.59323e-05
703	-1.6611e-05
703.5	-1.69823e-05
704	-1.67923e-05
704.5	-1.64181e-05
705	-1.63237e-05
705.5	-1.65239e-05
706	-1.72872e-05
706.5	-1.87653e-05
707	-2.07039e-05
707.5	-2.29745e-05
708	-2.59759e-05
708.5	-3.16661e-05
709	-5.36035e-05
709.5	-0.000553502
710	0.000484713
710.5	0.000212384
711	-0.000141392
711.5	-0.000156018
712	-5.88129e-05
712.5	-4.01407e-05
713	-2.86291e-05
713.5	-2.36425e-05
714	-2.18242e-05
714.5	-2.11437e-05
715	-2.10398e-05
715.5	-2.14407e-05
716	-2.17451e-05
716.5	-2.17704e-05
717	-2.14924e-05
717.5	-2.08712e-05
718	-2.02139e-05
718.5	-1.98726e-05
719	-1.96832e-05
719.5	-2.00239e-05
720	-2.08442e-05
720.5	-2.15297e-05
721	-2.2193e-05
721.5	-2.32993e-05
722	-2.57865e-05
722.5	-3.02962e-05
723	-4.07742e-05
723.5	-0.000229504
724	0.000317621
724.5	0.000764923
725	7.39281e-05
725.5	-0.000292775
726	-7.82187e-05
726.5	-5.09094e-05
727	-3.75937e-05
727.5	-3.08051e-05
728	-2.74435e-05
728.5	-2.53714e-05
729	-2.40721e-05
729.5	-2.30666e-05
730	-2.2085e-05
730.5	-2.13367e-05
731	-2.1038e-05
731.5	-2.0124e-05
732	-1.94675e-05
732.5	-1.99199e-05
733	-2.01412e-05
733.5	-2.06066e-05
734	-2.10399e-05
734.5	-2.17488e-05
735	-2.34663e-05
735.5	-2.70791e-05
736	-3.79063e-05
736.5	-0.000285842
737	0.000561475
737.5	0.000230402
738	-0.000158471
738.5	-0.000219156
739	-4.48804e-05
739.5	-4.66148e-05
740	-4.3008e-05
740.5	-3.48923e-05
741	-2.98198e-05
741.5	-2.76187e-05
742	-2.48708e-05
742.5	-2.24146e-05
743	-2.14114e-05
743.5	-1.90632e-05
744	-1.68628e-05
744.5	-1.5597e-05
745	-1.74476e-05
745.5	-2.06037e-05
746	-1.9716e-05
746.5	-1.63924e-05
747	-1.38614e-05
747.5	-1.16433e-05
748	-1.06225e-05
748.5	-9.72844e-06
749	-9.85839e-06
749.5	-1.06447e-05
750	-1.08136e-05
750.5	-1.04537e-05
751	-9.95414e-06
751.5	-1.0088e-05
752	-1.03934e-05
752.5	-1.07496e-05
753	-1.15345e-05
753.5	-1.25437e-05
754	-1.34143e-05
754.5	-1.43271e-05
755	-1.56125e-05
755.5	-1.81597e-05
756	-2.49543e-05
756.5	-0.000182582
757	-0.000245389
757.5	0.000568295
758	-5.78444e-05
758.5	-0.000275935
759	-5.03872e-05
759.5	-3.11691e-05
760	-3.05727e-05
760.5	-2.86551e-05
761	-2.62326e-05
761.5	-2.35503e-05
762	-2.13809e-05
762.5	-1.99103e-05
763	-1.91401e-05
763.5	-1.84824e-05
764	-1.802e-05
764.5	-1.79719e-05
765	-1.83199e-05
765.5	-1.89862e-05
766	-1.96318e-05
766.5	-2.04388e-05
767	-2.10235e-05
767.5	-2.1556e-05
768	-2.19997e-05
768.5	-2.23069e-05
769	-2.24393e-05
769.5	-2.24861e-05
770	-2.261e-05
770.5	-2.30269e-05
771	-2.43119e-05
771.5	-2.7003e-05
772	-3.45919e-05
772.5	-0.000230684
773	0.000866794
773.5	0.000547696
774	-0.000114318
774.5	-0.000269256
775	-5.18796e-05
775.5	-3.57188e-05
776	-2.89728e-05
776.5	-2.30122e-05
777	-1.96895e-05
777.5	-1.73614e-05
778	-1.60496e-05
778.5	-1.47419e-05
779	-1.3934e-05
779.5	-1.3433e-05
780	-1.37686e-05
780.5	-1.42539e-05
781	-1.48529e-05
781.5	-1.5085e-05
782	-1.53262e-05
782.5	-1.59253e-05
783	-1.6304e-05
783.5	-1.68138e-05
784	-1.7334e-05
784.5	-1.78527e-05
785	-1.84235e-05
785.5	-1.9556e-05
786	-1.98207e-05
786.5	-2.4384e-05
787	-7.72019e-05
787.5	-0.000721165
788	0.000847211
788.5	6.21327e-06
789	-0.000230811
789.5	-6.7693e-05
790	-2.97454e-05
790.5	-2.39399e-05
791	-2.08463e-05
791.5	-1.89382e-05
792	-1.83249e-05
792.5	-1.73665e-05
793	-1.59246e-05
793.5	-1.54408e-05
794	-1.6032e-05
794.5	-1.67898e-05
795	-1.72725e-05
795.5	-1.7574e-05
796	-1.79267e-05
796.5	-1.88041e-05
797	-1.97912e-05
797.5	-2.06547e-05
798	-2.1296e-05
798.5	-2.1857e-05
799	-2.2507e-05
799.5	-2.34853e-05
800	-2.44268e-05
800.5	-2.91044e-05
801	-0.000195021
801.5	-0.00010768
802	0.00060019
802.5	-4.17781e-05
803	-0.000282527
803.5	-6.19046e-05
804	-4.21786e-05
804.5	-3.09922e-05
805	-2.39726e-05
805.5	-2.02076e-05
806	-1.82855e-05
806.5	-1.72029e-05
807	-1.62398e-05
807.5	-1.52252e-05
808	-1.44895e-05
808.5	-1.38828e-05
809	-1.37604e-05
809.5	-1.35102e-05
810	-1.33885e-05
810.5	-1.36562e-05
811	-1.37792e-05
811.5	-1.36436e-05
812	-1.33221e-05
812.5	-1.28545e-05
813	-1.22577e-05
813.5	-1.18403e-05
814	-1.10733e-05
814.5	-9.72659e-06
815	-6.10356e-06
815.5	-6.34754e-06
816	-7.40618e-06
816.5	-8.55088e-06
817	-7.91068e-06
817.5	-7.382e-06
818	-6.95041e-06
818.5	-8.52987e-06
819	-1.02642e-05
819.5	-1.16065e-05
820	-1.23979e-05
820.5	-1.31435e-05
821	-1.40832e-05
821.5	-1.49121e-05
822	-1.60695e-05
822.5	-1.76277e-05
823	-2.01237e-05
823.5	-2.50636e-05
824	-5.39634e-05
824.5	-0.000547821
825	0.000450713
825.5	-1.28573e-06
826	-0.000204619
826.5	-9.86298e-05
827	-2.8606e-05
827.5	-2.55928e-05
828	-2.90931e-05
828.5	-3.00251e-05
829	-2.75155e-05
829.5	-2.3884e-05
830	-2.28044e-05
830.5	-2.2952e-05
831	-2.10954e-05
831.5	-1.91034e-05
832	-1.78386e-05
832.5	-1.72139e-05
833	-1.58692e-05
833.5	-1.44072e-05
834	-1.31722e-05
834.5	-1.25454e-05
835	-1.2209e-05
835.5	-1.17873e-05
836	-1.13951e-05
836.5	-1.10455e-05
837	-1.08261e-05
837.5	-1.0448e-05
838	-1.0092e-05
838.5	-1.00988e-05
839	-1.03232e-05
839.5	-1.08318e-05
840	-1.14136e-05
840.5	-1.2349e-05
841	-1.40675e-05
841.5	-1.66703e-05
842	-1.94966e-05
842.5	-5.98745e-05
843	-0.000621789
843.5	0.000729688
844	6.92086e-05
844.5	-0.000225195
845	-9.89628e-05
845.5	-4.10165e-05
846	-2.84402e-05
846.5	-2.11009e-05
847	-1.66327e-05
847.5	-1.47857e-05
848	-1.40779e-05
848.5	-1.42251e-05
849	-1.47572e-05
849.5	-1.5183e-05
850	-1.57693e-05
850.5	-1.64152e-05
851	-1.6833e-05
851.5	-1.70873e-05
852	-1.69403e-05
852.5	-1.68327e-05
853	-1.66634e-05
853.5	-1.66568e-05
854	-1.68844e-05
854.5	-1.6836e-05
855	-1.70994e-05
855.5	-1.80355e-05
856	-1.90978e-05
856.5	-1.90676e-05
857	-1.65212e-05
857.5	-1.30889e-05
858	-9.31409e-06
858.5	-7.11259e-06
859	-7.42939e-06
859.5	-1.02926e-05
860	-1.17201e-05
860.5	-1.05945e-05
861	-1.21263e-05
861.5	-1.28645e-05
862	-1.41262e-05
862.5	-1.30159e-05
863	-1.28878e-05
863.5	-1.25389e-05
864	-1.1798e-05
864.5	-1.12494e-05
865	-1.1922e-05
865.5	-1.3535e-05
866	-1.43465e-05
866.5	-1.67383e-05
867	-1.74458e-05
867.5	-1.57145e-05
868	-1.37746e-05
868.5	-1.35933e-05
869	-1.35374e-05
869.5	-1.38166e-05
870	-1.45308e-05
870.5	-1.57737e-05
871	-1.77238e-05
871.5	-2.08922e-05
872	-2.88613e-05
872.5	-0.00019337
873	0.000259213
873.5	0.000532082
874	-9.05169e-05
874.5	-0.000265258
875	-4.19899e-05
875.5	-3.01053e-05
876	-3.01979e-05
876.5	-2.98448e-05
877	-2.86868e-05
877.5	-2.73258e-05
878	-2.61963e-05
878.5	-2.48931e-05
879	-2.32705e-05
879.5	-2.16266e-05
880	-1.97085e-05
880.5	-1.85795e-05
881	-1.80642e-05
881.5	-1.75078e-05
882	-1.66461e-05
882.5	-1.74121e-05
883	-1.8654e-05
883.5	-1.9739e-05
884	-2.08126e-05
884.5	-2.17967e-05
885	-2.28195e-05
885.5	-2.42383e-05
886	-2.69361e-05
886.5	-3.82185e-05
887	-0.000308942
887.5	0.000759798
888	0.00038749
888.5	-0.000166149
889	-0.000247657
889.5	-4.38569e-05
890	-3.27414e-05
890.5	-3.19556e-05
891	-2.901e-05
891.5	-2.61771e-05
892	-2.39671e-05
892.5	-2.30019e-05
893	-2.05777e-05
893.5	-1.874e-05
894	-1.66678e-05
894.5	-1.48325e-05
895	-1.35234e-05
895.5	-1.26257e-05
896	-1.23092e-05
896.5	-1.26852e-05
897	-1.31051e-05
897.5	-1.4032e-05
898	-1.54223e-05
898.5	-1.64754e-05
899	-1.72815e-05
899.5	-1.78718e-05
900	-1.82408e-05
900.5	-1.82386e-05
901	-1.8096e-05
901.5	-1.81936e-05
902	-1.8188e-05
902.5	-1.8902e-05
903	-2.03728e-05
903.5	-2.18211e-05
904	-2.20035e-05
904.5	-2.26829e-05
905	-2.5202e-05
905.5	-2.83144e-05
906	-3.30795e-05
906.5	-5.17287e-05
907	-0.000386283
907.5	0.000320558
908	8.36937e-05
908.5	-0.000177404
909	-0.000158658
909.5	-3.80583e-05
910	-3.29247e-05
910.5	-2.87435e-05
911	-2.4407e-05
911.5	-2.13967e-05
912	-1.96639e-05
912.5	-1.86966e-05
913	-1.79698e-05
913.5	-1.81595e-05
914	-1.7828e-05
914.5	-1.7049e-05
915	-1.68877e-05
915.5	-1.71033e-05
916	-1.69162e-05
916.5	-1.64452e-05
917	-1.5839e-05
917.5	-1.52373e-05
918	-1.50005e-05
918.5	-1.50176e-05
919	-1.52254e-05
919.5	-1.5658e-05
920	-1.60895e-05
920.5	-1.57627e-05
921	-1.55866e-05
921.5	-1.55605e-05
922	-1.55076e-05
922.5	-1.51594e-05
923	-1.45828e-05
923.5	-1.40986e-05
924	-1.36432e-05
924.5	-1.37906e-05
925	-1.28633e-05
925.5	-1.32389e-05
926	-1.30532e-05
926.5	-1.37694e-05
927	-1.4466e-05
927.5	-1.48335e-05
928	-1.43751e-05
928.5	-1.34664e-05
929	-1.30761e-05
929.5	-1.45576e-05
930	-1.62361e-05
930.5	-1.79865e-05
931	-2.18885e-05
931.5	-2.86216e-05
932	-5.21547e-05
932.5	-0.000612138
933	0.000435497
933.5	0.000238105
934	-4.23128e-05
934.5	-7.4472e-05
935	-4.44666e-05
935.5	-3.6196e-05
936	-3.05992e-05
936.5	-2.74731e-05
937	-2.64768e-05
937.5	-2.44779e-05
938	-2.30208e-05
938.5	-2.22723e-05
939	-2.13878e-05
939.5	-2.04395e-05
940	-1.97847e-05
940.5	-1.95073e-05
941	-1.94254e-05
941.5	-1.96789e-05
942	-1.90133e-05
942.5	-1.9499e-05
943	-2.00737e-05
943.5	-2.04993e-05
944	-2.18365e-05
944.5	-2.27571e-05
945	-2.15245e-05
945.5	-1.92795e-05
946	-1.82841e-05
946.5	-1.79374e-05
947	-1.77367e-05
947.5	-1.7443e-05
948	-1.69775e-05
948.5	-1.65886e-05
949	-1.65002e-05
949.5	-1.73953e-05
950	-2.00817e-05
950.5	-2.5658e-05
951	-0.000107385
951.5	-0.000659652
952	0.000817996
952.5	-2.22988e-05
953	-0.00024161
953.5	-4.12127e-05
954	-2.20769e-05
954.5	-2.1657e-05
955	-2.25115e-05
955.5	-2.50968e-05
956	-2.90323e-05
956.5	-2.68699e-05
957	-2.41647e-05
957.5	-2.06913e-05
958	-1.92412e-05
958.5	-1.77745e-05
959	-1.67042e-05
959.5	-1.57953e-05
960	-1.46536e-05
960.5	-1.30823e-05
961	-1.27472e-05
961.5	-1.29139e-05
962	-1.32107e-05
962.5	-1.37186e-05
963	-1.3918e-05
963.5	-1.38021e-05
964	-1.36709e-05
964.5	-1.37466e-05
965	-1.41205e-05
965.5	-1.48936e-05
966	-1.59296e-05
966.5	-1.72601e-05
967	-1.94795e-05
967.5	-2.28752e-05
968	-3.32093e-05
968.5	-0.000264008
969	0.000697476
969.5	0.000287311
970	-0.000138642
970.5	-0.000227165
971	-4.58095e-05
971.5	-3.70596e-05
972	-3.44576e-05
972.5	-2.93919e-05
973	-2.41343e-05
973.5	-1.94281e-05
974	-1.68347e-05
974.5	-1.60454e-05
975	-1.61241e-05
975.5	-1.65249e-05
976	-1.62123e-05
976.5	-1.52935e-05
977	-1.25857e-05
977.5	-1.0551e-05
978	-9.68242e-06
978.5	-9.43086e-06
979	-1.0914e-05
979.5	-1.39092e-05
980	-1.40163e-05
980.5	-1.45906e-05
981	-1.3982e-05
981.5	-1.31846e-05
982	-1.20524e-05
982.5	-1.05378e-05
983	-8.0051e-06
983.5	-1.12482e-05
984	-1.30356e-05
984.5	-1.49118e-05
985	-1.49696e-05
985.5	-1.44101e-05
986	-1.3463e-05
986.5	-1.06386e-05
987	-9.25863e-06
987.5	-8.64131e-06
988	-9.2996e-06
988.5	-1.07748e-05
989	-1.18614e-05
989.5	-1.19173e-05
990	-1.18039e-05
990.5	-1.1827e-05
991	-1.19674e-05
991.5	-1.22494e-05
992	-1.24167e-05
992.5	-1.24843e-05
993	-1.26772e-05
993.5	-1.33293e-05
994	-1.40063e-05
994.5	-1.44747e-05
995	-1.47687e-05
995.5	-1.48203e-05
996	-1.2439e-05
996.5	-8.39593e-06
997	-5.95754e-06
997.5	-7.13488e-06
998	-8.42274e-06
998.5	-8.1797e-06
999	-8.76375e-06
999.5	-9.89906e-06
1000	-1.13688e-05
