0.154 351143
0.317 414276
0.622 452545
1.684 474471
1.815 415321
1.839 404845
2.070 506864
2.748 751224
2.840 419301
3.261 372921
3.319 532498
3.783 381300
4.243 508212
4.994 457611
5.171 452326
5.183 426799
5.353 358285
5.367 438812
5.699 688920
5.978 451284
6.005 355903
6.081 418867
6.131 451848
6.152 428557
6.215 474172
6.859 397651
6.869 410137
6.987 501822
7.019 377445
7.865 659418
8.249 512384
8.573 449441
8.831 344745
9.081 531999
9.304 743105
9.536 474172
9.888 534302
10.070 395804
10.303 533748
10.337 384957
10.358 501030
10.809 450941
10.850 468582
10.869 399270
10.975 5874
11.000 5827
11.200 6038
11.242 476408
11.533 363899
11.750 5924
12.000 5771
12.225 5870
12.647 465283
12.778 428442
12.800 5928
12.950 336426
12.965 506917
12.992 353735
13.144 401072
13.250 18387
13.275 336328
13.350 18418
13.350 5770
13.391 535234
13.600 6031
13.825 5947
13.833 467418
13.900 5797
13.925 18308
13.925 6003
14.100 336398
14.111 364314
14.150 18100
14.150 336542
14.450 336124
14.450 336548
14.625 18066
14.625 335798
14.750 336000
14.800 336274
14.934 363694
16.301 699059
17.026 520896
17.127 474037
17.825 18298
17.860 467320
18.050 530427
18.506 707771
19.101 413636
19.912 472179
20.296 346784
20.550 18195
20.714 514777
21.161 477915
21.258 422617
21.566 394203
22.225 214138
22.238 526609
22.300 207638
22.400 216989
22.625 18066
22.625 18387
17.300 900
22.700 18418
22.734 459874
22.775 200468
22.834 374515
23.452 417695
23.570 512821
23.625 338594
23.793 526116
24.025 18100
24.150 208342
24.300 206665
24.375 230315
24.775 216597
24.775 219810
24.828 434680
25.000 233673
25.071 389526
25.075 210702
25.150 236008
25.325 208918
25.525 225742
25.750 205086
25.750 208377
26.025 223970
26.050 234344
26.050 2823
26.175 2802
26.300 222198
26.350 192812
26.425 222715
26.450 214839
26.500 215979
26.525 2757
26.550 2686
26.550 6003
26.575 20652
26.575 222239
26.600 20587
26.600 224371
26.671 520673
26.700 226269
26.725 184387
26.725 20666
26.725 208462
26.750 336541
26.775 20635
26.825 222381
26.850 20651
26.875 2756
26.925 20637
26.925 209622
26.925 224544
26.950 6031
26.975 211883
27.000 218855
27.000 225764
27.075 204421
27.075 225722
27.090 447947
27.100 218901
27.177 461454
27.200 217635
27.225 214768
27.225 2753
27.250 236049
27.275 204378
27.300 223757
27.300 2748
27.325 245101
27.350 207345
27.350 2886
27.375 225217
27.425 214159
27.550 213129
27.575 20716
27.575 2775
27.575 2864
27.625 216587
27.625 5770
27.650 2818
27.658 413636
27.675 5870
27.700 211346
27.700 2794
27.700 2883
27.725 209511
27.725 5947
27.750 20730
27.775 223329
27.875 209651
27.900 241913
27.950 220022
27.975 210233
27.975 230295
27.987 382108
28.000 5797
28.025 214854
28.025 5924
28.050 212528
28.150 213610
28.150 5928
28.175 2797
28.275 206164
28.275 226944
28.300 229779
28.350 2777
28.400 193607
28.400 225003
28.425 207932
28.425 2885
28.425 336244
28.475 195120
28.475 216016
28.525 230870
28.550 230297
28.568 760381
28.625 218822
28.675 212550
28.700 209033
28.758 492214
28.775 5827
28.825 225743
28.875 228089
28.900 207857
29.025 226222
29.050 209516
29.050 221057
29.150 217493
29.225 213689
29.250 229029
29.300 213695
29.300 229196
29.350 222106
29.400 205577
29.500 228606
29.550 213023
29.550 230938
29.575 218352
29.625 213088
29.650 207867
29.675 209075
29.675 335798
29.725 214270
29.736 446107
29.800 211817
29.825 210812
29.825 236810
29.825 336478
29.850 18298
29.850 206657
29.850 219932
29.850 230941
29.900 205519
29.975 336239
30.016 525131
30.025 200750
30.050 217667
30.075 217639
30.075 218782
30.075 227977
30.100 5874
30.150 211336
30.175 224545
30.225 221037
30.225 336240
30.250 219948
30.250 230184
30.275 336187
30.300 336179
30.325 208387
30.325 336328
30.350 233699
30.350 336386
30.375 218731
30.375 219295
30.382 410219
30.450 336426
30.475 207082
30.475 215419
30.475 222256
30.475 224036
30.475 336117
30.500 336148
30.550 216108
30.550 336389
30.575 201895
30.575 210820
30.575 336274
30.575 336277
30.575 336334
30.575 336363
30.625 226867
30.650 211912
30.650 229136
30.650 336124
30.675 209490
30.675 336367
30.700 335914
30.700 336395
30.700 336398
30.714 403443
30.725 211932
30.725 336029
30.750 195352
30.750 228653
30.775 213012
30.775 215370
30.775 232557
30.775 336123
30.800 336548
30.825 212545
30.850 203138
30.875 230881
30.875 336304
30.925 211386
30.925 215954
30.925 336542
30.939 399473
30.950 336000
30.950 336061
30.950 336272
30.950 336425
30.975 218722
30.975 2802
31.000 206767
31.000 2823
31.055 433503
31.075 223307
31.075 228516
31.075 336268
31.100 217136
31.100 222140
31.100 2686
31.100 336329
31.125 211363
31.125 336184
31.125 336387
31.200 213001
31.250 232069
31.275 228487
31.275 229627
31.300 205564
31.300 229178
31.300 2757
31.300 336022
31.312 389320
31.325 221611
31.350 205506
31.350 210828
31.375 210189
31.425 234279
31.425 234916
31.450 208961
31.454 396453
31.475 215351
31.525 2753
31.550 336146
31.575 336002
31.650 213010
31.650 2756
31.675 214138
31.726 473607
31.750 217556
31.825 2748
31.850 210212
31.875 234148
32.300 225724
32.330 478113
32.400 207929
33.526 746169
33.535 520374
33.866 393393
34.059 500728
34.089 442640
34.150 2797
34.682 746470
35.100 336541
35.200 336244
35.211 389980
35.250 336478
35.275 336240
35.400 336179
35.425 336386
35.550 336117
35.625 336398
35.700 336029
35.725 336389
35.800 336239
35.800 336272
35.875 336426
35.925 336425
35.950 336187
36.075 336395
36.099 451801
36.205 476502
36.250 336334
36.275 335914
36.350 336542
36.372 509172
36.525 336022
36.575 336304
36.600 336123
36.649 714377
36.884 404677
37.041 395067
37.050 336000
37.205 422073
38.171 430012
38.227 678112
38.379 461285
40.087 527079
40.494 436543
41.152 533082
41.265 368287
41.723 742838
41.798 533566
42.240 413788
42.470 347138
42.543 506835
42.786 528373
42.842 525391
42.920 472179
42.943 440862
44.138 491576
45.320 448887
45.723 472109
45.816 419301
45.825 5827
46.400 6003
46.444 395045
46.450 338594
46.794 464687
46.994 397021
47.193 541941
47.200 18308
47.250 6038
47.300 6031
47.355 504330
47.525 5947
47.900 5770
47.947 504186
48.109 452460
48.225 5870
48.675 5924
48.800 18468
48.825 5874
48.850 5771
48.878 448937
49.546 493447
49.698 491684
49.901 409603
49.979 719387
50.355 412610
50.635 422271
50.987 747989
51.157 403086
51.557 510927
51.641 443652
51.649 467849
51.704 521127
52.299 356000
52.455 388023
53.070 682611
54.075 510414
54.574 428660
55.720 439696
55.807 433834
56.256 426734
56.944 433503
56.993 438294
57.328 409678
57.333 364314
57.432 663427
57.840 418181
57.967 401582
57.987 706975
58.182 468741
58.801 495461
59.100 665371
59.320 464935
60.114 666008
60.233 457987
60.350 5797
60.452 395067
60.560 454599
60.625 5827
60.675 5928
60.837 727787
61.023 442923
61.025 6003
61.150 18195
61.269 451484
61.383 398353
61.383 446941
61.412 423409
61.575 5870
61.700 5771
61.952 356057
62.500 336000
62.595 441215
63.023 421935
63.028 373422
63.050 5770
63.175 6038
63.200 336268
63.200 336386
63.400 336240
63.454 537039
48.950 900
64.025 336184
64.075 5947
64.100 5924
64.325 12219
64.375 6031
64.625 336328
64.716 522433
65.326 465516
65.375 336148
65.376 616712
65.617 441927
65.776 461376
65.900 338594
66.185 442733
66.323 424750
66.527 447325
66.564 484467
66.846 515846
66.851 433051
67.000 384957
67.089 484368
67.187 404601
67.460 447225
67.755 436828
67.912 414988
68.043 395976
68.464 361283
69.053 391306
69.225 18195
69.788 497750
69.885 496665
70.166 399577
70.875 18298
71.217 423763
71.376 537786
71.402 687501
71.459 462430
71.796 469889
72.010 395107
72.081 409053
72.647 406652
72.975 18468
73.755 394032
73.784 411641
73.843 504820
73.847 541104
74.006 505073
74.407 430924
74.571 466804
74.849 498093
75.225 498923
75.686 668584
75.689 409197
75.775 13275
76.029 495098
76.050 6003
76.125 5870
76.335 479148
76.494 493634
76.666 714154
76.743 745344
76.826 391533
76.828 453218
77.100 5874
77.300 5771
77.438 415286
77.800 6031
77.841 348557
77.950 5928
78.021 484719
78.325 5770
78.350 5924
78.475 18195
78.525 5797
78.540 427087
78.700 336240
79.270 402603
79.556 353297
80.075 5827
80.775 18468
80.812 431417
81.125 18066
81.275 13063
81.825 336328
81.837 483344
82.071 405752
82.286 391512
82.631 501450
82.653 517767
82.684 422003
82.900 18308
83.308 342246
83.698 392403
84.596 487038
84.735 444692
85.258 419885
85.554 413943
85.709 745640
85.799 358294
85.895 465434
86.634 485653
86.698 430116
64.450 900
77.625 900
86.750 422261
86.995 429654
88.025 13140
88.179 429360
88.287 429041
88.538 717850
88.725 646599
88.756 517805
89.066 533666
89.551 438248
89.675 18468
90.029 420076
90.163 385653
90.925 6038
91.725 338594
91.900 6003
92.073 429129
92.350 5770
92.425 5771
92.425 6031
92.499 440692
92.525 5924
92.600 5928
92.625 5874
92.725 5827
93.275 384290
93.325 5797
93.494 507902
94.082 669039
94.100 336022
94.175 5947
94.275 232557
95.011 455202
95.425 336146
95.588 429457
95.725 5870
95.773 416226
96.033 450294
96.739 370769
98.158 450543
98.920 504508
99.306 345639
99.335 436543
99.354 455993
99.672 403488
99.722 521837
100.300 18387
100.301 454950
100.330 419637
100.379 418270
100.590 400406
100.729 472037
100.942 435127
100.972 507941
101.678 448855
102.429 539083
103.340 473954
103.800 464687
103.873 666767
104.368 697381
104.376 428557
105.255 508474
105.340 398738
105.428 491696
105.762 401106
105.800 6038
106.325 464134
106.574 435910
106.575 5924
106.725 752233
107.025 338594
107.050 5770
107.150 5874
107.200 5797
107.200 5947
107.300 720366
107.350 5827
107.384 435910
107.561 494586
107.675 5771
107.675 5928
107.875 225003
108.232 464055
108.250 335798
108.275 229029
108.322 445270
108.500 205577
108.575 336426
108.681 398445
108.913 518230
109.025 336124
109.508 469006
109.600 398463
109.945 675729
110.050 5870
110.642 428952
110.842 358129
111.491 680386
111.550 223970
111.774 640644
111.796 371579
112.150 398209
93.625 900
111.575 900
112.225 195352
112.396 533666
112.427 396547
112.475 201895
112.488 427730
112.500 538619
113.250 195120
113.625 18387
113.875 2753
114.050 245101
114.100 236810
114.175 2757
114.266 460916
114.307 427643
114.592 427282
114.717 494922
114.975 230295
115.165 491392
115.311 412191
115.525 18468
115.618 429046
116.125 216597
116.386 402395
117.000 234148
117.363 427387
117.400 215419
117.614 518878
117.675 216108
117.725 354797
117.750 200750
117.763 344233
117.768 689447
117.943 452499
117.958 410741
118.150 210702
118.200 228653
118.500 205086
118.575 218352
118.625 211883
118.725 20637
118.825 209651
118.850 2802
118.875 214768
118.925 206164
118.975 2756
119.175 222381
119.275 212550
119.275 224036
119.300 213689
119.350 210233
119.400 20587
119.400 2823
119.500 207929
119.525 229196
119.625 193607
119.675 234279
119.700 212545
119.800 2818
119.825 213001
119.875 20651
119.875 208377
119.900 214839
120.000 218901
120.025 2883
120.050 211932
120.075 20652
120.075 209033
120.100 213088
120.125 184387
120.150 2748
120.150 6003
120.167 470620
120.200 216989
120.200 217635
120.200 5870
120.225 20635
120.350 195352
120.350 2794
120.375 204421
120.450 20666
120.450 5797
120.475 221057
120.525 2686
120.545 738734
120.550 2777
120.600 210828
120.700 225724
120.700 6031
120.725 230297
120.750 200468
120.875 229627
120.900 20716
120.900 213023
121.000 214159
121.000 221611
121.025 203138
121.030 413491
121.075 207857
121.075 207932
121.075 220022
121.175 226867
121.175 335798
121.250 206767
121.250 217556
121.250 2864
121.275 236008
121.275 2757
121.300 211363
121.329 415286
121.375 228487
121.450 209622
121.450 222256
121.475 20730
121.475 218731
121.500 211346
121.524 421800
121.525 208462
121.525 217493
121.525 2775
121.575 215351
121.575 2797
121.650 214854
121.650 226944
121.677 477763
121.724 657840
121.725 208387
121.750 205519
121.775 214270
121.800 211912
121.825 221037
121.875 236049
121.925 228089
121.925 2753
122.000 210212
122.000 216587
122.025 211336
122.025 225743
122.075 234344
122.100 225742
122.125 213610
122.150 209516
122.175 229779
122.200 2886
122.225 216016
122.350 192812
122.400 209075
122.410 377445
122.425 210812
122.425 213695
122.450 222198
122.500 230315
122.500 5771
122.575 205564
122.625 6038
122.650 218855
122.700 215954
122.725 207345
122.725 213129
122.725 336124
122.735 416117
122.750 208918
122.750 215979
122.841 541089
122.850 213012
122.850 233699
122.850 336061
122.900 225217
122.925 195120
122.925 223329
122.975 224545
123.012 688920
123.025 208961
123.050 215370
123.050 223757
123.057 482413
123.083 439024
123.100 219932
123.125 227977
123.125 336000
123.131 383075
123.150 2885
123.187 719168
123.200 218822
123.244 529341
123.275 336304
123.350 336184
123.375 207638
123.400 230870
123.400 5874
123.425 205577
123.475 210820
123.500 230941
123.525 336277
123.575 210189
123.575 213010
123.575 222715
123.575 226222
123.600 225003
123.600 336117
123.625 212528
123.625 229136
123.650 214138
123.675 336240
123.750 223970
123.775 211386
123.800 207867
123.800 226269
123.800 236810
123.820 393656
123.825 208342
123.825 336425
123.850 2756
123.875 209511
123.900 217667
123.925 225722
123.950 230938
123.965 388729
123.975 2802
124.000 219810
124.000 336334
124.050 217136
124.050 2823
124.050 336398
124.075 336395
124.100 336179
124.125 218782
124.125 232069
124.125 336329
124.250 204378
124.300 219948
124.350 13240
124.350 336328
124.375 206665
124.400 228606
124.475 222239
124.475 241913
124.475 336244
124.475 336272
124.525 211817
124.550 206657
124.600 336148
124.675 207082
124.675 336146
124.725 336268
124.775 336029
124.800 2818
124.950 205506
124.950 336239
124.950 336367
125.000 336363
125.075 217639
125.075 225764
125.100 2748
125.125 230184
125.150 2883
125.150 336387
125.200 233673
125.250 336389
125.350 232557
125.350 336386
125.375 224544
125.375 229029
125.378 442640
125.400 2794
125.425 230881
125.450 336002
125.500 336542
125.625 209490
125.625 222140
125.625 2686
125.675 336022
125.700 224371
125.750 223307
125.800 218722
125.800 336478
125.825 2777
125.825 2864
125.825 336426
125.853 514178
125.900 219295
125.900 335914
126.000 336123
126.175 245101
126.275 229178
126.300 222106
126.300 335798
126.350 234916
126.400 336187
126.524 426769
126.545 409932
126.575 228516
126.575 2775
126.576 509500
126.657 459335
126.750 2886
126.933 538013
127.049 455748
127.225 336274
127.454 348562
127.725 336548
127.845 472298
127.948 401466
128.025 2885
128.322 444725
128.875 336541
128.879 424289
129.077 389829
129.125 336425
129.200 336304
129.225 336328
129.325 336240
129.483 504346
129.671 390020
129.693 381635
129.800 336117
129.827 491084
130.100 336387
130.325 336386
130.550 336478
130.625 336268
130.725 336542
130.900 336389
130.912 344745
131.048 517372
131.250 336329
131.550 377998
132.155 478353
132.266 657840
132.530 531212
132.728 413788
132.910 683996
133.487 737192
133.501 471384
133.719 502734
134.184 492829
135.141 399949
135.343 405648
136.102 533849
136.129 444453
136.204 459707
136.310 409678
136.330 446528
136.727 445270
136.875 5797
137.146 454094
137.175 5928
137.450 5827
138.212 445685
138.269 437440
138.293 371579
138.350 5771
138.350 6003
138.750 5924
139.387 535202
139.542 518784
139.638 403426
139.925 5874
140.014 467114
140.409 398329
140.700 5770
140.717 690089
140.984 453214
141.325 12508
141.530 684841
141.666 402634
141.809 398458
141.875 6031
141.958 467114
142.185 396649
142.388 526962
142.456 472447
142.725 5947
142.844 466792
142.850 5870
143.282 474925
143.489 386155
143.492 502133
144.133 487025
144.572 418325
144.817 361540
145.035 664897
145.236 466189
145.326 420995
145.463 422494
146.204 467786
146.371 509319
146.404 412746
147.204 419507
148.239 418402
148.311 529319
148.382 414232
148.893 361163
149.259 396215
149.375 12788
149.493 495444
149.602 438845
149.920 419087
150.322 457330
150.692 505075
150.871 689371
151.266 405626
151.631 418270
152.025 336179
152.144 533748
152.225 6038
152.875 5771
153.050 336148
153.050 336541
139.250 900
153.225 900
153.405 400046
153.850 5870
154.300 5770
154.325 780944
154.382 431188
154.400 338594
154.498 421678
154.675 336187
154.686 442141
155.575 13033
155.800 5874
155.857 487801
156.000 6031
156.025 336002
156.225 336328
156.475 5797
156.650 336000
156.825 336240
156.843 539168
157.050 336478
157.668 401072
158.315 495287
158.478 708137
158.500 5928
159.125 13069
159.274 510208
159.343 344316
159.539 414134
160.308 391911
160.432 431049
160.616 430834
160.838 387645
161.227 422137
161.256 361540
161.820 477032
162.469 354280
162.650 18195
162.650 388191
162.780 339424
163.057 663936
163.143 427643
163.303 454898
163.770 516819
163.830 404815
163.935 423547
164.390 674422
164.406 378778
164.710 484368
164.906 674847
164.925 5827
165.489 668584
165.592 676189
166.049 471396
166.264 429960
166.319 464619
166.742 395181
166.749 481745
166.875 5770
166.898 384150
167.137 668234
167.171 418767
167.172 349526
167.600 5928
167.656 453746
167.675 5771
167.975 12508
168.100 336363
168.181 504577
168.250 336148
168.325 336002
168.550 6038
168.700 5870
168.701 342287
168.821 431909
168.854 527617
169.117 443814
169.300 5947
169.400 6003
169.425 5797
169.463 399258
169.475 336123
169.475 336272
169.475 6031
169.900 5924
169.953 403443
170.025 336398
170.063 542576
170.405 488466
170.713 528782
171.228 393772
171.434 532288
171.560 694179
171.566 681248
171.844 429365
171.925 336328
172.200 336541
172.200 424317
172.345 480669
172.375 336478
173.098 456695
173.402 389829
173.665 453276
173.450 900
173.946 754155
174.455 392860
174.775 336389
174.860 463210
175.198 482766
175.209 417161
175.351 388629
175.657 696809
175.734 541279
175.764 410489
175.918 536837
175.950 18418
175.982 455440
176.520 394788
176.988 459641
177.261 534815
177.515 451946
177.667 512326
177.739 447325
177.818 344984
178.201 506796
178.539 444023
178.559 362253
178.670 362024
178.857 421350
180.015 339882
180.166 618268
180.406 418074
180.848 419087
181.175 5827
181.425 5797
181.481 459363
181.483 730811
181.515 357559
181.677 384150
181.741 346374
182.075 6003
182.141 477412
182.149 402576
182.150 6031
182.175 6038
182.650 338594
182.682 467090
182.850 5874
182.850 5928
182.886 695357
183.927 687100
184.258 454524
184.400 5771
184.400 5947
184.449 752946
184.666 360329
184.734 444950
184.825 335798
184.825 336334
184.950 336272
185.173 673558
185.262 539695
185.325 5924
185.575 336061
185.600 12830
185.700 336328
185.875 336239
186.038 485421
186.214 390658
186.400 359182
186.621 703638
186.779 340293
186.991 539389
187.004 455150
187.560 484719
188.117 523266
188.158 358124
188.352 524645
188.472 434542
189.456 460661
189.510 511141
189.670 541279
189.721 463206
189.960 395123
190.200 230941
190.760 428049
190.767 524943
190.962 461376
191.427 487537
191.588 468008
192.000 12682
192.233 343840
192.461 410727
192.849 391801
193.193 401554
193.384 465711
193.566 355949
194.066 395581
194.443 421631
194.658 419681
194.720 517048
194.785 481365
195.363 509497
195.518 511461
195.522 502985
196.298 395214
184.775 900
196.405 346141
196.569 466527
196.570 443129
196.800 5928
197.149 503873
197.150 5870
197.225 5827
197.265 413699
197.338 350977
197.475 6031
197.690 514028
197.775 5797
198.400 5770
198.635 456215
198.670 738958
198.813 738727
198.950 5947
198.975 5924
199.330 360533
199.375 5771
199.400 6038
199.422 412878
199.573 466228
199.617 543211
199.867 435251
200.075 6003
200.200 500728
200.225 336268
200.425 5874
200.725 336329
200.773 414035
201.172 459992
201.941 398349
202.085 459369
202.123 412715
202.228 474430
202.892 411678
204.224 424317
204.264 448855
204.446 698702
204.766 445252
205.583 687273
205.808 357277
205.849 526828
206.162 417745
206.625 214270
207.270 415559
207.531 667323
207.917 738514
208.125 18468
208.514 464567
208.738 537337
208.807 421474
209.247 445934
209.260 362981
209.267 354054
209.356 717731
209.530 456926
210.408 701385
210.461 409019
210.544 692351
210.810 445679
211.025 5924
211.105 431252
211.160 716667
211.318 379062
211.375 336179
211.650 338594
211.700 5928
212.205 542458
212.375 5771
212.425 230315
212.575 6031
212.606 449620
213.017 445250
213.300 5827
213.400 5797
213.450 6038
213.500 5870
213.615 514717
213.675 336398
214.275 336389
214.375 6003
214.498 391653
214.700 5947
215.200 336148
215.504 350659
215.579 432463
215.704 534133
215.783 726457
215.938 424692
216.166 740878
216.458 398970
216.556 671230
216.930 475217
217.157 537337
217.226 432723
217.709 501554
218.262 341874
218.372 470664
218.877 465339
219.009 442319
197.100 900
211.175 900
219.067 344312
219.621 730781
219.625 212528
219.630 534026
219.742 348377
219.765 341366
219.975 210820
220.171 723643
220.229 497750
221.532 469124
221.582 382915
222.175 489015
222.220 444767
222.325 234279
222.856 409824
223.133 366432
223.900 5770
224.056 411001
224.156 411784
224.480 684368
224.877 742406
225.025 214839
225.325 218901
225.434 537068
225.600 5870
225.650 223970
225.975 195352
226.100 6031
226.195 418076
226.550 5797
226.800 6038
226.848 736630
226.875 336029
226.900 230941
227.025 5874
227.048 398124
227.160 355761
227.401 678112
227.525 5827
227.575 2823
227.575 5924
227.577 451415
227.925 6003
228.000 216597
228.050 214854
228.200 5928
228.225 215419
228.225 218352
228.275 216587
228.300 338594
228.350 236810
228.400 336389
228.438 414232
228.600 2802
228.625 5947
228.700 336002
229.000 211363
229.100 209075
229.200 2757
229.325 336274
229.544 419234
229.700 210812
229.772 424471
229.775 218731
229.875 218855
229.925 229196
229.975 336541
230.150 336367
230.300 200468
230.350 209651
230.375 2777
230.500 2864
230.600 217136
230.604 388833
230.675 211912
230.700 2756
230.775 225743
230.825 220022
230.850 213689
230.958 712605
230.975 206164
230.975 20637
231.000 226944
231.075 210828
231.125 215979
231.200 2886
231.228 375752
231.258 668221
231.275 205564
231.275 216108
231.275 2797
231.350 214270
231.428 507106
231.475 222381
231.500 224036
231.525 222256
231.550 208342
231.650 211336
231.710 394399
231.750 225722
231.750 336398
231.979 454722
227.275 900
232.050 212545
232.150 225217
232.150 336395
232.200 210233
232.225 213088
232.248 535967
232.325 2885
232.375 229178
232.425 211932
232.475 215351
232.475 225764
232.525 230315
232.550 2775
232.675 230870
232.700 230938
232.800 193607
233.025 210189
233.050 211883
233.100 2823
233.125 216016
233.150 228653
233.175 236008
233.200 207932
233.225 336123
233.225 336548
233.250 218822
233.275 212550
233.307 471041
233.350 210702
233.375 230295
233.500 207345
233.500 229779
233.500 234916
233.500 336363
233.550 211346
233.550 211386
233.600 2802
233.600 336334
233.710 705077
233.725 204421
233.725 215370
233.725 217639
233.750 209622
233.776 474684
233.788 453660
233.800 226867
233.825 205577
233.825 208961
233.973 466618
234.000 2757
234.025 217667
234.025 336184
234.050 336426
234.100 211817
234.100 336425
234.125 212528
234.225 2686
234.250 210820
234.250 228089
234.275 206767
234.275 222239
234.325 213695
234.425 209033
234.450 2818
234.525 208462
234.525 2883
234.529 526538
234.575 2748
234.650 214138
234.675 209490
234.675 221057
234.700 2753
234.725 229136
234.800 336124
234.825 206657
234.825 233699
234.881 454983
234.900 234344
234.950 215954
234.975 226222
234.975 232069
235.000 221037
235.000 225742
235.025 208387
235.100 335798
235.125 207857
235.150 228606
235.175 195120
235.175 241913
235.225 210212
235.300 207929
235.300 236049
235.300 2756
235.325 213001
235.397 376922
235.450 219932
235.525 222198
235.550 213129
235.575 214768
235.625 336061
235.650 219948
235.675 225724
235.725 213010
235.750 227977
235.800 218722
235.825 213610
235.825 218782
235.850 224545
235.884 534133
235.900 2777
235.975 209516
236.050 2864
236.075 225003
236.100 205086
236.100 205519
236.100 230297
236.125 216989
236.125 234148
236.200 217635
236.225 2886
236.275 214159
236.325 336304
236.414 421345
236.550 213012
236.550 223329
236.550 226269
236.575 234279
236.575 489669
236.675 221611
236.825 232557
236.850 204378
237.175 230184
237.225 213023
237.275 336002
237.291 533634
237.300 209511
237.300 336244
237.325 217493
237.350 336240
237.400 192812
237.400 2775
237.425 389449
237.445 393001
237.450 228487
237.475 208918
237.503 352074
237.525 2797
237.525 2885
237.550 233673
237.575 336272
237.625 219295
237.675 245101
237.700 421241
237.725 2794
237.775 184387
237.877 506806
237.895 454686
237.925 336000
237.925 336542
238.050 223307
238.175 222715
238.300 336187
238.375 200750
238.375 229029
238.431 699199
238.450 335914
238.525 229627
238.525 336239
238.625 336478
238.650 336268
238.700 336328
238.725 336329
238.750 336389
238.775 336148
238.800 205506
238.802 484719
238.925 228516
238.925 336029
238.950 230881
238.950 336386
238.975 336179
238.975 336395
239.100 336541
239.150 336334
239.200 336387
239.225 218731
239.250 2686
239.250 2883
239.300 223757
239.325 206665
239.325 2818
239.350 208377
239.425 336363
239.575 207867
239.575 336367
239.659 474037
239.800 335798
239.800 336123
239.850 217556
239.875 336146
239.909 403893
239.925 222140
240.025 336117
240.025 336426
240.041 536837
240.050 224371
240.075 336184
240.200 219810
240.225 222106
240.250 208342
240.250 336061
240.769 397651
240.829 683166
240.845 397129
241.075 2748
241.266 373355
241.325 207082
241.428 408212
241.525 2753
241.875 207638
242.275 336022
242.350 336240
242.375 203138
242.625 336272
242.725 2794
242.875 201895
243.193 435910
243.325 336542
243.600 336328
243.675 336478
243.800 336002
243.891 364104
243.900 336389
243.910 415844
244.000 336029
244.050 336000
244.137 422682
244.375 336148
244.375 336387
244.400 335914
244.475 336386
244.602 404123
244.675 336146
244.725 336329
244.750 336179
245.100 336268
245.455 340789
245.490 391621
245.530 443641
245.977 424800
245.978 476852
246.348 393393
246.358 371572
246.588 433923
247.308 393062
247.421 513147
247.625 6038
248.300 5827
248.476 493228
248.691 491113
249.179 413067
249.611 529228
249.635 450240
250.438 401445
250.461 417720
250.725 6031
250.833 478705
251.050 6003
251.145 474471
251.300 5874
251.483 369937
251.550 338594
251.674 479863
252.004 412196
252.462 455344
252.691 396714
252.805 448837
252.825 366703
253.043 457232
253.324 542576
253.450 5797
253.875 5770
253.881 349253
253.928 463900
254.007 543084
254.075 5771
254.178 500653
254.600 5924
254.614 479422
254.800 5947
254.962 445685
254.993 539386
255.149 423890
255.685 462805
255.783 408983
255.864 767197
255.908 738958
256.700 5870
256.706 746392
257.178 493625
257.237 419039
258.086 449203
258.326 411984
258.461 363619
258.616 415283
258.631 383684
252.975 900
258.683 676386
258.815 413505
258.901 411181
258.942 500852
259.009 508587
259.878 438145
260.003 410970
260.380 474430
260.411 353614
260.581 745344
260.688 403938
260.725 336187
260.874 502437
261.009 489872
261.374 503573
261.458 407217
261.700 6038
261.967 340054
262.134 339920
262.172 355985
262.271 373071
263.328 367076
263.369 378897
263.399 397592
263.475 490609
263.571 404331
263.623 462139
263.863 770095
264.430 434862
264.526 416480
264.575 5928
264.657 463062
264.764 355903
265.091 475489
265.214 542094
265.455 533595
265.756 422617
266.200 5874
266.475 336123
266.550 5771
266.650 6003
266.812 410790
267.125 5797
267.275 12997
267.584 485989
267.587 753774
268.185 398501
268.375 5924
268.786 490616
268.825 336268
269.152 497491
270.125 336387
270.385 486258
270.400 336386
270.603 384332
270.878 342287
270.900 5947
271.717 478583
272.179 673013
273.025 5870
273.156 407883
274.705 422200
275.119 444493
276.417 689303
276.590 398888
276.917 504812
277.121 405827
277.945 694114
277.952 424750
278.193 404327
278.625 452326
278.681 448582
278.750 6031
278.764 407883
279.083 375335
279.847 440186
280.242 514920
280.275 13070
280.299 346664
280.511 514655
280.625 6038
281.050 336363
281.120 500158
281.125 338594
281.525 5924
281.700 5771
281.925 5827
282.091 404327
282.148 484607
282.375 385253
282.932 504125
283.125 5770
283.381 521803
283.589 516442
284.036 441378
284.127 368287
284.428 487922
285.383 389723
285.694 384193
285.867 463723
285.933 542440
286.057 416226
265.925 900
286.723 361840
286.850 5947
287.013 463911
287.993 435624
288.116 366552
288.515 424692
288.596 473920
288.696 450602
289.559 366190
290.127 402634
290.175 373999
290.189 424125
290.644 706198
290.828 441101
291.950 5928
292.075 5827
292.590 527451
292.675 540437
292.870 601739
292.875 6003
292.989 707028
293.669 338970
293.750 6038
293.775 454488
294.025 336426
294.500 5797
294.703 421727
294.773 541683
294.800 6031
294.980 425794
295.425 5874
295.475 5771
295.538 672053
295.700 18195
295.725 338594
296.069 467153
296.359 669176
296.464 483693
296.470 519287
297.175 5870
297.528 471384
297.548 477104
297.575 5924
297.675 12646
297.698 664857
297.899 532498
298.886 360404
299.130 406113
299.286 435367
299.334 448746
299.356 537350
299.404 462597
299.675 5947
299.679 518554
299.752 455034
299.883 360329
300.749 482352
300.751 533550
301.119 527569
301.292 339846
301.650 13205
302.478 462667
302.625 18298
303.249 420118
303.256 427198
303.590 539374
303.645 520444
304.305 363386
304.506 669676
304.704 418201
304.719 466927
304.915 390150
305.174 537313
305.511 531612
306.141 436001
306.475 5827
306.817 458240
307.007 540075
307.427 451724
307.635 347106
307.995 520879
308.261 531818
308.415 538776
308.477 429242
308.552 458609
308.577 399949
308.632 451409
308.775 5771
309.271 706975
309.275 6038
309.277 465530
309.300 5874
309.300 6003
309.400 5770
309.400 6031
309.427 539298
309.600 5797
309.627 391138
309.750 415498
309.910 440890
309.980 404292
310.045 454826
287.725 900
310.217 475321
310.267 445246
310.350 336389
310.750 336304
310.900 336548
311.000 336148
311.000 5924
311.400 338594
311.450 232557
311.586 384150
311.650 336395
311.719 515033
311.933 435011
312.025 5928
312.277 434467
312.450 5947
312.665 477214
312.766 379397
313.014 692351
313.277 385653
313.500 5870
313.539 460376
313.684 490862
313.696 362024
313.814 389449
314.073 517372
314.541 472179
314.542 665371
314.551 421119
315.092 503585
315.250 373730
316.374 413406
317.035 358032
317.113 535581
317.372 421795
317.551 489903
317.580 387763
318.745 746392
318.784 464908
318.846 496737
319.621 445857
319.661 428501
319.749 409145
319.925 721784
320.118 458802
320.175 5827
320.581 471020
320.821 543084
321.147 449216
321.303 496737
321.675 6038
321.789 508086
322.358 447287
322.376 470895
322.413 601739
322.737 723300
322.781 538668
323.025 5771
323.175 5797
323.180 432088
323.564 442724
323.575 5770
323.850 5924
324.042 466221
324.325 5874
324.675 5870
324.875 6031
325.272 504075
325.326 687841
325.375 5928
325.475 5947
325.600 6003
325.942 512464
326.147 415446
326.218 376868
326.259 534847
326.400 335798
326.500 336244
326.940 440930
328.070 535269
328.303 683280
328.366 373422
328.546 424441
328.786 482629
328.884 510881
329.117 402222
330.213 477032
330.693 476182
330.752 658612
331.126 539448
331.399 447092
331.581 522458
332.153 433503
333.699 352990
333.884 398970
333.900 477200
333.915 450794
334.058 674363
334.350 12828
334.771 404902
334.854 486952
335.226 621186
311.025 900
323.500 900
335.242 503698
335.509 347207
335.744 414248
335.773 723166
335.845 493086
336.118 475009
336.225 6038
336.490 388878
336.739 512923
337.355 506015
337.425 5924
337.444 481988
337.455 462667
337.475 5870
337.600 336426
337.829 444767
337.875 5771
338.050 5928
338.175 5827
338.223 469654
338.250 5874
338.338 422137
338.665 393450
338.825 13108
338.880 479596
338.900 5770
339.287 429046
339.450 6031
339.463 449217
339.991 449334
340.250 6003
340.625 5947
340.898 408544
341.572 621186
341.666 444874
342.085 463770
342.443 504812
342.475 400226
342.588 537313
342.682 424289
342.754 482824
343.128 442873
343.677 727787
343.865 475964
344.033 437430
344.312 463175
344.522 496930
344.875 206767
345.148 530812
345.724 383678
346.060 339920
347.160 718399
347.215 398655
347.465 425196
347.806 451313
347.998 518554
348.016 411115
349.375 13205
349.531 502123
349.954 401518
349.985 494048
350.335 383464
350.587 738285
350.650 6038
350.717 467114
350.850 225722
350.940 669176
350.975 216587
351.010 689447
351.075 338594
351.373 514352
351.442 445690
351.450 5827
351.585 351143
351.625 5797
351.675 216597
351.800 5947
351.975 5924
352.125 5928
352.275 216108
352.275 6003
352.400 5870
352.416 481347
352.725 336387
352.750 336542
352.825 2823
352.900 5771
352.914 473918
353.200 391801
353.200 6031
353.411 729532
353.800 5770
353.861 646599
353.939 446088
353.961 349416
354.025 336398
354.050 230315
354.225 2757
354.225 2802
354.275 226944
354.475 209651
354.521 420732
339.000 900
354.375 900
354.697 487922
354.875 226867
355.225 210233
355.250 214839
355.500 336389
355.625 5874
355.739 378354
355.775 233699
355.850 209075
355.939 510405
356.175 195352
356.250 2756
356.272 476969
356.286 409014
356.294 422020
356.325 184387
356.325 215419
356.375 218352
356.475 193607
356.650 20637
356.675 216016
357.048 451484
357.051 525646
357.110 418402
357.150 214854
357.250 207932
357.250 236810
357.269 536746
357.386 460361
357.450 215979
357.525 206767
357.525 211336
357.575 206164
357.575 212545
357.610 521715
357.625 211363
357.652 458240
357.725 211883
357.725 218901
357.790 425322
357.808 691849
357.900 228089
358.110 436581
358.200 214138
358.225 2777
358.282 340787
358.350 207345
358.475 210828
358.514 409661
358.525 200468
358.600 2775
358.675 210212
358.716 535606
358.725 205086
358.725 2883
358.825 204421
358.825 225217
358.925 211386
358.975 213129
359.000 2753
359.175 218855
359.225 2823
359.299 727831
359.300 211912
359.300 222381
359.300 2802
359.400 2757
359.475 213695
359.550 230941
359.600 213689
359.675 211932
359.675 2886
359.700 205519
359.701 444863
359.750 213023
359.775 2864
359.825 205564
359.975 2686
360.050 217639
360.068 407376
360.075 205577
360.100 215954
360.125 210812
360.125 213088
360.125 215370
360.150 212550
360.150 214768
360.150 229779
360.195 369485
360.200 204378
360.200 207929
360.200 336277
360.250 2885
360.300 208387
360.300 336426
360.325 230938
360.375 220022
360.387 721624
360.400 217136
360.475 212528
360.525 222256
360.625 222239
360.625 2797
360.656 465711
360.675 195120
360.675 214159
360.675 214270
360.700 209033
360.700 209622
360.725 211817
360.750 225722
360.775 217635
360.775 336184
360.825 211346
360.825 215351
360.900 209511
360.950 213610
360.960 510881
361.050 224036
361.075 217667
361.150 336061
361.200 336334
361.300 210189
361.350 218822
361.375 209516
361.475 223970
361.500 192812
361.500 208342
361.500 210702
361.500 2818
361.525 225003
361.575 213012
361.575 223329
361.575 336425
361.594 428452
361.600 225764
361.625 225742
361.675 229178
361.700 228653
361.725 336395
361.800 2756
361.800 336000
361.850 213001
361.875 207867
361.900 225743
361.950 232069
362.125 208377
362.125 210820
362.150 230295
362.300 229196
362.350 219948
362.350 229136
362.355 450963
362.425 2794
362.425 335798
362.525 228606
362.550 206657
362.650 226269
362.650 336029
362.700 230870
362.775 208961
362.875 336002
362.925 221037
362.950 221057
362.975 213010
363.125 219295
363.175 336304
363.225 230881
363.250 2777
363.275 226222
363.291 445846
363.293 531999
363.375 336240
363.425 336123
363.425 336367
363.455 664104
363.500 336187
363.550 224544
363.575 207857
363.575 218782
363.575 2753
363.575 336548
363.625 219932
363.650 2775
363.650 336363
363.675 20730
363.675 336244
363.725 225724
363.775 336179
363.825 206665
363.825 236049
363.850 335914
363.850 336124
363.874 352775
363.875 230315
363.925 336272
364.125 336274
364.200 227977
364.300 205506
364.350 2823
364.400 2864
364.450 336398
364.525 230297
364.575 222198
364.610 424466
364.625 217556
364.700 2686
364.700 2886
364.741 465453
364.750 336239
364.775 18066
364.775 236008
364.776 412933
364.875 224545
364.875 336148
364.900 234279
364.900 241913
365.000 336542
365.100 208918
365.150 218722
365.175 234344
365.225 336329
365.275 336389
365.300 216989
365.375 2883
365.425 228516
365.425 336268
365.475 223307
365.475 233673
365.561 415017
365.575 2797
365.575 336061
365.625 2748
365.700 218731
365.700 336117
365.750 2885
365.750 336541
365.800 229029
365.825 209490
365.848 459040
365.875 336328
365.918 414011
365.975 221611
366.050 336146
366.050 336426
366.075 222715
366.150 229627
366.175 203138
366.200 2818
366.275 232557
366.325 228487
366.350 336184
366.475 336425
366.525 336387
366.575 336334
366.625 336395
366.650 336000
366.900 336386
367.175 234916
367.200 222106
367.375 2794
367.425 222140
367.525 201895
367.575 217493
367.615 754155
367.650 224371
367.650 233699
367.800 207638
367.850 219810
367.850 336478
367.925 207082
368.025 336022
368.188 446107
368.200 336029
368.375 245101
368.485 456982
368.575 336002
368.802 461284
368.925 200750
368.925 230184
369.075 234148
369.709 494232
369.875 336363
369.950 336148
370.045 355046
370.050 336240
370.075 336542
370.150 223757
370.224 420995
370.400 336272
370.450 336179
370.700 2883
370.875 2748
370.915 533941
370.992 462375
371.000 336329
371.066 541364
371.375 336389
371.518 467786
371.777 436657
371.798 460372
371.817 628796
372.325 336239
372.335 396025
372.718 748865
372.999 437473
373.375 336387
373.878 418090
374.355 428528
374.489 432887
374.825 336478
375.284 419887
375.300 336386
375.464 435367
376.100 5827
376.323 432448
376.721 488599
377.629 679282
377.691 427492
377.741 707771
377.889 481585
378.350 5874
378.483 373071
378.625 18468
378.900 521532
379.233 390867
379.550 338594
379.603 525609
380.425 5928
380.926 451415
381.172 518878
381.425 5870
381.562 515811
381.822 757064
382.000 5947
382.326 531134
382.624 394203
382.765 404710
382.775 396453
382.909 392803
383.178 535408
383.392 359201
383.579 432371
383.790 542057
383.939 457611
384.612 538698
384.708 414035
384.893 483887
384.924 380632
385.375 13273
385.603 390658
386.048 669410
386.250 12787
386.562 467849
386.752 490524
387.052 539300
387.586 419087
388.265 402196
388.275 336277
388.620 389872
389.001 462642
389.860 463062
390.175 5797
390.225 6038
390.300 5771
390.475 5770
390.754 387645
390.755 672923
390.875 6031
391.946 493625
391.964 340789
392.100 403490
392.850 6003
392.950 5924
393.001 518209
393.061 517981
393.500 5928
393.822 535629
394.025 12542
394.859 482413
394.900 338594
394.946 350780
394.987 342401
395.760 668221
395.775 336274
396.248 540730
396.443 501160
396.521 438093
396.575 385001
396.577 414947
396.625 5874
396.734 511385
397.210 414276
397.342 458720
398.088 462975
398.843 395123
398.869 487761
398.981 724724
399.003 440966
399.310 484044
399.396 401607
399.651 428557
400.028 467687
400.729 446904
401.146 392062
401.269 395045
401.388 437872
401.910 461767
382.075 900
402.213 409954
402.350 5827
402.884 632236
402.971 408517
402.989 435910
403.108 398644
403.149 533941
403.465 418550
403.517 422020
403.610 493728
403.945 389449
404.027 349768
404.350 6031
404.537 500303
404.600 5770
404.678 418565
404.696 488362
404.725 6038
404.811 417598
405.103 514478
405.108 391722
405.159 421800
405.736 440692
405.781 445128
405.805 469124
405.807 395273
406.273 420076
406.382 458328
406.575 5797
406.759 428195
406.775 336148
406.906 468008
407.025 336123
407.325 336541
407.525 5947
407.575 12788
408.143 418655
408.162 390020
408.700 336002
408.943 370819
409.225 5771
409.660 518127
409.751 362432
410.050 18298
410.125 6003
410.250 5924
410.308 470392
410.414 361010
410.465 486265
411.007 388469
411.109 680313
411.300 457733
411.579 366688
413.308 366432
413.572 417439
413.762 485653
413.850 455358
414.288 537347
414.298 440003
414.299 513276
414.602 542589
414.603 401106
414.626 418090
414.947 489445
415.367 438015
415.721 506155
415.911 465138
416.903 409197
417.156 525453
417.312 455263
417.372 408961
417.387 402253
417.655 511255
417.875 5874
418.068 502021
418.095 678167
418.201 396453
418.843 361283
418.900 5928
419.022 694157
419.138 516922
419.350 5947
419.700 12748
419.725 394094
419.757 507106
419.850 338594
419.900 5770
420.021 360013
420.079 414988
420.350 5771
420.394 350015
420.950 5797
421.100 5870
421.251 406126
421.388 406908
421.525 5827
421.798 477104
421.825 13273
422.400 6003
422.601 407816
422.740 520444
422.775 5924
407.200 900
421.625 900
423.450 388704
423.767 473431
424.037 516670
424.386 667250
424.613 538777
424.657 459826
424.880 444725
424.902 474652
425.032 489445
425.128 522775
425.396 531189
425.478 424245
426.333 452116
426.455 448262
427.507 404636
427.732 446486
427.782 413479
428.717 424720
429.975 6031
430.057 456500
430.532 409125
430.573 392603
430.616 479422
430.860 391306
431.405 459040
432.187 388191
432.275 6038
432.425 336548
432.675 336367
432.785 419561
432.794 506541
433.058 363899
433.136 426775
433.138 474570
433.167 676120
433.210 489669
433.350 5947
433.365 459363
433.402 466792
434.267 506028
434.325 336304
434.425 6003
434.725 336363
434.750 336268
434.825 12542
435.000 5928
435.089 341311
435.178 444874
435.575 5771
435.754 473918
435.897 672053
435.918 353858
436.125 5770
436.300 5874
436.552 711111
436.605 479422
436.849 404912
436.961 362807
436.975 5827
436.980 482766
437.050 5797
437.189 494092
437.409 510531
437.578 391138
437.895 359578
438.009 459369
438.369 403155
438.516 369583
438.607 440751
438.685 479863
439.834 403086
440.072 396594
440.288 464070
440.354 679282
440.901 539782
440.945 366967
441.032 425304
441.450 385835
441.796 392038
441.825 209075
442.906 414969
444.144 540909
444.438 426734
445.375 6031
445.475 338594
445.946 428333
446.025 5947
446.555 468231
446.600 5827
446.725 6003
446.740 421350
446.870 469383
447.000 5870
447.031 472907
447.050 6038
447.097 357566
447.211 506261
447.460 392803
447.625 5928
447.800 5771
447.941 440184
448.200 5924
435.875 900
448.225 5874
448.282 700242
448.375 5797
448.400 5770
448.709 382005
448.847 493187
448.881 706177
449.035 491576
449.950 336277
450.413 719881
450.425 449899
451.200 411794
451.761 474172
451.929 410887
452.806 476408
453.032 666326
453.182 360408
453.425 686210
454.206 469594
454.493 401290
454.949 345308
455.016 399882
455.786 342182
456.475 216016
456.504 440876
457.346 512961
457.382 416017
457.583 508474
458.245 397021
458.464 434093
458.467 446137
458.800 13063
458.900 382357
459.275 6031
459.930 682517
459.954 470609
460.050 5947
460.306 462642
460.675 392466
460.775 5870
460.850 5874
461.125 5928
461.179 388043
461.200 5924
461.400 6038
461.441 419234
461.523 381300
461.565 505907
461.575 5797
461.750 5770
461.792 745028
462.250 338594
462.275 5827
462.300 335914
462.575 336542
462.887 346336
463.000 336179
463.025 336061
463.191 388878
463.191 453580
463.322 402146
463.634 462176
464.439 382915
465.243 344233
465.300 5771
465.811 425349
466.150 486557
466.982 424099
467.125 195120
468.007 745412
468.616 444950
468.760 449535
469.139 477495
469.348 495270
469.544 475578
469.892 408351
470.297 738734
470.440 659201
471.477 487554
471.800 18195
471.892 711111
472.019 404601
472.362 444028
472.475 6003
472.968 412196
473.196 393406
473.240 481655
473.272 395181
473.394 343190
473.863 417433
474.508 465339
474.634 445965
474.776 455150
474.950 5874
475.050 6031
475.125 5947
475.133 445679
475.156 435511
475.325 5924
475.475 5870
475.989 426734
476.650 446727
448.375 900
476.902 454407
476.907 463275
476.924 485228
477.000 5928
477.075 5827
477.150 5771
477.225 5797
477.825 5770
477.913 481705
477.936 418287
477.950 336146
478.225 6038
478.250 218722
478.274 746470
478.631 496864
478.831 503317
479.402 435283
480.350 419507
480.703 486383
481.269 664545
481.324 490667
481.473 683280
481.839 452374
482.068 417452
482.661 426799
483.411 367815
483.505 408786
483.851 467090
483.911 393701
483.927 427280
483.975 2802
484.095 543182
484.108 529365
484.145 432390
484.236 672865
484.620 419921
484.979 351996
485.401 731077
486.209 348188
486.832 401582
487.188 506261
487.350 338594
487.600 193607
488.500 219948
488.625 5870
488.700 6031
488.718 492214
489.025 6003
489.025 6038
489.150 5874
489.225 419039
489.288 676386
489.325 5924
489.363 506155
489.767 525609
489.938 478059
489.975 336426
490.075 213689
490.375 5947
490.875 5827
491.181 399907
491.300 5770
491.352 378111
491.443 357797
491.716 518788
491.775 5928
491.825 336244
491.950 2775
492.047 704368
492.350 336328
492.448 710368
492.575 2753
492.612 515891
492.740 531134
492.865 369289
492.996 408786
493.114 417439
493.225 229196
493.479 527172
493.865 403539
493.936 396159
493.985 345457
494.000 5771
494.353 438619
494.532 357015
494.900 208462
495.054 394470
495.075 2797
495.079 419507
495.300 2757
495.565 382628
495.581 426408
495.601 477763
496.046 484467
496.145 493807
496.503 440331
496.960 394470
497.300 2777
497.350 205519
497.350 2756
497.375 209516
497.425 219810
491.025 900
497.475 204421
497.475 209651
497.742 404710
497.811 359033
497.875 219295
497.981 475430
498.150 218782
498.185 444863
498.225 223970
498.640 508348
498.675 213695
498.725 2802
498.850 221037
498.850 226867
498.900 211817
498.925 195352
498.960 677811
498.987 497907
499.175 211363
499.275 214854
499.300 213001
499.398 492876
499.550 224036
499.650 216989
499.700 212550
499.972 410815
500.064 534427
500.125 215979
500.200 206164
500.275 203138
500.300 233699
500.375 221057
500.476 477806
500.577 459256
500.650 209033
500.650 2686
500.750 214159
500.775 205577
500.775 211883
500.800 210820
500.825 217635
500.850 222140
500.875 184387
500.896 419594
500.900 207929
500.900 225764
501.025 213023
501.035 497879
501.187 468618
501.300 210828
501.450 20716
501.475 207638
501.500 216587
501.525 222256
501.550 193607
501.550 20651
501.550 20652
501.550 20666
501.558 353638
501.575 209622
501.652 391602
501.700 20635
501.700 209075
501.725 20730
501.750 204378
501.775 223757
501.850 226944
501.875 215351
501.925 229029
502.025 211346
502.050 200468
502.075 200750
502.100 208918
502.100 214839
502.100 2757
502.125 2883
502.175 216108
502.175 2775
502.200 213129
502.225 210812
502.225 230881
502.270 453297
502.275 2885
502.350 208342
502.350 236008
502.350 2864
502.358 538646
502.375 207345
502.375 2753
502.375 2818
502.400 222715
502.400 2823
502.450 210189
502.475 2797
502.492 462805
502.525 218352
502.525 218855
502.525 234279
502.550 206665
502.550 211932
502.550 224371
502.600 217667
502.600 219948
502.625 215419
502.650 208961
502.675 195120
502.675 214270
502.675 336240
502.700 2748
502.750 205506
502.750 335798
502.790 425802
502.925 232557
502.946 373034
502.950 214768
502.975 207932
503.000 217136
503.000 222106
503.000 2886
503.025 221611
503.075 205086
503.125 2777
503.150 230184
503.175 230297
503.200 210212
503.225 212545
503.275 208377
503.275 216016
503.275 2756
503.283 521094
503.300 226222
503.300 245101
503.325 210233
503.325 336002
503.375 213689
503.375 2794
503.400 206767
503.400 227977
503.425 211912
503.425 218901
503.425 236810
503.450 215370
503.450 225003
503.450 335914
503.450 336277
503.475 233673
503.500 211336
503.500 225742
503.525 222198
503.525 228516
503.550 207857
503.550 220022
503.550 228487
503.600 230941
503.625 212528
503.625 336184
503.675 210702
503.725 192812
503.750 336395
503.775 236049
503.775 2802
503.800 215954
503.822 419108
503.825 213010
503.825 336187
503.850 336061
503.900 336124
503.950 216597
503.975 224544
503.975 230870
503.975 336478
504.050 230315
504.050 336117
504.079 510341
504.150 336123
504.175 223329
504.228 451848
504.300 218822
504.325 222381
504.375 209511
504.375 229136
504.425 206657
504.425 336328
504.450 211386
504.450 336272
504.450 336304
504.475 228653
504.475 229196
504.500 225217
504.550 222239
504.600 336244
504.625 336029
504.625 336179
504.625 336334
504.650 234344
504.700 230938
504.725 336274
504.725 336367
504.736 751740
504.750 228606
504.750 336000
504.775 336146
504.775 336363
504.800 229178
504.975 230295
505.029 380149
505.100 207082
505.100 208387
505.150 336239
505.250 213012
505.250 234148
505.275 201895
505.306 419581
505.325 205564
505.350 207867
505.400 218731
505.400 224545
505.450 214138
505.450 2686
505.475 336425
505.500 336268
505.525 228089
505.525 336398
505.550 209490
505.550 213088
505.575 234916
505.625 336387
505.650 336329
505.675 225743
505.675 336022
505.675 336542
505.775 219932
505.775 336426
505.800 336389
505.825 225722
505.900 213610
505.975 6031
506.032 531015
506.175 225724
506.200 205519
506.375 336541
506.400 336148
506.450 229779
506.475 217639
506.475 226269
506.475 2883
506.612 437047
506.625 229627
506.625 2775
506.650 2823
506.700 241913
506.775 232069
506.800 217556
506.825 223307
506.825 2753
506.825 2864
506.925 2757
506.925 2885
506.975 2797
507.000 219810
507.125 2818
507.157 702257
507.200 218722
507.250 217493
507.250 2748
507.275 218782
507.275 2886
507.715 509426
507.775 336386
507.942 413406
508.075 335914
508.100 336002
508.125 336240
508.225 221037
508.375 336184
508.451 474980
508.575 336124
508.800 336187
508.850 336123
508.875 336061
508.891 411001
508.900 336548
509.075 335798
509.075 336117
509.090 439445
509.250 336029
509.275 336395
509.400 336272
509.400 336478
509.875 336274
509.900 336367
510.000 336244
510.510 391378
510.600 336304
510.624 533827
510.650 336000
510.750 336146
510.770 678482
510.900 336387
511.225 336022
511.229 414633
511.275 336389
511.575 336239
511.575 336328
512.150 336363
512.313 687900
512.624 514038
512.717 456215
512.903 392038
513.016 477214
513.506 441965
513.552 493086
513.587 352297
514.129 355257
514.140 392894
514.337 349936
515.926 405100
517.299 400118
517.845 444725
517.850 5827
518.014 388459
518.053 413267
518.200 5870
518.228 487038
518.291 457954
518.413 345950
518.475 5770
518.650 511236
518.700 338594
518.725 5797
518.740 407969
518.824 533082
519.171 347183
519.173 481083
519.225 5928
519.333 444767
519.524 535581
519.800 5771
519.945 535143
519.991 390867
520.048 420135
520.100 5947
520.100 6003
520.189 658635
520.665 366432
520.762 434787
521.000 401554
521.425 6031
521.450 5874
521.550 6038
522.110 430263
522.267 745344
522.285 354360
522.774 410887
523.218 437314
523.460 444874
523.597 375014
524.600 12683
525.213 541683
525.222 458630
525.495 699059
525.541 456215
525.725 438511
526.323 361660
526.617 377445
526.884 456161
527.049 461021
527.251 508495
527.726 419234
528.080 469941
528.084 669039
528.729 515816
529.117 538096
529.504 402146
529.534 484821
529.770 381300
530.267 484139
530.606 407680
530.713 714142
531.751 342427
531.929 460372
532.025 537313
532.274 411116
532.556 362807
532.583 453794
532.800 398738
532.810 435367
532.958 413782
533.525 5827
533.825 5771
533.950 335798
534.054 430116
534.122 393951
534.156 424878
534.271 346025
534.358 347138
534.475 6031
534.650 5924
534.825 5947
535.118 498353
535.450 6003
536.242 411678
536.250 336363
536.338 419022
536.500 338594
536.632 443985
537.175 336244
537.363 513963
522.675 900
536.875 900
537.745 525383
537.828 527047
538.100 5870
538.117 360329
538.561 442923
538.987 362914
540.591 392096
540.816 511290
540.908 444725
540.910 503863
541.036 397175
541.050 12997
541.159 452838
541.494 405100
541.799 451946
542.258 420479
542.316 419658
542.911 341215
543.303 541563
543.451 362429
543.761 355903
544.414 403085
544.828 535638
544.975 5797
545.205 491451
545.405 515816
545.743 527375
546.031 383340
546.279 347015
546.285 424711
546.625 5827
546.700 5874
546.725 5771
546.735 363899
547.050 529174
547.100 6038
547.250 5770
547.709 462308
547.736 534351
547.791 527259
547.952 416086
548.275 335914
548.295 412664
548.425 678112
548.772 473706
548.827 429515
549.125 5928
549.200 515846
549.276 627090
549.297 350015
549.550 13240
549.755 393677
549.925 6003
550.050 5924
550.300 217639
550.774 432236
551.325 6031
551.544 723300
551.735 746470
551.947 685590
553.172 435283
553.179 480232
553.304 490939
553.702 514899
553.746 410879
553.765 363899
554.034 500303
554.189 518209
554.703 395864
554.773 424158
555.371 399744
556.266 511795
556.534 426882
556.734 442733
557.065 482352
558.041 436934
558.832 413544
559.073 482985
559.185 415446
559.269 413089
559.354 433003
559.410 454599
559.506 657275
559.539 714428
559.639 443121
559.657 532779
559.777 484334
560.000 5870
560.011 387763
560.319 393830
560.969 406481
560.994 425529
561.125 5827
561.216 517337
561.575 5770
561.750 5771
561.787 672865
561.903 339398
562.100 5874
562.419 385932
562.527 396308
562.625 5928
552.400 900
562.711 520444
562.720 525154
562.925 338594
563.164 410976
563.375 5947
563.459 362393
563.621 395273
563.640 530427
563.750 336277
564.085 540078
564.237 498552
564.595 697704
565.025 6038
565.315 497444
565.334 477412
565.375 5924
565.447 512928
565.450 6031
565.563 519649
565.976 674847
566.086 388878
566.095 449689
566.327 423888
566.353 394368
566.596 464552
567.149 419581
567.258 459717
567.437 439883
567.450 417291
567.943 508236
568.042 356000
568.151 432723
568.279 380831
568.445 462314
568.519 347699
568.549 442158
569.483 496756
569.933 435376
570.461 438511
570.530 408212
570.531 367703
570.901 435626
571.156 462030
571.737 417553
571.927 405035
571.984 405827
572.155 486616
572.548 366045
572.575 5797
572.827 386554
573.029 444813
573.045 423779
573.071 516115
573.552 395590
573.574 414468
573.880 406903
573.905 482223
574.400 18418
574.549 344766
574.600 5870
575.375 5874
575.575 5770
575.661 441233
575.925 5771
576.210 389854
576.258 668873
576.550 5827
576.627 493249
577.000 487031
577.075 6003
577.150 5924
577.702 737313
577.756 405626
577.855 416985
578.285 531281
578.474 420308
578.975 336425
579.027 403675
579.159 413289
579.180 398445
579.550 5947
580.663 428528
580.724 482223
580.881 393001
581.454 468035
581.537 687177
581.606 390976
582.217 497308
583.799 458630
583.899 542589
585.065 341296
585.134 400144
585.406 475025
585.576 531085
585.713 664687
585.938 344715
586.830 419881
586.955 533658
586.997 412705
587.613 707144
587.998 490609
588.095 353816
567.825 900
578.850 900
588.304 539420
588.325 336272
588.926 351224
588.975 5928
589.050 336389
589.425 5874
589.475 5797
589.801 508212
589.850 5924
589.950 5771
590.008 404292
590.153 413782
590.350 18468
590.450 336002
590.725 421606
590.775 6031
590.825 5770
590.975 338594
590.975 5870
590.975 6038
591.120 421382
591.375 5827
591.887 451156
591.982 370870
592.075 5947
592.641 379989
592.646 738767
592.650 336239
592.775 336000
592.818 404710
593.317 438416
593.400 336398
593.545 378742
593.675 336541
593.864 471028
594.108 351224
595.203 393406
596.176 729532
596.371 464022
596.610 394278
596.740 414208
596.854 347768
597.621 458240
597.646 451313
598.476 436156
598.545 511795
599.178 423044
600.175 210702
600.206 508228
600.788 469998
600.909 396813
601.376 446107
601.489 397592
602.271 398353
602.819 455924
603.150 5870
603.159 393852
603.408 394788
603.614 505585
603.900 6003
604.025 5797
604.075 218352
604.300 5771
604.675 5928
604.925 5770
605.075 5827
605.100 6031
605.118 353490
605.225 5874
605.255 438400
605.800 336425
606.150 338594
606.200 6038
606.561 351996
606.675 5924
606.700 212545
607.025 236049
607.387 419108
608.200 5947
608.900 223970
609.025 207929
609.571 463198
609.700 230315
610.025 222198
610.074 421951
610.128 754400
610.187 412664
610.236 427280
610.258 467786
610.475 223757
610.550 205086
610.600 225722
610.677 441469
610.775 222381
611.070 491392
611.175 228089
611.200 218855
611.425 2886
611.575 216587
611.900 2775
611.975 2794
612.059 539061
595.575 900
612.158 440780
612.200 214270
612.250 227977
612.250 234916
612.300 2818
612.550 234279
612.660 398201
612.675 219948
612.700 2864
612.750 230938
613.000 224544
613.024 370870
613.050 2885
613.200 230297
613.225 18195
613.275 222256
613.275 224036
613.300 241913
613.375 229178
613.447 499258
613.525 230295
613.625 225742
613.725 222140
613.750 209511
613.965 390198
614.425 2883
614.450 224545
614.575 215351
614.621 358294
614.628 677005
614.700 233699
614.925 211883
615.025 210233
615.075 236008
615.125 226944
615.125 230941
615.175 226867
615.300 2797
615.419 512961
615.450 221057
615.532 484388
615.600 224371
615.625 233673
615.650 229029
615.706 430545
615.753 529319
615.825 209033
615.973 664687
615.975 206164
615.975 20652
616.025 236810
616.050 220022
616.075 20666
616.200 2802
616.225 225764
616.250 218901
616.250 2757
616.300 20651
616.300 245101
616.325 232557
616.350 207638
616.375 20637
616.400 228653
616.425 234148
616.525 229196
616.550 213010
616.618 471084
616.625 211912
616.625 234344
616.650 742514
616.677 378778
616.725 219810
616.725 225003
616.739 491480
616.750 215954
616.750 219932
616.775 336478
616.800 211336
616.800 2823
616.850 208387
616.883 539374
616.900 206767
616.925 208961
616.925 223329
616.950 210189
616.950 2756
616.975 20635
617.025 213023
617.050 216016
617.050 216597
617.075 2777
617.100 336541
617.125 212528
617.150 230184
617.175 207082
617.175 213012
617.200 209490
617.200 336386
617.250 225724
617.250 336542
617.300 205519
617.300 218822
617.350 210828
617.374 388689
617.425 216108
617.450 336426
617.475 222106
617.500 229627
617.500 2886
617.538 687510
617.575 230870
617.625 218731
617.650 230881
617.650 2753
617.750 336387
617.775 336367
617.800 216989
617.800 229136
617.800 2748
617.800 5797
617.850 221037
617.850 336328
617.862 414232
617.875 217639
617.875 236049
617.875 336398
617.975 222239
617.975 336277
618.037 508920
618.100 226222
618.100 2818
618.150 212550
618.150 213088
618.150 228516
618.225 210702
618.238 387160
618.250 336272
618.275 2885
618.325 225743
618.350 229779
618.375 207932
618.375 336304
618.375 336548
618.425 2686
618.425 336389
618.450 219295
618.525 226269
618.550 201895
618.550 336244
618.575 232069
618.600 336240
618.600 336363
618.625 20587
618.625 2794
618.625 2864
618.625 336395
618.650 213610
618.675 204378
618.675 214768
618.725 210812
618.725 336425
618.750 203138
618.750 208918
618.775 2775
618.800 214159
618.822 487900
618.824 376366
618.825 211932
618.850 209075
618.875 208377
618.875 222198
618.925 336329
618.950 336274
618.975 223307
619.000 207345
619.000 228487
619.075 206657
619.100 205564
619.200 214839
619.200 225722
619.225 336146
619.233 351654
619.275 215979
619.300 208342
619.300 5771
619.325 212545
619.325 222715
619.375 214854
619.375 218782
619.375 336239
619.425 207867
619.425 215419
619.425 2883
619.450 225217
619.475 208462
619.500 336334
619.525 217493
619.566 746529
619.575 217635
619.625 218722
619.665 454983
619.725 336268
619.750 217556
619.800 200468
619.800 336184
619.875 210820
619.975 209622
620.000 210212
620.075 213695
620.075 218352
620.100 217667
620.100 221611
620.125 211363
620.175 223757
620.250 336179
620.275 228606
620.350 205577
620.350 2797
620.400 217136
620.450 213689
620.475 336123
620.475 336148
620.500 336117
620.575 209516
620.625 195352
620.663 448497
620.675 336187
620.700 2802
620.825 211817
620.849 423111
620.875 200750
620.875 211346
620.976 372396
621.050 336000
621.075 207929
621.100 209651
621.100 2757
621.125 207857
621.225 215370
621.275 336124
621.350 193607
621.375 2823
621.450 2756
621.450 2777
621.475 205506
621.475 206665
621.500 214138
621.595 419110
621.650 336386
621.688 476024
621.725 195120
621.875 213129
621.902 412121
621.925 204421
621.925 336542
621.950 336426
621.951 398644
622.000 336478
622.050 205086
622.100 2753
622.150 336061
622.325 336541
622.450 211386
622.600 336398
622.650 2748
622.675 336328
622.725 336367
622.775 336548
622.950 336029
623.000 335798
623.032 721624
623.200 2794
623.225 336387
623.275 336277
623.550 2686
623.700 184387
623.800 336363
623.850 336389
624.100 192812
624.350 336425
624.441 395450
624.525 336329
624.575 336002
624.650 335914
624.750 336240
624.941 401455
624.943 420621
625.025 336304
625.050 336395
625.088 401811
625.250 336022
625.251 390785
625.253 502268
625.375 336146
625.465 500356
625.625 336272
625.650 336244
625.873 434018
625.950 657840
626.056 418550
626.137 507644
626.475 336239
627.469 520467
627.479 675729
627.613 433358
627.825 336061
627.926 455469
628.004 429242
628.024 517337
629.572 431049
630.012 421980
630.444 427043
630.964 341874
631.268 371572
631.844 473977
631.947 409125
632.024 537270
632.400 6031
632.590 485989
632.731 540909
632.775 338594
633.075 5928
633.125 5924
633.296 410738
633.725 6038
633.800 6003
633.830 394788
634.053 415764
634.300 5870
634.700 5947
635.042 405950
635.550 5797
635.725 5827
635.779 387287
635.825 5874
636.375 537093
636.486 456641
636.933 424720
637.050 5771
637.074 363076
638.137 747227
638.508 421935
639.007 520198
639.066 431313
639.128 417323
639.274 471354
639.342 466742
639.429 348377
639.866 469434
641.792 742564
641.814 416843
642.149 425802
642.266 358370
642.279 350015
642.336 478059
642.873 472690
643.725 18468
643.732 402253
644.110 746169
644.299 392065
644.431 455150
644.580 362807
645.035 427087
645.614 537094
645.704 414397
645.748 528723
646.603 430714
647.663 447947
647.925 338594
648.300 336002
648.456 427297
648.781 417760
648.822 523759
648.900 6003
648.912 464619
649.075 6031
649.212 404363
649.291 426085
649.318 715922
649.392 713006
649.617 751224
649.800 5928
649.818 352297
650.169 488937
650.208 508818
650.650 336274
650.650 5924
650.650 5947
650.750 5874
650.877 745818
651.325 5797
652.075 336000
652.314 436008
652.398 487031
652.675 5870
652.751 467849
653.000 5770
653.025 5827
653.160 539236
653.169 427770
653.225 482766
653.656 358294
654.148 472179
654.350 336244
654.472 467418
654.850 18308
655.050 18387
655.108 345422
636.025 900
653.225 900
655.164 453218
655.430 541905
656.445 744686
656.586 787594
656.748 481365
657.761 420079
657.966 431931
658.007 398888
658.168 378021
659.218 526116
659.319 667323
659.733 461021
660.089 542731
660.870 507902
661.790 445679
661.976 506796
662.100 6003
662.313 423403
662.400 6031
662.954 487038
662.983 517895
663.025 5947
663.075 6038
663.189 409857
663.439 521282
663.484 347405
663.629 410738
663.874 402008
664.150 336124
664.854 435887
664.934 362914
664.975 5924
665.060 529228
665.350 5870
665.750 5770
665.875 422271
666.488 537688
666.502 529524
666.940 423547
668.006 396308
668.245 410137
668.683 449065
668.731 413407
668.950 5797
669.614 751224
669.925 5827
670.097 706006
670.129 470655
670.535 608065
670.950 422380
671.057 479112
671.903 658687
672.160 463209
672.217 363972
672.613 464017
672.622 479183
673.296 689301
673.302 396752
673.318 435386
673.493 530770
673.730 470392
673.739 515811
673.762 461792
673.896 419371
674.010 511255
674.022 420042
674.061 471868
674.141 373355
674.182 340787
674.784 410204
675.062 441176
675.169 434052
675.225 336367
675.465 407923
675.550 526716
676.425 336386
676.469 428528
676.675 6003
676.875 18195
676.996 398127
677.125 338594
677.900 5947
677.947 358097
678.053 527154
678.125 5874
678.149 399907
678.300 6038
678.459 428452
678.465 344882
678.736 424529
678.751 436828
678.912 460193
679.113 405699
679.150 222239
679.272 491662
679.281 456043
679.450 5770
679.625 462642
679.649 400951
679.809 393036
679.920 519382
680.000 5870
671.500 900
680.200 6031
680.370 361840
680.500 5827
680.550 336187
680.603 539298
680.786 459693
680.815 393318
681.075 5797
681.200 442839
681.650 5771
681.822 757064
681.877 472907
682.387 383834
682.494 407171
682.775 5928
682.800 5924
682.905 442123
683.035 408351
683.059 465607
683.415 346389
683.541 344715
683.883 510696
684.003 423964
684.464 423199
684.483 535273
684.491 404503
684.536 513330
684.565 678167
684.826 511255
684.850 413067
684.880 477481
685.251 434318
685.290 419507
685.599 395013
685.603 366190
685.665 347642
685.845 669039
685.950 403245
685.962 378021
687.040 494092
687.054 472238
687.055 472136
688.500 407866
688.506 524161
688.927 483536
689.122 488466
689.318 351143
689.582 475137
689.587 474172
689.978 481745
690.090 462375
690.226 464770
690.790 490667
690.877 376868
690.940 400732
691.079 465530
691.250 5947
691.329 391274
691.400 6031
691.704 518788
691.975 6038
692.050 336548
692.275 5928
692.355 463198
692.368 687501
692.432 394386
692.620 519515
692.779 351143
693.055 500577
693.135 442171
693.149 394793
693.325 6003
693.450 335914
693.700 5924
694.107 349982
694.250 5771
694.600 5770
694.625 336184
694.825 338594
695.191 393001
695.600 5870
695.644 407883
695.650 5797
695.711 499003
695.750 5827
695.939 433923
696.161 489903
696.230 407426
696.545 460280
696.800 5874
696.850 336002
697.691 533802
698.387 425322
699.084 483792
699.272 427258
699.416 541270
699.566 468847
699.947 474570
700.341 469288
700.673 380632
701.377 436934
701.606 477481
685.625 900
695.925 900
701.997 480681
702.088 531818
702.262 396050
702.450 397967
702.546 454704
702.805 369547
703.132 462905
703.199 428059
703.723 511385
704.268 500250
704.292 453218
705.436 356138
706.150 5947
706.210 744686
706.546 473464
706.638 525527
706.648 397592
706.661 412681
706.703 422511
706.950 6038
706.975 6031
707.075 5827
707.150 5770
707.173 421474
707.175 5797
707.364 345422
707.375 5924
707.550 336541
707.575 5870
707.675 359590
707.936 398233
707.975 5771
707.978 496302
708.025 5928
708.400 5874
708.400 6003
708.416 455544
708.453 403533
708.878 488089
709.223 534040
709.350 336478
709.623 461285
709.632 508099
709.660 662888
709.700 335798
709.848 401811
709.891 445128
710.126 534351
710.576 380661
710.695 540909
711.077 436802
711.757 446107
711.980 403436
712.069 392077
712.575 12219
713.385 359944
714.027 539236
714.791 484379
715.035 394711
715.364 504158
715.713 684346
716.105 397131
716.541 361010
716.750 394094
717.098 473187
717.479 393062
717.494 519947
717.630 512464
718.094 425089
718.128 425196
718.200 348557
718.400 458887
718.631 402125
718.655 659392
718.686 389320
719.115 489587
719.475 6031
719.713 402232
719.798 668191
719.875 6003
719.987 446963
720.150 5928
720.164 388894
720.500 6038
720.875 338594
720.900 5771
720.948 534122
721.224 403556
721.225 5924
721.296 491084
721.350 5947
721.425 336124
721.550 5827
721.558 520986
721.567 403245
721.850 5797
721.904 372367
721.975 5874
722.242 395219
722.375 5770
722.375 5870
722.638 408857
709.700 900
722.722 430278
722.823 425203
723.877 764421
723.898 471998
724.122 513147
724.150 214839
724.820 466675
724.902 487490
725.093 415415
725.098 476392
725.462 468035
725.651 419234
726.429 443166
727.000 689978
727.375 339424
727.418 349370
727.427 494232
727.652 499386
728.125 2775
728.150 12646
728.402 394896
728.406 709573
728.470 375752
728.789 369583
728.925 206164
729.014 497257
729.634 538718
729.936 376166
730.167 475149
730.204 429041
730.228 457650
730.290 395474
730.778 406877
730.943 391124
730.959 389872
731.125 523905
731.534 501076
731.924 738285
732.000 446727
732.200 200750
732.875 336542
733.175 224036
733.475 2748
733.806 436524
734.285 345829
734.625 209075
734.700 192812
734.825 5827
734.884 719168
735.000 2686
735.050 211817
735.352 393951
735.475 217667
735.554 517155
735.575 6031
735.725 2757
735.750 336148
735.750 5874
735.850 201895
735.850 335798
735.900 195120
736.000 5797
736.075 209651
736.250 6003
736.300 5771
736.325 5947
736.342 351594
736.375 184387
736.491 405071
736.550 195352
736.557 375647
736.575 204421
736.675 5924
736.707 502323
736.824 361550
736.825 212545
736.949 435520
737.200 2756
737.250 5928
737.272 339398
737.275 20587
737.500 216108
737.525 193607
737.556 474652
737.675 336478
737.700 216597
737.775 236810
737.775 2823
737.850 209490
737.850 209511
737.875 200468
737.875 211883
738.025 214839
738.025 2794
738.175 20637
738.225 214854
738.225 2802
738.250 211346
738.275 20635
738.275 5770
738.325 216016
738.325 2886
723.900 900
736.850 900
738.425 336123
738.475 212550
738.500 20651
738.550 206657
738.650 208342
738.650 210212
738.650 218352
738.652 468605
738.690 534749
738.700 208387
738.700 226944
738.700 2818
738.725 336386
738.750 20652
738.875 214138
738.875 338594
738.925 20666
738.950 206164
739.110 368534
739.150 213689
739.150 2797
739.175 213129
739.200 218901
739.250 335914
739.275 213023
739.275 216587
739.325 2753
739.325 2777
739.350 236049
739.400 211912
739.475 230297
739.496 486265
739.500 212528
739.525 218822
739.600 211363
739.675 208918
739.700 2775
739.800 213610
739.800 215954
739.857 469198
739.875 208961
739.950 218855
739.975 207932
739.975 2885
740.000 207638
740.000 2748
740.025 222239
740.050 2686
740.100 336029
740.125 206665
740.125 210828
740.150 230938
740.250 207345
740.300 205086
740.308 485088
740.350 18468
740.350 230941
740.350 2864
740.400 2883
740.425 336022
740.450 225217
740.450 225743
740.475 209622
740.475 225722
740.575 222381
740.625 210702
740.625 2757
740.725 215370
740.750 205506
740.900 211336
740.925 204378
740.975 209516
741.025 224371
741.050 210189
741.050 219948
741.100 336179
741.125 208462
741.125 236008
741.150 213001
741.151 442158
741.200 206767
741.300 207857
741.300 225742
741.305 425740
741.350 205519
741.350 209033
741.350 211386
741.350 214270
741.350 221057
741.350 336146
741.475 215351
741.475 335798
741.522 492225
741.525 210812
741.525 213695
741.550 217635
741.600 207082
741.600 220022
741.625 215979
741.700 224544
741.750 211932
741.767 472180
741.775 226222
741.850 207867
741.850 230881
741.875 205577
741.900 213088
741.900 225003
741.975 208377
741.975 233673
742.000 213010
742.000 217493
742.000 229136
742.000 2756
742.025 210233
742.025 230184
742.050 336061
742.100 203138
742.100 207929
742.125 214159
742.175 210820
742.175 215419
742.175 228653
742.200 336184
742.212 449547
742.225 217556
742.250 226269
742.300 214768
742.375 225764
742.425 213012
742.425 222256
742.500 218782
742.550 2823
742.600 216989
742.600 217639
742.600 336277
742.650 336000
742.725 217136
742.725 221037
742.750 336117
742.775 226867
742.775 229029
742.800 230315
742.801 519466
742.825 336272
742.925 336268
742.950 2794
742.975 205564
743.075 336002
743.200 336425
743.225 224545
743.241 408575
743.250 233699
743.300 225724
743.300 336329
743.350 2802
743.350 336328
743.350 336395
743.400 336240
743.450 221611
743.450 336187
743.475 222198
743.500 336274
743.525 223329
743.525 2886
743.625 223307
743.650 336363
743.700 230295
743.700 336304
743.725 219295
743.750 2797
743.767 529288
743.775 222106
743.780 742406
743.800 218731
743.825 234279
743.850 232069
743.875 2753
743.875 336334
743.925 228487
743.950 219810
743.950 2818
744.025 223970
744.050 229196
744.100 336124
744.125 234916
744.125 336398
744.225 229779
744.300 227977
744.350 222715
744.375 229178
744.400 228606
744.401 475489
744.450 2885
744.450 336367
744.450 336548
744.875 219932
744.950 218722
745.150 229627
745.150 336542
745.200 223757
745.250 2864
745.275 336148
745.325 2883
745.350 336426
745.450 245101
745.525 336386
745.525 336387
745.725 230870
745.725 241913
745.750 336239
745.775 228516
745.779 414011
745.850 336389
745.875 222140
745.875 336478
745.977 406864
746.149 394106
746.225 234344
746.264 405699
746.300 336029
746.335 344702
746.375 234148
746.407 399855
746.525 336541
746.725 232557
746.732 450963
746.825 336244
747.166 488765
747.582 491828
747.650 336146
747.697 434671
747.733 342135
747.976 514266
748.075 336272
748.300 336328
748.302 366967
748.348 530770
748.400 336179
748.425 336329
748.425 336425
748.526 348562
748.600 336363
748.900 336240
748.975 336277
749.150 336548
749.213 436607
749.327 434862
749.375 336398
749.625 469574
749.627 540790
749.701 483540
749.802 512384
750.138 406804
750.900 336478
750.975 336387
751.312 474088
751.523 409093
751.875 336542
751.902 389638
752.074 443974
752.160 476024
752.403 737563
752.675 390067
753.263 448636
753.287 400303
754.500 5797
754.600 420944
754.650 6038
754.948 410970
755.450 5827
755.489 450260
755.559 454066
755.993 730811
756.356 447908
756.455 416817
756.504 497879
756.646 423212
756.650 5874
756.986 712625
757.575 5924
757.785 453733
757.860 517364
757.991 389436
758.641 422073
758.692 465189
758.749 399907
758.775 6031
758.836 395961
758.965 472640
759.125 409145
759.600 5870
759.925 6003
760.000 338594
760.046 399892
760.116 499276
760.163 659392
760.769 462147
761.625 618268
762.747 404327
763.020 529336
763.868 457330
764.090 429238
764.772 503761
765.584 457763
766.277 454488
756.975 900
766.778 494366
766.960 375380
767.082 482090
767.285 506673
768.679 364255
768.695 402603
768.700 5928
768.925 5770
769.214 739993
769.222 494733
769.413 466228
769.418 488466
769.916 394573
769.940 542666
770.042 362393
770.300 6038
770.464 458878
771.475 5771
771.480 527172
771.526 492704
771.575 5827
771.832 438594
772.475 5924
772.477 504577
772.775 336329
772.780 442482
773.125 336542
773.550 498218
773.552 721049
773.648 423547
773.800 6031
773.893 406153
773.955 620508
774.000 336541
774.054 521531
774.325 336272
774.450 5947
774.538 512086
774.675 336148
774.825 336363
775.831 492546
776.318 451446
776.343 494434
776.387 428554
777.020 415910
777.286 671902
777.679 437179
778.396 395107
778.444 351860
778.454 677811
778.577 535651
778.980 438282
779.250 18308
779.330 391991
779.565 419439
779.931 498552
779.966 507221
780.202 444692
780.311 726867
780.529 418377
780.586 430606
780.821 354700
781.060 398458
781.115 418477
781.581 419439
781.632 531665
781.800 428515
782.342 448636
782.600 5797
782.819 401455
783.702 687100
783.797 474471
784.281 664545
784.307 427971
784.316 400247
784.412 343840
784.550 6031
784.602 468240
784.624 483016
784.750 5928
785.225 5874
785.547 620348
785.673 494078
785.700 13033
785.850 5770
785.885 481347
786.016 358285
786.350 338594
786.925 18347
787.488 475830
788.164 429046
788.439 444715
788.496 472447
788.802 466221
788.825 5947
788.971 434318
789.370 458210
789.450 336274
789.798 671230
789.915 659946
790.236 504075
790.443 394470
772.900 900
787.575 900
790.537 447287
790.615 394749
790.703 534329
790.725 13140
791.150 12542
791.787 393393
792.236 417781
792.294 488245
792.614 459826
792.635 415170
792.753 524866
793.686 451313
794.304 683142
794.559 395702
795.225 335798
796.520 417439
796.850 5771
797.391 344702
797.494 459420
797.525 529810
797.614 418477
797.626 714032
798.025 5770
798.350 6038
798.581 526716
798.943 502911
799.002 542731
799.232 424471
799.450 5827
799.675 5797
800.000 5874
800.011 430423
800.025 743105
800.100 6031
800.250 5928
800.279 482766
800.375 6003
800.500 5870
801.486 444028
801.624 486557
801.878 406939
801.923 463170
802.386 502123
803.150 362608
803.600 5924
804.069 450794
804.426 677213
805.379 430423
805.483 417276
806.473 659946
806.781 516115
807.361 460032
807.806 512932
809.384 466189
809.573 455924
809.717 471868
809.867 531818
810.301 380972
810.402 486938
810.528 387592
810.582 383992
810.800 5771
811.375 5770
811.450 5797
811.473 438093
811.497 519950
811.510 372084
811.525 5947
811.625 5827
811.654 472298
812.799 687510
812.850 230938
813.090 363027
813.399 357277
813.425 18468
813.534 435612
813.700 5870
813.710 429698
813.754 481465
813.775 5874
814.002 430545
814.425 6003
814.450 336389
814.522 470620
814.566 362024
814.575 6031
814.758 410815
814.783 441469
814.926 707246
815.378 387110
815.802 500662
815.978 400247
816.366 476529
816.500 338594
816.525 13275
817.249 539420
817.370 534122
818.427 679735
818.544 505073
818.667 437430
818.687 534087
818.829 441965
801.475 900
818.961 473187
819.216 353490
819.308 414742
819.517 463209
819.841 494733
819.968 665307
820.276 395123
821.205 388593
821.258 427563
821.576 531259
822.331 458854
822.533 541944
822.636 399511
822.926 411115
823.704 458210
824.530 505907
824.600 5771
824.757 467090
825.225 5928
825.300 5924
825.623 425322
825.725 6038
825.975 12374
826.200 12787
826.525 5870
826.550 5797
826.694 500158
826.757 764421
826.800 216587
826.993 458465
827.075 5770
827.079 404845
827.125 6003
827.239 425161
827.300 5827
827.550 218722
827.778 491210
828.000 336398
828.381 419110
828.400 336395
828.782 372981
828.925 211932
828.981 485277
829.118 481805
829.415 343249
829.425 229029
829.478 534815
829.596 399270
829.730 432448
830.139 383633
830.672 377998
830.750 6031
830.811 476024
830.864 441378
831.393 495264
831.644 427742
832.025 400243
833.388 434546
833.644 522952
834.754 408983
834.879 413822
834.948 472179
835.530 539388
835.653 385198
835.871 423537
836.390 430581
836.475 18468
836.964 474435
837.075 428195
837.263 542720
837.505 525264
837.564 346141
838.725 5827
838.752 470759
838.853 539814
838.875 5771
839.025 5874
839.125 5947
839.150 5928
839.175 5924
839.206 477770
839.400 336398
839.575 13108
840.053 521771
840.100 336541
840.150 338594
840.400 5770
840.400 6003
840.538 486550
840.750 5797
840.875 336478
840.950 336187
841.050 6038
841.121 465362
841.135 437473
841.450 205577
841.544 742054
842.198 451446
842.323 394278
842.563 484015
842.570 457733
842.900 6031
824.675 900
843.109 521291
843.744 731322
844.400 5870
844.878 449217
844.895 400732
845.115 342709
845.133 475025
845.590 460032
845.989 488118
845.994 503327
846.038 452499
846.206 480669
846.511 459196
846.554 469154
846.984 478625
848.072 353106
848.091 390763
849.087 514266
849.137 539061
849.970 402570
850.346 388878
850.456 396025
850.575 184387
850.575 192812
850.799 502301
851.594 745344
852.159 403685
852.175 193607
852.550 210820
852.550 335798
853.250 2757
853.260 746862
853.300 195352
853.325 5928
853.450 2686
853.475 336363
853.508 359229
853.575 20587
853.700 5827
853.810 415170
853.890 434066
854.004 466221
854.075 195120
854.100 5770
854.300 5874
854.450 200750
854.500 2753
854.575 480684
854.650 2748
854.725 336387
854.750 207345
854.750 5771
854.825 211386
854.925 208387
854.925 6031
855.075 6038
855.100 5870
855.175 2756
855.250 20637
855.291 398005
855.300 211346
855.396 355046
855.625 207857
855.625 5797
855.653 488196
855.675 200468
855.675 207932
855.709 396995
855.712 519726
855.800 214839
855.812 406903
855.875 208462
855.900 335914
855.925 215954
855.950 204421
856.000 2802
856.025 213129
856.050 213010
856.125 211932
856.174 416766
856.175 213001
856.250 206767
856.250 216108
856.300 2777
856.322 521385
856.325 209075
856.350 218352
856.400 20635
856.425 206665
856.525 2775
856.600 213689
856.625 204378
856.625 2823
856.650 20651
856.725 206164
856.725 20652
856.725 211363
856.750 212528
856.750 216597
856.763 505201
856.950 219948
857.050 221037
843.125 900
857.075 6003
857.189 352108
857.200 205086
857.210 493297
857.225 211883
857.325 218782
857.325 2864
857.337 393001
857.350 208377
857.425 210828
857.500 207638
857.525 209511
857.561 353870
857.575 207867
857.575 212550
857.600 205519
857.650 210812
857.650 2794
857.700 201895
857.700 209033
857.700 210212
857.700 216989
857.725 20666
857.750 205577
857.800 226944
857.825 207929
857.825 336061
857.850 209622
857.850 210702
857.850 2757
857.900 221611
857.925 215370
857.925 2686
857.925 335798
857.925 336029
857.941 541176
857.950 223307
858.000 214854
858.050 218901
858.075 216016
858.075 2797
858.100 209516
858.125 210189
858.125 212545
858.146 541514
858.150 229178
858.275 18298
858.325 213695
858.400 203138
858.400 210233
858.400 213088
858.400 214768
858.489 504508
858.525 206657
858.525 211912
858.575 211336
858.596 450176
858.600 211817
858.675 215351
858.775 336000
858.825 2885
858.850 5947
858.900 2818
858.925 336184
858.975 225743
859.025 214270
859.025 217136
859.125 217556
859.225 208961
859.225 209651
859.275 223329
859.276 489389
859.300 336022
859.325 216587
859.350 2753
859.362 459717
859.375 208342
859.375 436164
859.400 207082
859.400 2883
859.425 2886
859.450 213012
859.475 230941
859.525 217635
859.600 2748
859.650 222256
859.650 336002
859.700 218855
859.725 218822
859.725 219295
859.775 224036
859.850 222381
859.875 220022
859.950 336146
859.975 336117
860.081 378742
860.125 20730
860.125 214138
860.136 389792
860.175 208918
860.200 225764
860.275 213610
860.325 209490
860.350 219932
860.350 224544
860.375 215419
860.400 214159
860.508 367703
860.525 336244
860.625 228487
860.650 336395
860.798 466028
860.800 205564
860.825 217639
861.000 2775
861.100 2777
861.125 228089
861.150 225003
861.151 427297
861.175 225217
861.225 230295
861.250 222239
861.275 217667
861.275 336123
861.350 226867
861.375 223970
861.450 222715
861.465 492807
861.475 224371
861.475 2823
861.575 213023
861.625 336187
861.625 336272
861.700 224545
861.725 221057
861.725 336328
861.725 336334
861.825 223757
861.825 229029
861.888 477403
861.903 442584
861.925 226222
861.925 236810
861.950 218722
861.950 228653
861.965 504477
862.050 2794
862.075 225722
862.167 345529
862.175 336124
862.225 2864
862.239 385190
862.250 229196
862.275 336179
862.325 230938
862.375 336304
862.400 225742
862.400 336329
862.500 336425
862.550 218731
862.575 229779
862.604 538495
862.625 336389
862.700 336398
862.725 336148
862.741 535143
862.749 483315
862.800 336240
862.825 222198
862.875 229136
862.900 219810
862.975 233673
863.000 217493
863.050 222140
863.100 227977
863.175 336363
863.197 533192
863.225 228606
863.275 234279
863.300 336029
863.325 336239
863.375 222106
863.401 541501
863.475 336386
863.525 236008
863.550 336061
863.575 226269
863.600 230870
863.750 228516
863.779 499656
863.800 232557
863.875 230184
863.925 234344
863.925 2885
864.050 230297
864.050 232069
864.050 336268
864.083 420038
864.175 2886
864.314 444951
864.375 234148
864.375 336274
864.450 229627
864.450 2883
864.549 512632
864.653 432371
864.725 336548
864.750 233699
864.875 336387
865.075 230881
865.100 234916
865.160 492214
865.225 336542
865.261 484204
865.500 245101
865.725 336478
865.775 336426
866.200 241913
866.548 533170
866.577 510531
866.582 459033
866.653 454990
866.725 336328
866.825 18418
867.125 336277
867.150 336541
867.341 365085
867.375 336367
867.463 352599
867.469 447325
867.525 336272
867.606 481700
868.050 336386
868.325 336389
868.640 515270
868.650 397114
868.750 336329
868.758 520097
868.800 418677
868.827 541364
869.187 395343
869.200 336395
869.345 502105
869.557 455163
869.650 336363
869.923 437672
869.925 336425
870.296 467079
870.455 479183
870.581 410815
871.017 713908
871.125 336542
871.578 342182
871.822 484046
871.822 512151
871.891 451115
872.492 461968
872.597 494654
872.796 468179
872.836 393001
872.912 440966
873.664 496524
874.329 383075
874.538 424441
875.050 338594
875.135 453358
875.741 456928
875.925 5870
876.225 6038
876.303 534847
876.325 5874
876.809 397580
877.435 405648
877.448 473270
877.597 528007
877.901 347106
877.965 698702
878.050 5924
878.100 383464
878.163 378778
878.200 5947
878.247 375991
878.310 383340
878.450 6003
878.775 6031
879.313 432994
879.552 355547
880.275 428308
880.950 336272
881.524 391288
881.526 442123
881.586 489546
882.262 664834
882.727 483344
883.010 471041
883.572 413732
883.889 475110
883.925 5827
883.974 355046
884.295 368556
885.044 467114
885.587 701200
885.725 5771
885.856 701991
886.364 413505
886.975 12830
872.950 900
887.000 5928
887.635 532935
887.636 425413
887.727 350977
888.350 336541
888.371 404688
888.376 426769
888.479 514717
888.650 336124
888.650 336395
888.856 406604
889.075 5874
889.125 336334
889.183 522702
889.543 491576
889.657 498923
889.925 5797
890.475 5870
890.503 488599
890.553 461850
890.750 12683
890.775 338594
891.025 336363
891.175 6003
891.200 336244
891.459 525361
891.631 430263
891.825 336274
892.500 336425
892.604 520097
892.620 674422
892.725 472544
893.400 405918
893.475 5947
893.833 440774
893.845 684841
893.925 6038
894.377 530427
894.646 415498
894.700 336548
894.986 465453
895.150 2886
895.320 388023
895.480 517797
896.203 429223
896.351 508348
897.525 18468
897.711 372689
897.762 535651
897.882 423734
898.713 414131
898.805 525737
898.837 465387
899.000 336124
899.046 391602
899.144 354589
899.439 460582
899.498 422418
900.621 418553
900.725 5797
900.772 490774
901.050 5924
901.736 447064
902.025 383034
902.300 12615
903.069 500201
903.700 5770
904.168 417745
904.525 336244
904.664 531015
904.747 467849
904.855 445250
905.044 409376
905.350 6003
905.491 689428
905.720 426734
906.009 409960
906.065 685590
906.325 13108
906.600 5928
906.850 336274
906.975 6031
907.025 18298
908.200 336334
908.440 715905
908.731 753219
908.751 711186
909.008 534367
910.175 5771
910.564 526179
910.725 6038
910.811 694179
911.227 511750
911.354 683996
911.376 704971
911.775 13273
912.231 427742
912.325 5827
913.054 473918
913.275 13205
913.725 5874
913.991 542576
887.350 900
907.250 900
914.501 748873
915.399 714428
915.563 714032
915.577 423044
915.900 5947
915.906 372404
915.918 668008
916.001 728049
916.799 405919
916.822 514038
916.922 422442
916.925 5870
917.141 542094
917.745 441112
917.799 525264
917.964 407490
919.002 463170
919.321 757064
919.382 341302
919.550 338594
920.832 341811
920.900 5924
920.904 429698
921.003 763064
921.032 444701
921.080 440930
921.500 6003
921.857 542094
922.005 706082
922.373 474114
922.500 5928
922.664 349982
922.674 696965
923.095 428246
923.241 460032
923.337 450176
923.405 659201
924.025 435612
924.050 473801
924.584 657275
924.825 5770
924.863 468008
924.908 427043
924.977 510341
925.164 422452
925.270 483567
925.292 694157
925.424 352297
925.431 400303
925.675 5797
925.995 726966
926.002 464567
926.104 661543
926.250 335798
926.450 362981
926.707 426085
926.800 5771
927.065 443121
927.312 521355
927.797 434467
927.904 434546
928.330 528672
928.337 738767
928.414 428195
928.695 530093
928.909 451848
929.039 695879
929.143 667323
929.218 383678
929.400 373175
929.700 5874
929.859 443216
930.564 442839
930.839 422380
930.887 431552
931.186 451156
931.905 659418
932.576 444038
932.955 789922
932.999 533802
933.202 503217
933.500 5947
933.630 466527
933.751 460922
934.279 618910
934.708 409125
934.885 534549
934.953 508017
935.081 452374
935.100 6038
935.278 443648
935.803 493507
936.562 346141
936.634 415911
937.025 229196
937.082 676189
937.100 5870
937.392 400247
937.433 456590
937.693 400183
937.785 446904
937.961 427631
932.675 900
938.050 475217
938.503 670007
938.650 5827
938.975 5924
938.981 691694
939.172 485625
939.224 387373
939.550 5770
939.768 504330
940.100 5928
940.517 346196
940.822 460406
940.877 474114
940.925 336304
940.991 368859
941.500 5797
941.532 401982
942.001 396270
942.100 6003
942.200 338594
942.500 336328
942.597 433333
943.390 425529
943.475 382892
943.775 209511
945.350 336425
945.860 436934
945.884 686329
945.925 6031
946.157 507064
946.898 454328
947.037 407780
947.613 453580
948.113 444515
948.297 365661
948.675 398362
948.911 380318
948.963 445418
949.167 421234
950.137 493187
950.150 209651
950.342 457424
950.609 491598
950.738 349803
951.381 468582
951.544 619404
952.225 5874
952.491 372132
952.575 5797
952.725 5827
952.875 336274
952.925 5924
952.983 464770
953.093 369937
953.450 5928
953.475 225742
953.513 454066
953.914 454554
954.254 514990
954.531 484368
954.536 472141
954.608 482824
954.625 5771
955.325 336184
955.658 413406
956.025 535566
956.146 425413
956.176 464908
956.681 700805
956.747 409857
956.748 399315
956.925 6038
956.951 738514
956.975 5870
956.975 5947
957.623 458240
957.648 453794
957.875 6031
958.232 399030
958.880 771723
958.928 525609
958.939 399878
959.459 410738
959.687 460372
959.872 405637
960.061 429360
960.876 453218
961.024 400243
961.330 513682
961.443 422003
961.655 396105
962.126 386545
962.443 421606
962.946 725489
963.125 204421
963.342 435624
963.708 542043
963.725 211336
964.050 18195
964.219 398209
964.328 498549
964.449 496756
951.550 900
964.466 472283
964.489 387177
964.524 436463
964.734 376362
964.837 344882
965.185 384193
966.305 393126
966.319 454127
966.625 5827
966.659 416782
966.734 490077
966.900 5770
966.925 6003
967.300 6038
967.387 714154
967.700 5924
968.000 5928
968.175 195352
968.350 5771
968.550 5797
968.575 213023
968.950 5874
969.070 529174
969.074 396547
969.150 338594
969.525 336002
969.575 336029
969.700 215979
969.775 5947
969.925 6031
970.187 746779
970.352 530466
970.449 729432
970.561 391911
970.601 538698
970.732 424529
970.850 5870
970.907 440003
971.141 421056
971.468 394094
972.062 415406
972.233 457232
972.400 2757
972.490 436063
972.495 497473
972.700 184387
973.008 721501
973.039 495299
973.075 2686
973.325 2823
973.425 2753
973.425 335798
973.600 211932
973.850 2797
973.875 210233
973.975 2756
974.150 216108
974.150 2802
974.200 2777
974.325 211912
974.325 224036
974.425 2886
974.584 501503
974.672 480613
974.800 207345
974.900 209075
975.175 211363
975.225 2748
975.300 2885
975.325 213695
975.375 212528
975.400 206657
975.525 217635
975.550 212545
975.551 401324
975.600 210828
975.627 488466
975.700 205564
975.820 488083
975.825 216016
975.900 200468
975.900 211883
975.900 216587
975.925 219948
976.075 193607
976.150 210702
976.200 218352
976.225 209033
976.230 417610
976.375 214854
976.394 487713
976.450 223329
976.550 207932
976.550 226867
976.650 215351
976.750 215419
976.800 209651
976.850 211336
976.875 208462
976.900 216989
976.950 215954
976.975 215370
968.850 900
977.125 209516
977.161 508086
977.200 209622
977.248 506261
977.250 543025
977.300 205086
977.383 421237
977.400 204421
977.450 208961
977.575 206767
977.575 225003
977.725 336123
977.800 205519
977.800 216597
977.800 217136
977.825 230870
977.841 428557
977.875 218855
977.877 437047
977.900 210189
977.950 214138
978.025 213689
978.050 2757
978.075 214839
978.075 2818
978.125 213001
978.175 222381
978.200 226944
978.300 208377
978.375 217667
978.375 2775
978.400 2794
978.450 225743
978.500 212550
978.500 213610
978.600 206164
978.650 225217
978.650 2756
978.750 210820
978.753 418550
978.775 213129
978.778 492765
978.825 207082
978.850 225764
978.900 2802
979.025 20666
979.050 20716
979.050 210212
979.075 210812
979.075 2686
979.150 208918
979.150 2753
979.175 336124
979.200 192812
979.225 211346
979.225 2823
979.250 213012
979.250 218901
979.250 230941
979.275 207929
979.275 336000
979.275 336061
979.300 335914
979.350 195120
979.400 2777
979.425 336184
979.475 2864
979.500 229196
979.500 2797
979.525 336002
979.550 228089
979.550 228606
979.575 204378
979.575 336277
979.576 450338
979.600 218822
979.600 220022
979.650 219295
979.675 218782
979.675 335798
979.700 222256
979.700 336398
979.725 2883
979.775 205577
979.800 336367
979.850 228653
979.875 209490
979.875 211386
979.875 214270
979.875 336187
979.875 336304
979.900 336244
979.925 203138
979.925 214768
979.925 336029
979.950 206665
980.000 20730
980.000 222239
980.025 214159
980.050 208387
980.050 211817
980.050 213010
980.050 215979
980.075 213088
980.075 336334
980.100 336179
980.125 200750
980.150 209511
980.175 207857
980.175 208342
980.175 219810
980.175 225722
980.200 213023
980.250 230938
980.250 336274
980.375 221611
980.400 230295
980.425 2886
980.507 757591
980.525 336240
980.625 234148
980.675 217639
980.725 336146
980.750 336148
980.750 336272
980.775 236810
980.775 336395
980.800 229136
980.810 393830
980.825 217556
980.850 221057
980.850 230297
980.925 224545
980.925 2748
981.000 219932
981.100 224544
981.175 222198
981.175 222715
981.200 225742
981.200 336425
981.325 229029
981.350 225724
981.366 406877
981.400 336426
981.450 205506
981.475 232069
981.500 207638
981.525 336363
981.575 201895
981.600 223970
981.600 233673
981.700 207867
981.789 349456
981.800 336022
981.850 218722
981.900 393656
981.925 227977
982.025 229779
982.071 381300
982.075 226222
982.175 336268
982.275 217493
982.300 336548
982.375 336239
982.400 230315
982.500 229178
982.775 336123
982.800 336329
982.900 2775
982.950 2885
982.982 501234
983.025 226269
983.050 228487
983.075 2818
983.146 409954
983.175 336117
983.200 221037
983.200 336328
983.350 228516
983.375 230881
983.425 2794
983.475 230184
983.500 218731
983.535 369289
983.550 234344
983.801 513632
983.850 336389
983.861 738457
983.875 223757
984.050 229627
984.075 336002
984.075 336184
984.100 2797
984.150 336061
984.150 336124
984.200 236008
984.250 336386
984.250 336387
984.325 2864
984.350 336000
984.375 234279
984.375 335914
984.489 400951
984.500 2883
984.525 236049
984.575 336029
984.600 232557
984.625 336542
984.650 224371
984.700 223307
984.725 336367
984.775 222140
984.800 234916
984.850 245101
984.925 336277
984.925 336478
984.975 336244
985.000 336398
985.075 222106
985.200 336240
985.275 336304
985.400 336274
985.450 233699
985.475 241913
985.475 336148
985.525 336334
985.650 336179
985.675 336187
985.905 385736
986.476 430601
986.525 336425
986.700 336363
987.020 517895
987.737 520986
987.806 455515
987.825 336272
988.260 426543
988.773 515033
988.800 440751
989.175 336548
989.300 336146
989.575 336541
989.650 336389
989.694 534178
989.730 660112
989.736 449240
989.950 336387
989.998 426862
990.205 515782
990.375 336478
991.904 388165
992.383 404526
992.675 5827
992.690 442795
992.850 5797
993.000 5874
993.148 465189
993.625 5771
993.650 5928
993.678 498549
993.758 683121
994.082 409053
994.233 476024
994.620 391797
994.825 6038
995.005 541876
995.079 701991
995.225 5770
995.260 399949
995.588 462430
995.971 508036
995.995 459033
996.125 6031
996.247 342454
996.275 5924
996.600 338594
996.850 2802
997.036 376607
997.262 480184
997.385 408857
998.261 465474
998.317 426769
998.709 411106
999.018 490524
999.599 730685
999.925 12997
1000.205 441806
1000.279 400183
1000.414 390196
1000.725 455034
1001.650 12508
1001.854 537688
1002.054 522730
1002.069 453604
1002.540 539475
1002.757 444038
1002.840 452116
1003.667 411326
1004.154 523759
1004.185 415284
1004.343 515270
1004.852 504418
1004.967 449620
1005.530 472694
1006.026 455629
1006.236 364314
