secname	pos	x	y	z	dist	diam	cm	Ra	gmax_ch_CavL	gmax_ch_CavN	gmax_ch_HCN	gmax_ch_HCNolm	gmax_ch_HCNp	gmax_ch_KCaS	gmax_ch_Kdrfast	gmax_ch_Kdrfastngf	gmax_ch_Kdrp	gmax_ch_Kdrslow	gmax_ch_KvAdistp	gmax_ch_KvA	gmax_ch_KvAngf	gmax_ch_KvAolm	gmax_ch_KvAproxp	gmax_ch_KvCaB	gmax_ch_KvGroup	gmax_ch_KvM	gmax_ch_leak	gmax_ch_Navaxonp	gmax_ch_Navbis	gmax_ch_Navcck	gmax_ch_Nav	gmax_ch_Navngf	gmax_ch_Navp
pvbasketcell[0].soma[0]	0	3663.33	807.5	125	0	10	1.4	100	0.005	0.0008	0	0	0	2e-06	0.013	0	0	0	0	0.00015	0	0	0	2e-07	0	0	0.000180018	0.15	0	0	0	0	0
pvbasketcell[0].soma[0]	0.5	3663.33	807.5	125	10	10	1.4	100	0.005	0.0008	0	0	0	2e-06	0.013	0	0	0	0	0.00015	0	0	0	2e-07	0	0	0.000180018	0.15	0	0	0	0	0
pvbasketcell[0].soma[0]	1	3663.33	807.5	125	20	10	1.4	100	0.005	0.0008	0	0	0	2e-06	0.013	0	0	0	0	0.00015	0	0	0	2e-07	0	0	0.000180018	0.15	0	0	0	0	0
pvbasketcell[0].dend[0]	0	3663.33	827.5	125	20	4	1.4	100	0.005	0.0008	0	0	0	2e-06	0.013	0	0	0	0	0.00015	0	0	0	2e-07	0	0	0.000180018	0.15	0	0	0	0	0
pvbasketcell[0].dend[0]	0.5	3663.33	827.5	125	70	4	1.4	100	0.005	0.0008	0	0	0	2e-06	0.013	0	0	0	0	0.00015	0	0	0	2e-07	0	0	0.000180018	0.15	0	0	0	0	0
pvbasketcell[0].dend[0]	1	3663.33	827.5	125	120	4	1.4	100	0.005	0.0008	0	0	0	2e-06	0.013	0	0	0	0	0.00015	0	0	0	2e-07	0	0	0.000180018	0.15	0	0	0	0	0
pvbasketcell[0].dend[1]	0	3702.28	919.606	125	120	3	1.4	100	0.005	0.0008	0	0	0	2e-06	0.013	0	0	0	0	0.00015	0	0	0	2e-07	0	0	0.000180018	0.15	0	0	0	0	0
pvbasketcell[0].dend[1]	0.166667	3702.28	919.606	125	136.667	3	1.4	100	0.005	0.0008	0	0	0	2e-06	0.013	0	0	0	0	0.00015	0	0	0	2e-07	0	0	0.000180018	0.15	0	0	0	0	0
pvbasketcell[0].dend[1]	0.5	3702.28	919.606	125	170	3	1.4	100	0.005	0.0008	0	0	0	2e-06	0.013	0	0	0	0	0.00015	0	0	0	2e-07	0	0	0.000180018	0.15	0	0	0	0	0
pvbasketcell[0].dend[1]	0.833333	3702.28	919.606	125	203.333	3	1.4	100	0.005	0.0008	0	0	0	2e-06	0.013	0	0	0	0	0.00015	0	0	0	2e-07	0	0	0.000180018	0.15	0	0	0	0	0
pvbasketcell[0].dend[1]	1	3702.28	919.606	125	220	3	1.4	100	0.005	0.0008	0	0	0	2e-06	0.013	0	0	0	0	0.00015	0	0	0	2e-07	0	0	0.000180018	0.15	0	0	0	0	0
pvbasketcell[0].dend[2]	0	3741.22	1011.71	125	220	2	1.4	100	0.005	0.0008	0	0	0	2e-06	0.013	0	0	0	0	0.00015	0	0	0	2e-07	0	0	0.000180018	0.15	0	0	0	0	0
pvbasketcell[0].dend[2]	0.166667	3741.22	1011.71	125	253.333	2	1.4	100	0.005	0.0008	0	0	0	2e-06	0.013	0	0	0	0	0.00015	0	0	0	2e-07	0	0	0.000180018	0.15	0	0	0	0	0
pvbasketcell[0].dend[2]	0.5	3741.22	1011.71	125	320	2	1.4	100	0.005	0.0008	0	0	0	2e-06	0.013	0	0	0	0	0.00015	0	0	0	2e-07	0	0	0.000180018	0.15	0	0	0	0	0
pvbasketcell[0].dend[2]	0.833333	3741.22	1011.71	125	386.666	2	1.4	100	0.005	0.0008	0	0	0	2e-06	0.013	0	0	0	0	0.00015	0	0	0	2e-07	0	0	0.000180018	0.15	0	0	0	0	0
pvbasketcell[0].dend[2]	1	3741.22	1011.71	125	420	2	1.4	100	0.005	0.0008	0	0	0	2e-06	0.013	0	0	0	0	0.00015	0	0	0	2e-07	0	0	0.000180018	0.15	0	0	0	0	0
pvbasketcell[0].dend[3]	0	3819.1	1195.92	125	420	1.5	1.4	100	0.005	0.0008	0	0	0	2e-06	0.013	0	0	0	0	0.00015	0	0	0	2e-07	0	0	0.000180018	0.15	0	0	0	0	0
pvbasketcell[0].dend[3]	0.166667	3819.1	1195.92	125	436.666	1.5	1.4	100	0.005	0.0008	0	0	0	2e-06	0.013	0	0	0	0	0.00015	0	0	0	2e-07	0	0	0.000180018	0.15	0	0	0	0	0
pvbasketcell[0].dend[3]	0.5	3819.1	1195.92	125	470	1.5	1.4	100	0.005	0.0008	0	0	0	2e-06	0.013	0	0	0	0	0.00015	0	0	0	2e-07	0	0	0.000180018	0.15	0	0	0	0	0
pvbasketcell[0].dend[3]	0.833333	3819.1	1195.92	125	503.334	1.5	1.4	100	0.005	0.0008	0	0	0	2e-06	0.013	0	0	0	0	0.00015	0	0	0	2e-07	0	0	0.000180018	0.15	0	0	0	0	0
pvbasketcell[0].dend[3]	1	3819.1	1195.92	125	520	1.5	1.4	100	0.005	0.0008	0	0	0	2e-06	0.013	0	0	0	0	0.00015	0	0	0	2e-07	0	0	0.000180018	0.15	0	0	0	0	0
pvbasketcell[0].dend[4]	0	3858.04	1288.03	125	520	1	1.4	100	0.005	0.0008	0	0	0	2e-06	0.013	0	0	0	0	0.00015	0	0	0	2e-07	0	0	0.000180018	0.15	0	0	0	0	0
pvbasketcell[0].dend[4]	0.166667	3858.04	1288.03	125	536.667	1	1.4	100	0.005	0.0008	0	0	0	2e-06	0.013	0	0	0	0	0.00015	0	0	0	2e-07	0	0	0.000180018	0.15	0	0	0	0	0
pvbasketcell[0].dend[4]	0.5	3858.04	1288.03	125	570	1	1.4	100	0.005	0.0008	0	0	0	2e-06	0.013	0	0	0	0	0.00015	0	0	0	2e-07	0	0	0.000180018	0.15	0	0	0	0	0
pvbasketcell[0].dend[4]	0.833333	3858.04	1288.03	125	603.334	1	1.4	100	0.005	0.0008	0	0	0	2e-06	0.013	0	0	0	0	0.00015	0	0	0	2e-07	0	0	0.000180018	0.15	0	0	0	0	0
pvbasketcell[0].dend[4]	1	3858.04	1288.03	125	620	1	1.4	100	0.005	0.0008	0	0	0	2e-06	0.013	0	0	0	0	0.00015	0	0	0	2e-07	0	0	0.000180018	0.15	0	0	0	0	0
pvbasketcell[0].dend[5]	0	3663.33	827.5	125	20	4	1.4	100	0.005	0.0008	0	0	0	2e-06	0.013	0	0	0	0	0.00015	0	0	0	2e-07	0	0	0.000180018	0.15	0	0	0	0	0
pvbasketcell[0].dend[5]	0.5	3663.33	827.5	125	69.9999	4	1.4	100	0.005	0.0008	0	0	0	2e-06	0.013	0	0	0	0	0.00015	0	0	0	2e-07	0	0	0.000180018	0.15	0	0	0	0	0
pvbasketcell[0].dend[5]	1	3663.33	827.5	125	120	4	1.4	100	0.005	0.0008	0	0	0	2e-06	0.013	0	0	0	0	0.00015	0	0	0	2e-07	0	0	0.000180018	0.15	0	0	0	0	0
pvbasketcell[0].dend[6]	0	3624.39	919.606	125	120	3	1.4	100	0.005	0.0008	0	0	0	2e-06	0.013	0	0	0	0	0.00015	0	0	0	2e-07	0	0	0.000180018	0.15	0	0	0	0	0
pvbasketcell[0].dend[6]	0.166667	3624.39	919.606	125	136.667	3	1.4	100	0.005	0.0008	0	0	0	2e-06	0.013	0	0	0	0	0.00015	0	0	0	2e-07	0	0	0.000180018	0.15	0	0	0	0	0
pvbasketcell[0].dend[6]	0.5	3624.39	919.606	125	170	3	1.4	100	0.005	0.0008	0	0	0	2e-06	0.013	0	0	0	0	0.00015	0	0	0	2e-07	0	0	0.000180018	0.15	0	0	0	0	0
pvbasketcell[0].dend[6]	0.833333	3624.39	919.606	125	203.333	3	1.4	100	0.005	0.0008	0	0	0	2e-06	0.013	0	0	0	0	0.00015	0	0	0	2e-07	0	0	0.000180018	0.15	0	0	0	0	0
pvbasketcell[0].dend[6]	1	3624.39	919.606	125	220	3	1.4	100	0.005	0.0008	0	0	0	2e-06	0.013	0	0	0	0	0.00015	0	0	0	2e-07	0	0	0.000180018	0.15	0	0	0	0	0
pvbasketcell[0].dend[7]	0	3585.45	1011.71	125	220	2	1.4	100	0.005	0.0008	0	0	0	2e-06	0.013	0	0	0	0	0.00015	0	0	0	2e-07	0	0	0.000180018	0.15	0	0	0	0	0
pvbasketcell[0].dend[7]	0.166667	3585.45	1011.71	125	253.333	2	1.4	100	0.005	0.0008	0	0	0	2e-06	0.013	0	0	0	0	0.00015	0	0	0	2e-07	0	0	0.000180018	0.15	0	0	0	0	0
pvbasketcell[0].dend[7]	0.5	3585.45	1011.71	125	320	2	1.4	100	0.005	0.0008	0	0	0	2e-06	0.013	0	0	0	0	0.00015	0	0	0	2e-07	0	0	0.000180018	0.15	0	0	0	0	0
pvbasketcell[0].dend[7]	0.833333	3585.45	1011.71	125	386.666	2	1.4	100	0.005	0.0008	0	0	0	2e-06	0.013	0	0	0	0	0.00015	0	0	0	2e-07	0	0	0.000180018	0.15	0	0	0	0	0
pvbasketcell[0].dend[7]	1	3585.45	1011.71	125	420	2	1.4	100	0.005	0.0008	0	0	0	2e-06	0.013	0	0	0	0	0.00015	0	0	0	2e-07	0	0	0.000180018	0.15	0	0	0	0	0
pvbasketcell[0].dend[8]	0	3507.57	1195.92	125	420	1.5	1.4	100	0.005	0.0008	0	0	0	2e-06	0.013	0	0	0	0	0.00015	0	0	0	2e-07	0	0	0.000180018	0.15	0	0	0	0	0
pvbasketcell[0].dend[8]	0.166667	3507.57	1195.92	125	436.666	1.5	1.4	100	0.005	0.0008	0	0	0	2e-06	0.013	0	0	0	0	0.00015	0	0	0	2e-07	0	0	0.000180018	0.15	0	0	0	0	0
pvbasketcell[0].dend[8]	0.5	3507.57	1195.92	125	470	1.5	1.4	100	0.005	0.0008	0	0	0	2e-06	0.013	0	0	0	0	0.00015	0	0	0	2e-07	0	0	0.000180018	0.15	0	0	0	0	0
pvbasketcell[0].dend[8]	0.833333	3507.57	1195.92	125	503.334	1.5	1.4	100	0.005	0.0008	0	0	0	2e-06	0.013	0	0	0	0	0.00015	0	0	0	2e-07	0	0	0.000180018	0.15	0	0	0	0	0
pvbasketcell[0].dend[8]	1	3507.57	1195.92	125	520	1.5	1.4	100	0.005	0.0008	0	0	0	2e-06	0.013	0	0	0	0	0.00015	0	0	0	2e-07	0	0	0.000180018	0.15	0	0	0	0	0
pvbasketcell[0].dend[9]	0	3468.62	1288.03	125	520	1	1.4	100	0.005	0.0008	0	0	0	2e-06	0.013	0	0	0	0	0.00015	0	0	0	2e-07	0	0	0.000180018	0.15	0	0	0	0	0
pvbasketcell[0].dend[9]	0.166667	3468.62	1288.03	125	536.667	1	1.4	100	0.005	0.0008	0	0	0	2e-06	0.013	0	0	0	0	0.00015	0	0	0	2e-07	0	0	0.000180018	0.15	0	0	0	0	0
pvbasketcell[0].dend[9]	0.5	3468.62	1288.03	125	570	1	1.4	100	0.005	0.0008	0	0	0	2e-06	0.013	0	0	0	0	0.00015	0	0	0	2e-07	0	0	0.000180018	0.15	0	0	0	0	0
pvbasketcell[0].dend[9]	0.833333	3468.62	1288.03	125	603.334	1	1.4	100	0.005	0.0008	0	0	0	2e-06	0.013	0	0	0	0	0.00015	0	0	0	2e-07	0	0	0.000180018	0.15	0	0	0	0	0
pvbasketcell[0].dend[9]	1	3468.62	1288.03	125	620	1	1.4	100	0.005	0.0008	0	0	0	2e-06	0.013	0	0	0	0	0.00015	0	0	0	2e-07	0	0	0.000180018	0.15	0	0	0	0	0
pvbasketcell[0].dend[10]	0	3663.33	807.5	125	0	2	1.4	100	0.005	0.0008	0	0	0	2e-06	0.013	0	0	0	0	0.00015	0	0	0	2e-07	0	0	0.000180018	0.15	0	0	0	0	0
pvbasketcell[0].dend[10]	0.166667	3663.33	807.5	125	16.6667	2	1.4	100	0.005	0.0008	0	0	0	2e-06	0.013	0	0	0	0	0.00015	0	0	0	2e-07	0	0	0.000180018	0.15	0	0	0	0	0
pvbasketcell[0].dend[10]	0.5	3663.33	807.5	125	50	2	1.4	100	0.005	0.0008	0	0	0	2e-06	0.013	0	0	0	0	0.00015	0	0	0	2e-07	0	0	0.000180018	0.15	0	0	0	0	0
pvbasketcell[0].dend[10]	0.833333	3663.33	807.5	125	83.3333	2	1.4	100	0.005	0.0008	0	0	0	2e-06	0.013	0	0	0	0	0.00015	0	0	0	2e-07	0	0	0.000180018	0.15	0	0	0	0	0
pvbasketcell[0].dend[10]	1	3663.33	807.5	125	99.9999	2	1.4	100	0.005	0.0008	0	0	0	2e-06	0.013	0	0	0	0	0.00015	0	0	0	2e-07	0	0	0.000180018	0.15	0	0	0	0	0
pvbasketcell[0].dend[11]	0	3624.39	715.394	125	99.9999	1.5	1.4	100	0.005	0.0008	0	0	0	2e-06	0.013	0	0	0	0	0.00015	0	0	0	2e-07	0	0	0.000180018	0.15	0	0	0	0	0
pvbasketcell[0].dend[11]	0.166667	3624.39	715.394	125	116.667	1.5	1.4	100	0.005	0.0008	0	0	0	2e-06	0.013	0	0	0	0	0.00015	0	0	0	2e-07	0	0	0.000180018	0.15	0	0	0	0	0
pvbasketcell[0].dend[11]	0.5	3624.39	715.394	125	150	1.5	1.4	100	0.005	0.0008	0	0	0	2e-06	0.013	0	0	0	0	0.00015	0	0	0	2e-07	0	0	0.000180018	0.15	0	0	0	0	0
pvbasketcell[0].dend[11]	0.833333	3624.39	715.394	125	183.333	1.5	1.4	100	0.005	0.0008	0	0	0	2e-06	0.013	0	0	0	0	0.00015	0	0	0	2e-07	0	0	0.000180018	0.15	0	0	0	0	0
pvbasketcell[0].dend[11]	1	3624.39	715.394	125	200	1.5	1.4	100	0.005	0.0008	0	0	0	2e-06	0.013	0	0	0	0	0.00015	0	0	0	2e-07	0	0	0.000180018	0.15	0	0	0	0	0
pvbasketcell[0].dend[12]	0	3585.45	623.288	125	200	1	1.4	100	0.005	0.0008	0	0	0	2e-06	0.013	0	0	0	0	0.00015	0	0	0	2e-07	0	0	0.000180018	0.15	0	0	0	0	0
pvbasketcell[0].dend[12]	0.166667	3585.45	623.288	125	216.666	1	1.4	100	0.005	0.0008	0	0	0	2e-06	0.013	0	0	0	0	0.00015	0	0	0	2e-07	0	0	0.000180018	0.15	0	0	0	0	0
pvbasketcell[0].dend[12]	0.5	3585.45	623.288	125	250	1	1.4	100	0.005	0.0008	0	0	0	2e-06	0.013	0	0	0	0	0.00015	0	0	0	2e-07	0	0	0.000180018	0.15	0	0	0	0	0
pvbasketcell[0].dend[12]	0.833333	3585.45	623.288	125	283.333	1	1.4	100	0.005	0.0008	0	0	0	2e-06	0.013	0	0	0	0	0.00015	0	0	0	2e-07	0	0	0.000180018	0.15	0	0	0	0	0
pvbasketcell[0].dend[12]	1	3585.45	623.288	125	300	1	1.4	100	0.005	0.0008	0	0	0	2e-06	0.013	0	0	0	0	0.00015	0	0	0	2e-07	0	0	0.000180018	0.15	0	0	0	0	0
pvbasketcell[0].dend[13]	0	3663.33	807.5	125	0	2	1.4	100	0.005	0.0008	0	0	0	2e-06	0.013	0	0	0	0	0.00015	0	0	0	2e-07	0	0	0.000180018	0.15	0	0	0	0	0
pvbasketcell[0].dend[13]	0.166667	3663.33	807.5	125	16.6667	2	1.4	100	0.005	0.0008	0	0	0	2e-06	0.013	0	0	0	0	0.00015	0	0	0	2e-07	0	0	0.000180018	0.15	0	0	0	0	0
pvbasketcell[0].dend[13]	0.5	3663.33	807.5	125	50	2	1.4	100	0.005	0.0008	0	0	0	2e-06	0.013	0	0	0	0	0.00015	0	0	0	2e-07	0	0	0.000180018	0.15	0	0	0	0	0
pvbasketcell[0].dend[13]	0.833333	3663.33	807.5	125	83.3333	2	1.4	100	0.005	0.0008	0	0	0	2e-06	0.013	0	0	0	0	0.00015	0	0	0	2e-07	0	0	0.000180018	0.15	0	0	0	0	0
pvbasketcell[0].dend[13]	1	3663.33	807.5	125	100	2	1.4	100	0.005	0.0008	0	0	0	2e-06	0.013	0	0	0	0	0.00015	0	0	0	2e-07	0	0	0.000180018	0.15	0	0	0	0	0
pvbasketcell[0].dend[14]	0	3702.28	715.394	125	100	1.5	1.4	100	0.005	0.0008	0	0	0	2e-06	0.013	0	0	0	0	0.00015	0	0	0	2e-07	0	0	0.000180018	0.15	0	0	0	0	0
pvbasketcell[0].dend[14]	0.166667	3702.28	715.394	125	116.667	1.5	1.4	100	0.005	0.0008	0	0	0	2e-06	0.013	0	0	0	0	0.00015	0	0	0	2e-07	0	0	0.000180018	0.15	0	0	0	0	0
pvbasketcell[0].dend[14]	0.5	3702.28	715.394	125	150	1.5	1.4	100	0.005	0.0008	0	0	0	2e-06	0.013	0	0	0	0	0.00015	0	0	0	2e-07	0	0	0.000180018	0.15	0	0	0	0	0
pvbasketcell[0].dend[14]	0.833333	3702.28	715.394	125	183.333	1.5	1.4	100	0.005	0.0008	0	0	0	2e-06	0.013	0	0	0	0	0.00015	0	0	0	2e-07	0	0	0.000180018	0.15	0	0	0	0	0
pvbasketcell[0].dend[14]	1	3702.28	715.394	125	200	1.5	1.4	100	0.005	0.0008	0	0	0	2e-06	0.013	0	0	0	0	0.00015	0	0	0	2e-07	0	0	0.000180018	0.15	0	0	0	0	0
pvbasketcell[0].dend[15]	0	3741.22	623.288	125	200	1	1.4	100	0.005	0.0008	0	0	0	2e-06	0.013	0	0	0	0	0.00015	0	0	0	2e-07	0	0	0.000180018	0.15	0	0	0	0	0
pvbasketcell[0].dend[15]	0.166667	3741.22	623.288	125	216.667	1	1.4	100	0.005	0.0008	0	0	0	2e-06	0.013	0	0	0	0	0.00015	0	0	0	2e-07	0	0	0.000180018	0.15	0	0	0	0	0
pvbasketcell[0].dend[15]	0.5	3741.22	623.288	125	250	1	1.4	100	0.005	0.0008	0	0	0	2e-06	0.013	0	0	0	0	0.00015	0	0	0	2e-07	0	0	0.000180018	0.15	0	0	0	0	0
pvbasketcell[0].dend[15]	0.833333	3741.22	623.288	125	283.333	1	1.4	100	0.005	0.0008	0	0	0	2e-06	0.013	0	0	0	0	0.00015	0	0	0	2e-07	0	0	0.000180018	0.15	0	0	0	0	0
pvbasketcell[0].dend[15]	1	3741.22	623.288	125	300	1	1.4	100	0.005	0.0008	0	0	0	2e-06	0.013	0	0	0	0	0.00015	0	0	0	2e-07	0	0	0.000180018	0.15	0	0	0	0	0
