0	0
0.5	5.3045e-25
1	3.25661e-25
1.5	1.68851e-25
2	-1.00461e-25
2.5	-5.2312e-26
3	-1.20638e-25
3.5	-1.07753e-07
4	-3.91005e-07
4.5	-8.00568e-07
5	-1.31679e-06
5.5	-1.92771e-06
6	-2.43527e-06
6.5	-3.0455e-06
7	-3.56202e-06
7.5	-4.06056e-06
8	-4.58131e-06
8.5	-4.87896e-06
9	-4.90245e-06
9.5	-4.74587e-06
10	-4.44514e-06
10.5	-4.1996e-06
11	-4.18244e-06
11.5	-4.15624e-06
12	-4.02405e-06
12.5	-4.14766e-06
13	-4.25191e-06
13.5	2.54509e-06
14	1.60146e-06
14.5	-1.52956e-06
15	-1.34491e-06
15.5	-3.89465e-06
16	-4.25898e-06
16.5	-4.2343e-06
17	-3.79541e-06
17.5	-3.42408e-06
18	-2.99136e-06
18.5	-2.89395e-06
19	-2.90145e-06
19.5	-2.72571e-06
20	-2.48071e-06
20.5	-1.89509e-06
21	-2.14468e-06
21.5	-2.25494e-06
22	-2.393e-06
22.5	-2.71604e-06
23	-3.03978e-06
23.5	-2.64596e-06
24	-3.76662e-06
24.5	-5.10834e-06
25	-7.18277e-06
25.5	-5.76069e-06
26	-5.16791e-06
26.5	-7.70725e-06
27	-9.60862e-06
27.5	-1.07763e-05
28	-1.09408e-05
28.5	-8.97505e-06
29	-1.28388e-05
29.5	-9.75962e-06
30	-1.80632e-05
30.5	-0.000136327
31	8.34166e-05
31.5	0.000789069
32	0.000713672
32.5	0.000406225
33	-7.03215e-05
33.5	-5.22826e-05
34	-4.49154e-05
34.5	-3.02996e-05
35	-3.08538e-05
35.5	6.62445e-07
36	-0.00018072
36.5	0.000226913
37	0.000456565
37.5	0.000226739
38	-3.18473e-05
38.5	-3.90318e-05
39	-2.02509e-05
39.5	-9.07683e-06
40	-3.42495e-06
40.5	-8.48633e-07
41	4.09187e-07
41.5	1.03793e-06
42	1.21891e-06
42.5	1.0377e-06
43	6.17553e-07
43.5	-1.24111e-08
44	-1.0173e-06
44.5	-1.92206e-06
45	-2.6885e-06
45.5	-3.31563e-06
46	-3.99447e-06
46.5	-4.58582e-06
47	-4.92519e-06
47.5	-5.1966e-06
48	-5.2993e-06
48.5	-5.10841e-06
49	-4.95027e-06
49.5	1.42748e-06
50	5.75695e-07
50.5	9.62607e-07
51	4.20638e-06
51.5	1.05096e-06
52	-1.53089e-06
52.5	-3.03354e-06
53	-3.45711e-06
53.5	-3.90885e-06
54	-4.33991e-06
54.5	-4.65791e-06
55	-4.82442e-06
55.5	-4.83345e-06
56	-5.04559e-06
56.5	-5.2638e-06
57	-5.42102e-06
57.5	-5.77157e-06
58	-6.48733e-06
58.5	-7.17758e-06
59	-7.76728e-06
59.5	-8.38814e-06
60	-9.07513e-06
60.5	-9.72554e-06
61	-1.0441e-05
61.5	-1.13566e-05
62	-1.23593e-05
62.5	-1.43182e-05
63	-7.63539e-05
63.5	-0.000218879
64	0.000175182
64.5	7.49501e-05
65	4.34776e-05
65.5	-9.58923e-05
66	-5.44838e-05
66.5	-2.07575e-05
67	-1.11634e-05
67.5	-3.21338e-06
68	-1.04951e-06
68.5	-1.4499e-06
69	-2.69061e-06
69.5	-4.05469e-06
70	-5.20409e-06
70.5	-6.09749e-06
71	-6.80558e-06
71.5	-7.47368e-06
72	-7.84702e-06
72.5	-8.21846e-06
73	-8.59261e-06
73.5	-9.05327e-06
74	-9.40311e-06
74.5	-9.74765e-06
75	-9.98611e-06
75.5	-1.02167e-05
76	-1.04421e-05
76.5	-1.06505e-05
77	-1.08801e-05
77.5	-1.10169e-05
78	-1.1262e-05
78.5	-1.19324e-05
79	-1.33239e-05
79.5	-1.86554e-05
80	-0.000108663
80.5	0.000223509
81	0.000254662
81.5	0.000119092
82	-8.89813e-05
82.5	-0.000118375
83	-2.64606e-05
83.5	-1.14398e-05
84	-4.2142e-06
84.5	-2.30508e-06
85	-2.88269e-06
85.5	-4.08448e-06
86	-4.96134e-06
86.5	-5.69318e-06
87	-6.60361e-06
87.5	-5.10176e-06
88	-5.12401e-06
88.5	-4.66798e-06
89	-4.24594e-06
89.5	-4.08178e-06
90	-4.08234e-06
90.5	-4.10138e-06
91	-4.03177e-06
91.5	-4.04816e-06
92	-3.90173e-06
92.5	-3.6462e-06
93	-3.47667e-06
93.5	-3.40799e-06
94	-3.42611e-06
94.5	-1.31309e-07
95	5.20374e-07
95.5	-6.13067e-07
96	1.87752e-06
96.5	-3.95948e-07
97	-9.61007e-07
97.5	-1.48704e-06
98	-2.48568e-06
98.5	-4.01676e-06
99	-4.8092e-06
99.5	-5.30744e-06
100	-5.67083e-06
100.5	-5.90221e-06
101	-6.15232e-06
101.5	-6.36463e-06
102	-6.53543e-06
102.5	-6.45623e-06
103	-6.35503e-06
103.5	-6.30723e-06
104	-6.35464e-06
104.5	-6.41937e-06
105	-6.36069e-06
105.5	-6.24375e-06
106	-6.11311e-06
106.5	-5.82613e-06
107	-5.62592e-06
107.5	-5.47605e-06
108	-5.49921e-06
108.5	-2.75796e-06
109	-3.96445e-06
109.5	-4.74898e-06
110	-2.15201e-06
110.5	-2.9806e-06
111	-2.82871e-06
111.5	-5.79528e-06
112	-7.22943e-06
112.5	-6.74739e-06
113	-5.8207e-06
113.5	-7.52572e-06
114	-1.12567e-05
114.5	-8.52488e-06
115	-1.00757e-05
115.5	-7.69515e-06
116	-7.13632e-06
116.5	-5.51111e-06
117	-1.22219e-05
117.5	-9.74299e-06
118	-1.3968e-05
118.5	-1.23278e-05
119	-1.40871e-05
119.5	-1.72849e-05
120	-1.42381e-05
120.5	-1.59191e-05
121	-1.12927e-05
121.5	-1.4557e-05
122	-1.91545e-05
122.5	-2.24396e-05
123	-7.72565e-05
123.5	6.09329e-05
124	-7.16151e-05
124.5	0.000377793
125	0.000206246
125.5	-3.4459e-05
126	-6.98367e-05
126.5	-5.52699e-05
127	-2.83204e-05
127.5	-2.18619e-05
128	-1.33362e-05
128.5	-7.7689e-06
129	-7.01331e-06
129.5	-1.10357e-06
130	1.15554e-06
130.5	-1.52143e-06
131	3.63144e-07
131.5	1.15233e-06
132	1.33505e-06
132.5	1.32219e-06
133	1.13823e-06
133.5	9.47423e-07
134	5.4911e-07
134.5	1.50746e-07
135	-1.64507e-07
135.5	-5.27564e-07
136	-9.2232e-07
136.5	-1.4952e-06
137	-1.91444e-06
137.5	-2.40517e-06
138	-2.82418e-06
138.5	-3.11978e-06
139	-2.04485e-06
139.5	-1.13801e-06
140	-3.0684e-06
140.5	-3.30742e-06
141	-1.33128e-06
141.5	-2.16749e-06
142	-1.66109e-06
142.5	-1.40337e-06
143	-1.34238e-06
143.5	-1.71991e-06
144	-1.71107e-06
144.5	-1.58908e-06
145	-1.52649e-06
145.5	-1.4421e-06
146	-1.46739e-06
146.5	-1.55987e-06
147	-1.66455e-06
147.5	-1.87372e-06
148	-2.11476e-06
148.5	-2.39056e-06
149	-2.67784e-06
149.5	-2.82004e-06
150	-3.01916e-06
150.5	-3.00409e-06
151	-2.93203e-06
151.5	-3.05473e-06
152	-3.28258e-06
152.5	-3.61463e-06
153	-4.00843e-06
153.5	-4.25929e-06
154	-4.29925e-06
154.5	-4.20937e-06
155	-4.13926e-06
155.5	-4.30688e-06
156	1.14056e-06
156.5	3.60843e-06
157	-1.08928e-06
157.5	-5.00715e-06
158	-5.86798e-06
158.5	-5.64631e-06
159	-5.06934e-06
159.5	-5.35742e-06
160	-6.05781e-06
160.5	-6.49582e-06
161	-6.76978e-06
161.5	-7.09035e-06
162	-7.36821e-06
162.5	-7.63162e-06
163	-7.82887e-06
163.5	-7.92694e-06
164	-7.97815e-06
164.5	-8.10005e-06
165	-8.00149e-06
165.5	-7.72675e-06
166	-7.31107e-06
166.5	-6.94321e-06
167	-6.73346e-06
167.5	-6.57391e-06
168	-6.37868e-06
168.5	-6.31887e-06
169	-6.53109e-06
169.5	-6.90467e-06
170	-7.17774e-06
170.5	-2.87629e-06
171	-3.00939e-06
171.5	-4.02213e-06
172	-6.13322e-06
172.5	-8.58709e-06
173	-8.30144e-06
173.5	-7.68175e-06
174	-8.96881e-06
174.5	-8.62848e-06
175	-8.56697e-06
175.5	-8.37264e-06
176	-8.05073e-06
176.5	-7.59004e-06
177	-6.97246e-06
177.5	-6.50855e-06
178	-6.0011e-06
178.5	-5.47681e-06
179	-5.12018e-06
179.5	-5.00354e-06
180	-4.86102e-06
180.5	-4.72536e-06
181	-4.72892e-06
181.5	-4.78388e-06
182	-5.04399e-06
182.5	-5.25662e-06
183	-5.37062e-06
183.5	-5.6451e-06
184	-5.94354e-06
184.5	-6.30294e-06
185	-6.90274e-06
185.5	-7.65351e-06
186	-8.47193e-06
186.5	-8.3972e-06
187	-1.07308e-05
187.5	-5.26934e-06
188	-8.80013e-06
188.5	-1.02188e-05
189	-1.15064e-05
189.5	-1.0562e-05
190	-9.92668e-06
190.5	-1.30576e-05
191	-1.10515e-05
191.5	-9.66918e-06
192	-8.56584e-06
192.5	-8.013e-06
193	-7.62525e-06
193.5	-7.4125e-06
194	-7.23012e-06
194.5	-7.13848e-06
195	-7.07346e-06
195.5	-7.38571e-06
196	-7.3103e-06
196.5	-7.14168e-06
197	-7.10509e-06
197.5	-7.2991e-06
198	-7.6609e-06
198.5	-8.19862e-06
199	-9.18021e-06
199.5	-1.21379e-05
200	-5.89647e-05
200.5	-0.000166586
201	0.000252881
201.5	0.000240006
202	0.000164052
202.5	-0.0001233
203	-6.63601e-05
203.5	-1.26924e-05
204	-2.26809e-06
204.5	1.21055e-06
205	1.0053e-06
205.5	-9.76602e-07
206	-6.55281e-07
206.5	-2.88212e-06
207	-7.21167e-06
207.5	-6.11994e-06
208	-5.60332e-06
208.5	-5.47284e-06
209	-5.88974e-06
209.5	-4.01268e-06
210	-5.18209e-06
210.5	-6.79417e-06
211	-6.84676e-06
211.5	-6.7856e-06
212	-6.69898e-06
212.5	-5.77269e-06
213	-6.10691e-06
213.5	-9.2513e-06
214	-6.91088e-06
214.5	-7.5631e-06
215	-1.09738e-05
215.5	-1.00111e-05
216	-9.23291e-06
216.5	-1.51906e-05
217	-1.71025e-05
217.5	-1.52762e-05
218	-1.3801e-05
218.5	-2.39971e-05
219	-1.51518e-05
219.5	-6.98322e-06
220	-7.54116e-06
220.5	-9.46213e-06
221	-5.74228e-06
221.5	-8.66861e-06
222	-1.76128e-05
222.5	-2.21371e-05
223	-0.000151852
223.5	0.000105603
224	0.000337467
224.5	0.000352797
225	9.2283e-05
225.5	-0.000234892
226	-0.000149602
226.5	-5.20855e-05
227	-3.40857e-05
227.5	-8.60224e-05
228	4.52907e-05
228.5	-0.000162111
229	0.000445943
229.5	0.000235107
230	-8.73048e-05
230.5	-5.51114e-05
231	-3.007e-05
231.5	-1.39302e-05
232	-1.04511e-05
232.5	-6.53313e-06
233	-5.27099e-06
233.5	-4.96877e-06
234	-5.12348e-06
234.5	-5.40719e-06
235	-6.0379e-06
235.5	-6.79035e-06
236	-7.37538e-06
236.5	-7.83842e-06
237	-8.03855e-06
237.5	-8.14907e-06
238	-8.2475e-06
238.5	-5.8919e-06
239	-3.30908e-06
239.5	-2.49125e-06
240	-3.57636e-06
240.5	-2.97712e-06
241	-5.28935e-06
241.5	-5.4658e-06
242	-6.58226e-06
242.5	-7.17155e-06
243	-7.37015e-06
243.5	-7.15165e-06
244	-7.01368e-06
244.5	-7.55647e-06
245	-7.80909e-06
245.5	-7.82147e-06
246	-7.84723e-06
246.5	-7.86019e-06
247	-7.92714e-06
247.5	-8.03998e-06
248	-8.06929e-06
248.5	-7.92134e-06
249	-7.70832e-06
249.5	-7.41985e-06
250	-7.3104e-06
250.5	-7.22588e-06
251	-7.29947e-06
251.5	-7.4841e-06
252	-7.41714e-06
252.5	-7.48929e-06
253	-7.74234e-06
253.5	-8.04141e-06
254	-8.43272e-06
254.5	-8.90492e-06
255	-6.18472e-06
255.5	-7.13575e-06
256	-6.62874e-06
256.5	-9.40365e-06
257	-1.20439e-05
257.5	-5.6515e-05
258	-5.96103e-05
258.5	-2.24687e-05
259	-3.69305e-07
259.5	9.5838e-06
260	4.93695e-06
260.5	6.35904e-07
261	-2.28775e-06
261.5	-4.13415e-06
262	-5.20538e-06
262.5	-5.7971e-06
263	-6.14697e-06
263.5	-6.31339e-06
264	-6.27174e-06
264.5	-6.05398e-06
265	-5.88528e-06
265.5	-6.01481e-06
266	-6.42989e-06
266.5	-6.80792e-06
267	-7.1618e-06
267.5	-7.51974e-06
268	-7.84765e-06
268.5	-7.96693e-06
269	-8.06008e-06
269.5	-6.40723e-06
270	-7.90013e-06
270.5	-5.07932e-06
271	-7.70592e-06
271.5	-7.58638e-06
272	-8.43683e-06
272.5	-8.84488e-06
273	-8.64305e-06
273.5	-8.65191e-06
274	-7.99077e-06
274.5	-7.65848e-06
275	-7.53619e-06
275.5	-7.80805e-06
276	-8.18045e-06
276.5	-8.49872e-06
277	-8.84914e-06
277.5	-9.13975e-06
278	-9.39905e-06
278.5	-9.52732e-06
279	-9.59978e-06
279.5	-9.40762e-06
280	-9.18296e-06
280.5	-9.04228e-06
281	-9.15261e-06
281.5	-9.32458e-06
282	-9.411e-06
282.5	-9.81827e-06
283	-1.14904e-05
283.5	-7.57811e-05
284	-0.000212932
284.5	0.000180975
285	0.000124943
285.5	0.000113526
286	-0.000123955
286.5	-5.19583e-05
287	-1.35769e-05
287.5	-2.01197e-06
288	1.12416e-06
288.5	1.10795e-06
289	6.15506e-08
289.5	-1.54577e-06
290	-2.99341e-06
290.5	-4.10732e-06
291	-4.90546e-06
291.5	-5.42005e-06
292	-5.87744e-06
292.5	-6.3608e-06
293	-6.54901e-06
293.5	-6.60578e-06
294	-6.56913e-06
294.5	-6.32163e-06
295	-5.96018e-06
295.5	-5.64501e-06
296	-5.46774e-06
296.5	-5.39864e-06
297	-5.26639e-06
297.5	-5.51993e-06
298	-6.20057e-06
298.5	-6.06701e-06
299	-4.12692e-06
299.5	-5.31579e-06
300	-3.85364e-06
300.5	-5.15446e-06
301	-8.84153e-06
301.5	-8.58573e-06
302	-8.6828e-06
302.5	-8.70958e-06
303	-8.15279e-06
303.5	-7.82711e-06
304	-8.04276e-06
304.5	-8.11059e-06
305	-8.10333e-06
305.5	-8.14749e-06
306	-7.87291e-06
306.5	-7.60107e-06
307	-7.38686e-06
307.5	-7.27865e-06
308	-7.3614e-06
308.5	-7.46627e-06
309	-7.50083e-06
309.5	-7.36668e-06
310	-7.26665e-06
310.5	-7.19079e-06
311	-7.26879e-06
311.5	-7.21441e-06
312	-7.11472e-06
312.5	-6.98569e-06
313	-6.77482e-06
313.5	-6.57365e-06
314	-6.61676e-06
314.5	7.80512e-07
315	-1.42357e-08
315.5	-5.48646e-06
316	-7.6663e-06
316.5	-7.82731e-06
317	-8.02311e-06
317.5	-8.04109e-06
318	-9.97492e-06
318.5	-8.89502e-06
319	-1.0004e-05
319.5	-8.38383e-06
320	-8.89579e-06
320.5	-9.12381e-06
321	-9.16244e-06
321.5	-9.04632e-06
322	-8.84599e-06
322.5	-8.7904e-06
323	-8.75816e-06
323.5	-8.62572e-06
324	-8.34073e-06
324.5	-8.08833e-06
325	-7.94936e-06
325.5	-7.43334e-06
326	-7.92994e-06
326.5	-8.16146e-06
327	-8.31456e-06
327.5	-8.51913e-06
328	-7.19629e-06
328.5	-8.86215e-06
329	-7.84042e-06
329.5	-1.06739e-05
330	-1.06919e-05
330.5	-1.08738e-05
331	-1.14461e-05
331.5	-1.14924e-05
332	-1.05341e-05
332.5	-1.20757e-05
333	-1.12649e-05
333.5	-1.04464e-05
334	-9.97388e-06
334.5	-9.66926e-06
335	-1.06165e-05
335.5	-8.51788e-06
336	-8.21024e-06
336.5	-8.02016e-06
337	-6.38887e-06
337.5	7.9995e-08
338	-4.87431e-07
338.5	-2.40108e-07
339	2.41627e-07
339.5	-5.26806e-08
340	-1.33021e-06
340.5	-1.16041e-06
341	-1.55478e-06
341.5	-1.99019e-06
342	-3.48024e-06
342.5	-4.39876e-06
343	-3.09854e-06
343.5	-5.86266e-06
344	-8.10652e-06
344.5	-8.03671e-06
345	-7.1755e-06
345.5	-9.25261e-06
346	-1.1022e-05
346.5	-1.248e-05
347	-1.03167e-05
347.5	-1.57164e-05
348	-1.05812e-05
348.5	-1.33679e-05
349	-1.11148e-05
349.5	-1.13828e-05
350	-1.28251e-05
350.5	-1.49425e-05
351	-1.71547e-05
351.5	-4.05012e-05
352	-8.69499e-05
352.5	-7.99746e-05
353	0.000375382
353.5	0.000212505
354	-9.33561e-05
354.5	-0.000198943
355	-8.46555e-05
355.5	-2.09669e-05
356	-8.13538e-05
356.5	-1.57317e-05
357	-5.544e-05
357.5	0.000548106
358	0.00024536
358.5	7.06597e-05
359	-5.10281e-05
359.5	-2.60634e-05
360	-1.05888e-05
360.5	-3.07338e-06
361	-4.84501e-07
361.5	-4.39668e-07
362	-1.11647e-06
362.5	-2.17889e-06
363	-3.30984e-06
363.5	-4.25381e-06
364	-5.02008e-06
364.5	-5.69387e-06
365	-6.56312e-06
365.5	-7.4469e-06
366	-8.05978e-06
366.5	-8.55939e-06
367	-8.76072e-06
367.5	-8.96145e-06
368	-5.07935e-06
368.5	-2.26047e-06
369	-1.15593e-06
369.5	-3.80502e-06
370	-4.53011e-06
370.5	-4.07952e-06
371	-3.55849e-06
371.5	-2.91688e-06
372	-2.23349e-06
372.5	-1.73124e-06
373	-1.33247e-06
373.5	-9.68674e-07
374	-6.94295e-07
374.5	-6.02553e-07
375	-8.97912e-07
375.5	-1.39699e-06
376	-1.905e-06
376.5	-2.37301e-06
377	-2.80328e-06
377.5	-3.19013e-06
378	-3.70047e-06
378.5	-4.19767e-06
379	-4.62773e-06
379.5	-5.06979e-06
380	-5.39244e-06
380.5	-5.52735e-06
381	-5.66458e-06
381.5	-5.84843e-06
382	-6.092e-06
382.5	-6.47619e-06
383	-6.01998e-06
383.5	2.04199e-06
384	-8.53551e-07
384.5	-4.01825e-06
385	-6.32536e-06
385.5	-7.57369e-06
386	-8.48201e-06
386.5	-9.83432e-06
387	-1.02455e-05
387.5	-1.0206e-05
388	-1.0216e-05
388.5	-1.05401e-05
389	-1.06403e-05
389.5	-1.06606e-05
390	-1.06673e-05
390.5	-1.06537e-05
391	-1.07209e-05
391.5	-1.07381e-05
392	-1.0843e-05
392.5	-1.10276e-05
393	-1.11693e-05
393.5	-1.13938e-05
394	-1.19561e-05
394.5	-1.26537e-05
395	-1.32837e-05
395.5	-1.39285e-05
396	-1.46234e-05
396.5	-1.43763e-05
397	-1.54577e-05
397.5	-8.30918e-05
398	-0.000122242
398.5	-0.000121018
399	0.000459178
399.5	0.000246832
400	4.75521e-05
400.5	-0.00015633
401	-4.04169e-05
401.5	-1.31458e-05
402	-5.48132e-06
402.5	-4.12428e-06
403	-5.07195e-06
403.5	-6.62558e-06
404	-7.98628e-06
404.5	-8.95652e-06
405	-9.66918e-06
405.5	-1.00738e-05
406	-1.03543e-05
406.5	-1.05447e-05
407	-1.06408e-05
407.5	-1.07296e-05
408	-1.07384e-05
408.5	-1.07185e-05
409	-1.05222e-05
409.5	-1.04959e-05
410	-1.07672e-05
410.5	-1.1175e-05
411	-1.14245e-05
411.5	-1.16922e-05
412	-6.88851e-06
412.5	-3.82595e-06
413	-6.33225e-06
413.5	-8.97024e-06
414	-1.09138e-05
414.5	-1.14044e-05
415	-1.11919e-05
415.5	-8.98506e-06
416	-8.12092e-06
416.5	-7.74204e-06
417	-7.82597e-06
417.5	-8.67485e-06
418	-9.50574e-06
418.5	-9.99149e-06
419	-1.01339e-05
419.5	-1.00368e-05
420	-9.86136e-06
420.5	-9.65342e-06
421	-9.49943e-06
421.5	-9.4757e-06
422	-9.52713e-06
422.5	-9.64019e-06
423	-9.63338e-06
423.5	-9.45698e-06
424	-9.18515e-06
424.5	-8.92909e-06
425	-8.70171e-06
425.5	-7.80736e-06
426	-7.61679e-06
426.5	-9.32281e-06
427	-5.56082e-06
427.5	-5.04619e-06
428	-6.67618e-06
428.5	-9.59308e-06
429	-1.02797e-05
429.5	-9.36825e-06
430	-8.64544e-06
430.5	-8.44904e-06
431	-9.16734e-06
431.5	-8.9282e-06
432	-8.15593e-06
432.5	-7.6607e-06
433	-7.20672e-06
433.5	-6.84888e-06
434	-6.53494e-06
434.5	-6.25145e-06
435	-6.10136e-06
435.5	-5.93904e-06
436	-5.86309e-06
436.5	-5.86587e-06
437	-5.97734e-06
437.5	-6.19114e-06
438	-6.50112e-06
438.5	-6.83376e-06
439	-7.14512e-06
439.5	-7.56672e-06
440	-8.05925e-06
440.5	-2.28941e-06
441	-4.54652e-06
441.5	-5.08711e-06
442	-8.8159e-06
442.5	-1.06592e-05
443	-1.11619e-05
443.5	-1.03417e-05
444	-1.02109e-05
444.5	-9.69886e-06
445	-1.04932e-05
445.5	-1.31874e-05
446	-1.2097e-05
446.5	-1.16537e-05
447	-1.13753e-05
447.5	-1.10773e-05
448	-1.06881e-05
448.5	-1.01638e-05
449	-9.87113e-06
449.5	-9.58459e-06
450	-9.60902e-06
450.5	-9.73444e-06
451	-1.00343e-05
451.5	-9.93413e-06
452	-1.04262e-05
452.5	-1.14364e-05
453	-1.24327e-05
453.5	-1.40277e-05
454	-2.46753e-05
454.5	-0.000161057
455	0.000297997
455.5	0.000234832
456	0.000113695
456.5	-0.000103266
457	-9.13941e-05
457.5	-2.23791e-05
458	-5.83753e-06
458.5	-2.91324e-06
459	-2.40548e-06
459.5	-6.83566e-06
460	-5.43795e-06
460.5	-5.42174e-06
461	-5.81798e-06
461.5	-6.28525e-06
462	-8.52847e-06
462.5	-7.63375e-06
463	-7.02477e-06
463.5	-6.83365e-06
464	-7.02039e-06
464.5	-9.27575e-06
465	-8.60342e-06
465.5	-8.47886e-06
466	-8.55008e-06
466.5	-8.74391e-06
467	-8.94141e-06
467.5	-8.03813e-06
468	-1.216e-05
468.5	-1.13589e-05
469	-1.06682e-05
469.5	-1.03104e-05
470	-5.53191e-06
470.5	-5.40669e-06
471	-1.04041e-05
471.5	-7.44916e-06
472	-4.87284e-06
472.5	-7.08522e-06
473	-4.54444e-06
473.5	-3.33104e-06
474	-4.7506e-06
474.5	-5.13806e-06
475	-3.47848e-06
475.5	-5.72081e-06
476	-6.49925e-06
476.5	-6.73355e-06
477	-8.52527e-06
477.5	-8.48917e-06
478	-8.15372e-06
478.5	-7.99772e-06
479	-1.44838e-05
479.5	-1.89272e-05
480	-7.85579e-05
480.5	-5.0757e-05
481	-4.57793e-05
481.5	0.000359524
482	0.000194279
482.5	-4.02588e-05
483	-0.000217436
483.5	-0.00013186
484	-0.000104414
484.5	4.93271e-05
485	-0.000146294
485.5	0.000204601
486	0.000317096
486.5	0.000182674
487	-4.40764e-05
487.5	-4.28119e-05
488	-1.87468e-05
488.5	-7.7904e-06
489	-3.56464e-06
489.5	-2.0872e-06
490	-1.80547e-06
490.5	-2.09731e-06
491	-2.55164e-06
491.5	-3.0325e-06
492	-3.47128e-06
492.5	-3.83787e-06
493	-4.13096e-06
493.5	-4.29352e-06
494	-4.35327e-06
494.5	-4.27699e-06
495	-4.23896e-06
495.5	-4.10051e-06
496	-3.94886e-06
496.5	-3.36381e-07
497	6.73886e-07
497.5	2.70653e-06
498	8.70347e-07
498.5	-1.65587e-06
499	-3.80902e-06
499.5	-4.28752e-06
500	-4.59535e-06
500.5	-4.64346e-06
501	-4.94038e-06
501.5	-5.2509e-06
502	-5.65097e-06
502.5	-6.01651e-06
503	-6.46351e-06
503.5	-6.77324e-06
504	-6.98192e-06
504.5	-7.1275e-06
505	-7.10618e-06
505.5	-6.88582e-06
506	-6.51898e-06
506.5	-5.99719e-06
507	-5.569e-06
507.5	-5.36305e-06
508	-5.34992e-06
508.5	-5.10294e-06
509	-4.84394e-06
509.5	-4.71713e-06
510	-4.91988e-06
510.5	-5.33633e-06
511	-4.07537e-07
511.5	-7.87205e-07
512	6.94571e-07
512.5	-1.4635e-06
513	-6.12327e-07
513.5	-3.99837e-06
514	-8.20718e-06
514.5	-9.21221e-06
515	-9.38328e-06
515.5	-9.10392e-06
516	-9.02285e-06
516.5	-8.81312e-06
517	-9.05959e-06
517.5	-9.13223e-06
518	-9.3447e-06
518.5	-9.51975e-06
519	-9.47828e-06
519.5	-9.37275e-06
520	-9.25121e-06
520.5	-9.13672e-06
521	-8.99127e-06
521.5	-8.80718e-06
522	-8.71581e-06
522.5	-8.83019e-06
523	-8.96962e-06
523.5	-9.22492e-06
524	-9.66113e-06
524.5	-1.03071e-05
525	-1.10236e-05
525.5	-1.18185e-05
526	-1.22075e-05
526.5	-1.04449e-05
527	-1.02309e-05
527.5	-1.05103e-05
528	-9.76365e-06
528.5	-9.15731e-06
529	-9.84478e-06
529.5	-1.0304e-05
530	-9.3419e-06
530.5	-9.20415e-06
531	-8.76594e-06
531.5	-8.72601e-06
532	-8.58626e-06
532.5	-8.53083e-06
533	-8.52645e-06
533.5	-8.38723e-06
534	-8.24016e-06
534.5	-8.15732e-06
535	-7.96229e-06
535.5	-7.52105e-06
536	-6.99364e-06
536.5	-6.63861e-06
537	-6.71804e-06
537.5	-6.95259e-06
538	-6.98877e-06
538.5	-7.11885e-06
539	-7.14613e-06
539.5	-7.13072e-06
540	-7.0304e-06
540.5	-5.6352e-06
541	-5.0269e-06
541.5	-9.11844e-06
542	-1.11557e-05
542.5	-1.13219e-05
543	-8.71465e-06
543.5	-7.64552e-06
544	-7.03708e-06
544.5	-6.90401e-06
545	-6.49485e-06
545.5	-5.9402e-06
546	-5.43033e-06
546.5	-5.07575e-06
547	-4.79191e-06
547.5	-4.44706e-06
548	-4.15927e-06
548.5	-4.00047e-06
549	-3.92927e-06
549.5	-3.78865e-06
550	-3.53661e-06
550.5	-3.27268e-06
551	-3.01427e-06
551.5	-2.72754e-06
552	-2.56948e-06
552.5	-2.6323e-06
553	-2.7081e-06
553.5	-2.69892e-06
554	-2.55266e-06
554.5	-2.07138e-06
555	-3.31576e-06
555.5	3.14706e-07
556	-7.7033e-07
556.5	-7.5757e-07
557	-1.95428e-06
557.5	-2.32684e-06
558	-1.68863e-06
558.5	-1.36106e-06
559	-1.43191e-06
559.5	-1.51293e-06
560	-1.46706e-06
560.5	-1.42736e-06
561	-1.35174e-06
561.5	-1.38467e-06
562	-1.35528e-06
562.5	-2.83346e-06
563	-3.12218e-06
563.5	-2.2761e-06
564	-1.78068e-06
564.5	-1.37476e-06
565	-1.38241e-06
565.5	-1.55258e-06
566	-1.763e-06
566.5	-2.02838e-06
567	-2.16616e-06
567.5	-2.23855e-06
568	-2.48189e-06
568.5	-1.20042e-06
569	2.16734e-06
569.5	-4.24426e-07
570	-2.44783e-06
570.5	-4.27553e-06
571	-4.98087e-06
571.5	-5.20734e-06
572	-5.60715e-06
572.5	-7.23286e-06
573	-8.93031e-06
573.5	-7.45397e-06
574	-6.43855e-06
574.5	-5.88616e-06
575	-5.43006e-06
575.5	-4.97653e-06
576	-4.69676e-06
576.5	-4.52718e-06
577	-4.44691e-06
577.5	-4.74117e-06
578	-5.06543e-06
578.5	-5.25264e-06
579	-5.74832e-06
579.5	-6.06395e-06
580	-6.34017e-06
580.5	-7.3308e-06
581	-7.92155e-06
581.5	-6.81228e-06
582	-6.23963e-06
582.5	-5.94535e-06
583	-5.95993e-06
583.5	9.9234e-07
584	1.40792e-06
584.5	-1.49224e-06
585	-4.82686e-06
585.5	-6.38303e-06
586	-5.26362e-06
586.5	-4.61614e-06
587	-4.69008e-06
587.5	-6.34775e-06
588	-6.5137e-06
588.5	-8.52493e-06
589	-9.74123e-06
589.5	-1.03289e-05
590	-7.5458e-06
590.5	-7.99918e-06
591	-7.35404e-06
591.5	-6.69179e-06
592	-6.35823e-06
592.5	-6.18733e-06
593	-5.85123e-06
593.5	-5.53381e-06
594	-6.25946e-06
594.5	-5.25221e-06
595	-5.31513e-06
595.5	-5.93865e-06
596	-6.27235e-06
596.5	-9.66534e-06
597	-1.11297e-05
597.5	-6.07831e-06
598	-3.48044e-06
598.5	-6.51979e-06
599	-8.37576e-06
599.5	-9.83682e-06
600	-2.04801e-05
600.5	-7.83869e-05
601	-5.09128e-05
601.5	0.000920473
602	0.000621922
602.5	0.000239578
603	-8.03795e-05
603.5	-4.99459e-05
604	-2.75357e-05
604.5	-2.93987e-05
605	-2.01687e-05
605.5	-2.37543e-05
606	-0.000100449
606.5	-4.30278e-05
607	-4.12174e-05
607.5	0.000499523
608	0.000284818
608.5	-3.26029e-05
609	-4.93602e-05
609.5	-2.49148e-05
610	-1.18981e-05
610.5	-5.64509e-06
611	-2.81841e-06
611.5	-1.72527e-06
612	-1.45797e-06
612.5	-1.54476e-06
613	-1.72721e-06
613.5	-2.03825e-06
614	-2.36992e-06
614.5	-2.93407e-06
615	-3.50078e-06
615.5	-4.03097e-06
616	-4.69298e-06
616.5	-5.32612e-06
617	-5.84879e-06
617.5	-6.30539e-06
618	-6.63091e-06
618.5	-7.04947e-06
619	-7.7703e-06
619.5	-8.5256e-06
620	-9.10788e-06
620.5	-6.43755e-06
621	-2.20069e-06
621.5	-5.76947e-06
622	-9.5027e-06
622.5	-9.93452e-06
623	-9.56467e-06
623.5	-9.46091e-06
624	-9.29792e-06
624.5	-9.08616e-06
625	-9.04943e-06
625.5	-9.02645e-06
626	-8.83521e-06
626.5	-8.63514e-06
627	-8.40003e-06
627.5	-8.11622e-06
628	-7.97394e-06
628.5	-7.72764e-06
629	-7.49757e-06
629.5	-7.25918e-06
630	-7.05802e-06
630.5	-6.86732e-06
631	-6.66214e-06
631.5	-6.4554e-06
632	-6.45889e-06
632.5	-6.62481e-06
633	-6.80442e-06
633.5	-6.85896e-06
634	-6.96427e-06
634.5	-7.0433e-06
635	-5.63636e-06
635.5	-7.42719e-06
636	-8.49487e-06
636.5	-5.39859e-06
637	-5.83492e-06
637.5	-6.18782e-06
638	-5.17068e-06
638.5	-5.78352e-06
639	-6.63582e-06
639.5	-6.71276e-06
640	-6.63703e-06
640.5	-6.73671e-06
641	-6.5479e-06
641.5	-6.26617e-06
642	-5.84451e-06
642.5	-5.47877e-06
643	-5.29104e-06
643.5	-4.99429e-06
644	-4.66369e-06
644.5	-4.60549e-06
645	-4.75341e-06
645.5	-5.00067e-06
646	-5.28734e-06
646.5	-5.66524e-06
647	-5.9058e-06
647.5	-6.14403e-06
648	-6.31787e-06
648.5	-6.51886e-06
649	-6.69634e-06
649.5	-7.0265e-06
650	-7.25506e-06
650.5	-5.61906e-06
651	-4.08419e-06
651.5	-1.71885e-06
652	-1.36808e-06
652.5	-5.25835e-06
653	-6.15297e-06
653.5	-7.84322e-06
654	-8.46035e-06
654.5	-8.63093e-06
655	-9.1546e-06
655.5	-9.60693e-06
656	-9.91721e-06
656.5	-1.01084e-05
657	-1.01219e-05
657.5	-1.02407e-05
658	-1.02735e-05
658.5	-1.03285e-05
659	-1.04025e-05
659.5	-1.02726e-05
660	-1.01155e-05
660.5	-9.71212e-06
661	-9.19392e-06
661.5	-8.82704e-06
662	-8.4274e-06
662.5	-7.98713e-06
663	-7.57769e-06
663.5	-7.19873e-06
664	-7.15436e-06
664.5	-7.31216e-06
665	-7.16645e-06
665.5	-6.99797e-06
666	-3.24891e-06
666.5	-4.35936e-06
667	1.18521e-06
667.5	2.44541e-07
668	-1.35462e-06
668.5	-3.67857e-06
669	-5.62036e-06
669.5	-7.02692e-06
670	-7.16746e-06
670.5	-6.77604e-06
671	-6.1212e-06
671.5	-5.48852e-06
672	-4.98935e-06
672.5	-4.79968e-06
673	-4.77914e-06
673.5	-4.84729e-06
674	-4.84979e-06
674.5	-4.88428e-06
675	-4.88572e-06
675.5	-4.66639e-06
676	-4.60495e-06
676.5	-4.86476e-06
677	-5.00737e-06
677.5	-5.13677e-06
678	-5.40905e-06
678.5	-5.81767e-06
679	-6.20747e-06
679.5	-6.457e-06
680	-6.54964e-06
680.5	-6.50052e-06
681	-6.41603e-06
681.5	-4.42206e-06
682	-5.48038e-06
682.5	-6.75375e-06
683	-5.79368e-06
683.5	-7.83841e-06
684	-8.31385e-06
684.5	-8.40313e-06
685	-8.55865e-06
685.5	-8.5339e-06
686	-8.40805e-06
686.5	-8.20053e-06
687	-8.09148e-06
687.5	-8.07331e-06
688	-8.08699e-06
688.5	-8.11435e-06
689	-8.32574e-06
689.5	-8.61316e-06
690	-9.48993e-06
690.5	-8.58037e-06
691	-8.17201e-06
691.5	-7.9695e-06
692	-7.87423e-06
692.5	-8.09023e-06
693	-8.15348e-06
693.5	-7.75653e-06
694	-9.44911e-06
694.5	-1.05822e-05
695	-1.03892e-05
695.5	-1.02421e-05
696	-9.45001e-06
696.5	-9.7321e-06
697	-1.00713e-05
697.5	-8.47095e-06
698	-1.11952e-05
698.5	-9.60015e-06
699	-8.88024e-06
699.5	-8.31272e-06
700	-7.89574e-06
700.5	-8.79833e-06
701	-7.35151e-06
701.5	-6.83288e-06
702	-6.48998e-06
702.5	-6.28954e-06
703	-6.07182e-06
703.5	-5.91667e-06
704	-6.94801e-06
704.5	-3.94221e-06
705	-7.30457e-06
705.5	-1.20163e-05
706	-7.54429e-06
706.5	-8.51357e-06
707	-7.15623e-06
707.5	-8.33318e-06
708	-7.84943e-06
708.5	-3.41685e-06
709	-4.65346e-06
709.5	-1.88466e-06
710	-2.94275e-06
710.5	-1.70451e-05
711	-3.80328e-05
711.5	-5.4743e-05
712	-5.66368e-05
712.5	0.00101505
713	0.000495333
713.5	7.51454e-05
714	-9.28538e-05
714.5	-5.37027e-05
715	-3.60267e-05
715.5	-2.49031e-05
716	-1.54683e-05
716.5	-1.25986e-05
717	-1.35574e-05
717.5	-1.29192e-05
718	-1.00745e-05
718.5	-7.00825e-06
719	-3.44127e-06
719.5	-1.77316e-06
720	-1.25036e-06
720.5	-1.26796e-06
721	-1.20162e-06
721.5	-1.15779e-06
722	-1.14391e-06
722.5	-1.24637e-06
723	-1.46329e-06
723.5	-1.88867e-06
724	-2.65352e-06
724.5	-3.26451e-06
725	-3.95233e-06
725.5	-4.62454e-06
726	-5.13965e-06
726.5	-5.73315e-06
727	-6.36707e-06
727.5	-6.89271e-06
728	-7.30952e-06
728.5	-7.70397e-06
729	-8.32012e-06
729.5	-8.74752e-06
730	-8.97557e-06
730.5	-4.3373e-06
731	1.00273e-06
731.5	-3.9303e-07
732	-5.47015e-06
732.5	-7.50325e-06
733	-8.0325e-06
733.5	-7.03301e-06
734	-6.70505e-06
734.5	-6.55809e-06
735	-6.45093e-06
735.5	-6.24523e-06
736	-6.17865e-06
736.5	-6.25962e-06
737	-6.46973e-06
737.5	-6.75433e-06
738	-6.97576e-06
738.5	-7.10166e-06
739	-7.17354e-06
739.5	-7.19695e-06
740	-7.17708e-06
740.5	-7.26922e-06
741	-7.28605e-06
741.5	-7.25016e-06
742	-7.29523e-06
742.5	-7.51415e-06
743	-7.5216e-06
743.5	-7.51029e-06
744	-7.65399e-06
744.5	-8.20759e-06
745	-8.79026e-06
745.5	-9.87162e-06
746	-9.15835e-06
746.5	-3.31783e-05
747	-0.000145899
747.5	0.000518881
748	0.000375861
748.5	0.000199772
749	-0.0001054
749.5	-8.50389e-05
750	-1.53994e-05
750.5	-3.68391e-06
751	1.77194e-06
751.5	2.61741e-06
752	1.46495e-06
752.5	1.55778e-07
753	-8.98461e-07
753.5	-1.82539e-06
754	-2.529e-06
754.5	-3.19835e-06
755	-4.05467e-06
755.5	-4.82446e-06
756	-5.55955e-06
756.5	-6.2315e-06
757	-6.88544e-06
757.5	-7.34321e-06
758	-7.5984e-06
758.5	-7.69872e-06
759	-7.84099e-06
759.5	-8.03449e-06
760	-8.22875e-06
760.5	-8.57857e-06
761	-8.94761e-06
761.5	-9.43753e-06
762	-1.00888e-05
762.5	-1.8981e-06
763	-2.2445e-06
763.5	-9.7753e-06
764	-9.23226e-06
764.5	-8.19591e-06
765	-7.1702e-06
765.5	-7.02163e-06
766	-5.81994e-06
766.5	-5.28246e-06
767	-5.19697e-06
767.5	-5.1667e-06
768	-5.11495e-06
768.5	-5.08843e-06
769	-5.19379e-06
769.5	-5.28563e-06
770	-5.42057e-06
770.5	-5.69386e-06
771	-6.1239e-06
771.5	-6.59934e-06
772	-6.88851e-06
772.5	-6.99362e-06
773	-6.9322e-06
773.5	-6.78989e-06
774	-6.60899e-06
774.5	-6.56157e-06
775	-5.1034e-06
775.5	-5.77318e-06
776	-7.48939e-06
776.5	-6.79328e-06
777	-3.07929e-06
777.5	-4.99026e-06
778	-5.32437e-06
778.5	-7.66994e-06
779	-9.51277e-06
779.5	-7.79896e-06
780	-6.9526e-06
780.5	-7.19959e-06
781	-6.79106e-06
781.5	-6.52826e-06
782	-6.30689e-06
782.5	-6.20289e-06
783	-6.26534e-06
783.5	-6.79903e-06
784	-7.50862e-06
784.5	-8.22628e-06
785	-1.08122e-05
785.5	-9.65401e-06
786	-9.75987e-06
786.5	-1.00567e-05
787	-1.01213e-05
787.5	-1.01995e-05
788	-1.03809e-05
788.5	-1.06268e-05
789	-1.07203e-05
789.5	-1.07973e-05
790	-1.10305e-05
790.5	-9.12154e-06
791	-1.10101e-05
791.5	-9.25281e-06
792	-5.59234e-06
792.5	-6.05735e-06
793	-6.31511e-06
793.5	-6.18835e-06
794	-7.73459e-06
794.5	-7.94707e-06
795	-7.45423e-06
795.5	-6.68045e-06
796	-5.84992e-06
796.5	-5.08833e-06
797	-4.52795e-06
797.5	-4.10024e-06
798	-3.70975e-06
798.5	-3.358e-06
799	-2.89078e-06
799.5	-2.42435e-06
800	-2.06564e-06
800.5	-1.73605e-06
801	-2.77946e-06
801.5	-1.98748e-06
802	-1.97397e-06
802.5	-2.02755e-06
803	-2.10499e-06
803.5	-2.0269e-06
804	-2.06359e-06
804.5	-2.10701e-06
805	-1.99299e-06
805.5	-2.10572e-06
806	-4.78951e-06
806.5	-5.64556e-06
807	-5.61143e-06
807.5	-4.82418e-06
808	-4.53864e-06
808.5	-2.66919e-06
809	-2.45454e-06
809.5	-2.6937e-06
810	-2.93725e-06
810.5	-2.97676e-06
811	-3.69377e-06
811.5	-3.47798e-06
812	-4.64391e-06
812.5	-4.80057e-06
813	-4.05024e-06
813.5	-3.85959e-06
814	-4.00036e-06
814.5	-4.18343e-06
815	-4.31369e-06
815.5	-4.43846e-06
816	-4.60632e-06
816.5	-4.79121e-06
817	-4.95448e-06
817.5	-5.59037e-06
818	-5.66321e-06
818.5	-3.7985e-06
819	-5.57193e-06
819.5	-2.95292e-06
820	-2.61716e-06
820.5	-2.6038e-06
821	-2.75465e-06
821.5	-4.07635e-06
822	-8.38803e-06
822.5	-7.22765e-06
823	-6.73841e-06
823.5	-6.00229e-06
824	-6.52168e-06
824.5	-5.38248e-06
825	-6.78684e-06
825.5	-6.54552e-06
826	-6.55394e-06
826.5	-9.03486e-06
827	-9.00135e-06
827.5	-8.40008e-06
828	-7.81538e-06
828.5	-9.97875e-06
829	-1.15552e-05
829.5	-7.8181e-06
830	-9.05982e-06
830.5	-1.31479e-05
831	-9.47207e-06
831.5	-7.59602e-06
832	-5.2643e-06
832.5	-1.04017e-05
833	-2.03537e-05
833.5	-1.76163e-05
834	-5.29606e-05
834.5	1.34213e-05
835	-6.37547e-05
835.5	0.000523005
836	0.000722312
836.5	0.000302165
837	1.47083e-05
837.5	-0.000126091
838	-6.65003e-05
838.5	-3.21349e-05
839	-2.25539e-05
839.5	-1.71186e-05
840	-1.968e-05
840.5	-7.92359e-06
841	-1.13425e-05
841.5	-5.7663e-06
842	-7.4276e-06
842.5	-3.16559e-06
843	-2.91062e-06
843.5	-2.1045e-06
844	-2.23097e-06
844.5	-6.32542e-07
845	-8.65522e-08
845.5	5.58704e-08
846	-8.01236e-08
846.5	-4.40526e-07
847	-6.67845e-07
847.5	-1.07461e-06
848	-1.72245e-06
848.5	-2.48428e-06
849	-1.72808e-06
849.5	-1.95139e-06
850	-3.36975e-06
850.5	-4.53838e-06
851	-5.36557e-06
851.5	-5.94073e-06
852	-6.37762e-06
852.5	-4.20304e-06
853	-2.71023e-06
853.5	-3.87392e-06
854	-3.3514e-06
854.5	-2.725e-06
855	-5.19034e-06
855.5	-6.16604e-06
856	-5.80379e-06
856.5	-5.24279e-06
857	-5.42125e-06
857.5	-5.56789e-06
858	-5.67694e-06
858.5	-5.81559e-06
859	-5.85666e-06
859.5	-5.87263e-06
860	-6.05441e-06
860.5	-6.49391e-06
861	-6.95922e-06
861.5	-7.30613e-06
862	-7.524e-06
862.5	-5.37172e-06
863	-5.11366e-06
863.5	-5.17808e-06
864	-5.96238e-06
864.5	-6.82316e-06
865	-7.96623e-06
865.5	-8.65884e-06
866	-8.94072e-06
866.5	-8.73827e-06
867	-7.1662e-06
867.5	-7.4315e-06
868	-6.59302e-06
868.5	-6.80108e-06
869	-7.0707e-06
869.5	-6.57667e-06
870	-6.51131e-06
870.5	-5.55632e-06
871	-4.76302e-06
871.5	-5.1481e-06
872	-6.26151e-06
872.5	-7.12514e-06
873	-7.42223e-06
873.5	-7.70081e-06
874	-8.03934e-06
874.5	-8.44126e-06
875	-8.73455e-06
875.5	-8.9604e-06
876	-9.16712e-06
876.5	-9.31598e-06
877	-9.45964e-06
877.5	-9.43353e-06
878	-9.3313e-06
878.5	-8.53439e-06
879	-9.85869e-06
879.5	-1.06195e-05
880	-1.07349e-05
880.5	-8.30604e-06
881	-6.28655e-06
881.5	-6.21617e-06
882	-5.90114e-06
882.5	-4.67541e-06
883	-2.88582e-06
883.5	-3.71376e-06
884	-3.96376e-06
884.5	-3.8958e-06
885	-2.77526e-06
885.5	-3.22855e-06
886	-3.62838e-06
886.5	-3.97004e-06
887	-2.42972e-06
887.5	-2.78839e-06
888	-3.2159e-06
888.5	-3.06379e-06
889	-2.43992e-06
889.5	-1.95275e-06
890	-1.59677e-06
890.5	-1.51907e-06
891	-1.76873e-06
891.5	-1.90567e-06
892	-2.03299e-06
892.5	-2.30424e-06
893	5.03823e-06
893.5	3.73254e-06
894	2.92331e-07
894.5	-2.59849e-06
895	-4.18554e-06
895.5	-4.98048e-06
896	-4.51579e-06
896.5	-3.79531e-06
897	-5.13368e-06
897.5	-6.84449e-06
898	-7.29518e-06
898.5	-7.664e-06
899	-7.92232e-06
899.5	-8.10946e-06
900	-8.0484e-06
900.5	-7.8428e-06
901	-9.41244e-06
901.5	-8.88622e-06
902	-8.19408e-06
902.5	-7.88251e-06
903	-7.75732e-06
903.5	-7.89387e-06
904	-8.27375e-06
904.5	-8.48919e-06
905	-8.67508e-06
905.5	-8.95064e-06
906	-9.88703e-06
906.5	-2.5815e-05
907	-0.00013379
907.5	-2.34879e-05
908	0.000591961
908.5	0.000191902
909	-4.86827e-05
909.5	-0.000150744
910	-2.8395e-05
910.5	-6.85923e-06
911	7.85454e-07
911.5	2.60029e-06
912	1.81236e-06
912.5	4.99352e-07
913	-4.22653e-07
913.5	-1.44855e-06
914	-2.28453e-06
914.5	-3.09133e-06
915	-3.80433e-06
915.5	-4.43257e-06
916	-5.05649e-06
916.5	-5.67737e-06
917	-6.53918e-06
917.5	-7.46434e-06
918	-8.31886e-06
918.5	-9.08969e-06
919	-9.7774e-06
919.5	-1.02637e-05
920	-1.07717e-05
920.5	-1.14213e-05
921	-1.22075e-05
921.5	-9.33142e-06
922	-1.42931e-05
922.5	-6.5788e-05
923	-9.54104e-05
923.5	-2.24381e-05
924	2.99849e-05
924.5	1.43236e-05
925	5.29586e-06
925.5	5.17118e-07
926	-2.1616e-06
926.5	-3.67308e-06
927	-4.20439e-06
927.5	-4.27369e-06
928	-4.15656e-06
928.5	-4.04805e-06
929	-3.91622e-06
929.5	-3.92351e-06
930	-4.02962e-06
930.5	-4.17164e-06
931	-4.31338e-06
931.5	-4.5248e-06
932	-4.83892e-06
932.5	-5.23657e-06
933	-5.64579e-06
933.5	-6.19823e-06
934	-6.88018e-06
934.5	-8.09274e-06
935	-1.03601e-05
935.5	-9.8748e-06
936	-1.09414e-05
936.5	-1.12134e-05
937	-8.98575e-06
937.5	-1.07063e-05
938	-1.46575e-05
938.5	-1.31111e-05
939	-1.21377e-05
939.5	-1.08681e-05
940	-1.01047e-05
940.5	-9.58846e-06
941	-9.16317e-06
941.5	-8.81204e-06
942	-8.69457e-06
942.5	-8.83533e-06
943	-9.29621e-06
943.5	-9.74247e-06
944	-1.00197e-05
944.5	-1.0053e-05
945	-1.00336e-05
945.5	-1.00156e-05
946	-1.00103e-05
946.5	-1.00489e-05
947	-1.00097e-05
947.5	-9.9172e-06
948	-9.85091e-06
948.5	-9.73553e-06
949	-1.04325e-05
949.5	-1.0235e-05
950	-1.1315e-05
950.5	-1.19132e-05
951	-1.11942e-05
951.5	-1.04856e-05
952	-1.09848e-05
952.5	-1.34649e-05
953	-1.31083e-05
953.5	-1.1601e-05
954	-9.98259e-06
954.5	-8.82256e-06
955	-7.7093e-06
955.5	-6.68937e-06
956	-5.98876e-06
956.5	-5.45721e-06
957	-6.81426e-06
957.5	-7.03832e-06
958	-5.46715e-06
958.5	-3.04168e-06
959	-2.31877e-06
959.5	-1.10127e-06
960	-3.4513e-06
960.5	-3.25551e-06
961	-3.10372e-06
961.5	-1.5429e-06
962	-3.10667e-06
962.5	-2.2954e-06
963	-8.29507e-06
963.5	-7.05362e-06
964	-7.64758e-06
964.5	6.26434e-07
965	-6.74547e-06
965.5	-1.38786e-05
966	-1.12056e-05
966.5	-9.24557e-06
967	-1.0789e-05
967.5	-1.75871e-05
968	-1.16765e-05
968.5	-9.13852e-06
969	-8.68117e-06
969.5	-9.0868e-06
970	-4.09612e-06
970.5	-6.33031e-06
971	-8.40714e-06
971.5	-1.36626e-05
972	-1.47103e-05
972.5	-2.49014e-05
973	-0.000226996
973.5	5.05371e-05
974	0.000364558
974.5	0.000445667
975	0.000303893
975.5	-7.9627e-05
976	-4.82293e-05
976.5	-2.25183e-05
977	-9.92053e-06
977.5	-5.95895e-06
978	-4.19862e-06
978.5	-2.5772e-06
979	-2.09325e-06
979.5	-1.93006e-06
980	-1.86147e-06
980.5	-1.93285e-06
981	-2.21129e-06
981.5	-2.47205e-06
982	-2.76228e-06
982.5	-3.22761e-06
983	-3.7959e-06
983.5	-4.33359e-06
984	-4.86425e-06
984.5	-5.27184e-06
985	-5.52441e-06
985.5	-5.70666e-06
986	-5.93494e-06
986.5	-6.15388e-06
987	2.06975e-06
987.5	8.2474e-07
988	-1.60008e-06
988.5	-9.75437e-07
989	-2.98433e-06
989.5	-3.54202e-06
990	-3.56185e-06
990.5	-3.27799e-06
991	-3.27617e-06
991.5	-3.15098e-06
992	-3.04382e-06
992.5	-3.00977e-06
993	-2.97991e-06
993.5	-3.06462e-06
994	-3.01138e-06
994.5	-3.14291e-06
995	-3.4837e-06
995.5	-3.53156e-06
996	-3.53032e-06
996.5	-3.60643e-06
997	-3.73888e-06
997.5	-3.93083e-06
998	-3.865e-06
998.5	-3.71598e-06
999	-3.74091e-06
999.5	-3.88845e-06
1000	-4.24662e-06
