0	0
0.5	-2.00967e-26
1	-8.57958e-25
1.5	-8.70798e-27
2	-8.48303e-26
2.5	-4.11296e-25
3	-2.43661e-25
3.5	-5.85873e-09
4	-3.76803e-08
4.5	-4.58301e-07
5	-1.41911e-06
5.5	-2.1658e-06
6	-2.55221e-06
6.5	-3.0805e-06
7	-3.99552e-06
7.5	-5.36765e-06
8	-6.49798e-06
8.5	-7.47456e-06
9	-8.21804e-06
9.5	-8.72342e-06
10	-9.44503e-06
10.5	-1.07868e-05
11	-1.19818e-05
11.5	-1.29087e-05
12	-1.42892e-05
12.5	-1.56457e-05
13	-1.76511e-05
13.5	-1.95417e-05
14	-2.09145e-05
14.5	-2.03525e-05
15	-2.04902e-05
15.5	-1.86904e-05
16	-1.68056e-05
16.5	-1.73e-05
17	-1.87416e-05
17.5	-1.90254e-05
18	-1.8262e-05
18.5	-1.84077e-05
19	-1.8895e-05
19.5	-1.9271e-05
20	-1.92531e-05
20.5	-1.95941e-05
21	-2.01052e-05
21.5	-2.11916e-05
22	-2.24736e-05
22.5	-2.46739e-05
23	-2.77092e-05
23.5	-3.51757e-05
24	-0.000233883
24.5	-0.000169045
25	0.000654655
25.5	-6.21008e-05
26	-0.000252316
26.5	-5.25239e-05
27	-2.67986e-05
27.5	-2.00269e-05
28	-1.78885e-05
28.5	-1.77841e-05
29	-2.04697e-05
29.5	-2.27166e-05
30	-2.27682e-05
30.5	-1.95248e-05
31	-1.70192e-05
31.5	-1.4642e-05
32	-1.4867e-05
32.5	-1.47596e-05
33	-1.66844e-05
33.5	-1.79367e-05
34	-2.29796e-05
34.5	-2.3972e-05
35	-2.16636e-05
35.5	-1.77022e-05
36	-1.373e-05
36.5	-1.07472e-05
37	-9.10304e-06
37.5	-8.04441e-06
38	-8.18923e-06
38.5	-8.36374e-06
39	-8.60745e-06
39.5	-8.95742e-06
40	-9.62402e-06
40.5	-1.08314e-05
41	-1.1917e-05
41.5	-1.32817e-05
42	-1.46693e-05
42.5	-1.63323e-05
43	-1.90742e-05
43.5	-2.61196e-05
44	-0.000210176
44.5	-0.00028094
45	0.000663994
45.5	-8.61717e-05
46	-0.000264086
46.5	-4.32504e-05
47	-1.8657e-05
47.5	-1.48735e-05
48	-1.4429e-05
48.5	-1.61806e-05
49	-1.57847e-05
49.5	-1.58835e-05
50	-1.55169e-05
50.5	-1.56507e-05
51	-1.44349e-05
51.5	-1.35123e-05
52	-1.26165e-05
52.5	-1.26425e-05
53	-1.31486e-05
53.5	-1.36276e-05
54	-1.4314e-05
54.5	-1.49505e-05
55	-1.5626e-05
55.5	-1.61397e-05
56	-1.65426e-05
56.5	-1.66163e-05
57	-1.67485e-05
57.5	-1.67464e-05
58	-1.66425e-05
58.5	-1.70426e-05
59	-1.77011e-05
59.5	-1.79074e-05
60	-1.79498e-05
60.5	-1.80615e-05
61	-1.82339e-05
61.5	-1.87212e-05
62	-2.11394e-05
62.5	-2.61474e-05
63	-4.61283e-05
63.5	-0.000481875
64	0.00049966
64.5	2.69875e-05
65	-0.000217771
65.5	-0.000167508
66	-4.66953e-05
66.5	-3.37407e-05
67	-2.95581e-05
67.5	-2.47723e-05
68	-2.11361e-05
68.5	-1.8073e-05
69	-1.63367e-05
69.5	-1.55379e-05
70	-1.51546e-05
70.5	-1.51307e-05
71	-1.57564e-05
71.5	-1.7309e-05
72	-1.92797e-05
72.5	-2.09808e-05
73	-2.25974e-05
73.5	-2.34213e-05
74	-2.4052e-05
74.5	-2.51687e-05
75	-2.77478e-05
75.5	-3.33036e-05
76	-5.55145e-05
76.5	-0.000619391
77	0.000500263
77.5	0.00013942
78	-0.000123283
78.5	-0.000137682
79	-4.19903e-05
79.5	-3.76915e-05
80	-3.48808e-05
80.5	-3.28222e-05
81	-2.69867e-05
81.5	-2.41446e-05
82	-2.26876e-05
82.5	-2.19552e-05
83	-2.17473e-05
83.5	-2.16847e-05
84	-2.14768e-05
84.5	-2.08582e-05
85	-2.01952e-05
85.5	-1.95583e-05
86	-1.88588e-05
86.5	-1.80684e-05
87	-1.73007e-05
87.5	-1.62339e-05
88	-1.51243e-05
88.5	-1.43598e-05
89	-1.36719e-05
89.5	-1.33116e-05
90	-1.28573e-05
90.5	-1.22551e-05
91	-1.16375e-05
91.5	-1.12542e-05
92	-1.09878e-05
92.5	-1.13859e-05
93	-1.2189e-05
93.5	-1.35862e-05
94	-1.46597e-05
94.5	-1.38191e-05
95	-1.20087e-05
95.5	-9.9193e-06
96	-9.98262e-06
96.5	-9.2591e-06
97	-1.03143e-05
97.5	-1.12142e-05
98	-1.17214e-05
98.5	-1.22386e-05
99	-1.25389e-05
99.5	-1.25133e-05
100	-1.23996e-05
100.5	-1.26869e-05
101	-1.39923e-05
101.5	-1.51015e-05
102	-1.58926e-05
102.5	-1.6541e-05
103	-1.76329e-05
103.5	-1.99024e-05
104	-2.28259e-05
104.5	-2.65732e-05
105	-3.34298e-05
105.5	-6.05334e-05
106	-0.000741601
106.5	0.00062355
107	9.63866e-05
107.5	-0.000139784
108	-8.73985e-05
108.5	-3.63192e-05
109	-3.69363e-05
109.5	-3.65463e-05
110	-3.83994e-05
110.5	-3.80435e-05
111	-3.2759e-05
111.5	-2.86609e-05
112	-2.50688e-05
112.5	-2.28542e-05
113	-2.1957e-05
113.5	-2.10551e-05
114	-2.04564e-05
114.5	-2.0151e-05
115	-2.01885e-05
115.5	-2.06425e-05
116	-2.12024e-05
116.5	-2.14739e-05
117	-2.18056e-05
117.5	-2.12975e-05
118	-1.99555e-05
118.5	-1.94218e-05
119	-2.00898e-05
119.5	-1.97968e-05
120	-1.58736e-05
120.5	-1.36451e-05
121	-1.3698e-05
121.5	-1.44306e-05
122	-1.91964e-05
122.5	-2.01431e-05
123	-1.85669e-05
123.5	-2.03929e-05
124	-1.92286e-05
124.5	-1.86494e-05
125	-1.81703e-05
125.5	-1.98351e-05
126	-2.19764e-05
126.5	-2.38845e-05
127	-2.52183e-05
127.5	-2.14364e-05
128	-1.86807e-05
128.5	-1.69101e-05
129	-1.46944e-05
129.5	-1.28561e-05
130	-1.16347e-05
130.5	-1.1253e-05
131	-1.20852e-05
131.5	-1.33359e-05
132	-1.45461e-05
132.5	-1.61474e-05
133	-1.83066e-05
133.5	-2.04163e-05
134	-2.26376e-05
134.5	-2.54887e-05
135	-2.98221e-05
135.5	-3.67402e-05
136	-6.6412e-05
136.5	-0.000694213
137	0.000503725
137.5	-1.48292e-05
138	-0.000199612
138.5	-0.000101326
139	-4.30003e-05
139.5	-4.6159e-05
140	-4.65781e-05
140.5	-4.31007e-05
141	-3.74299e-05
141.5	-3.38871e-05
142	-3.03575e-05
142.5	-2.80472e-05
143	-2.70928e-05
143.5	-2.67645e-05
144	-2.63204e-05
144.5	-2.53708e-05
145	-2.44868e-05
145.5	-2.4376e-05
146	-2.50134e-05
146.5	-2.55456e-05
147	-2.59725e-05
147.5	-2.62356e-05
148	-2.67649e-05
148.5	-2.73032e-05
149	-2.85694e-05
149.5	-3.12018e-05
150	-3.63849e-05
150.5	-5.08617e-05
151	-0.000347754
151.5	0.00031941
152	0.000243913
152.5	-7.51155e-05
153	-0.000206678
153.5	-4.357e-05
154	-3.82778e-05
154.5	-3.85678e-05
155	-3.56659e-05
155.5	-3.17201e-05
156	-2.7765e-05
156.5	-2.58753e-05
157	-2.50101e-05
157.5	-2.35214e-05
158	-2.28705e-05
158.5	-2.27464e-05
159	-2.30735e-05
159.5	-2.38006e-05
160	-2.43502e-05
160.5	-2.46957e-05
161	-2.49198e-05
161.5	-2.48115e-05
162	-2.44894e-05
162.5	-2.41174e-05
163	-2.39962e-05
163.5	-2.41726e-05
164	-2.48329e-05
164.5	-2.55623e-05
165	-2.6388e-05
165.5	-2.75154e-05
166	-2.89363e-05
166.5	-3.20069e-05
167	-4.59682e-05
167.5	-0.000369545
168	0.00040863
168.5	0.000128017
169	-0.000222256
169.5	-0.000209147
170	-2.92512e-05
170.5	-3.20501e-05
171	-2.51039e-05
171.5	-1.95831e-05
172	-1.70261e-05
172.5	-1.5316e-05
173	-1.42674e-05
173.5	-1.43383e-05
174	-1.48951e-05
174.5	-1.53916e-05
175	-1.59606e-05
175.5	-1.71093e-05
176	-1.79996e-05
176.5	-1.84908e-05
177	-1.88149e-05
177.5	-1.89176e-05
178	-1.89734e-05
178.5	-1.89581e-05
179	-1.91424e-05
179.5	-1.91845e-05
180	-1.9427e-05
180.5	-1.96295e-05
181	-1.99803e-05
181.5	-2.03953e-05
182	-2.02194e-05
182.5	-1.98034e-05
183	-1.97497e-05
183.5	-1.91511e-05
184	-1.91377e-05
184.5	-2.02921e-05
185	-2.37843e-05
185.5	-2.71667e-05
186	-8.40937e-05
186.5	-0.000644016
187	0.000750823
187.5	7.21806e-05
188	-0.000263278
188.5	-0.000147665
189	-3.80706e-05
189.5	-2.33809e-05
190	-1.68835e-05
190.5	-1.3859e-05
191	-1.26845e-05
191.5	-1.32065e-05
192	-1.40862e-05
192.5	-1.45561e-05
193	-1.46975e-05
193.5	-1.44868e-05
194	-1.41815e-05
194.5	-1.38417e-05
195	-1.3558e-05
195.5	-1.3657e-05
196	-1.40782e-05
196.5	-1.36701e-05
197	-1.44092e-05
197.5	-1.5518e-05
198	-1.55359e-05
198.5	-1.52848e-05
199	-1.81492e-05
199.5	-2.09349e-05
200	-2.12353e-05
200.5	-2.13535e-05
201	-2.2559e-05
201.5	-2.62107e-05
202	-3.54212e-05
202.5	-0.000218466
203	-0.000415535
203.5	0.000990811
204	-3.36194e-05
204.5	-0.000338883
205	-7.34057e-05
205.5	-3.90614e-05
206	-3.11779e-05
206.5	-2.70292e-05
207	-2.50693e-05
207.5	-2.35211e-05
208	-2.19307e-05
208.5	-2.10281e-05
209	-2.03947e-05
209.5	-1.99197e-05
210	-1.94404e-05
210.5	-1.91082e-05
211	-1.92398e-05
211.5	-1.77373e-05
212	-1.62498e-05
212.5	-1.54707e-05
213	-1.62498e-05
213.5	-1.4372e-05
214	-1.47956e-05
214.5	-1.55537e-05
215	-1.82842e-05
215.5	-2.04404e-05
216	-2.01435e-05
216.5	-2.04449e-05
217	-2.09431e-05
217.5	-2.17806e-05
218	-2.00862e-05
218.5	-1.82156e-05
219	-1.66748e-05
219.5	-1.5853e-05
220	-1.59554e-05
220.5	-1.64075e-05
221	-1.72717e-05
221.5	-1.79913e-05
222	-2.01323e-05
222.5	-2.25108e-05
223	-2.82963e-05
223.5	-0.000120803
224	-0.000771494
224.5	0.00102087
225	-4.58663e-05
225.5	-0.000287702
226	-5.75417e-05
226.5	-3.44258e-05
227	-4.00461e-05
227.5	-3.75316e-05
228	-3.33904e-05
228.5	-2.73867e-05
229	-2.24437e-05
229.5	-1.93503e-05
230	-1.83659e-05
230.5	-1.74438e-05
231	-1.50482e-05
231.5	-1.2895e-05
232	-1.07745e-05
232.5	-1.01791e-05
233	-9.79115e-06
233.5	-1.31232e-05
234	-1.62923e-05
234.5	-1.62112e-05
235	-1.61414e-05
235.5	-1.75908e-05
236	-1.68729e-05
236.5	-1.58008e-05
237	-1.74746e-05
237.5	-1.59126e-05
238	-1.67093e-05
238.5	-1.83289e-05
239	-2.10586e-05
239.5	-2.1523e-05
240	-2.13953e-05
240.5	-1.94356e-05
241	-1.76249e-05
241.5	-1.51815e-05
242	-1.35944e-05
242.5	-1.33349e-05
243	-1.43959e-05
243.5	-1.466e-05
244	-1.49229e-05
244.5	-1.52743e-05
245	-1.55919e-05
245.5	-1.61044e-05
246	-1.68708e-05
246.5	-1.76047e-05
247	-1.83762e-05
247.5	-1.92034e-05
248	-2.04156e-05
248.5	-2.27832e-05
249	-2.82767e-05
249.5	-9.853e-05
250	-0.000781711
250.5	0.000837327
251	-2.01816e-05
251.5	-0.000271117
252	-7.62228e-05
252.5	-3.73863e-05
253	-3.19453e-05
253.5	-2.5891e-05
254	-2.19227e-05
254.5	-1.99643e-05
255	-1.93991e-05
255.5	-1.94697e-05
256	-1.98722e-05
256.5	-2.01357e-05
257	-2.00724e-05
257.5	-1.98212e-05
258	-1.8889e-05
258.5	-1.79629e-05
259	-1.73875e-05
259.5	-1.71816e-05
260	-1.71285e-05
260.5	-1.71787e-05
261	-1.73699e-05
261.5	-1.74741e-05
262	-1.79773e-05
262.5	-1.8914e-05
263	-1.94064e-05
263.5	-1.97085e-05
264	-2.01732e-05
264.5	-1.97668e-05
265	-1.83462e-05
265.5	-2.2295e-05
266	-3.69045e-05
266.5	-0.000358924
267	0.000608507
267.5	0.00023753
268	-0.000217486
268.5	-0.000254712
269	-5.37322e-05
269.5	-3.53785e-05
270	-2.54518e-05
270.5	-1.95858e-05
271	-1.64961e-05
271.5	-1.45441e-05
272	-1.36054e-05
272.5	-1.27432e-05
273	-1.17162e-05
273.5	-1.11545e-05
274	-1.0755e-05
274.5	-1.06574e-05
275	-1.06861e-05
275.5	-1.06596e-05
276	-1.04787e-05
276.5	-1.03428e-05
277	-1.04512e-05
277.5	-1.1126e-05
278	-1.18427e-05
278.5	-1.25306e-05
279	-1.37059e-05
279.5	-1.40311e-05
280	-1.5889e-05
280.5	-1.73399e-05
281	-2.17906e-05
281.5	-3.02875e-05
282	-5.93382e-05
282.5	-0.000593631
283	0.000503611
283.5	0.000393931
284	-0.000132569
284.5	-0.000234086
285	-5.77701e-05
285.5	-4.06626e-05
286	-3.3844e-05
286.5	-3.09716e-05
287	-3.04184e-05
287.5	-3.00605e-05
288	-2.94232e-05
288.5	-2.88402e-05
289	-2.85707e-05
289.5	-2.87843e-05
290	-2.87809e-05
290.5	-2.83586e-05
291	-2.7661e-05
291.5	-2.69648e-05
292	-2.66005e-05
292.5	-2.62028e-05
293	-2.51278e-05
293.5	-2.49712e-05
294	-2.472e-05
294.5	-2.23834e-05
295	-2.08156e-05
295.5	-1.89058e-05
296	-1.71613e-05
296.5	-1.79424e-05
297	-1.98833e-05
297.5	-2.06612e-05
298	-1.92561e-05
298.5	-1.7848e-05
299	-1.73942e-05
299.5	-1.72977e-05
300	-1.76383e-05
300.5	-1.80194e-05
301	-1.82461e-05
301.5	-1.81139e-05
302	-1.76503e-05
302.5	-1.71418e-05
303	-1.71882e-05
303.5	-1.80484e-05
304	-1.93847e-05
304.5	-2.07666e-05
305	-2.19507e-05
305.5	-2.30801e-05
306	-2.49263e-05
306.5	-2.81717e-05
307	-3.48785e-05
307.5	-0.000202049
308	0.000108876
308.5	0.000623669
309	-6.43839e-05
309.5	-0.000289858
310	-5.39141e-05
310.5	-4.67142e-05
311	-4.48204e-05
311.5	-3.95323e-05
312	-3.48659e-05
312.5	-3.20676e-05
313	-2.96439e-05
313.5	-2.81543e-05
314	-2.77034e-05
314.5	-2.7549e-05
315	-2.71232e-05
315.5	-2.68365e-05
316	-2.65336e-05
316.5	-2.59997e-05
317	-2.5129e-05
317.5	-2.47924e-05
318	-2.50423e-05
318.5	-2.57551e-05
319	-2.63534e-05
319.5	-2.70754e-05
320	-2.8312e-05
320.5	-3.14002e-05
321	-4.17895e-05
321.5	-0.000271311
322	0.00093584
322.5	0.000470947
323	-0.000140296
323.5	-0.000280569
324	-5.64637e-05
324.5	-4.46255e-05
325	-3.98241e-05
325.5	-3.3308e-05
326	-2.74213e-05
326.5	-2.31713e-05
327	-2.13765e-05
327.5	-2.09161e-05
328	-2.05992e-05
328.5	-2.04169e-05
329	-2.00907e-05
329.5	-1.96228e-05
330	-1.91958e-05
330.5	-1.89014e-05
331	-1.9178e-05
331.5	-2.00298e-05
332	-2.09556e-05
332.5	-2.12949e-05
333	-2.18394e-05
333.5	-2.21397e-05
334	-2.25727e-05
334.5	-2.32446e-05
335	-2.54e-05
335.5	-3.21315e-05
336	-0.000207005
336.5	-0.000659288
337	0.000983875
337.5	-1.28235e-05
338	-0.00030064
338.5	-6.17019e-05
339	-3.40318e-05
339.5	-3.61203e-05
340	-3.35935e-05
340.5	-2.61948e-05
341	-2.2551e-05
341.5	-1.958e-05
342	-1.82888e-05
342.5	-1.7586e-05
343	-1.71107e-05
343.5	-1.65612e-05
344	-1.58483e-05
344.5	-1.49976e-05
345	-1.39414e-05
345.5	-1.28694e-05
346	-1.18762e-05
346.5	-1.15132e-05
347	-1.1563e-05
347.5	-1.11111e-05
348	-1.04091e-05
348.5	-9.89069e-06
349	-9.53344e-06
349.5	-8.27172e-06
350	-8.14606e-06
350.5	-8.23742e-06
351	-8.29494e-06
351.5	-5.16575e-06
352	-5.77699e-06
352.5	-6.95767e-06
353	-7.46253e-06
353.5	-7.70524e-06
354	-7.74663e-06
354.5	-1.08275e-05
355	-1.52624e-05
355.5	-1.96569e-05
356	-3.2017e-05
356.5	-0.000275335
357	0.000538645
357.5	0.000682682
358	-0.000124606
358.5	-0.000329059
359	-4.38632e-05
359.5	-1.95704e-05
360	-1.42947e-05
360.5	-1.27517e-05
361	-1.22095e-05
361.5	-1.17993e-05
362	-1.20524e-05
362.5	-1.22669e-05
363	-1.17418e-05
363.5	-1.22868e-05
364	-1.24639e-05
364.5	-1.36674e-05
365	-1.31433e-05
365.5	-1.43703e-05
366	-1.70732e-05
366.5	-1.70165e-05
367	-1.62926e-05
367.5	-1.81711e-05
368	-2.00019e-05
368.5	-1.85109e-05
369	-1.88966e-05
369.5	-1.93426e-05
370	-1.89965e-05
370.5	-2.06746e-05
371	-1.98053e-05
371.5	-1.60566e-05
372	-1.30388e-05
372.5	-1.16873e-05
373	-1.04226e-05
373.5	-8.58298e-06
374	-7.46528e-06
374.5	-7.12113e-06
375	-7.14441e-06
375.5	-7.17491e-06
376	-7.40856e-06
376.5	-7.82566e-06
377	-8.34798e-06
377.5	-8.94366e-06
378	-9.61498e-06
378.5	-1.08773e-05
379	-1.22711e-05
379.5	-1.2837e-05
380	-1.37573e-05
380.5	-1.47977e-05
381	-1.5624e-05
381.5	-1.63748e-05
382	-1.73726e-05
382.5	-1.74248e-05
383	-1.87588e-05
383.5	-1.88699e-05
384	-2.63264e-05
384.5	-0.000231093
385	-0.000631635
385.5	0.0011156
386	-3.7559e-05
386.5	-0.000326907
387	-6.89944e-05
387.5	-3.01529e-05
388	-2.36965e-05
388.5	-2.04435e-05
389	-1.83061e-05
389.5	-1.68645e-05
390	-1.55609e-05
390.5	-1.44366e-05
391	-1.35547e-05
391.5	-1.29958e-05
392	-1.24796e-05
392.5	-1.20496e-05
393	-1.14752e-05
393.5	-1.08341e-05
394	-1.01787e-05
394.5	-9.56543e-06
395	-9.93088e-06
395.5	-1.08484e-05
396	-1.09063e-05
396.5	-1.06515e-05
397	-1.05096e-05
397.5	-1.10954e-05
398	-1.14503e-05
398.5	-1.2134e-05
399	-1.29042e-05
399.5	-1.29367e-05
400	-1.32801e-05
400.5	-1.455e-05
401	-1.60673e-05
401.5	-1.75807e-05
402	-1.90022e-05
402.5	-1.95237e-05
403	-2.00401e-05
403.5	-2.0695e-05
404	-2.12915e-05
404.5	-2.21164e-05
405	-2.26951e-05
405.5	-2.29327e-05
406	-2.29465e-05
406.5	-2.27358e-05
407	-2.25465e-05
407.5	-2.26043e-05
408	-2.325e-05
408.5	-2.41225e-05
409	-2.4733e-05
409.5	-2.51116e-05
410	-2.54968e-05
410.5	-2.4057e-05
411	-2.3837e-05
411.5	-2.06726e-05
412	-1.79178e-05
412.5	-1.87259e-05
413	-1.7918e-05
413.5	-1.84097e-05
414	-1.92285e-05
414.5	-1.94601e-05
415	-1.90103e-05
415.5	-1.86107e-05
416	-1.82958e-05
416.5	-1.84885e-05
417	-1.89144e-05
417.5	-2.00989e-05
418	-2.23807e-05
418.5	-2.64339e-05
419	-3.51355e-05
419.5	-0.000143315
420	-0.0010048
420.5	0.000835672
421	0.000112717
421.5	-0.000284337
422	-5.08009e-05
422.5	-3.19745e-05
423	-3.04975e-05
423.5	-2.76054e-05
424	-2.61784e-05
424.5	-2.53427e-05
425	-2.41544e-05
425.5	-2.28855e-05
426	-2.12398e-05
426.5	-1.91443e-05
427	-1.71625e-05
427.5	-1.59856e-05
428	-1.57604e-05
428.5	-1.59942e-05
429	-1.65714e-05
429.5	-1.70161e-05
430	-1.75254e-05
430.5	-1.80234e-05
431	-1.89888e-05
431.5	-2.00761e-05
432	-2.10855e-05
432.5	-2.30216e-05
433	-2.7406e-05
433.5	-4.73795e-05
434	-0.000468483
434.5	0.000435557
435	5.6735e-05
435.5	-0.000225338
436	-0.000166995
436.5	-3.46873e-05
437	-2.8071e-05
437.5	-2.60971e-05
438	-2.60061e-05
438.5	-2.56983e-05
439	-2.49061e-05
439.5	-2.31299e-05
440	-1.95296e-05
440.5	-1.54232e-05
441	-1.2934e-05
441.5	-1.23946e-05
442	-1.27097e-05
442.5	-1.32837e-05
443	-1.38948e-05
443.5	-1.44824e-05
444	-1.49191e-05
444.5	-1.52674e-05
445	-1.56331e-05
445.5	-1.56711e-05
446	-1.66117e-05
446.5	-1.74114e-05
447	-1.87757e-05
447.5	-2.05507e-05
448	-2.21192e-05
448.5	-2.35471e-05
449	-2.53886e-05
449.5	-2.82103e-05
450	-3.20951e-05
450.5	-3.97993e-05
451	-0.000154286
451.5	-0.000677556
452	0.000892873
452.5	2.52098e-05
453	-0.000311419
453.5	-7.22404e-05
454	-4.14095e-05
454.5	-3.64867e-05
455	-2.86226e-05
455.5	-2.31973e-05
456	-1.88931e-05
456.5	-1.68553e-05
457	-1.54488e-05
457.5	-1.4731e-05
458	-1.39593e-05
458.5	-1.32065e-05
459	-1.25793e-05
459.5	-1.28718e-05
460	-1.27834e-05
460.5	-1.28058e-05
461	-1.3224e-05
461.5	-1.44766e-05
462	-1.58011e-05
462.5	-1.74797e-05
463	-1.86044e-05
463.5	-1.9464e-05
464	-2.05226e-05
464.5	-2.15687e-05
465	-2.27309e-05
465.5	-2.48239e-05
466	-2.87801e-05
466.5	-3.70456e-05
467	-0.000245302
467.5	-0.00037634
468	0.000777542
468.5	1.11587e-05
469	-0.0003239
469.5	-7.09604e-05
470	-4.13834e-05
470.5	-2.91357e-05
471	-2.11981e-05
471.5	-1.70781e-05
472	-1.51554e-05
472.5	-1.44476e-05
473	-1.43882e-05
473.5	-1.47328e-05
474	-1.48482e-05
474.5	-1.46347e-05
475	-1.38214e-05
475.5	-1.29948e-05
476	-1.22525e-05
476.5	-1.19705e-05
477	-1.18452e-05
477.5	-1.12025e-05
478	-1.05756e-05
478.5	-1.01542e-05
479	-1.00483e-05
479.5	-9.92439e-06
480	-9.89759e-06
480.5	-1.00823e-05
481	-1.03297e-05
481.5	-8.95584e-06
482	-8.61186e-06
482.5	-6.62473e-06
483	-7.06821e-06
483.5	-7.01932e-06
484	-9.62092e-06
484.5	-1.04882e-05
485	-1.03443e-05
485.5	-9.96252e-06
486	-9.48014e-06
486.5	-8.7807e-06
487	-8.09582e-06
487.5	-7.59914e-06
488	-7.51482e-06
488.5	-8.4789e-06
489	-9.42092e-06
489.5	-9.8351e-06
490	-9.86587e-06
490.5	-1.05625e-05
491	-1.01434e-05
491.5	-1.03584e-05
492	-1.07747e-05
492.5	-1.15775e-05
493	-1.2541e-05
493.5	-1.46765e-05
494	-1.62605e-05
494.5	-1.719e-05
495	-1.86636e-05
495.5	-1.88494e-05
496	-1.73062e-05
496.5	-1.49583e-05
497	-1.36793e-05
497.5	-1.198e-05
498	-1.51572e-05
498.5	-1.72968e-05
499	-1.9744e-05
499.5	-2.13582e-05
500	-2.31837e-05
500.5	-2.26851e-05
501	-2.18416e-05
501.5	-2.23783e-05
502	-2.17894e-05
502.5	-2.06747e-05
503	-2.05401e-05
503.5	-2.19202e-05
504	-1.95202e-05
504.5	-1.81317e-05
505	-1.70379e-05
505.5	-1.4086e-05
506	-1.3047e-05
506.5	-1.16398e-05
507	-1.12628e-05
507.5	-1.08382e-05
508	-1.06247e-05
508.5	-1.08033e-05
509	-1.11509e-05
509.5	-1.24914e-05
510	-1.39375e-05
510.5	-1.50675e-05
511	-1.60159e-05
511.5	-1.65818e-05
512	-1.68032e-05
512.5	-1.708e-05
513	-1.72768e-05
513.5	-1.74896e-05
514	-1.71732e-05
514.5	-1.69567e-05
515	-1.71121e-05
515.5	-1.61627e-05
516	-1.53023e-05
516.5	-1.12368e-05
517	-1.56888e-05
517.5	-0.000222644
518	-0.000658203
518.5	0.00111394
519	-2.78528e-05
519.5	-0.00031781
520	-6.77092e-05
520.5	-2.88137e-05
521	-2.24823e-05
521.5	-2.0345e-05
522	-2.02673e-05
522.5	-1.98568e-05
523	-1.99943e-05
523.5	-2.12119e-05
524	-2.26691e-05
524.5	-2.38933e-05
525	-2.46112e-05
525.5	-2.47633e-05
526	-2.47716e-05
526.5	-2.45206e-05
527	-2.40947e-05
527.5	-2.3714e-05
528	-2.33796e-05
528.5	-2.34171e-05
529	-2.33395e-05
529.5	-2.37205e-05
530	-2.4916e-05
530.5	-2.37165e-05
531	-2.37503e-05
531.5	-2.42489e-05
532	-2.52204e-05
532.5	-2.61076e-05
533	-2.79836e-05
533.5	-3.11112e-05
534	-5.45101e-05
534.5	-0.000474699
535	0.000523145
535.5	8.74458e-05
536	-0.000247027
536.5	-0.000188529
537	-4.69722e-05
537.5	-3.55727e-05
538	-2.97e-05
538.5	-2.60992e-05
539	-2.40268e-05
539.5	-2.12603e-05
540	-1.91512e-05
540.5	-1.77121e-05
541	-1.70292e-05
541.5	-1.6943e-05
542	-1.69993e-05
542.5	-1.64792e-05
543	-1.50834e-05
543.5	-1.33126e-05
544	-1.26628e-05
544.5	-1.25528e-05
545	-1.39207e-05
545.5	-1.5586e-05
546	-1.72147e-05
546.5	-1.77361e-05
547	-1.75736e-05
547.5	-2.2732e-05
548	-6.3138e-05
548.5	-0.000682717
549	0.000665265
549.5	2.33861e-05
550	-0.000255277
550.5	-0.00011557
551	-4.07178e-05
551.5	-3.30884e-05
552	-2.95479e-05
552.5	-2.79753e-05
553	-2.56718e-05
553.5	-2.39569e-05
554	-2.31744e-05
554.5	-2.3143e-05
555	-2.3543e-05
555.5	-2.34406e-05
556	-2.30908e-05
556.5	-2.2677e-05
557	-2.22584e-05
557.5	-2.17284e-05
558	-2.12756e-05
558.5	-2.06759e-05
559	-1.99858e-05
559.5	-1.9576e-05
560	-1.84556e-05
560.5	-1.83875e-05
561	-1.8402e-05
561.5	-1.85686e-05
562	-1.81915e-05
562.5	-1.61883e-05
563	-1.40033e-05
563.5	-1.36272e-05
564	-1.28828e-05
564.5	-1.37902e-05
565	-1.36148e-05
565.5	-1.18239e-05
566	-1.00942e-05
566.5	-8.95817e-06
567	-8.38348e-06
567.5	-7.93281e-06
568	-8.53269e-06
568.5	-9.06551e-06
569	-8.8121e-06
569.5	-8.15281e-06
570	-7.49982e-06
570.5	-7.37987e-06
571	-7.93717e-06
571.5	-9.09896e-06
572	-1.03037e-05
572.5	-1.18172e-05
573	-1.40137e-05
573.5	-1.68202e-05
574	-2.24516e-05
574.5	-7.17886e-05
575	-0.000740447
575.5	0.000823635
576	-3.86509e-05
576.5	-0.000283463
577	-5.00556e-05
577.5	-2.92537e-05
578	-2.83976e-05
578.5	-3.06332e-05
579	-2.64897e-05
579.5	-2.24413e-05
580	-2.04448e-05
580.5	-1.95277e-05
581	-1.87913e-05
581.5	-1.84355e-05
582	-1.82936e-05
582.5	-1.84976e-05
583	-1.89805e-05
583.5	-1.93749e-05
584	-1.91573e-05
584.5	-1.8556e-05
585	-1.80754e-05
585.5	-1.76097e-05
586	-1.72785e-05
586.5	-1.72543e-05
587	-1.72902e-05
587.5	-1.7378e-05
588	-1.77812e-05
588.5	-1.87118e-05
589	-2.04402e-05
589.5	-2.43361e-05
590	-3.95278e-05
590.5	-0.000380996
591	0.000314862
591.5	0.000131599
592	-0.000142602
592.5	-0.000169121
593	-4.4926e-05
593.5	-3.27056e-05
594	-2.01157e-05
594.5	-1.26578e-05
595	-8.04269e-06
595.5	-6.19362e-06
596	-5.44994e-06
596.5	-5.18229e-06
597	-5.11672e-06
597.5	-5.58387e-06
598	-6.01142e-06
598.5	-6.06152e-06
599	-5.78813e-06
599.5	-5.54088e-06
600	-5.32087e-06
600.5	-5.93434e-06
601	-7.01928e-06
601.5	-8.29389e-06
602	-9.54618e-06
602.5	-1.07866e-05
603	-1.22212e-05
603.5	-1.49653e-05
604	-2.0218e-05
604.5	-4.26244e-05
605	-0.000535124
605.5	0.000520807
606	2.88382e-05
606.5	-0.000241695
607	-0.00014985
607.5	-4.1067e-05
608	-2.73263e-05
608.5	-1.86261e-05
609	-1.28945e-05
609.5	-1.05546e-05
610	-1.05487e-05
610.5	-1.10935e-05
611	-1.19832e-05
611.5	-1.30131e-05
612	-1.35291e-05
612.5	-1.3999e-05
613	-1.53383e-05
613.5	-1.65565e-05
614	-1.67108e-05
614.5	-1.70706e-05
615	-1.73138e-05
615.5	-1.8992e-05
616	-2.11051e-05
616.5	-2.12223e-05
617	-2.06194e-05
617.5	-2.03231e-05
618	-1.91464e-05
618.5	-1.99783e-05
619	-1.76351e-05
619.5	-1.43749e-05
620	-1.22886e-05
620.5	-8.74455e-06
621	-6.69984e-06
621.5	-7.68744e-06
622	-7.84372e-06
622.5	-1.08987e-05
623	-8.93096e-06
623.5	-1.03935e-05
624	-8.27306e-06
624.5	-4.73887e-06
625	-3.62925e-06
625.5	-3.87007e-06
626	-6.20686e-06
626.5	-6.53283e-06
627	-7.14369e-06
627.5	-8.2816e-06
628	-9.55952e-06
628.5	-1.06424e-05
629	-1.15931e-05
629.5	-1.25229e-05
630	-1.41957e-05
630.5	-1.62912e-05
631	-1.77733e-05
631.5	-1.90435e-05
632	-2.02745e-05
632.5	-2.15882e-05
633	-2.30473e-05
633.5	-2.55576e-05
634	-2.76524e-05
634.5	-4.58178e-05
635	-0.000412231
635.5	0.000297337
636	0.000167734
636.5	-0.000125568
637	-0.000165396
637.5	-3.39186e-05
638	-2.49927e-05
638.5	-2.12442e-05
639	-1.87772e-05
639.5	-1.6559e-05
640	-1.46504e-05
640.5	-1.4589e-05
641	-1.28745e-05
641.5	-1.15722e-05
642	-1.05395e-05
642.5	-1.02169e-05
643	-9.98988e-06
643.5	-9.63317e-06
644	-9.08917e-06
644.5	-7.64517e-06
645	-6.76868e-06
645.5	-6.08471e-06
646	-5.68784e-06
646.5	-5.36264e-06
647	-5.19557e-06
647.5	-5.02352e-06
648	-5.07859e-06
648.5	-5.39151e-06
649	-5.89924e-06
649.5	-6.68355e-06
650	-7.44428e-06
650.5	-7.71324e-06
651	-9.18209e-06
651.5	-1.30547e-05
652	-1.9994e-05
652.5	-7.47846e-05
653	-0.000684062
653.5	0.000622737
654	4.65876e-06
654.5	-0.000252472
655	-9.74009e-05
655.5	-2.67527e-05
656	-1.90604e-05
656.5	-1.59093e-05
657	-1.31152e-05
657.5	-1.12387e-05
658	-1.01051e-05
658.5	-9.60027e-06
659	-9.40832e-06
659.5	-9.12093e-06
660	-8.84633e-06
660.5	-8.74815e-06
661	-8.71664e-06
661.5	-8.64187e-06
662	-8.8769e-06
662.5	-9.56559e-06
663	-1.02305e-05
663.5	-1.09275e-05
664	-1.14014e-05
664.5	-1.16666e-05
665	-1.17046e-05
665.5	-1.02518e-05
666	-1.00895e-05
666.5	-7.23228e-06
667	-4.77934e-06
667.5	-5.6565e-06
668	-6.72743e-06
668.5	-7.49664e-06
669	-8.22475e-06
669.5	-9.37427e-06
670	-1.03143e-05
670.5	-1.11698e-05
671	-1.23284e-05
671.5	-1.3379e-05
672	-1.41156e-05
672.5	-1.43869e-05
673	-1.4263e-05
673.5	-1.39313e-05
674	-1.3407e-05
674.5	-1.26038e-05
675	-1.19959e-05
675.5	-1.17484e-05
676	-1.19439e-05
676.5	-1.20097e-05
677	-1.20142e-05
677.5	-1.1932e-05
678	-1.18373e-05
678.5	-1.13721e-05
679	-1.04123e-05
679.5	-5.3481e-06
680	-4.18339e-06
680.5	-4.3357e-06
681	-5.26145e-06
681.5	-7.54303e-06
682	-1.00279e-05
682.5	-1.1057e-05
683	-1.09265e-05
683.5	-1.09468e-05
684	-1.12479e-05
684.5	-1.10092e-05
685	-1.02203e-05
685.5	-1.00342e-05
686	-1.02847e-05
686.5	-1.08578e-05
687	-1.17269e-05
687.5	-1.20823e-05
688	-1.27299e-05
688.5	-1.39853e-05
689	-1.49282e-05
689.5	-1.56098e-05
690	-1.6185e-05
690.5	-1.67726e-05
691	-1.70263e-05
691.5	-1.7538e-05
692	-1.83071e-05
692.5	-1.93991e-05
693	-1.94001e-05
693.5	-1.95897e-05
694	-2.14195e-05
694.5	-2.32972e-05
695	-2.66175e-05
695.5	-2.79251e-05
696	-3.43714e-05
696.5	-0.0002389
697	-0.000653684
697.5	0.000788019
698	5.90637e-05
698.5	-0.000268262
699	-0.000112451
699.5	-4.18195e-05
700	-2.92323e-05
700.5	-2.40626e-05
701	-2.2387e-05
701.5	-2.16758e-05
702	-2.14143e-05
702.5	-2.11701e-05
703	-2.10457e-05
703.5	-2.07071e-05
704	-2.06008e-05
704.5	-2.02053e-05
705	-1.9883e-05
705.5	-1.98536e-05
706	-1.97875e-05
706.5	-2.00322e-05
707	-2.03108e-05
707.5	-1.99578e-05
708	-1.90356e-05
708.5	-1.71806e-05
709	-1.80266e-05
709.5	-1.70412e-05
710	-1.6966e-05
710.5	-1.75319e-05
711	-1.75613e-05
711.5	-1.61208e-05
712	-1.50446e-05
712.5	-1.50307e-05
713	-1.53148e-05
713.5	-1.57471e-05
714	-1.57218e-05
714.5	-1.5413e-05
715	-1.55702e-05
715.5	-1.58186e-05
716	-1.64134e-05
716.5	-1.73557e-05
717	-1.8734e-05
717.5	-2.03922e-05
718	-2.2121e-05
718.5	-2.46088e-05
719	-2.96385e-05
719.5	-5.88176e-05
720	-0.000641743
720.5	0.00054568
721	-3.37132e-06
721.5	-0.0002205
722	-9.38045e-05
722.5	-3.15839e-05
723	-2.39547e-05
723.5	-1.95832e-05
724	-2.01123e-05
724.5	-2.11736e-05
725	-2.08652e-05
725.5	-1.9487e-05
726	-1.72635e-05
726.5	-1.62996e-05
727	-1.88636e-05
727.5	-1.85259e-05
728	-1.8206e-05
728.5	-1.56838e-05
729	-1.50893e-05
729.5	-1.32815e-05
730	-1.34081e-05
730.5	-1.23661e-05
731	-1.51851e-05
731.5	-1.96935e-05
732	-1.96723e-05
732.5	-1.89513e-05
733	-1.75579e-05
733.5	-1.7766e-05
734	-1.64891e-05
734.5	-1.70654e-05
735	-1.73388e-05
735.5	-1.67041e-05
736	-1.55402e-05
736.5	-1.50341e-05
737	-1.4485e-05
737.5	-1.47843e-05
738	-1.5057e-05
738.5	-1.52525e-05
739	-1.5699e-05
739.5	-1.66602e-05
740	-1.8183e-05
740.5	-1.97421e-05
741	-2.15336e-05
741.5	-2.12682e-05
742	-2.16416e-05
742.5	-2.27001e-05
743	-2.38793e-05
743.5	-2.5754e-05
744	-2.7689e-05
744.5	-4.4338e-05
745	-0.000424876
745.5	0.000458228
746	4.10684e-05
746.5	-0.000223141
747	-0.000148831
747.5	-3.79484e-05
748	-3.22484e-05
748.5	-3.28515e-05
749	-3.00893e-05
749.5	-2.73106e-05
750	-2.36537e-05
750.5	-2.06579e-05
751	-1.84796e-05
751.5	-1.68795e-05
752	-1.59523e-05
752.5	-1.4985e-05
753	-1.40998e-05
753.5	-1.33535e-05
754	-1.25751e-05
754.5	-1.25214e-05
755	-1.28505e-05
755.5	-1.30699e-05
756	-1.33304e-05
756.5	-1.40548e-05
757	-1.47008e-05
757.5	-1.51125e-05
758	-1.27177e-05
758.5	-1.21029e-05
759	-1.21606e-05
759.5	-1.26271e-05
760	-1.2724e-05
760.5	-1.32386e-05
761	-1.38416e-05
761.5	-1.40825e-05
762	-1.45038e-05
762.5	-1.45039e-05
763	-1.42867e-05
763.5	-1.53544e-05
764	-1.72302e-05
764.5	-2.01369e-05
765	-2.83611e-05
765.5	-0.00022842
766	0.000315019
766.5	0.000646398
767	-3.74337e-05
767.5	-0.000262088
768	-2.80635e-05
768.5	-1.20278e-05
769	-8.34932e-06
769.5	-6.49881e-06
770	-5.73729e-06
770.5	-6.19266e-06
771	-8.38593e-06
771.5	-9.05109e-06
772	-9.01639e-06
772.5	-9.46179e-06
773	-1.05856e-05
773.5	-1.13265e-05
774	-1.10327e-05
774.5	-1.07974e-05
775	-1.17412e-05
775.5	-1.34927e-05
776	-1.53557e-05
776.5	-1.61494e-05
777	-1.91091e-05
777.5	-2.28535e-05
778	-2.76097e-05
778.5	-4.10568e-05
779	-0.00035016
779.5	0.00127858
780	0.000647963
780.5	-0.0001528
781	-0.000320204
781.5	-5.33214e-05
782	-3.40483e-05
782.5	-3.02042e-05
783	-2.94036e-05
783.5	-2.99418e-05
784	-3.04817e-05
784.5	-3.17869e-05
785	-3.3751e-05
785.5	-3.5044e-05
786	-3.59974e-05
786.5	-3.66811e-05
787	-3.68963e-05
787.5	-3.67793e-05
788	-3.6606e-05
788.5	-3.50628e-05
789	-3.20464e-05
789.5	-2.95789e-05
790	-2.78022e-05
790.5	-2.65791e-05
791	-2.72282e-05
791.5	-2.69211e-05
792	-2.67664e-05
792.5	-2.6755e-05
793	-2.64581e-05
793.5	-2.61236e-05
794	-2.60715e-05
794.5	-2.60057e-05
795	-2.58893e-05
795.5	-2.59973e-05
796	-2.6838e-05
796.5	-2.91345e-05
797	-3.37616e-05
797.5	-5.01013e-05
798	-0.000408396
798.5	0.000449303
799	3.94373e-05
799.5	-0.000208934
800	-0.00013358
800.5	-3.60692e-05
801	-3.19341e-05
801.5	-3.07471e-05
802	-3.05229e-05
802.5	-2.94528e-05
803	-2.86424e-05
803.5	-2.82742e-05
804	-2.48336e-05
804.5	-2.25515e-05
805	-2.1599e-05
805.5	-2.09318e-05
806	-2.19425e-05
806.5	-2.3963e-05
807	-2.5238e-05
807.5	-2.65864e-05
808	-2.78515e-05
808.5	-2.89652e-05
809	-3.04307e-05
809.5	-3.1784e-05
810	-3.32505e-05
810.5	-3.52657e-05
811	-3.87677e-05
811.5	-4.74867e-05
812	-0.000217836
812.5	-0.00107777
813	0.00106801
813.5	0.000140239
814	-0.00028793
814.5	-6.86456e-05
815	-4.24804e-05
815.5	-3.78467e-05
816	-3.49042e-05
816.5	-3.39283e-05
817	-3.28971e-05
817.5	-3.06725e-05
818	-2.95984e-05
818.5	-2.75437e-05
819	-2.44995e-05
819.5	-2.11536e-05
820	-1.87283e-05
820.5	-1.78849e-05
821	-1.78667e-05
821.5	-1.83572e-05
822	-1.85887e-05
822.5	-1.94751e-05
823	-2.04377e-05
823.5	-2.13782e-05
824	-2.17378e-05
824.5	-2.20511e-05
825	-2.34064e-05
825.5	-2.55258e-05
826	-2.87256e-05
826.5	-3.62307e-05
827	-0.000123627
827.5	-0.000839868
828	0.00100659
828.5	7.34488e-06
829	-0.000251593
829.5	-6.57331e-05
830	-2.8284e-05
830.5	-2.63869e-05
831	-2.63562e-05
831.5	-2.71396e-05
832	-2.92146e-05
832.5	-2.75557e-05
833	-2.49876e-05
833.5	-2.19424e-05
834	-1.96995e-05
834.5	-1.90077e-05
835	-1.87294e-05
835.5	-1.85578e-05
836	-1.90693e-05
836.5	-1.88963e-05
837	-1.94173e-05
837.5	-1.9688e-05
838	-1.99587e-05
838.5	-2.02385e-05
839	-2.00047e-05
839.5	-1.89513e-05
840	-1.86028e-05
840.5	-1.80529e-05
841	-1.75041e-05
841.5	-2.0047e-05
842	-2.20372e-05
842.5	-2.40898e-05
843	-2.64054e-05
843.5	-2.97392e-05
844	-3.32948e-05
844.5	-3.70113e-05
845	-3.37083e-05
845.5	-3.11896e-05
846	-2.67941e-05
846.5	-2.88914e-05
847	-2.88381e-05
847.5	-2.69392e-05
848	-2.6124e-05
848.5	-2.67015e-05
849	-2.87164e-05
849.5	-2.7764e-05
850	-2.53517e-05
850.5	-2.01103e-05
851	-1.64302e-05
851.5	-1.43514e-05
852	-1.38662e-05
852.5	-1.36197e-05
853	-1.43982e-05
853.5	-1.53438e-05
854	-1.63933e-05
854.5	-1.72897e-05
855	-1.81269e-05
855.5	-1.88238e-05
856	-1.97328e-05
856.5	-2.08064e-05
857	-2.24037e-05
857.5	-2.3938e-05
858	-2.68662e-05
858.5	-3.53469e-05
859	-0.000242594
859.5	-0.000522707
860	0.000936802
860.5	-5.32283e-05
861	-0.000316192
861.5	-5.66842e-05
862	-3.69159e-05
862.5	-3.25326e-05
863	-2.82198e-05
863.5	-2.74444e-05
864	-2.60403e-05
864.5	-2.4876e-05
865	-2.43111e-05
865.5	-2.49257e-05
866	-2.53335e-05
866.5	-2.5437e-05
867	-2.54647e-05
867.5	-2.55191e-05
868	-2.56123e-05
868.5	-2.57143e-05
869	-2.58736e-05
869.5	-2.56236e-05
870	-2.52126e-05
870.5	-2.52638e-05
871	-2.57633e-05
871.5	-2.69575e-05
872	-2.92489e-05
872.5	-3.44363e-05
873	-5.48358e-05
873.5	-0.000607221
874	0.000505452
874.5	0.000180519
875	-0.00013128
875.5	-0.000135362
876	-3.59526e-05
876.5	-2.77086e-05
877	-2.51739e-05
877.5	-2.38235e-05
878	-2.29724e-05
878.5	-1.90459e-05
879	-1.57668e-05
879.5	-1.32959e-05
880	-1.16553e-05
880.5	-1.03744e-05
881	-9.21505e-06
881.5	-7.84048e-06
882	-6.79631e-06
882.5	-6.09867e-06
883	-5.81855e-06
883.5	-6.03727e-06
884	-6.74256e-06
884.5	-7.27748e-06
885	-7.74306e-06
885.5	-7.47337e-06
886	-6.85588e-06
886.5	-5.88496e-06
887	-5.51881e-06
887.5	-6.0019e-06
888	-5.51133e-06
888.5	-4.86315e-06
889	-5.68501e-06
889.5	-5.81513e-06
890	-6.80515e-06
890.5	-7.29944e-06
891	-6.58876e-06
891.5	-6.51255e-06
892	-6.56812e-06
892.5	-6.87753e-06
893	-7.2503e-06
893.5	-7.94146e-06
894	-8.62714e-06
894.5	-9.32794e-06
895	-9.96403e-06
895.5	-1.04939e-05
896	-1.00379e-05
896.5	-9.75265e-06
897	-1.01155e-05
897.5	-1.03309e-05
898	-1.01105e-05
898.5	-9.84167e-06
899	-9.6994e-06
899.5	-9.75127e-06
900	-9.48895e-06
900.5	-9.65479e-06
901	-9.73833e-06
901.5	-8.58589e-06
902	-6.33855e-06
902.5	-6.72129e-06
903	-8.38036e-06
903.5	-6.63183e-06
904	-4.64244e-06
904.5	-5.46263e-06
905	-7.44225e-06
905.5	-8.8105e-06
906	-9.4411e-06
906.5	-9.72467e-06
907	-1.00222e-05
907.5	-1.03747e-05
908	-1.10429e-05
908.5	-1.20029e-05
909	-1.29524e-05
909.5	-1.36847e-05
910	-1.43993e-05
910.5	-1.55072e-05
911	-1.65593e-05
911.5	-1.7471e-05
912	-1.86572e-05
912.5	-1.96959e-05
913	-2.10313e-05
913.5	-2.35708e-05
914	-2.78355e-05
914.5	-7.53624e-05
915	-0.000935985
915.5	0.00102828
916	0.000123877
916.5	-0.000245319
917	-8.4322e-05
917.5	-4.30913e-05
918	-2.59354e-05
918.5	-1.56441e-05
919	-1.09931e-05
919.5	-9.54032e-06
920	-9.67276e-06
920.5	-1.03642e-05
921	-1.12391e-05
921.5	-1.19577e-05
922	-1.2309e-05
922.5	-1.26177e-05
923	-1.30096e-05
923.5	-1.28853e-05
924	-1.24306e-05
924.5	-1.23923e-05
925	-1.22685e-05
925.5	-1.18042e-05
926	-1.12878e-05
926.5	-1.11672e-05
927	-1.16537e-05
927.5	-1.28671e-05
928	-1.43017e-05
928.5	-1.30721e-05
929	-1.03086e-05
929.5	-1.09902e-05
930	-1.3571e-05
930.5	-1.51638e-05
931	-1.63082e-05
931.5	-1.88235e-05
932	-2.08359e-05
932.5	-2.21812e-05
933	-2.53835e-05
933.5	-3.44399e-05
934	-0.00021897
934.5	-0.000245541
935	0.000782213
935.5	-6.97971e-05
936	-0.000336005
936.5	-5.99741e-05
937	-3.53925e-05
937.5	-3.17785e-05
938	-2.99205e-05
938.5	-2.8749e-05
939	-2.73367e-05
939.5	-2.53311e-05
940	-2.47924e-05
940.5	-2.53099e-05
941	-2.6265e-05
941.5	-2.66148e-05
942	-2.65301e-05
942.5	-2.51381e-05
943	-2.43261e-05
943.5	-2.26261e-05
944	-2.26337e-05
944.5	-2.23808e-05
945	-2.26969e-05
945.5	-2.28916e-05
946	-2.28066e-05
946.5	-2.25032e-05
947	-2.20808e-05
947.5	-2.19526e-05
948	-2.1573e-05
948.5	-2.11734e-05
949	-2.14425e-05
949.5	-2.21983e-05
950	-2.31161e-05
950.5	-2.3861e-05
951	-2.48131e-05
951.5	-2.59567e-05
952	-2.73975e-05
952.5	-3.05317e-05
953	-4.3429e-05
953.5	-0.00035393
954	0.000536567
954.5	0.000192882
955	-0.00021766
955.5	-0.000225808
956	-3.76628e-05
956.5	-2.57268e-05
957	-2.25673e-05
957.5	-1.80637e-05
958	-1.78703e-05
958.5	-1.46204e-05
959	-1.25439e-05
959.5	-1.04173e-05
960	-9.16865e-06
960.5	-9.75111e-06
961	-1.0121e-05
961.5	-9.90549e-06
962	-9.70706e-06
962.5	-9.80727e-06
963	-9.9376e-06
963.5	-1.01097e-05
964	-1.09816e-05
964.5	-1.22175e-05
965	-1.32013e-05
965.5	-1.36756e-05
966	-1.44361e-05
966.5	-1.5307e-05
967	-1.56584e-05
967.5	-1.65595e-05
968	-1.72609e-05
968.5	-1.72267e-05
969	-1.72063e-05
969.5	-1.7635e-05
970	-1.8359e-05
970.5	-1.84653e-05
971	-1.97596e-05
971.5	-2.14447e-05
972	-4.71549e-05
972.5	-0.000402202
973	0.000364276
973.5	0.00020937
974	-0.000153079
974.5	-0.000199227
975	-4.79401e-05
975.5	-3.05706e-05
976	-2.42043e-05
976.5	-2.13274e-05
977	-1.51753e-05
977.5	-1.19924e-05
978	-1.03245e-05
978.5	-8.72187e-06
979	-9.90799e-06
979.5	-1.03819e-05
980	-1.39796e-05
980.5	-1.78698e-05
981	-2.24059e-05
981.5	-2.50117e-05
982	-2.85588e-05
982.5	-3.06005e-05
983	-3.13729e-05
983.5	-3.36385e-05
984	-3.62517e-05
984.5	-3.75825e-05
985	-3.75118e-05
985.5	-3.70625e-05
986	-3.98863e-05
986.5	-0.000102157
987	6.35397e-05
987.5	0.00120682
988	0.000185351
988.5	-0.000317616
989	-0.000206749
989.5	-1.21649e-05
990	-5.47254e-06
990.5	-1.13017e-05
991	-1.60149e-05
991.5	-1.91078e-05
992	-2.14206e-05
992.5	-2.25724e-05
993	-2.29165e-05
993.5	-2.28974e-05
994	-2.25319e-05
994.5	-2.2644e-05
995	-2.19599e-05
995.5	-2.07781e-05
996	-1.9607e-05
996.5	-1.85129e-05
997	-1.73628e-05
997.5	-1.55849e-05
998	-1.40842e-05
998.5	-1.34803e-05
999	-1.38401e-05
999.5	-1.40514e-05
1000	-1.40259e-05
