0.246 461381
0.339 678824
1.095 600791
1.686 420607
2.382 430147
2.722 366576
3.175 598656
3.358 410490
3.393 479033
3.536 452032
3.676 519242
3.777 478582
4.203 498973
4.852 529711
4.991 371182
5.239 362719
5.957 626275
6.442 692419
6.677 495288
6.810 447780
8.351 432452
8.385 466218
8.579 425496
8.990 340598
9.049 505604
9.173 483598
9.265 399841
9.459 474337
9.489 421106
9.773 460546
9.799 391056
9.977 387516
10.612 470177
10.674 373631
11.050 5143
11.083 386264
11.125 5170
11.601 346122
11.774 430287
11.826 541846
11.998 478582
12.025 5273
12.075 5037
12.325 4989
12.329 372442
12.475 5062
12.500 4754
12.550 17503
12.593 669765
12.775 5166
12.871 485107
12.875 5011
13.190 520456
13.604 457116
13.625 335466
13.675 335160
13.700 334953
13.725 334981
13.725 338496
13.800 335007
13.900 335125
14.138 473981
14.200 335104
14.350 334768
14.425 335072
14.552 517229
14.600 334974
14.600 5087
14.700 5248
14.755 475059
14.775 334864
14.850 335042
14.850 453295
14.891 358354
15.000 17268
15.075 334975
15.100 334885
15.125 334888
15.175 334889
15.400 5220
15.573 517229
15.673 341306
15.771 440598
15.825 334944
15.902 374465
16.141 478107
16.183 446174
16.275 17614
16.631 342894
16.844 638707
17.466 393216
17.836 365562
18.008 366788
18.077 370812
18.140 362465
18.223 451227
18.422 447050
18.900 17508
18.950 159509
19.109 669291
19.198 447021
19.277 489127
19.320 361713
19.518 339576
19.723 392507
19.853 462061
20.416 362834
20.461 406133
20.713 531306
20.775 17268
20.836 736887
20.850 154379
21.225 17496
21.300 153716
21.444 376877
21.696 339899
22.280 349999
22.595 403326
22.683 402672
22.825 145757
22.825 160233
22.875 139351
23.475 138900
23.550 141181
23.559 449267
23.799 423791
24.328 695133
24.500 143949
24.850 136913
24.950 134167
25.100 17614
25.226 522197
25.275 163422
25.325 5220
25.356 419315
25.472 391995
25.525 17534
25.575 155982
25.675 5011
25.675 5087
25.700 149203
25.750 4754
25.775 146970
25.850 157175
25.875 150346
25.950 137690
25.950 2290
25.975 145631
26.000 159036
26.025 150805
26.075 17503
26.075 17508
26.125 153264
26.125 2357
26.200 137072
26.325 163580
26.325 5143
26.350 138269
26.350 20345
26.375 137592
26.400 161816
26.400 5037
26.425 136016
26.425 144745
26.425 20251
26.425 2332
26.450 156108
26.450 20362
26.500 20314
26.525 20300
26.575 140544
26.700 2312
26.725 150708
26.775 153717
26.825 148591
26.825 20313
26.825 2380
26.850 156744
26.895 348598
26.900 2493
26.975 144663
27.050 157717
27.075 2401
27.092 420565
27.100 154850
27.125 142744
27.125 20317
27.125 20439
27.175 148532
27.175 2421
27.200 2247
27.225 146993
27.225 5170
27.250 335160
27.275 5062
27.325 139957
27.350 161304
27.375 148687
27.375 169717
27.375 2359
27.400 2333
27.425 2420
27.450 136534
27.475 134230
24.475 576
27.475 2291
27.500 139379
27.500 148709
27.600 154908
27.600 5248
27.625 137014
27.625 2272
27.635 478107
27.650 158271
27.700 135422
27.725 334981
27.725 4989
27.750 149578
27.800 151015
27.825 126865
27.875 158409
27.925 141774
27.925 147972
27.950 5273
28.025 144014
28.042 364138
28.050 134242
28.075 151564
28.100 2267
28.150 148575
28.195 360548
28.200 124544
28.300 151583
28.325 150300
28.375 152594
28.400 5166
28.450 152095
28.450 158337
28.475 142290
28.525 156658
28.575 135985
28.600 143454
28.600 335007
28.625 157171
28.644 620906
28.699 491749
28.725 137751
28.825 141637
28.850 130929
28.875 134833
28.900 334830
28.975 141153
28.975 2178
29.050 136144
29.125 17268
29.200 137094
29.200 140022
29.200 152698
29.275 335159
29.300 126639
29.325 157186
29.391 349396
29.400 152530
29.400 156613
29.450 155391
29.475 154447
29.500 139296
29.505 452483
29.575 159456
29.625 145032
29.650 140018
29.650 151540
29.675 137692
29.700 150224
29.725 160709
29.775 117439
29.775 139901
29.799 358744
29.800 144049
29.800 154379
29.825 160131
29.900 143399
29.925 134272
30.000 153158
30.025 141761
30.050 134245
30.050 135853
30.050 157170
30.075 141545
30.075 160593
30.125 334833
30.150 139392
30.150 146233
30.150 151412
30.150 334837
30.172 367063
30.175 334859
30.200 162408
30.200 164093
30.300 139898
30.300 141793
30.300 161342
30.325 122138
30.325 140498
30.325 334977
30.350 334888
30.375 334953
30.375 335039
30.392 488558
30.400 149647
30.400 158895
30.400 334861
30.400 334975
30.425 156572
30.425 335125
30.450 139363
30.450 146258
30.450 153695
30.500 335126
30.525 334711
30.550 154836
30.550 156797
30.550 334863
30.575 143944
30.600 133675
30.600 145655
30.600 148702
30.600 157181
30.625 335100
30.674 339375
30.675 149088
30.700 143479
30.700 161886
30.700 2290
30.725 140549
30.725 334864
30.750 136527
30.750 152635
30.750 334894
30.756 439559
30.775 157262
30.775 335192
30.800 135936
30.825 141159
30.825 154954
30.850 133684
30.850 334948
30.875 123221
30.875 2357
30.875 334773
30.900 335068
30.924 478616
30.950 335041
31.000 334889
31.000 334949
31.075 334944
31.075 335104
31.100 135894
31.100 335072
31.106 449363
31.125 138796
31.125 172100
31.125 335011
31.174 390603
31.175 126562
31.200 148489
31.207 373044
31.225 144624
31.250 148082
31.275 334885
31.300 2493
31.306 409280
31.325 335036
31.350 153779
31.350 164148
31.350 2380
31.358 359721
31.375 2312
31.375 335042
31.425 2332
31.475 139482
31.475 142299
31.500 135941
31.550 2401
31.575 156098
31.675 152109
31.688 525409
31.750 136568
31.750 2359
31.850 334768
31.925 159509
31.950 2247
32.060 400680
32.175 2333
32.350 135758
32.375 2421
32.425 2420
32.475 157878
32.625 149064
32.812 443866
33.225 2267
33.238 503009
33.269 410477
33.300 633398
34.101 516927
34.111 515027
34.175 2178
34.451 436747
34.472 430147
34.700 334830
34.816 409875
34.874 519583
35.050 334974
35.175 335160
35.232 492708
35.250 334953
35.250 335466
35.300 334975
35.307 413323
35.330 380341
35.500 334859
35.525 334833
35.541 451590
35.549 508481
35.600 334981
35.600 335039
35.675 335007
35.725 334977
35.775 334837
36.075 335126
36.370 384246
36.375 335041
36.443 343274
36.500 335100
36.500 335159
36.675 335072
36.769 528883
36.810 423643
36.950 335011
36.971 470155
37.083 454772
37.375 334894
37.870 357716
37.916 463934
40.864 340639
41.155 384947
41.461 367153
41.479 346935
41.568 381137
41.747 366373
42.219 367171
42.614 460252
42.697 518550
42.858 394555
42.957 380696
42.960 384440
43.764 675037
44.426 432011
44.631 411260
44.857 341947
44.900 5087
45.010 388558
45.125 5220
45.275 338496
45.298 625631
45.718 642586
46.275 5011
46.950 5273
47.075 5037
47.151 359750
47.151 452519
47.200 4754
47.350 5166
47.663 496573
47.741 359687
47.923 480463
48.125 5170
48.175 4989
48.246 478107
48.475 5143
48.500 5248
48.994 528094
49.007 422729
49.397 427665
49.616 502871
49.796 345817
50.200 2178
51.090 498111
51.406 510281
51.777 605031
51.893 500243
52.000 17534
52.989 530530
53.312 450780
54.496 512703
54.823 575167
55.065 375552
55.922 361272
55.954 411258
56.357 512046
56.375 367033
56.630 364998
56.884 364717
56.993 438294
57.328 409678
57.953 381145
57.988 513586
58.104 397679
58.258 346901
58.400 335007
58.470 381063
44.475 576
58.653 607746
59.070 532349
59.099 655495
59.208 369784
59.229 693750
59.684 473181
59.700 10612
59.757 660580
59.957 448294
60.030 380341
60.132 344213
60.150 334885
60.159 376341
60.250 5170
60.449 402068
60.484 423697
60.813 374514
60.975 5011
61.163 457116
61.250 5087
61.258 486159
61.511 409879
61.549 465024
61.871 474409
61.975 5037
62.050 5062
62.275 334830
62.325 5166
62.550 5248
63.202 462350
63.284 454401
63.325 338496
63.525 5273
63.587 526337
63.920 366179
64.150 335466
64.250 334837
64.289 363824
64.375 335125
64.450 10826
64.675 17534
64.700 4989
65.025 379999
65.251 422621
65.600 335068
65.774 351839
65.835 539683
65.893 445038
66.025 4754
66.402 543197
66.629 431091
66.767 397874
67.089 484368
67.300 10509
67.311 604165
67.408 422082
67.589 449212
67.613 602871
67.984 453878
68.028 368211
68.070 351500
68.102 551350
69.226 366437
69.431 536551
69.519 341415
69.597 385541
69.680 468043
70.095 456890
70.101 378556
70.378 374958
70.940 465714
71.022 357463
71.448 682169
71.574 383252
72.075 17614
72.404 530190
72.468 350389
72.532 348239
73.257 446574
73.560 416304
73.937 460235
74.657 616834
75.675 5087
75.857 461234
76.072 613651
76.275 334773
76.300 5037
76.325 4989
76.400 10654
76.950 5220
77.050 5143
77.075 5170
77.375 17508
77.900 335104
78.000 5062
78.125 5011
78.241 369925
78.426 632634
78.508 505406
78.525 5273
78.568 482760
78.744 477785
63.725 576
76.700 576
78.782 390392
78.950 17503
79.025 335011
79.518 403326
79.575 5248
80.146 427389
80.870 394728
80.950 4754
81.287 430432
83.075 335466
83.308 342246
83.375 529832
83.515 438471
83.563 533798
83.592 439303
83.698 392403
83.725 11074
84.737 404419
84.836 437237
85.897 460322
85.929 344387
86.061 343100
86.732 359068
87.825 10652
87.854 605120
88.023 371296
88.611 383861
88.779 374639
88.799 420123
89.054 632634
89.551 438248
89.856 660580
89.925 405842
90.550 470783
90.872 478234
90.925 4754
90.925 5170
90.947 363034
91.450 5011
91.542 516751
91.725 5143
91.750 10582
91.750 338496
91.975 5062
92.100 5248
92.323 515656
92.328 607809
92.417 356441
92.500 5087
92.735 433005
92.800 5166
93.010 373044
93.062 517920
93.075 4989
93.075 5037
93.318 507843
93.392 418983
93.600 335036
94.030 451850
94.041 424939
94.055 342024
94.488 539390
94.544 440598
94.550 334974
94.600 5220
95.120 349210
95.411 678085
95.450 334944
95.550 10441
95.750 17508
95.828 504015
96.636 631297
96.713 391217
97.009 413714
97.249 359972
97.284 349043
97.380 647831
97.431 394413
98.306 343082
98.689 379303
99.000 478673
99.412 638671
99.474 491022
99.675 144663
99.817 655851
99.836 455736
100.021 459546
100.095 530214
100.892 497700
101.159 459385
102.413 621324
102.501 371843
102.735 434661
103.240 348000
103.244 425247
103.366 519671
103.895 516012
104.403 343974
104.482 452266
104.514 433870
104.851 620835
105.025 136144
105.525 5273
105.690 510141
105.714 372091
105.817 621546
106.000 371296
106.450 5166
106.475 5248
106.589 701244
106.675 335125
106.750 4754
106.841 492144
106.957 349621
106.992 352071
107.000 5220
107.125 5087
107.175 5143
107.175 5170
107.400 335041
107.500 338496
107.561 421729
107.939 357686
108.000 5011
108.030 478236
108.300 5037
108.335 506621
108.619 485913
108.628 452163
108.653 468394
108.800 5062
108.911 456992
109.175 147972
109.250 334889
109.360 522696
109.459 538875
109.521 442380
109.834 635850
110.560 528859
110.898 365481
111.152 420617
111.300 2290
111.535 492192
111.575 135894
111.699 421106
111.959 358744
111.983 513115
112.250 525185
112.308 682169
112.825 2267
113.237 381987
113.300 156797
113.375 367441
113.500 2493
114.086 353729
114.093 480463
114.100 154954
114.225 148575
114.250 149088
114.300 134167
114.300 161816
114.300 2272
114.550 2178
114.700 148532
114.900 2332
115.000 153717
115.025 148702
115.210 354613
115.425 143949
115.700 126865
115.750 126562
115.750 134230
116.144 517299
116.150 117439
116.275 2333
116.441 487234
116.600 138900
116.644 470054
116.808 393216
116.820 517081
117.000 163580
117.050 141181
117.078 451868
117.175 136144
117.325 152594
117.344 440420
117.356 464889
117.400 135853
117.425 151015
117.675 122138
117.900 147972
118.104 468276
118.194 655983
118.250 143479
118.425 139363
118.475 150346
118.475 2247
118.550 150805
118.550 156098
118.600 157717
118.600 160233
118.625 156744
118.675 144624
118.700 141545
106.175 576
118.750 2359
118.775 139482
118.825 154908
118.825 155982
118.875 20317
118.950 136913
118.950 142744
119.000 20251
119.000 2312
119.025 139379
119.025 20300
119.075 2401
119.125 20313
119.125 20362
119.150 157181
119.150 2291
119.155 416592
119.175 123221
119.200 20314
119.326 384785
119.425 134272
119.425 145757
119.425 20345
119.425 2421
119.450 158337
119.500 136016
119.525 150708
119.525 151564
119.600 134242
119.640 416061
119.650 20439
119.650 2290
119.650 2357
119.675 135422
119.700 159509
119.725 2178
119.750 2380
119.785 492391
119.825 136527
119.825 137094
119.900 135936
119.950 159036
119.950 162408
119.975 2267
120.025 141793
120.050 158271
120.075 126639
120.075 137692
120.100 135758
120.100 138269
120.125 161342
120.150 146233
120.150 153695
120.200 139392
120.225 2420
120.239 371550
120.275 148709
120.300 157171
120.325 153779
120.327 387480
120.375 139296
120.400 161304
120.400 2272
120.450 137014
120.500 151412
120.550 5248
120.575 160131
120.639 379411
120.700 124544
120.727 455352
120.750 2493
120.775 139957
120.775 146970
120.775 157186
120.875 141153
120.900 137690
120.900 146993
120.900 151583
120.900 157878
121.025 334837
121.075 5166
121.150 133684
121.200 152530
121.300 158409
121.400 5143
121.425 160593
121.450 153158
121.525 334711
121.550 135985
121.625 335072
121.650 141159
121.675 139351
121.700 2332
121.725 139901
121.725 154447
121.725 334768
121.775 141774
121.786 478757
121.825 334975
121.875 133675
121.900 334948
122.000 144663
122.025 140498
122.025 152635
122.069 349396
122.075 136568
122.100 150300
122.125 145631
122.125 172100
122.125 2333
122.150 156658
122.200 144014
122.225 135894
122.250 135941
122.275 142299
122.300 139898
122.325 134245
122.325 334953
122.375 137072
122.400 334864
122.425 148591
122.450 140018
122.450 152109
122.475 145655
122.475 334859
122.475 334885
122.475 334944
122.500 138796
122.550 334830
122.575 148082
122.600 160709
122.600 335039
122.625 140549
122.700 144745
122.700 150224
122.725 134167
122.725 152095
122.725 157262
122.725 159456
122.750 143454
122.775 141637
122.775 143944
122.800 145032
122.850 335041
122.881 660883
122.900 153716
122.900 156613
122.925 335011
122.925 335160
122.950 154379
122.950 334888
122.975 335007
123.000 137592
123.000 148687
123.025 158895
123.100 476301
123.125 137751
123.125 149203
123.150 146258
123.150 163422
123.175 142290
123.175 334863
123.175 541846
123.225 140544
123.250 2247
123.250 334974
123.275 130929
123.275 164148
123.300 136534
123.350 134833
123.350 334773
123.375 335104
123.375 335159
123.400 149064
123.400 151540
123.450 334889
123.450 334949
123.450 335100
123.469 442146
123.475 144049
123.475 152698
123.500 143399
123.525 149647
123.525 153264
123.550 154850
123.575 10930
123.575 2291
123.575 335125
123.650 141761
123.675 2359
123.725 2312
123.726 503782
123.775 149578
123.775 2401
123.800 335466
123.850 148489
123.850 157175
123.875 335524
123.925 335126
123.975 156108
124.000 161886
124.025 2290
124.025 334894
124.050 2380
124.075 156572
124.100 2357
124.150 2421
124.275 154836
124.319 421538
124.325 140022
124.350 149088
124.350 164093
124.375 155391
124.400 2267
124.425 157170
124.425 335036
124.575 335192
124.600 2420
124.625 143949
124.725 154954
124.725 2272
124.775 334861
124.800 169717
124.830 458708
124.867 485014
124.925 17503
125.050 126865
125.075 334833
125.550 334981
125.675 334977
125.925 335042
126.325 335068
126.606 413972
126.609 398795
126.657 459335
126.880 348173
127.250 334975
127.268 479367
127.344 480455
127.411 362003
127.602 372660
127.612 349337
127.643 372163
127.750 334837
127.975 335072
128.097 520020
128.105 416530
128.586 722792
129.075 335126
129.077 382415
129.200 335039
129.270 611370
129.273 416729
129.671 390020
129.691 423794
130.231 394037
130.311 524284
130.469 484172
130.859 416486
130.959 678210
131.132 381145
131.258 725026
131.266 390214
131.442 412500
132.036 627716
132.095 505992
132.545 462889
133.126 390383
133.186 670161
133.611 441214
133.614 639285
133.758 401930
134.011 515590
134.726 612874
134.947 406620
135.038 459247
135.246 382271
135.443 699900
135.549 345974
135.700 5037
135.825 4754
136.143 422082
136.200 4989
136.300 348733
136.310 409678
136.425 338496
136.450 5062
136.617 397109
137.100 5170
137.350 5273
137.800 11072
138.075 5011
138.125 511186
138.185 688429
138.250 17584
138.275 5087
138.275 5248
138.309 440598
138.350 5143
138.493 504833
138.961 379201
138.986 378758
139.355 607809
139.414 485998
140.352 400265
140.625 5166
136.650 576
141.019 458037
141.283 503986
141.579 368330
141.641 418065
141.978 343668
142.005 368032
142.005 655851
142.344 473245
142.434 402525
142.575 353956
143.404 541920
143.860 394168
144.138 378826
144.294 452798
144.434 488655
144.562 430992
145.416 346740
145.429 529836
145.662 784619
145.762 618846
145.766 498135
146.504 437961
146.509 359469
146.619 350291
146.706 503782
148.216 408701
148.493 511550
148.693 360423
149.059 399889
149.379 411735
149.578 542577
149.891 504358
149.980 527179
150.240 422415
150.322 457330
150.475 484708
150.625 5011
150.975 5220
151.100 5170
151.300 334944
151.421 409035
151.700 5037
151.909 359301
152.000 4989
152.298 386593
152.400 338496
152.601 365796
152.743 366939
152.881 648079
153.025 334953
153.124 415416
153.125 5248
153.424 526147
153.500 5062
153.650 335042
153.650 5166
154.366 418983
154.550 334948
154.759 398364
154.800 11074
155.092 436007
155.175 334885
155.238 357958
155.531 399191
155.634 343264
156.061 341558
156.125 335125
156.277 353535
156.984 487601
157.554 413626
157.752 415788
158.875 11631
159.343 344316
160.078 644721
161.015 355013
161.467 374371
161.724 668053
161.861 428201
161.945 343408
162.210 356099
162.596 338902
162.675 17614
162.858 352674
162.916 519448
162.958 415436
163.392 374462
164.084 492192
164.239 445356
164.293 491447
164.675 17508
164.710 484368
164.939 396068
165.025 5087
165.236 528068
165.294 478605
165.500 11072
166.174 397874
166.273 428937
166.446 432017
166.950 4754
166.975 5170
166.975 5273
151.325 576
167.025 5143
167.200 5248
167.325 10293
167.561 367171
168.000 335159
168.100 334944
168.225 335068
168.350 5037
168.475 334864
168.500 335125
168.651 497358
168.775 5220
168.875 335042
168.950 5166
169.133 605338
169.183 398545
169.205 418886
169.425 334863
169.675 334711
169.748 456413
169.800 335011
169.840 459048
170.006 465975
170.525 4989
170.768 410906
170.980 360251
171.150 338496
171.450 17508
171.624 638323
171.758 540287
172.001 484118
172.070 427366
172.277 347211
172.447 392169
173.372 446574
174.407 451736
174.800 17534
175.172 482816
175.399 448491
175.516 361166
176.347 408372
176.358 443253
177.519 412420
177.831 347139
178.124 378104
178.766 375733
178.840 513826
179.155 433870
179.340 483798
179.888 342247
179.923 381531
180.225 4754
180.396 520806
180.432 363314
180.825 5062
181.112 370178
181.186 433803
181.232 416592
181.262 515722
181.925 17534
181.931 395797
182.012 610569
182.100 5087
182.125 5166
182.175 5220
182.450 5248
182.575 5037
182.675 334885
182.698 439298
182.800 5273
182.825 5143
182.850 5170
182.888 355805
182.905 416530
183.900 335159
183.911 452163
184.071 441246
184.075 4989
184.258 454524
184.380 633284
184.388 388732
184.748 360423
185.025 17508
185.160 402181
185.300 447668
185.746 342053
186.675 422621
187.321 339700
187.678 357569
187.765 488159
187.804 465563
188.127 640331
188.278 533346
188.339 389602
188.344 353729
188.385 515656
188.498 380440
188.625 515656
188.652 366453
189.650 11318
189.960 395123
190.260 355676
167.800 576
186.700 576
190.579 347464
191.796 361570
192.080 540649
192.270 522696
192.601 355805
192.693 633284
193.035 371489
193.110 399921
193.125 5011
193.442 394433
193.569 403693
193.590 343916
194.800 4754
194.884 436991
194.900 5037
194.948 642152
194.950 134272
195.050 5170
195.146 517619
195.541 369902
195.621 411568
195.650 334948
196.137 384745
196.327 442906
196.475 5062
196.600 338496
196.800 334885
196.952 482152
197.040 357235
197.147 729112
197.200 5273
197.390 386592
197.447 340804
197.566 471922
197.675 5166
197.849 526712
197.881 413972
197.946 511279
198.025 4989
198.051 404015
198.143 347889
198.150 334977
198.259 478134
198.575 5220
198.575 5248
198.597 398720
198.900 5087
198.909 445374
199.110 385984
199.125 10655
199.251 368190
199.450 334974
199.533 361942
199.611 491640
199.856 382693
199.951 395863
200.164 647607
200.178 424764
200.404 502702
200.911 504348
201.087 445300
201.352 458058
201.931 344638
202.358 462856
202.663 436747
202.868 391799
202.878 462350
203.049 341363
203.442 370496
203.850 126865
203.919 399539
204.748 357235
204.804 371390
205.142 350797
205.611 448736
205.830 474050
205.831 402799
205.894 476856
207.113 433712
207.335 498467
207.583 517229
207.844 392009
207.975 5011
208.416 395429
208.476 368061
208.700 5143
208.900 4754
208.948 405197
208.975 334863
209.975 5166
210.068 614769
210.075 5037
210.590 388898
210.800 5087
211.100 5062
211.171 530190
211.294 511867
211.631 380830
211.650 334768
212.337 641585
212.375 452063
212.450 5170
203.025 576
212.677 400754
212.825 5220
213.025 5248
213.065 507928
213.450 5273
213.500 10826
213.822 367288
213.950 17534
214.214 434398
214.325 338496
214.661 376877
214.955 468849
215.302 343668
215.485 399372
215.602 666765
215.642 402004
215.997 499981
216.291 413068
216.570 411320
216.715 508408
216.951 416116
216.971 467482
217.169 381830
217.192 397584
217.342 424109
217.428 471669
217.575 151015
217.678 476907
217.789 415522
218.350 150708
218.454 647668
218.550 140018
218.985 448047
219.067 430741
219.174 479236
219.569 393682
220.350 139392
220.937 457292
221.221 380696
221.559 459279
221.593 371609
221.873 447411
222.011 346042
222.175 489015
222.573 420677
222.651 465563
222.727 484068
222.808 377638
222.911 390308
223.005 516652
223.100 5011
223.225 4754
223.300 5037
223.325 143479
223.425 5143
223.450 126562
223.450 134272
223.675 139351
223.825 123221
223.850 136527
223.875 334833
223.875 5087
223.934 534901
224.000 335011
224.050 5166
224.056 411001
224.107 652763
224.134 355771
224.266 494502
224.300 334773
224.450 139957
224.510 603003
224.575 150224
224.600 4989
224.622 388236
224.800 5170
224.875 5273
224.958 384710
225.100 334888
225.372 492023
225.450 5062
225.600 152594
225.725 335007
226.000 5220
226.125 5248
226.200 334974
226.307 370079
226.325 133675
226.575 2178
226.825 117439
226.833 466262
226.850 139898
226.975 152635
227.200 2272
227.350 135422
227.425 143944
227.500 2333
227.550 2247
227.625 17534
227.729 426786
227.775 2291
227.793 355759
224.050 576
227.925 20251
228.100 135758
228.125 134167
228.239 373044
228.250 157186
228.275 135941
228.295 403029
228.325 141545
228.350 124544
228.450 138796
228.525 2267
228.623 351837
228.677 440726
228.702 412837
228.725 2332
228.950 148687
229.125 142744
229.150 135853
229.190 359068
229.225 2312
229.300 145757
229.375 146258
229.425 139363
229.518 525038
229.568 521921
229.716 373884
229.726 452013
229.775 2380
229.850 2290
229.875 144014
229.975 141637
230.000 2401
230.025 139296
230.033 370217
230.075 134242
230.075 135894
230.080 497371
230.175 135985
230.225 130929
230.225 137692
230.225 158409
230.300 148532
230.375 146233
230.400 145655
230.525 141774
230.525 2357
230.550 144745
230.675 137751
230.810 521180
230.825 152530
230.850 141159
230.875 137072
230.900 334711
230.935 448759
230.975 149088
231.050 141153
231.075 2421
231.225 137014
231.250 133684
231.275 149578
231.292 356602
231.300 2178
231.325 142299
231.325 154379
231.400 126865
231.400 141761
231.400 2359
231.475 140498
231.700 145032
231.700 150346
231.710 394399
231.725 145631
231.750 134230
231.825 334768
231.849 480256
231.850 152095
231.925 139482
231.987 339968
232.050 138900
232.050 154447
232.135 391242
232.175 138269
232.175 140549
232.175 144049
232.375 122138
232.425 136016
232.450 154908
232.475 2247
232.625 136568
232.625 139379
232.800 126639
232.850 140544
232.900 2272
232.975 148591
232.987 394189
233.025 135936
233.025 136913
233.050 137094
233.175 139901
233.175 142290
233.200 334885
233.275 157878
233.349 391712
233.375 134833
233.400 136144
233.400 141793
233.425 137592
233.425 143454
233.450 136534
233.500 155982
233.575 152698
233.600 134245
233.604 356080
233.700 2267
233.750 126562
233.750 2291
233.775 2332
233.800 2333
233.825 150708
233.825 156108
233.850 334949
233.900 144663
233.900 2420
234.025 334837
234.075 149203
234.100 334863
234.175 143399
234.175 150300
234.300 148489
234.300 334773
234.300 334975
234.325 161342
234.325 2312
234.400 141181
234.425 143949
234.450 334859
234.475 140018
234.475 153716
234.550 150805
234.700 149647
234.700 151412
234.750 144624
234.788 462150
234.825 335039
234.875 152109
234.900 137690
234.925 156658
235.000 335042
235.050 335007
235.100 147972
235.100 154954
235.150 334889
235.150 334953
235.175 134272
235.175 2290
235.175 334944
235.200 146993
235.225 151564
235.225 157175
235.275 148082
235.300 154850
235.300 159456
235.346 397342
235.350 143479
235.350 334864
235.403 444072
235.425 153264
235.425 334830
235.425 335159
235.450 334977
235.465 343178
235.525 160593
235.550 148575
235.550 334861
235.550 335036
235.575 153717
235.625 156613
235.650 148709
235.650 2357
235.675 335192
235.700 158271
235.875 159509
235.900 2380
235.924 660883
235.925 149064
235.925 335126
235.975 334974
236.000 140022
236.000 2401
236.024 364653
236.025 152594
236.025 158895
236.031 458746
236.050 334948
236.100 153695
236.125 335041
236.150 146970
236.150 335125
236.175 154836
236.225 158337
236.225 334981
236.250 153158
236.275 2359
236.325 153779
236.325 155391
236.325 156744
236.325 157171
236.475 163422
236.475 334894
236.575 151015
236.675 150224
236.700 2421
236.725 151540
236.775 156098
236.775 335160
236.900 20439
236.925 335072
236.950 335011
236.975 335104
237.000 148702
237.050 157262
237.133 401369
237.150 335068
237.200 157181
237.250 160131
237.300 161816
237.325 334711
237.350 334768
237.375 335100
237.400 160709
237.525 156572
237.525 334833
237.575 157717
237.600 161886
237.600 164093
237.650 334888
237.725 157186
237.725 2272
237.750 2493
237.850 156797
237.875 159036
237.925 157170
238.000 162408
238.218 659943
238.328 359750
238.350 367250
238.575 2420
238.625 164148
238.650 334949
238.698 368256
238.775 151583
238.800 169717
238.925 335466
238.975 160233
239.000 334975
239.028 407715
239.075 334863
239.100 334837
239.125 163580
239.139 464609
239.175 161304
239.316 640456
239.425 334885
239.425 335039
239.450 158409
239.475 172100
239.625 335524
239.807 379567
240.000 335007
240.212 530190
240.225 335159
240.250 334977
240.275 334889
240.408 482403
240.475 334944
240.650 334953
240.725 335036
240.900 335192
241.031 350339
241.050 335126
241.150 335041
241.675 335125
241.725 334981
241.775 334864
241.875 335042
242.182 693437
242.200 334974
242.225 335104
242.375 335072
243.250 335100
243.471 425547
243.891 364104
244.025 335466
244.475 17496
244.525 335524
244.602 404123
244.944 495805
245.872 373569
246.650 5011
246.875 338496
247.075 4754
247.138 342030
247.623 373884
247.750 5062
248.105 455997
248.275 4989
248.438 646085
248.513 508840
248.725 520873
248.881 484790
249.000 5037
249.088 414881
249.147 488558
249.250 5087
249.400 5170
249.734 358483
250.539 409058
251.125 734462
251.370 550043
251.448 501487
251.487 405173
251.563 635850
252.340 459253
252.450 11239
252.542 439441
252.579 452126
253.278 427279
253.863 499316
254.331 508972
254.486 446023
255.019 361126
255.446 481349
255.460 410745
255.986 537111
256.328 353451
257.067 693437
258.030 372974
258.206 352719
258.475 17508
258.610 343244
258.807 457007
258.809 444199
258.864 366179
258.884 494337
258.939 488546
259.161 363285
259.315 401919
259.411 383861
260.329 359252
260.688 403938
261.000 5062
261.525 5011
261.750 5143
261.789 635350
261.912 518773
262.090 417373
262.119 701244
262.133 440442
262.159 508050
262.166 477049
262.525 5166
262.686 413323
262.887 518037
263.154 488558
263.379 423220
263.425 334981
263.590 339257
263.987 361942
264.125 5273
264.300 5170
264.433 368708
264.515 380302
264.525 5248
264.850 338496
265.075 5220
265.080 359067
265.445 396427
265.664 617563
265.675 5037
265.675 5087
265.782 463835
265.849 421477
265.950 334975
267.075 335039
267.085 402467
267.377 415839
267.736 525409
268.169 472414
268.409 408633
269.155 510797
269.160 489376
269.578 504166
269.738 349594
270.965 479341
271.070 387480
271.137 391160
271.220 344875
271.332 342609
272.043 368330
272.699 434172
273.039 424538
273.436 492674
273.473 385254
273.746 418880
274.704 380651
275.081 498225
275.703 433971
275.724 442222
250.100 576
266.825 576
275.830 584350
276.175 5037
276.271 483525
276.489 665558
276.950 5062
277.100 4989
277.373 514410
277.425 4754
277.800 5011
277.900 5166
278.450 137751
278.651 384302
278.689 345817
278.692 485998
278.725 5220
278.900 334863
279.087 425581
279.144 488456
279.201 416729
279.375 5248
279.400 334949
279.550 338496
279.566 376010
279.625 5170
279.733 498417
280.175 334948
280.217 348039
280.550 334981
280.825 334773
281.125 334837
281.131 402068
282.191 629956
282.380 373941
282.411 473981
282.680 507301
282.873 502526
283.019 459044
283.165 491155
283.374 376881
283.435 354711
283.695 432352
283.846 649027
284.886 370126
284.953 539433
285.094 382004
285.204 498105
285.585 370383
285.675 10293
285.702 533264
285.740 648047
285.975 386567
286.269 674467
287.059 475059
287.637 441224
288.291 464377
288.309 347540
288.723 339700
289.122 482290
289.400 5273
290.350 396093
290.386 647668
290.900 5166
290.929 406698
290.961 387480
291.225 5062
291.295 394396
291.550 5087
291.878 360423
291.950 4754
292.050 5037
292.259 385766
292.278 339113
292.475 334711
292.500 5011
292.800 5143
292.800 5248
292.825 5220
293.266 482526
293.631 465898
293.850 335042
294.450 5170
294.675 338496
294.867 457965
295.214 511877
295.293 359609
295.452 412961
295.659 382342
296.298 453708
296.459 667540
296.929 784619
297.272 420565
297.924 375340
298.172 356125
298.217 526440
299.169 525291
299.473 359972
299.535 371710
299.614 378920
299.908 342349
299.910 381974
299.925 688632
300.397 414281
282.775 576
300.799 381213
300.804 513232
300.888 388412
301.573 373067
302.078 476130
302.092 521142
302.121 497402
302.571 380226
302.593 487479
302.905 378703
302.906 414452
303.162 370491
303.281 413500
303.581 370620
303.725 5166
303.992 522614
304.033 414803
304.216 423551
304.685 384467
305.150 4989
305.565 392393
305.567 397492
306.073 350280
306.141 436001
306.361 345247
306.468 342131
306.760 359535
306.775 5037
306.975 5087
306.991 676926
307.043 368609
307.050 5170
307.096 362863
307.675 5062
307.675 5273
307.710 504529
308.225 426076
308.325 5143
308.383 640068
308.450 335036
308.694 349000
308.702 391056
309.125 5220
309.350 5248
310.082 482220
310.464 384753
310.852 435660
311.244 419798
311.250 5011
311.352 530452
311.509 341633
312.195 640266
312.489 345697
312.549 520329
312.586 395863
312.749 370812
312.750 395429
313.762 403029
313.927 436312
314.012 480303
314.305 344387
314.490 486064
314.713 440905
314.739 614769
315.243 345731
315.296 494386
316.048 362130
316.422 464930
317.182 366178
317.841 370912
317.950 461881
317.966 430068
318.174 489127
318.194 436054
318.252 349210
318.417 382004
318.599 515027
318.600 501056
318.793 506961
318.975 4754
319.550 5037
319.825 519737
320.076 464918
320.351 458251
320.375 5273
320.525 5062
320.610 476045
320.775 5011
320.911 404316
321.100 5143
321.214 382415
321.300 338496
321.700 4989
321.783 487044
321.800 334885
321.800 5170
322.000 5220
322.100 155391
322.375 5166
322.441 355238
322.675 5087
322.684 508334
307.950 576
321.875 576
323.069 482007
323.090 387676
323.188 446997
323.202 488641
323.581 523503
323.806 471475
324.171 479341
324.175 334864
324.446 438040
324.446 441784
324.640 416399
324.750 343096
325.334 389393
325.375 123221
325.879 485099
327.034 391041
327.115 371181
327.393 366709
327.586 488159
327.940 516012
328.032 527359
328.625 134167
329.205 359428
329.532 611827
329.541 478494
330.017 362130
330.430 466453
331.386 509870
331.754 399954
331.950 451380
332.257 427922
332.550 4754
332.566 410802
332.766 385254
332.872 396000
332.996 606228
333.075 5248
333.108 407851
333.114 459279
334.048 403238
334.152 602871
334.263 454369
334.435 632923
334.900 5011
335.317 358231
335.393 639342
335.775 5037
335.860 492504
336.150 4989
336.225 5170
336.300 5143
336.300 5166
336.310 389199
336.575 5273
336.775 5087
336.937 616383
337.267 443003
337.593 422243
337.625 5220
337.642 388602
337.675 5062
337.850 335068
337.918 348579
338.449 409171
338.936 387530
340.227 340626
341.155 390828
341.401 436928
341.769 378758
342.295 396676
342.489 450988
342.722 456924
342.940 431815
343.061 395010
343.343 408051
343.376 368330
343.447 405410
343.536 532716
343.625 504810
343.632 441784
344.235 366117
344.533 449493
344.824 529711
345.412 444105
345.746 431500
345.975 4754
347.392 409849
347.432 411175
347.700 335041
347.925 117439
348.004 540726
348.050 5011
348.200 5087
348.512 367212
348.682 349855
349.200 4989
349.675 5143
349.725 338496
349.868 509257
350.215 368804
350.325 5170
350.475 5220
336.525 576
350.600 5248
350.647 443372
350.733 626275
350.900 5273
351.207 454590
351.442 445690
351.822 341618
352.425 335007
352.625 123221
352.639 517673
353.175 335104
353.177 425758
353.225 2420
353.383 436746
353.545 540178
353.800 335125
353.922 380007
353.925 5062
354.187 406997
354.460 614348
354.550 351019
354.578 447054
355.125 2493
355.133 344674
355.331 357136
355.549 378983
355.750 126562
355.997 345687
356.252 388346
356.381 455736
356.741 677158
356.915 452098
357.150 156797
357.414 363096
357.541 509018
358.150 157878
358.625 159036
358.763 379251
358.775 422028
358.850 162408
359.000 2421
359.075 152594
359.175 2178
359.698 397109
359.825 160233
360.100 151412
360.325 161342
360.375 2493
360.400 161886
360.550 126639
360.625 154850
360.675 144663
360.824 356460
360.875 152095
360.875 152109
360.900 157717
360.960 435891
361.000 148532
361.036 627247
361.100 5037
361.175 153264
361.195 517619
361.200 335466
361.271 429001
361.375 117439
361.575 144624
361.625 156658
361.900 138796
361.905 506326
362.000 20317
362.025 123221
362.075 154836
362.250 161816
362.263 444101
362.275 151540
362.275 154447
362.315 448548
362.400 151015
362.475 158409
362.475 160131
362.500 2401
362.525 146970
362.525 163580
362.700 2247
362.750 144049
362.775 135758
362.775 135853
362.775 154954
362.775 158337
362.775 20362
362.850 122138
362.900 2312
362.925 159456
362.950 139957
363.000 2359
363.000 335524
363.025 156572
363.100 2357
363.119 438354
363.148 343100
363.150 135941
363.200 149088
356.950 576
363.250 148702
363.250 157186
363.270 492674
363.275 150805
363.275 163422
363.275 20345
363.325 155391
363.375 145655
363.375 2290
363.425 137014
363.425 20439
363.450 141637
363.450 151564
363.500 164148
363.500 335192
363.525 20300
363.625 2380
363.650 152698
363.725 2267
363.725 5062
363.758 388957
363.800 140022
363.825 134167
363.850 139296
363.850 2332
363.875 20313
363.875 2178
363.875 2420
363.925 135422
363.925 159509
363.925 5011
363.950 149064
363.975 150708
364.025 136534
364.025 20251
364.050 137692
364.050 164093
364.100 136144
364.100 156744
364.125 146993
364.125 20314
364.150 136527
364.150 157170
364.175 161304
364.225 151583
364.325 144014
364.475 150224
364.525 145032
364.525 149647
364.525 172100
364.550 2272
364.600 134833
364.600 139351
364.650 335104
364.675 156108
364.700 140549
364.700 5166
364.725 135936
364.725 146233
364.725 2291
364.725 335072
364.750 157171
364.775 2333
364.800 148687
364.825 124544
364.825 160709
364.850 141181
364.925 153158
365.000 137094
365.000 152530
365.075 157175
365.150 141545
365.175 133675
365.200 136913
365.246 356032
365.250 157262
365.300 143454
365.300 148709
365.300 157181
365.350 135894
365.400 152635
365.425 136016
365.425 334768
365.475 139898
365.500 153717
365.525 139392
365.525 335100
365.550 145757
365.575 148082
365.575 160593
365.625 158895
365.625 335159
365.650 139482
365.675 149203
365.675 154908
365.700 138900
365.700 158271
365.825 155982
365.850 5087
365.875 149578
365.925 148591
365.925 156613
365.925 2421
366.000 2493
366.025 139363
366.025 143949
366.075 139901
366.112 376293
366.125 156098
366.150 150346
366.175 335160
366.275 137592
366.300 153695
366.325 137072
366.350 134242
366.350 154379
366.350 334981
366.375 143479
366.400 141774
366.400 153716
366.400 334859
366.565 436236
366.575 142744
366.600 153779
366.600 335041
366.625 334885
366.635 410103
366.675 142299
366.775 334894
366.775 335042
366.800 169717
366.850 141159
366.850 141761
366.900 135985
366.950 334944
366.975 137751
366.975 139379
366.975 335126
367.025 134272
367.025 2247
367.025 335466
367.050 150300
367.100 141793
367.150 141153
367.150 148575
367.150 334974
367.175 137690
367.200 130929
367.200 2401
367.250 335011
367.275 134245
367.275 146258
367.300 134230
367.325 138269
367.375 334975
367.375 335036
367.455 537856
367.500 147972
367.500 148489
367.600 140544
367.650 334953
367.675 2312
367.675 334830
367.700 2359
367.700 334833
367.700 334837
367.702 410997
367.719 659943
367.725 142290
367.825 335007
367.825 335125
367.875 136568
367.925 143944
367.925 334949
367.950 2267
367.975 2357
367.975 334863
368.000 126865
368.050 334773
368.075 143399
368.100 2290
368.125 152594
368.200 133684
368.225 145631
368.275 140498
368.275 2332
368.350 2420
368.489 430915
368.600 334948
368.825 140018
368.850 334861
369.000 334889
369.025 144745
369.125 2272
369.385 378758
369.541 538298
369.625 2291
369.675 2333
369.725 334864
369.800 525194
369.859 413996
370.175 334888
370.400 334977
370.474 449493
370.475 335039
370.650 335104
370.700 335068
370.800 335072
370.865 339420
370.947 439947
371.100 335192
371.415 485763
371.825 533045
371.919 341635
372.031 381899
372.475 334944
372.580 412004
372.600 335126
372.978 480308
373.100 334974
373.150 334975
373.263 479175
373.275 335125
373.676 516398
373.752 392169
373.825 512748
374.148 348040
374.713 731909
374.807 450799
374.976 620010
375.373 368776
376.175 4754
376.530 410103
377.779 532716
378.287 635271
378.825 10655
379.025 5248
379.291 479008
379.471 479465
379.595 525409
379.734 439391
379.775 5220
379.950 5273
380.003 425476
380.100 5170
380.250 338496
380.527 351045
381.293 462323
381.370 358449
381.400 5037
381.739 410880
381.903 513826
382.048 354943
382.825 5062
383.069 367407
384.129 508626
384.589 417432
385.078 386842
385.901 408701
386.035 345460
386.441 531579
386.618 443600
387.657 379605
388.040 439916
388.875 10901
388.897 411528
391.357 418983
391.455 667120
391.593 639492
391.813 449346
392.190 476962
392.450 5011
392.764 347630
393.050 4754
393.159 395576
393.317 550809
393.400 5087
393.425 5143
393.537 341217
393.562 360548
393.725 4989
394.060 348579
394.168 639285
394.344 417712
394.625 334889
394.700 5273
394.850 5248
394.900 448721
394.950 10509
395.898 407951
396.025 5170
396.150 11041
396.738 630202
396.800 5220
396.939 667120
397.000 334953
397.267 391631
397.325 334863
397.450 11631
397.525 334711
397.750 5062
397.800 334830
397.850 335160
397.906 417361
398.300 334837
398.375 620906
385.050 576
398.843 395123
399.169 381394
399.169 625631
399.475 430355
399.614 466802
400.096 439772
400.553 455892
400.941 541154
402.352 370261
403.166 463835
403.550 354461
403.672 487154
404.151 480720
404.185 417812
404.746 394983
404.761 417712
404.978 617563
405.671 454714
406.760 373910
406.813 520873
406.900 520329
407.150 4754
407.250 4989
407.650 10654
407.693 481947
407.730 488326
407.875 338496
407.962 398597
408.075 5087
408.115 650166
408.125 5170
408.129 499388
408.162 390020
408.249 507676
408.265 353016
408.287 486499
408.450 5037
408.626 530545
408.725 5248
408.777 655851
409.439 477028
409.525 5166
409.694 364851
409.750 5011
410.209 411260
410.233 357235
410.245 398795
410.775 334948
410.914 431582
411.082 367137
411.793 489127
411.815 671455
412.026 383114
412.776 455352
412.800 395797
413.161 475388
413.207 402707
413.271 380202
413.311 357461
413.707 401868
413.914 495805
414.076 357017
414.391 358138
414.626 455686
414.878 487697
414.901 409844
414.940 398443
415.072 438530
415.796 452867
416.879 391217
417.372 408961
417.805 374648
417.872 380018
417.965 543161
418.242 488614
418.330 463686
418.371 383997
418.734 503018
418.804 439391
419.188 341713
419.600 5273
419.919 422292
420.122 343974
420.135 346087
420.352 501177
420.398 357061
420.602 409717
420.664 422247
420.775 4754
420.846 342140
421.250 5220
421.340 350323
421.495 484052
421.525 334948
421.675 5248
422.003 444198
422.175 5062
422.350 335068
422.350 5011
422.500 5087
422.645 495805
422.775 11065
419.975 576
422.775 338496
422.932 465714
423.100 5037
423.220 489414
423.300 334861
423.350 4989
423.432 372641
423.887 496323
423.925 5170
424.191 453620
424.546 423558
424.800 5166
424.974 487234
425.124 390287
425.151 475264
425.466 435052
425.591 451531
425.662 368804
425.946 449332
426.146 435914
426.164 444008
426.292 380830
426.304 445356
426.450 334949
426.838 451831
427.156 422182
427.668 421477
427.962 349991
427.986 528218
428.036 515656
428.898 682865
429.267 515591
430.575 357212
430.741 666206
430.799 429941
430.844 455346
431.098 339888
431.502 390918
431.530 401922
431.744 478467
431.825 352588
431.972 353961
432.740 431733
432.835 342263
433.067 442715
433.210 341108
433.222 346138
433.372 638491
434.475 4989
434.507 526646
435.150 5273
435.325 152095
435.375 4754
435.509 486796
435.750 5037
435.900 335039
435.925 5011
436.025 5143
436.325 5062
436.354 473125
436.558 471312
436.653 423945
436.750 5248
436.825 5166
436.850 5087
436.875 5170
436.875 5220
437.027 345974
437.100 335192
437.557 413384
437.747 397492
437.900 334773
438.031 509900
438.184 357212
438.475 335007
438.813 447668
439.705 494829
440.181 492424
440.704 498668
441.417 672116
441.570 408881
441.860 347951
442.010 381531
442.283 679714
442.564 539285
443.453 693460
443.582 734462
443.591 638810
443.743 475933
443.826 367212
444.103 514762
444.287 420381
444.390 644940
444.552 450786
444.557 351503
444.985 418428
445.370 489831
445.397 416101
445.596 538891
445.944 374733
446.229 342719
446.244 436353
434.225 576
447.686 531306
448.486 434617
448.775 5011
448.800 4754
449.025 4989
449.150 5170
449.300 5143
449.317 387401
449.975 338496
450.300 421106
450.367 474370
450.775 5220
450.881 427153
451.075 5062
451.097 522022
451.100 5037
451.102 416332
451.237 723031
451.410 396030
451.775 5248
451.931 606223
452.025 5273
452.153 460917
452.299 375950
452.600 334944
453.250 5087
453.450 334830
454.038 359750
454.422 381592
455.658 407984
455.805 417363
455.897 422807
455.937 362384
455.992 524106
456.023 495251
456.914 485179
457.002 363018
457.253 390918
457.257 396000
457.369 368776
457.794 624244
457.873 532716
458.031 672392
458.691 507249
458.898 465398
459.065 410455
459.418 508572
459.575 368708
459.615 426786
459.892 409300
460.121 359239
461.524 455892
461.715 356326
462.321 473181
462.501 687622
463.350 378348
463.350 4989
463.667 541844
463.986 380440
463.998 440087
464.200 5143
464.225 5087
464.300 5011
464.850 5037
464.950 4754
464.975 5220
465.125 5166
465.375 5170
465.767 419224
465.850 334861
465.892 359630
465.975 5248
466.100 5062
466.198 498973
466.375 338496
466.630 510797
466.725 5273
466.795 348861
466.820 468332
466.850 335160
466.873 452671
467.068 445543
467.197 447665
467.643 482210
467.848 395951
468.075 335100
468.170 538031
468.198 386498
468.307 343857
468.978 622026
469.025 10509
469.564 390140
469.695 403597
469.931 374218
470.564 375501
470.753 518365
470.790 468117
471.134 490284
471.264 371901
471.615 491750
471.972 524498
473.025 136144
451.500 576
467.475 576
473.351 353191
473.404 516012
474.221 471110
474.286 394666
475.356 444816
476.664 389285
476.788 369170
476.927 531494
477.648 483147
478.150 5062
478.325 5248
478.684 372641
478.741 401020
478.761 471189
478.850 4754
478.950 5087
479.000 335100
479.125 5011
479.136 380228
479.223 466218
479.225 334975
479.325 5037
479.625 5166
479.625 5220
479.675 123221
479.975 5143
480.025 334977
480.025 4989
480.150 5273
480.152 430646
480.175 5170
480.474 517071
480.550 138900
480.616 533346
481.079 427817
481.150 335072
481.677 383169
482.066 348763
482.500 335160
482.957 428471
483.925 17508
484.000 356602
484.004 346122
484.011 412798
484.400 2290
485.062 486204
485.221 423796
485.358 457894
485.374 389137
485.646 341306
486.200 2401
486.612 361879
487.075 140018
487.269 516009
487.315 528886
487.400 2357
487.780 529380
487.791 359124
487.879 425496
488.200 148709
488.485 676926
488.775 124544
488.932 490743
488.992 471066
489.068 361191
489.075 141181
489.650 117439
489.775 141153
489.966 399204
489.970 402943
489.975 133675
490.058 406950
490.456 411320
490.492 439472
490.975 2178
491.000 139363
491.037 422354
491.100 141545
491.206 601653
491.352 341618
491.675 130929
491.725 137592
491.758 388957
491.775 5011
492.131 350389
492.178 349816
492.350 5143
492.400 20251
492.475 123221
492.475 2247
492.500 141774
492.500 338496
492.675 143944
492.775 2272
492.800 126562
492.850 135758
492.875 122138
492.887 416617
493.000 126639
493.054 610944
493.525 140498
493.661 427448
493.675 2312
493.700 135853
493.700 143949
493.750 144745
493.850 5220
493.875 5037
493.900 5166
493.945 359239
494.000 135941
494.025 139351
494.025 2267
494.125 139957
494.134 466987
494.150 139296
494.275 134242
494.300 134167
494.325 139379
494.450 148532
494.475 136144
494.625 136527
494.725 135422
494.750 137692
494.800 145631
494.800 2380
494.825 5273
494.925 137072
494.947 396201
494.950 2291
495.025 144049
495.175 2290
495.225 134833
495.300 20300
495.325 20314
495.375 136534
495.425 136016
495.425 2359
495.450 335125
495.600 137094
495.600 150224
495.650 134230
495.650 134245
495.650 135894
495.650 2178
495.675 152698
495.675 2333
495.700 334768
495.732 740250
495.750 137751
495.750 139392
495.750 20313
495.775 140549
495.775 154379
495.850 137014
495.900 153717
495.925 135936
495.925 20317
495.992 478349
496.050 133684
496.050 143399
496.100 141793
496.175 136913
496.200 141761
496.200 144663
496.200 2332
496.225 145655
496.230 513922
496.250 20345
496.300 2493
496.325 134272
496.325 159456
496.325 334885
496.475 137690
496.527 372438
496.550 135985
496.575 144624
496.600 143454
496.650 148489
496.650 2421
496.650 334830
496.668 475731
496.725 152594
496.775 138796
496.775 144014
496.800 143479
496.827 481582
496.850 138269
496.850 141159
496.900 2247
496.900 2357
496.975 126865
497.000 20362
497.025 140022
497.025 141637
497.061 523350
497.075 334944
497.125 2420
497.137 405842
497.200 149088
497.250 334863
497.300 334864
497.325 142299
497.350 334953
497.375 145032
497.425 139898
497.425 334773
497.450 136568
497.450 146233
497.475 334894
497.525 140544
497.525 2401
497.575 142744
497.575 2272
497.575 334711
497.600 157717
497.675 150805
497.700 334949
497.750 334889
497.825 150708
497.900 148591
497.950 139901
497.950 146970
497.950 334948
497.975 142290
497.975 157878
497.975 335039
498.000 335036
498.025 154954
498.025 334837
498.050 334975
498.050 335007
498.069 515335
498.100 334974
498.100 335041
498.200 149578
498.275 334981
498.288 348733
498.300 152109
498.375 139482
498.375 140018
498.375 158409
498.425 138900
498.425 152635
498.475 146258
498.475 156658
498.550 153716
498.600 334833
498.650 152530
498.656 536690
498.700 148575
498.800 148687
498.800 334859
498.825 2312
498.869 482919
498.875 334977
498.975 150300
498.975 158337
498.975 161886
499.000 154850
499.000 156572
499.025 149647
499.025 161342
499.075 155391
499.200 154836
499.275 160709
499.375 158271
499.475 147972
499.475 158895
499.500 157171
499.575 149064
499.600 145757
499.625 155982
499.675 146993
499.750 2291
499.750 335126
499.775 160131
499.850 157175
499.880 485098
499.900 148709
499.900 151583
499.950 150346
499.950 152095
500.025 149203
500.050 159036
500.100 334861
500.150 160593
500.175 148702
500.175 151540
500.175 157262
500.175 161304
500.275 151412
500.275 2333
500.350 2359
500.391 352024
500.400 154908
500.425 335160
500.525 153158
500.525 335042
500.575 2380
500.600 151564
500.600 163422
500.647 379356
500.725 156108
500.850 154447
500.875 153779
500.975 335104
501.025 151015
501.050 335011
501.100 156613
501.100 2332
501.125 157170
501.125 172100
501.250 157186
501.300 163580
501.318 345687
501.350 148082
501.350 2493
501.425 153264
501.425 335072
501.450 2357
501.475 162408
501.561 526455
501.575 159509
501.600 160233
501.627 534135
501.659 430642
501.750 153695
501.750 335159
501.775 2421
501.825 2420
501.875 161816
502.050 335068
502.150 156098
502.175 335192
502.325 157181
502.325 334888
502.375 156744
502.425 335524
502.450 2401
502.500 164093
502.550 335466
502.611 537779
502.625 164148
502.650 335125
502.681 455841
503.350 169717
503.400 156797
503.450 457540
504.325 334953
504.374 385852
504.495 575167
504.921 415798
505.100 334949
505.159 397444
505.700 335160
505.848 443003
505.925 335126
505.972 481582
506.004 638323
506.123 500440
507.421 463549
507.600 335524
507.825 335466
508.801 506098
508.891 411001
509.243 353007
509.282 505212
509.697 449597
510.415 343150
511.040 409217
511.493 423551
511.873 486760
512.050 338496
513.025 5170
513.150 5037
513.325 5248
513.394 359003
513.611 376299
513.675 4989
513.777 559805
514.000 5011
514.014 519236
514.144 350339
514.216 385254
514.300 5062
514.419 412961
514.664 357852
514.683 498417
514.780 491163
515.180 383252
515.737 399097
515.868 522877
516.150 5220
516.554 370620
516.659 344220
517.247 362465
517.726 444447
517.862 342140
517.863 448016
518.225 345247
518.825 5273
519.173 481083
519.216 378969
519.262 624244
519.341 384574
519.381 399823
519.597 654453
518.050 576
520.090 379251
520.794 366823
521.555 479826
521.650 4754
522.316 463796
523.830 465028
524.001 404872
524.539 363289
524.542 469677
524.771 350389
525.285 479972
525.485 401020
525.842 369709
525.984 344009
526.025 334711
526.152 362560
526.153 412837
526.160 629906
526.325 334889
526.445 422247
526.586 352092
526.675 334864
526.707 375532
526.823 403493
527.100 5011
527.150 5166
527.436 403398
527.625 11039
527.627 567606
527.708 343150
528.206 357576
528.325 334885
528.593 407984
528.740 345967
528.922 456637
529.050 5087
529.075 451833
529.725 5273
529.770 521543
529.791 693750
529.950 338496
530.051 380440
530.225 5248
530.494 474409
530.600 5220
530.848 655322
530.900 335126
531.075 335011
531.340 483598
531.661 478349
532.101 382004
532.222 513572
533.045 505406
533.125 5037
533.700 4989
534.062 374372
534.450 10293
534.762 654066
535.118 498353
535.575 4754
535.674 635850
535.774 404002
536.341 401930
536.353 523128
536.394 725026
536.436 398530
536.650 10654
537.591 432017
537.709 420582
537.805 409010
538.050 334948
538.168 359428
538.200 382032
538.308 736887
538.413 361735
538.590 392169
538.672 429442
538.782 456358
538.911 374514
539.235 351499
539.255 462381
539.271 359411
539.630 489831
539.667 380018
539.700 334773
539.847 460874
540.331 501026
540.562 632634
540.876 435240
540.933 537298
541.025 5170
541.049 384440
541.098 369212
541.405 430355
542.000 334837
542.249 419224
543.200 5143
543.425 334859
543.575 5248
543.700 5273
543.781 342842
543.965 437262
534.775 576
544.134 437146
544.181 506326
544.300 5166
544.330 431358
544.671 659701
545.025 5087
545.725 5220
546.150 429860
546.458 430018
546.975 5062
547.089 398038
547.175 5011
547.286 483545
547.775 338496
547.879 622350
548.767 380653
549.175 4754
549.836 353976
550.243 534778
550.362 459044
550.875 443285
551.092 484045
551.275 17534
551.286 512158
551.456 346558
551.741 376742
551.750 10612
551.785 466380
552.004 459333
552.145 392559
552.396 508251
552.483 362081
552.675 10582
552.825 530287
553.284 372824
553.304 490939
553.804 343096
554.171 349999
554.569 482913
554.572 458549
554.850 10509
555.114 379818
556.154 366117
556.201 517244
556.388 351945
556.500 4989
557.020 528320
557.091 490743
557.850 5220
558.001 472380
558.187 480308
558.579 394983
558.639 423945
558.700 5273
559.100 5166
559.375 5143
559.425 5062
559.825 5170
559.875 335125
560.375 5037
560.400 5248
560.975 139379
561.049 389049
561.115 425451
561.175 351855
561.400 334975
561.578 448548
561.950 338496
562.692 348225
562.767 399954
563.322 366179
563.493 643272
563.868 666765
563.925 4754
564.576 340133
564.913 345642
564.944 411175
565.131 395205
565.235 456358
565.447 512928
565.687 384710
565.753 602743
565.791 530452
566.046 656062
566.653 536690
566.713 375159
566.780 425581
567.262 503960
567.461 346740
567.712 384204
567.830 441717
567.841 394037
568.381 403029
568.803 435919
569.151 493408
569.163 374046
569.254 361070
569.339 444553
569.496 354732
569.724 513446
570.014 376630
570.054 629047
548.675 576
570.342 430642
571.297 352488
571.697 345720
571.810 354613
571.978 489216
572.435 365956
572.530 628749
572.655 638323
572.735 440420
572.993 508408
573.100 334768
573.675 5087
573.675 5143
573.950 334949
574.307 529326
574.552 398496
574.575 5273
574.640 612874
574.925 4989
575.062 624106
575.164 416713
575.188 530220
575.200 5062
575.200 5248
575.225 5011
575.675 5220
575.800 335524
576.125 438292
576.203 517673
576.300 5037
576.881 367407
576.950 5170
577.000 334977
577.199 368098
578.469 409849
578.797 537308
578.938 408645
579.341 373058
579.354 381974
580.257 363877
580.520 356482
580.592 543218
580.675 4754
580.688 632767
580.764 384864
580.785 493254
580.845 372013
580.877 528358
581.016 360545
581.190 403486
581.224 474782
581.975 366869
582.233 451795
582.537 538767
583.170 381924
584.639 344295
585.138 680516
585.560 420617
585.610 427220
585.739 488326
585.873 423921
586.118 413347
586.743 347211
586.864 530763
586.925 5143
587.075 5170
587.527 346901
587.625 5273
587.650 338496
587.942 656062
588.512 471285
588.578 393520
588.600 5037
588.616 409886
589.100 5062
589.225 5166
589.746 361126
589.825 4989
589.900 5087
590.017 348189
590.025 5220
590.125 5011
590.455 603639
590.596 419982
590.915 518694
590.975 5248
591.550 335039
591.601 364653
591.717 457869
591.816 663825
592.068 501071
592.350 4754
592.431 352588
592.951 472947
593.032 419391
593.651 454409
593.818 470155
594.378 446174
594.837 366239
595.023 492023
595.040 345840
595.293 388598
575.025 576
590.775 576
595.459 370348
595.951 366576
596.038 498778
596.361 408563
596.437 512225
596.578 502847
596.973 411797
597.058 483979
597.101 529350
597.639 409171
597.872 362490
599.290 495132
599.788 600791
600.397 352494
600.885 408053
600.894 353934
601.277 495339
601.310 361037
601.349 429568
601.375 5170
601.843 463549
602.300 5273
602.331 356226
602.466 450786
602.825 5037
602.979 678085
603.125 5062
603.175 164148
603.175 4989
603.478 356202
603.625 334975
603.731 349711
603.825 5087
603.875 5166
603.886 448250
604.002 543197
604.025 5143
604.075 5220
604.203 471198
604.534 448736
604.775 5011
604.825 5248
605.836 533137
606.341 414554
606.450 399372
606.522 357235
606.570 461234
606.750 338496
607.005 508612
607.447 429442
607.490 446204
607.766 370217
608.375 2178
609.115 474370
609.220 459436
609.234 652861
609.425 345247
609.573 529711
609.575 117439
609.774 496416
609.979 693861
610.000 137592
610.325 123221
610.325 2267
610.338 405101
610.650 126639
610.716 444665
611.000 2247
611.025 134167
611.075 133675
611.475 142290
611.519 451559
611.656 376175
612.050 135985
612.200 136144
612.250 154379
612.400 136568
612.518 462387
612.600 126562
612.700 150346
612.925 122138
613.000 126865
613.050 135758
613.125 138796
613.125 146970
613.195 426927
613.200 2272
613.225 20251
613.254 358529
613.275 135853
613.450 137692
613.475 141774
613.500 135422
613.525 141153
613.625 2178
613.700 124544
613.775 139351
613.835 426965
613.921 393914
613.975 139363
614.024 397512
614.050 139957
605.200 576
614.175 141545
614.235 432534
614.325 135894
614.475 136913
614.500 2290
614.550 2312
614.575 140022
614.725 156797
614.725 334768
614.850 143949
614.875 137072
614.882 341618
614.915 517071
614.925 141793
614.925 146993
614.950 137094
615.022 410507
615.050 2291
615.100 134833
615.106 442222
615.115 423749
615.131 399658
615.150 139296
615.175 144049
615.250 136527
615.325 134230
615.350 157262
615.350 2267
615.400 2332
615.472 498105
615.550 137014
615.575 20300
615.575 334885
615.600 135936
615.675 134242
615.681 437483
615.750 136534
615.750 2247
615.800 150708
615.816 682337
615.825 139392
615.875 2333
615.900 140018
615.900 153716
615.925 134272
616.000 20314
616.011 419224
616.050 137690
616.050 148532
616.050 20313
616.075 136016
616.100 334830
616.150 134245
616.150 143479
616.175 139379
616.175 152635
616.175 334859
616.200 133684
616.225 20317
616.400 334773
616.400 334889
616.450 139482
616.450 149088
616.450 334944
616.475 142744
616.475 20345
616.525 154908
616.550 138269
616.575 334861
616.600 141159
616.600 334888
616.600 334974
616.650 146233
616.700 143454
616.725 141637
616.800 130929
616.825 135941
616.850 137751
616.850 334863
616.850 5170
616.875 148687
616.900 334837
616.925 138900
616.925 140498
616.950 140544
616.950 2421
616.975 139898
616.975 141181
616.975 357235
617.000 141761
617.025 5273
617.075 149578
617.125 144014
617.125 144624
617.150 2357
617.150 334864
617.175 334953
617.250 142299
617.250 152109
617.275 2359
617.332 501821
617.375 2401
617.375 334833
617.400 143399
617.400 154850
617.525 148575
617.550 148489
617.575 143944
617.600 145032
617.600 390951
617.625 140549
617.625 335036
617.650 145631
617.650 153158
617.675 144663
617.675 150805
617.697 391902
617.700 20362
617.700 2272
617.700 334949
617.775 139901
617.798 491225
617.800 154447
617.950 2380
617.975 157717
618.025 334894
618.025 335011
618.075 148702
618.075 334977
618.175 334948
618.200 2420
618.275 334975
618.325 334981
618.375 145655
618.375 5220
618.400 154954
618.450 152594
618.475 5087
618.500 150224
618.575 150300
618.575 2493
618.625 151412
618.625 158895
618.625 335039
618.650 154836
618.650 335041
618.675 335007
618.730 504155
618.800 159456
618.825 158409
618.850 147972
618.875 146258
618.950 149647
618.950 159509
618.975 144745
619.025 148709
619.050 156744
619.050 158271
619.050 163422
619.125 335125
619.150 335068
619.275 148082
619.325 2312
619.350 152530
619.425 334711
619.450 335524
619.500 155982
619.650 153717
619.675 156108
619.675 5248
619.700 157878
619.825 335042
619.842 366278
619.875 151015
619.875 153695
619.875 2332
619.900 151540
620.000 145757
620.025 148591
620.025 158337
620.050 149203
620.050 152095
620.075 151583
620.075 152698
620.077 358231
620.100 156658
620.150 335159
620.200 156613
620.200 157186
620.250 155391
620.275 172100
620.275 2333
620.300 149064
620.400 2291
620.450 157171
620.450 157175
620.500 20439
620.525 335072
620.575 160709
620.600 156572
620.600 335100
620.663 448497
620.675 335104
620.700 160593
620.704 543321
620.775 334768
620.825 161342
620.850 334859
620.925 335160
620.929 389104
620.950 161816
621.050 153264
621.125 335126
621.175 363463
621.275 161886
621.475 159036
621.475 163580
621.475 2357
621.525 157170
621.600 160233
621.600 334889
621.623 352674
621.675 334861
621.725 2359
621.800 162408
621.825 2421
621.875 334888
621.906 630224
621.975 334974
622.000 465563
622.020 389987
622.075 2401
622.100 151564
622.200 335192
622.225 164148
622.325 160131
622.400 156098
622.425 157181
622.450 164093
622.475 334830
622.575 153779
622.800 2420
622.925 334837
622.950 169717
623.000 334949
623.153 408608
623.153 613611
623.384 522361
623.500 2493
623.575 161304
623.625 335011
623.800 665768
623.862 510220
624.910 390404
625.229 461016
625.475 335466
626.062 639492
626.362 455026
626.364 395469
626.416 374563
626.429 451833
626.436 454248
626.450 335125
626.563 527516
626.725 335524
627.053 413922
627.125 335126
627.441 384710
627.724 380943
628.650 469818
628.780 535367
629.512 502871
629.840 356202
629.932 341982
630.298 373067
630.475 5011
632.344 427366
632.397 620108
632.450 5087
632.588 515590
632.761 524687
632.900 338496
633.053 374047
633.210 456444
633.245 455892
633.271 374833
633.319 359068
633.518 434398
633.744 410102
633.975 383214
634.262 483530
634.747 428410
634.788 353317
635.190 651495
635.643 348225
636.069 423945
636.450 10293
636.580 539433
636.689 481820
636.975 5248
637.175 5143
637.557 502826
637.678 471312
638.350 5170
638.771 631510
638.775 366576
635.275 576
639.128 417323
639.373 475059
640.375 509555
640.612 358150
640.977 384691
641.175 5037
641.622 487044
641.902 355076
642.229 423182
642.430 351985
642.874 454772
643.220 481794
643.446 398545
644.429 453995
644.674 361040
645.093 358196
645.204 511498
645.627 605376
645.636 442715
646.446 467557
646.900 4754
647.400 5087
647.491 402255
648.123 379739
648.200 334953
648.304 502984
648.346 389725
648.475 340598
648.547 502847
650.194 432534
650.225 5062
650.375 334889
650.475 5143
650.787 442737
650.859 519448
650.932 379567
650.992 371883
651.250 5248
651.788 355375
651.975 5166
652.064 524284
652.530 374492
652.552 355805
652.635 434946
652.650 10509
652.825 5273
652.951 511550
652.982 440424
653.080 379735
653.141 666206
653.791 361037
654.295 445356
654.722 399152
654.777 371971
654.891 390308
655.075 10655
655.580 354346
655.691 351019
656.389 428565
656.675 452098
658.503 658548
658.746 508572
658.843 462237
658.997 354908
659.530 427665
659.925 11074
660.050 11039
660.250 17625
661.341 509393
661.925 5011
663.125 5062
663.175 338496
663.200 5037
663.250 10901
663.425 4989
663.495 539466
663.606 422243
663.650 5087
663.900 492331
664.264 368098
664.539 487601
664.906 498111
665.300 4754
665.751 359411
665.825 539683
666.175 335104
666.258 502526
666.834 476301
667.271 381114
667.331 677271
667.552 524670
667.589 380440
668.294 398038
669.564 352953
670.107 413068
670.390 504810
671.368 355898
671.507 360009
672.124 413077
672.318 369552
672.597 452577
673.318 435386
653.150 576
673.621 510965
673.702 382771
674.186 448759
674.488 400680
675.451 490604
675.925 4989
675.925 5011
675.981 389858
676.125 10654
676.200 5143
676.275 5166
676.528 379300
676.775 5037
677.000 5220
677.284 494030
677.325 5170
677.345 492331
677.384 439116
677.525 5273
677.650 430523
677.825 4754
677.827 459048
678.025 5248
678.392 389202
678.525 421100
679.032 359463
679.120 431488
679.425 5087
679.900 5062
680.456 394396
681.237 391902
681.367 375733
681.828 661552
681.850 11070
681.903 356777
682.712 402068
683.107 376257
683.396 444105
683.864 458037
683.951 387575
684.444 426694
684.652 726132
685.049 421783
685.490 341569
685.499 525409
685.782 382264
686.678 653921
686.684 460535
687.664 496416
687.866 503920
687.994 485060
688.937 351424
688.955 355375
689.373 694113
689.650 4989
689.940 508612
690.150 5087
690.184 375237
690.269 351765
690.352 459436
690.400 5143
690.432 357628
690.626 454401
690.697 640331
690.875 10935
691.100 5011
691.300 334768
691.515 397949
691.543 366117
691.863 611084
691.900 5037
692.275 5062
692.300 4754
692.346 474098
692.550 5166
692.775 338496
693.146 389247
693.325 5273
693.425 139482
693.533 367137
693.625 5248
693.900 334837
693.941 463491
694.120 457434
694.243 450988
694.532 450395
694.675 5170
695.117 348189
695.711 499003
696.070 440740
696.135 608592
696.695 420617
696.832 497885
697.038 432359
697.096 339700
697.169 438186
697.305 381830
697.391 367171
697.435 533102
697.556 382023
697.717 350793
698.066 512849
697.150 576
698.383 383104
698.668 451590
699.469 348239
700.350 498417
700.367 397342
701.061 513081
701.623 661522
701.791 379605
702.595 517619
703.074 393129
703.975 349210
704.160 522826
704.300 5143
704.466 359302
704.650 514762
704.775 5220
704.900 4989
704.911 354908
705.025 5166
705.207 405410
705.300 5087
705.773 566846
705.802 677158
705.900 497468
705.925 4754
706.100 5273
706.221 395011
706.375 5062
706.400 5170
706.828 511344
706.996 519758
707.000 338496
707.800 335160
708.011 439772
708.050 5011
708.325 5248
708.656 409875
708.675 5037
709.250 17508
709.388 463741
709.592 346912
709.863 382858
709.882 449148
710.100 159456
710.228 357052
710.437 351460
710.576 380661
710.721 374207
710.981 435660
711.085 655495
711.386 343789
711.521 523503
711.843 385984
712.268 435891
712.481 349337
712.689 426694
712.896 476130
712.913 468050
713.109 375237
713.161 342140
713.404 383861
713.606 352674
713.969 492082
714.376 483542
714.668 361057
716.110 384861
716.163 430845
716.400 136144
716.533 514410
716.559 413063
716.591 404057
716.776 349575
717.215 342130
717.700 141793
717.786 403042
718.175 117439
718.217 452295
718.227 449212
718.448 431921
718.600 334894
718.775 5248
719.075 2178
719.325 130929
719.600 126865
719.775 140544
719.941 439755
720.048 380950
720.125 124544
720.218 526999
720.350 122138
720.425 2247
720.600 4989
720.644 472380
720.700 5062
720.825 20251
720.950 133675
720.975 137751
720.975 148687
721.025 126639
721.136 530220
721.150 2272
721.311 561891
720.150 576
721.325 141153
721.375 5220
721.450 139296
721.495 348747
721.750 5143
721.825 141761
721.925 5166
721.975 123221
722.168 452375
722.175 2291
722.225 134167
722.225 2267
722.232 449267
722.325 152698
722.450 20300
722.500 334773
722.500 5037
722.575 2290
722.600 338496
722.650 137072
722.675 140549
722.676 514498
722.750 134242
722.775 135941
722.866 531263
722.900 136913
722.925 5170
723.025 139379
723.050 2333
723.100 145631
723.175 5087
723.200 135894
723.200 140018
723.246 524032
723.275 138796
723.325 139957
723.350 134272
723.400 135985
723.400 140022
723.425 133684
723.450 142290
723.475 148532
723.500 135422
723.500 141545
723.525 334830
723.550 134230
723.550 134833
723.575 126562
723.575 135853
723.575 334837
723.600 143479
723.625 148709
723.625 2357
723.675 2312
723.700 5273
723.725 137094
723.725 20314
723.725 2332
723.750 2178
723.775 2359
723.800 136016
723.800 20317
723.900 139351
723.900 334953
724.075 141774
724.100 139392
724.104 367533
724.150 137692
724.175 137014
724.200 135758
724.200 140498
724.225 155982
724.250 136534
724.325 136527
724.325 136568
724.354 367033
724.378 361674
724.400 334768
724.400 334864
724.425 144049
724.425 334863
724.450 135936
724.475 138900
724.475 20313
724.500 144624
724.525 137592
724.525 139482
724.525 143454
724.600 142299
724.625 139898
724.700 139363
724.700 143949
724.925 334861
724.975 453931
725.000 334888
725.050 2247
725.100 2380
725.125 138269
725.175 144745
725.200 334885
725.350 134245
725.375 144014
725.400 334833
725.425 137690
725.425 153716
725.450 145655
725.475 144663
725.546 612874
725.550 141637
725.628 492825
725.650 143399
725.650 334889
725.675 334949
725.700 17625
725.700 2421
725.714 460874
725.750 146993
725.767 374046
725.800 141159
725.800 141181
725.850 146258
725.876 400531
725.925 148702
726.000 150708
726.050 2272
726.075 335041
726.275 157262
726.350 146233
726.382 340177
726.475 149578
726.475 152095
726.500 334948
726.600 151540
726.625 150300
726.625 150346
726.625 154447
726.675 2493
726.675 334974
726.675 362834
726.700 142744
726.700 151015
726.700 334975
726.725 150224
726.758 352745
726.850 151583
726.864 407420
726.900 146970
726.925 334944
727.000 335036
727.025 335039
727.050 155391
727.100 143944
727.100 149203
727.119 373398
727.125 148575
727.250 145032
727.250 2290
727.250 334894
727.250 335042
727.275 148082
727.300 148489
727.325 2401
727.450 334977
727.500 2291
727.625 2420
727.650 139901
727.700 154954
727.725 149088
727.725 151412
727.725 160233
727.725 334711
727.775 152109
727.775 154850
727.825 150805
727.825 161342
727.871 452798
727.875 145757
727.875 151564
727.875 157175
727.925 157717
727.925 157878
727.956 519995
727.975 2333
728.050 152594
728.075 152635
728.100 152530
728.125 148591
728.125 157171
728.200 2357
728.200 2359
728.275 335072
728.298 384616
728.325 335007
728.350 335125
728.375 156108
728.375 158337
728.382 367407
728.400 2332
728.400 335104
728.450 153264
728.500 153695
728.525 158271
728.550 2312
728.550 334859
728.575 156797
728.575 160131
728.675 156613
728.700 154379
728.725 149647
728.738 366154
728.750 156098
728.750 335011
728.750 335126
728.800 153717
728.800 158895
729.035 417762
729.075 154908
729.075 335100
729.100 159036
729.100 163422
729.188 426694
729.200 159509
729.250 156658
729.359 443889
729.475 156572
729.475 335160
729.525 147972
729.550 160709
729.725 154836
729.750 153779
729.750 159456
729.900 149064
729.900 158409
729.900 163580
729.956 353317
730.025 161816
730.050 157186
730.250 160593
730.300 334861
730.300 334981
730.350 335068
730.450 2380
730.550 335159
730.625 162408
730.625 335192
730.741 345630
730.832 350797
730.899 339888
730.900 157170
730.932 381315
731.025 164148
731.095 470054
731.125 2421
731.150 157181
731.175 20439
731.250 164093
731.346 458491
731.425 161886
731.432 509263
731.489 389636
731.665 408372
731.900 2401
732.125 2493
732.150 161304
732.175 2420
732.400 335466
732.425 169717
732.500 334949
733.017 415798
733.075 334948
733.075 335042
733.350 335125
733.725 4754
733.756 352614
733.800 334974
733.875 172100
734.125 335007
734.200 335126
734.350 335524
734.375 335160
734.450 335104
734.675 335100
734.814 397679
735.375 335039
735.603 500031
735.750 335192
735.975 335159
735.997 518365
736.025 335036
736.107 500142
736.316 614348
736.730 469108
737.404 357358
737.549 343668
737.636 401827
737.675 335466
737.693 351460
737.825 2493
738.029 541508
738.261 503920
738.582 388244
738.591 416062
738.635 533237
739.353 519099
740.089 641728
740.231 457376
740.650 5011
740.700 335524
740.738 425251
740.886 465392
741.298 689963
741.362 526147
741.944 514165
742.187 471466
742.275 5170
742.473 512158
742.594 480303
742.675 338496
743.125 504833
743.127 370079
744.338 371710
744.688 400883
744.811 460939
745.025 5248
745.325 5166
745.605 355595
745.802 532349
746.100 5273
746.214 348747
746.409 353007
746.838 365363
747.940 376933
748.034 454079
748.533 415737
749.341 508766
749.538 701244
750.375 4754
750.828 674151
750.889 347687
750.925 604170
751.164 381584
751.299 455736
751.486 371264
751.715 503009
752.311 625631
752.581 436074
752.857 510965
752.905 445038
753.096 511022
753.178 363877
753.486 504358
754.575 5037
754.725 5143
754.763 418880
754.814 457434
754.900 334889
755.068 347700
755.169 348733
755.448 418738
755.647 380202
755.650 335524
755.800 4989
756.368 453708
756.625 5220
757.431 368061
757.562 677271
757.756 461381
758.194 378926
758.212 372788
758.836 395961
758.867 683974
758.905 459333
759.134 498778
759.365 395797
759.400 5248
759.555 360764
759.778 349999
759.900 334837
760.345 377638
760.531 476504
760.898 450296
761.068 459860
761.266 469642
761.275 335192
761.487 508077
761.683 528218
761.920 621342
761.950 5087
762.250 356099
763.410 430432
763.600 335466
763.690 376881
763.868 457330
763.916 736887
764.129 358701
764.181 351424
764.653 418280
764.964 443003
765.098 524638
765.619 507139
765.810 534478
766.504 543088
766.919 376257
766.950 11039
767.001 407370
767.156 654453
767.325 335524
767.467 373399
745.250 576
765.950 576
767.622 444402
767.650 5062
767.927 537298
768.052 399985
768.075 352991
768.193 533777
768.472 413840
768.580 379303
768.838 342017
768.930 395205
768.950 334889
769.427 361070
769.548 510141
769.571 528320
769.875 5011
770.425 338496
770.425 5170
770.537 515127
770.543 519401
770.717 508257
770.850 5220
770.981 618551
771.025 5087
771.438 602871
771.500 5143
771.969 485029
772.225 4989
772.251 488641
772.434 445091
772.471 442823
772.614 339576
772.750 10509
772.750 5166
773.075 5273
773.087 368708
773.150 4754
773.247 456992
773.267 537298
773.425 335192
773.529 604165
773.539 446398
773.706 353793
773.825 334885
773.830 526046
774.095 404002
774.150 334953
774.196 370042
774.250 5248
774.900 5037
775.215 402943
775.323 487234
775.382 478315
775.957 409622
776.145 398245
776.153 406449
776.258 384745
776.620 673312
776.872 667333
776.887 525820
776.887 533137
777.304 356755
777.379 363684
778.330 655983
778.727 491186
779.311 670161
779.372 398974
779.423 341850
779.653 361384
779.689 626031
780.215 511279
780.253 352588
781.015 623504
781.024 474337
781.058 675143
781.061 371843
781.307 477877
781.691 417373
781.836 358701
782.223 439472
782.626 632544
782.697 378983
783.818 346806
784.363 443372
784.793 411768
784.935 357716
785.125 5143
785.461 699900
785.525 5062
785.550 5166
785.663 344750
785.673 494078
785.717 384691
785.950 5273
786.150 5170
786.235 358205
786.300 4989
786.475 5248
786.500 5011
786.650 338496
786.950 5220
786.975 5037
787.171 541409
779.400 576
787.694 358504
787.727 611827
787.800 422028
788.064 520316
788.250 5087
788.436 497402
788.574 629872
788.636 441466
788.670 521829
788.889 378381
789.225 335072
789.663 398038
789.835 497595
789.988 380993
790.150 364902
790.325 334837
791.101 540212
791.303 343668
791.964 660091
792.161 406449
792.211 583379
792.404 384574
792.500 411175
792.606 480432
792.627 342609
792.697 442906
792.917 495438
793.250 398367
793.265 478582
793.745 531704
794.554 341569
795.104 382997
795.171 339954
795.569 404843
795.745 502307
795.750 143944
796.267 414687
796.509 434172
796.830 620906
797.392 416592
798.201 436427
798.775 5166
798.805 348861
798.818 421999
799.225 137690
799.337 750622
799.405 408391
799.450 5273
799.975 5011
800.061 359721
800.100 5248
800.200 4989
800.304 433606
800.350 5062
800.684 512509
800.743 343668
800.857 445300
801.072 642728
801.158 424109
801.245 465898
801.725 5170
801.935 638957
802.017 458185
802.125 5037
802.275 5087
802.441 618851
802.458 341332
802.533 667540
802.556 353227
802.809 419901
803.382 356125
803.436 533102
803.550 5143
803.625 528218
803.700 17615
803.989 373396
804.016 539285
804.047 357061
804.227 477877
804.451 505365
804.645 352024
805.294 682169
805.495 475141
806.059 454395
806.216 484406
806.392 366939
806.395 507843
807.245 398957
807.568 357086
807.881 550082
808.058 440712
808.313 360586
808.430 524855
808.437 418689
808.459 429941
808.627 473021
808.662 376126
808.806 525820
809.056 363285
809.566 367473
810.394 446162
810.479 394728
798.250 576
810.714 361013
810.914 406484
811.044 375877
811.269 655965
811.576 379201
812.377 394562
812.608 395863
812.800 335104
812.821 452032
813.003 595532
813.254 406988
813.300 5220
813.320 404260
813.396 341587
814.044 462381
814.200 11136
814.205 368631
814.394 423952
814.525 5062
814.571 386637
814.625 5273
814.954 443253
814.975 338496
815.032 507802
815.076 362409
815.125 5143
815.250 4989
815.339 518550
815.375 4754
815.650 5087
815.700 5011
816.144 453430
816.200 5037
816.250 5170
816.375 334889
816.375 5166
816.448 427448
816.638 371296
817.000 366691
817.375 335036
817.768 529300
817.925 334974
817.948 539390
818.276 357938
818.325 497106
818.523 460751
818.675 5248
818.895 534778
818.908 381063
819.832 423333
820.157 414803
820.276 395123
820.614 381394
820.725 404718
820.783 368865
821.047 415352
821.105 361040
821.293 625034
821.421 344000
821.430 376257
822.405 380241
822.500 346117
823.035 412994
823.200 135853
823.429 660091
823.659 422551
823.871 537748
824.948 387321
825.701 526031
826.021 423708
826.847 424109
827.243 624229
827.244 384903
827.525 335524
827.569 349295
827.826 612874
827.965 527597
828.272 541409
828.400 4989
828.400 5248
828.524 356311
828.725 5143
829.025 335160
829.125 5273
829.383 486490
829.425 5220
829.525 5166
830.101 426965
830.175 5062
830.322 411654
830.463 408760
830.750 4754
830.773 393184
830.920 486329
831.275 139957
831.300 5170
831.325 5011
831.650 335011
832.125 380047
832.195 376742
832.325 126639
832.425 137692
812.500 576
827.575 576
832.600 334773
832.957 412695
833.075 138900
833.450 143479
833.700 10821
833.954 439831
834.333 379373
834.425 124544
834.496 372026
834.642 358449
835.011 352719
835.025 2291
835.141 509514
835.800 135894
835.975 2332
836.175 126865
836.225 2290
836.403 463796
836.525 139363
836.735 693750
836.775 2272
836.825 134230
836.900 144624
836.964 474435
837.025 156744
837.042 360545
837.175 139392
837.250 2247
837.286 538891
837.317 439831
837.325 2178
837.399 410295
837.410 370261
837.413 639492
837.575 2267
837.637 412304
837.650 150224
837.853 466750
837.875 143949
837.950 117439
838.050 137751
838.125 149578
838.226 485763
838.300 130929
838.575 139351
838.775 148532
838.925 123221
838.950 135422
839.000 136016
839.125 136534
839.146 368609
839.225 134242
839.300 135941
839.309 346096
839.365 413500
839.470 414554
839.575 160593
839.700 145631
839.725 144745
839.809 355996
839.875 146993
839.918 377491
839.927 456699
839.951 346929
839.975 140549
839.975 143944
840.000 141637
840.075 148687
840.125 136144
840.125 20317
840.150 133684
840.225 146258
840.375 126562
840.410 359302
840.449 389148
840.450 135758
840.502 348273
840.525 152109
840.550 136527
840.550 142299
840.675 152698
840.775 159036
840.800 122138
840.800 149088
840.800 159456
840.825 2359
840.884 519995
840.900 141159
840.975 141793
841.000 133675
841.000 134833
841.000 141774
841.000 148702
841.000 20314
841.100 137072
841.100 138796
841.200 136568
841.225 20313
841.250 154954
841.275 137014
841.275 139482
841.295 345460
841.375 134272
841.375 139898
841.400 134167
841.400 146970
841.425 135853
841.475 2272
841.500 141545
841.500 2290
841.550 141153
841.575 2380
841.659 368329
841.675 334837
841.725 5220
841.750 148591
841.750 334773
841.775 137690
841.775 145032
841.775 155982
841.825 161886
841.825 334863
841.850 5248
841.875 152594
841.900 141181
841.919 371971
841.950 151015
841.950 2291
841.975 145655
841.975 334864
842.000 134245
842.000 20345
842.000 334953
842.025 139957
842.050 153716
842.075 144663
842.100 2357
842.125 137094
842.175 2312
842.200 334830
842.200 334861
842.200 334894
842.225 143454
842.275 2178
842.300 126639
842.300 2333
842.325 139296
842.325 141761
842.350 139379
842.400 135936
842.425 2247
842.450 158271
842.475 137592
842.500 334768
842.525 140544
842.525 148709
842.525 2332
842.549 458251
842.575 151564
842.579 466681
842.600 140022
842.600 334833
842.600 5143
842.675 334711
842.700 144014
842.700 152095
842.700 20362
842.709 404505
842.725 151540
842.725 151583
842.800 334888
842.825 152635
842.825 154379
842.900 145757
842.925 148082
842.925 2401
842.925 334859
842.975 144049
842.975 156797
842.975 2267
843.000 135985
843.034 424109
843.050 334885
843.150 334889
843.175 140018
843.200 334948
843.225 158337
843.225 335011
843.250 157186
843.275 138269
843.300 153264
843.325 139901
843.325 157175
843.350 158409
843.450 2493
843.475 140498
843.550 153779
843.550 334949
843.625 153158
843.625 161816
843.733 384697
843.800 334981
843.850 334975
843.875 150300
843.900 335042
843.925 2420
843.950 5170
843.975 146233
843.975 335041
844.000 335039
844.025 149203
844.025 2421
844.050 150346
844.075 335104
844.100 335072
844.175 142290
844.175 334977
844.200 154908
844.250 136913
844.250 150708
844.300 143399
844.332 627944
844.375 5166
844.425 156108
844.475 334944
844.500 154447
844.525 148489
844.525 162408
844.550 334974
844.625 148575
844.650 142744
844.650 156098
844.675 156658
844.775 154850
844.906 511186
844.950 149647
844.975 335007
844.975 335068
844.986 430355
845.050 157878
845.126 378926
845.150 157170
845.225 17625
845.324 380226
845.325 160233
845.350 154836
845.375 147972
845.425 2359
845.450 149064
845.525 157717
845.525 335125
845.550 155391
845.575 158895
845.625 335126
845.650 335160
845.675 150805
845.675 335100
845.721 350817
845.800 2290
845.850 156613
845.850 161342
845.850 461586
845.925 153695
845.950 159509
846.000 335036
846.021 476856
846.100 157171
846.175 157262
846.250 151412
846.275 2380
846.300 334837
846.375 163422
846.400 164093
846.475 335192
846.575 160131
846.575 160709
846.577 439947
846.625 2357
846.800 152530
846.808 411120
846.925 156572
846.975 2333
847.000 157181
847.025 163580
847.125 334894
847.150 334830
847.150 334861
847.150 334953
847.350 335466
847.402 630202
847.433 453233
847.500 153717
847.575 149578
847.625 2401
847.650 334711
847.749 451683
847.775 334833
847.775 334863
847.825 334888
847.975 334859
847.975 335159
848.000 334773
848.073 615367
848.225 164148
848.325 335011
848.450 2493
848.450 334949
848.453 456909
848.475 2420
848.550 172100
848.600 334889
848.900 2421
849.075 334981
849.100 161304
849.200 334885
849.225 169717
849.341 409844
849.375 335072
849.400 334975
849.575 334974
849.585 482101
849.675 335524
849.693 346052
849.822 541881
849.922 614372
850.250 399823
850.275 334768
851.297 357938
851.675 335007
852.014 479765
853.272 646075
853.550 335466
853.601 648003
853.824 428565
854.275 4754
855.068 467246
855.229 509205
855.773 387146
855.800 335524
856.163 601579
856.200 381592
856.201 509257
856.244 355375
856.379 383214
856.425 4989
856.571 463925
857.189 352108
857.200 5087
857.444 391785
857.724 417833
857.791 498668
857.900 5062
857.933 543161
858.125 338496
858.575 5011
858.675 5143
858.861 394433
859.352 402672
859.401 531076
859.606 356571
859.908 644721
859.931 528428
860.000 5170
860.015 488648
860.286 465423
860.680 356442
861.589 379987
861.656 457540
861.827 435240
861.888 477403
862.045 449701
862.116 418228
862.759 416486
862.906 548785
863.734 517662
863.902 348226
864.225 17615
864.310 529711
864.318 433097
864.431 423749
864.611 413480
865.140 362834
865.225 17614
865.507 348211
866.451 477250
866.487 484708
866.890 387411
867.691 466495
868.188 427783
868.210 526337
868.322 504252
868.516 373719
868.830 406102
869.750 335160
870.028 431582
870.396 431733
870.603 400374
870.988 358504
871.154 351660
871.598 395576
871.675 334953
871.925 10652
872.050 5011
872.408 517665
872.650 334863
873.205 483530
873.514 477884
873.575 5087
859.500 576
873.700 576
874.100 338496
874.125 334974
874.227 513232
874.275 5273
874.425 5166
875.325 335159
875.375 334975
875.570 342904
875.722 399800
875.881 683638
876.345 398367
876.354 344875
876.694 494337
876.852 369209
877.157 363732
877.695 453351
877.940 651595
877.986 354613
878.226 342878
879.301 483756
879.675 11136
880.003 374372
880.100 458058
880.209 471445
880.444 352317
881.188 404719
881.681 515917
881.900 11239
882.350 4989
882.837 355769
882.975 5248
883.400 4754
883.903 340177
884.029 399800
884.400 5170
884.486 432462
884.580 523128
884.650 5062
884.875 17534
884.929 360949
885.000 5037
885.175 5087
885.501 364653
885.546 397888
885.800 5011
886.000 5166
886.164 451850
886.349 443943
886.375 334861
886.445 541726
886.575 334948
886.575 335039
886.725 334888
886.850 394555
886.954 380058
887.178 443883
887.265 611370
887.500 5143
887.808 443531
888.508 368110
888.618 396153
888.625 335104
889.635 466427
890.207 351132
890.400 335068
890.910 391553
890.962 482152
891.083 459247
891.484 401788
891.930 459512
892.775 5273
894.276 349999
894.936 651595
895.556 478856
895.628 572903
895.783 415666
896.206 442715
896.240 459860
896.528 460588
896.699 642416
896.789 406152
897.015 460577
897.074 355238
897.180 505540
897.224 600887
897.850 5220
898.096 395951
898.275 5011
898.492 385996
898.675 5037
898.708 398534
898.825 4989
898.911 452295
898.950 5248
899.153 365635
899.404 437483
899.675 338496
899.750 17615
900.175 5143
900.325 5166
900.450 5062
900.589 736887
900.600 452577
900.665 479826
900.800 5087
901.075 4754
901.276 422807
901.414 486208
901.667 350793
903.251 525773
903.525 17496
903.590 377367
904.133 491444
904.286 483545
904.759 356118
905.126 620906
905.190 389636
905.191 363034
905.217 518574
905.235 478234
906.246 482782
906.475 17614
906.650 412422
906.685 404362
906.911 370963
907.146 526305
908.422 411175
908.428 641728
908.444 378758
910.210 523780
910.575 5273
910.900 5220
911.125 335072
911.129 464203
911.150 396030
911.423 506621
911.900 4754
912.089 399255
912.236 355595
912.625 5166
912.764 397136
912.850 5248
912.875 5062
912.925 5037
912.976 383104
913.025 5143
913.398 348265
913.566 456337
913.625 4989
913.675 5087
914.000 5170
914.025 5011
914.666 463891
914.809 395239
915.001 407951
915.803 399929
915.946 471197
916.182 416101
916.942 413384
917.366 550809
917.497 464685
917.981 517127
918.527 358257
918.777 366158
919.038 462899
919.473 460939
919.489 519099
919.652 448759
920.727 408053
921.044 390773
921.322 490679
922.225 433700
922.524 396068
922.879 351053
923.132 471284
923.218 453567
923.643 346122
923.651 451166
923.796 646982
923.993 350797
924.112 375749
924.191 429344
924.211 540178
924.534 531306
924.878 359750
925.175 5143
925.248 342842
925.250 334975
925.270 483567
925.350 5037
925.375 5087
925.625 335159
925.625 5273
925.693 386402
926.030 452676
926.052 376010
926.100 5220
926.382 667120
926.636 477785
927.125 4754
927.225 469730
927.338 488966
927.400 5062
927.825 4989
915.100 576
928.072 437739
928.075 335041
928.525 334885
928.625 338496
929.047 341363
929.350 334948
929.394 473289
929.408 339013
929.726 637472
930.207 611363
930.298 394072
930.326 392393
930.334 457527
930.407 531766
930.415 436747
930.812 347528
930.883 381830
931.142 610639
931.390 352092
931.394 432452
932.239 460757
933.573 458708
933.678 341569
934.267 361087
934.920 456568
935.237 413077
935.612 451850
935.648 354676
935.898 502000
935.936 370079
935.978 392774
936.138 535525
936.235 361735
936.321 485857
936.350 614792
936.498 626643
936.502 490908
936.973 699687
937.481 511867
937.681 404017
937.750 5011
937.839 522240
938.112 435312
938.229 378104
938.275 335068
938.335 481839
938.385 450921
938.650 5248
938.734 529326
938.750 4754
938.875 5166
938.900 5170
939.025 5273
939.224 387373
939.463 449493
939.498 401919
939.800 5143
940.000 5062
940.225 4989
940.250 5087
940.500 335011
940.730 388732
940.925 5037
941.450 335007
941.672 456909
942.227 452063
942.481 537748
942.522 501420
942.575 124544
943.648 479151
944.350 134167
945.140 623345
945.848 464930
946.066 520692
946.372 354732
946.410 441942
947.369 509210
947.702 516927
948.443 364309
948.890 346740
949.386 349041
949.851 537748
949.904 425476
949.964 614792
950.202 417432
950.400 675410
950.562 520057
950.579 423885
950.745 483941
951.450 137014
951.888 447504
952.025 5037
952.120 413077
952.200 5062
952.325 5220
952.754 387063
952.775 136534
952.825 335125
953.200 4754
953.700 4989
953.750 5273
953.876 402707
934.475 576
953.825 576
954.150 367533
954.425 5011
954.475 5166
954.531 484368
954.642 459279
954.650 338496
954.700 5170
955.041 476173
955.600 5143
955.650 5248
955.844 414281
956.125 5087
956.173 536928
956.557 379225
956.645 382158
956.724 341400
957.025 139363
957.250 334944
957.425 334864
957.523 460242
958.604 498111
959.275 450645
959.315 430191
959.439 348226
959.727 392358
960.023 511645
960.193 519671
960.571 640456
960.719 358449
960.819 502944
961.105 364222
961.701 375877
962.318 498225
962.439 411735
962.755 448491
962.767 484045
963.025 148709
963.135 415352
963.686 509870
963.800 141153
964.344 439476
964.895 411258
965.019 396153
965.697 457116
965.972 436312
966.605 410004
966.691 361029
966.800 139296
966.824 450731
966.950 5220
967.025 117439
967.191 491022
967.425 5166
967.661 346806
968.000 5037
968.075 5273
968.100 626643
968.193 540712
968.235 455892
968.700 5170
968.775 156108
968.997 382211
969.275 386402
969.325 5248
969.408 637576
969.475 5062
969.525 334953
969.600 138796
969.610 361894
969.639 449626
969.825 151583
969.940 358961
970.349 654619
970.475 142744
970.533 408760
970.575 5143
970.600 5011
970.700 126562
970.782 365392
970.850 4989
971.021 443361
971.175 146258
971.200 144624
971.550 338496
971.775 150224
971.801 520692
971.866 386388
972.400 2333
972.475 134167
972.525 140544
972.552 471312
972.707 372824
972.950 151540
972.975 2290
973.025 2312
973.100 2178
973.131 351019
973.215 680058
973.359 614756
973.400 2420
973.400 473937
973.500 137592
972.775 576
973.550 2421
973.600 2380
973.675 146233
973.800 508408
973.825 156658
973.875 149064
973.925 2493
973.998 444198
974.050 2267
974.078 437697
974.150 2357
974.175 156613
974.325 137692
974.375 2247
974.525 149578
974.750 2272
974.800 123221
974.900 2291
974.900 2332
974.975 154954
975.075 156744
975.225 134833
975.275 135894
975.425 136527
975.425 136913
975.425 148687
975.425 161886
975.450 142290
975.525 2359
975.675 122138
975.745 340772
975.775 155982
976.175 157717
976.200 135422
976.300 140498
976.400 133675
976.575 135758
976.575 148532
976.700 144014
976.725 139957
976.725 142299
976.800 162408
976.850 145655
976.850 152095
976.875 149647
976.900 139898
976.900 141637
976.925 157171
977.000 133684
977.002 354653
977.050 2401
977.125 155391
977.125 159036
977.150 158409
977.164 617098
977.175 117439
977.175 139392
977.175 139482
977.225 160593
977.300 151015
977.350 152698
977.400 135853
977.425 139296
977.425 150805
977.450 135941
977.450 150300
977.450 150708
977.450 153716
977.475 157181
977.475 160131
977.525 126639
977.525 137751
977.675 334948
977.700 134230
977.750 141545
977.750 148709
977.800 136534
977.850 2178
977.891 347211
977.900 137014
977.925 154447
977.950 134245
978.025 158271
978.050 135936
978.075 158337
978.175 152530
978.175 154850
978.175 335125
978.200 140018
978.213 401152
978.275 145757
978.325 334944
978.400 154836
978.425 141153
978.450 139363
978.450 141761
978.450 152109
978.475 139379
978.475 154908
978.500 159509
978.525 143399
978.525 152594
978.525 163422
978.550 137072
978.550 143944
978.600 149088
978.600 2333
978.725 139901
978.725 159456
978.775 2421
978.800 141793
978.800 148082
978.825 17625
978.850 160709
978.850 172100
978.900 134272
978.900 145032
978.900 169717
979.000 161304
979.000 2267
979.050 158895
979.050 2312
979.050 334711
979.075 148591
979.075 149203
979.100 139351
979.100 2420
979.125 140022
979.125 143479
979.125 153264
979.125 334889
979.150 136568
979.175 137094
979.200 157170
979.200 2290
979.275 2493
979.275 335036
979.300 153158
979.300 161342
979.323 348993
979.375 157175
979.400 148702
979.400 156572
979.425 334768
979.450 2247
979.450 334830
979.475 141774
979.500 154379
979.534 536522
979.550 334859
979.575 335192
979.600 143454
979.625 2357
979.650 136144
979.650 164093
979.650 334974
979.675 2380
979.675 335100
979.748 664943
979.750 141159
979.750 335039
979.800 2332
979.800 334885
979.825 335160
979.850 134242
979.850 138900
979.875 141181
979.875 148489
979.875 335159
979.900 156098
979.900 335126
979.925 135985
979.950 145631
979.975 147972
980.000 161816
980.012 368330
980.025 164148
980.025 2291
980.025 335007
980.025 335466
980.050 151412
980.050 334975
980.075 334977
980.100 143949
980.100 148575
980.125 124544
980.125 146258
980.125 334888
980.125 335068
980.150 144049
980.150 335041
980.150 335524
980.188 391799
980.225 156108
980.225 334861
980.229 383214
980.250 334863
980.300 138269
980.300 334949
980.325 2272
980.350 153717
980.350 335072
980.375 157186
980.400 151564
980.400 2359
980.405 474818
980.425 136016
980.425 157878
980.475 156797
980.500 144745
980.500 146993
980.550 335011
980.555 343274
980.575 335104
980.625 140549
980.650 334773
980.725 146970
980.725 334833
980.850 153695
980.875 144624
980.875 157262
980.875 334953
980.925 152635
980.925 160233
980.950 334981
980.975 334864
980.975 335042
981.000 150346
981.050 334837
981.100 137690
981.225 334894
981.275 130929
981.350 163580
981.365 373398
981.450 144663
981.525 126865
981.600 17508
981.675 2401
981.957 366278
982.105 665558
982.250 334948
982.800 153779
982.822 498973
982.825 151540
982.925 151583
982.950 335125
983.156 422621
983.575 334944
983.660 516994
983.825 335036
983.850 334830
983.882 421106
983.975 334859
984.000 335192
984.025 335039
984.087 664943
984.100 334711
984.184 647831
984.250 334889
984.350 334974
984.425 335160
984.528 490889
984.600 335126
984.750 335041
984.775 335159
984.875 334949
984.875 335068
984.965 600205
984.975 334975
985.075 335072
985.200 334953
985.200 334977
985.308 353961
985.425 335011
985.425 335466
985.475 335104
985.500 334833
985.500 334888
985.500 335042
985.550 334861
985.575 334864
985.600 334768
985.600 334773
985.970 510710
986.150 334837
986.395 513586
986.631 422329
986.784 637764
987.651 642416
987.689 393129
987.819 408365
988.241 518302
988.332 345361
988.364 451509
989.730 678824
989.736 490615
991.000 4754
991.022 356868
991.068 521303
991.175 4989
991.214 345559
991.425 17508
991.550 5220
991.750 5248
991.753 443361
991.825 5143
987.450 576
991.935 448670
992.000 5170
992.025 5087
992.041 346272
992.079 519058
992.120 436781
992.826 469108
992.875 5062
992.875 535413
992.983 357052
993.625 338496
994.000 5166
994.186 666278
994.246 641585
994.294 520057
994.537 616271
994.672 390214
994.756 452126
994.850 5273
995.005 541876
995.663 357827
995.882 516515
996.646 352926
996.646 509484
997.342 358280
997.822 492023
998.484 447310
998.827 448919
999.271 484186
999.570 479826
999.664 626031
999.745 404718
999.799 627247
999.813 474391
999.918 525820
1001.139 539759
1001.206 367473
1001.359 385875
1001.541 373991
1001.605 540545
1001.972 373714
1002.253 361070
1002.647 406988
1002.842 490908
1003.236 534135
1003.632 423794
1004.230 529292
1004.260 455874
1004.285 452279
1004.400 5011
1004.580 356125
1004.705 470969
1005.663 341400
1005.725 5166
1005.865 701244
1005.875 5273
1006.125 4989
1006.125 5143
1006.275 5087
1006.396 520692
1006.631 529380
1006.735 433778
1006.750 5037
1006.907 492023
1007.238 367473
1007.250 5220
1007.332 461859
1007.367 483525
1007.426 512748
1007.575 5248
1008.288 529483
1008.450 334830
1008.700 5062
1008.810 460588
1008.950 335125
1009.345 474098
1009.444 396460
1009.548 361984
1009.625 334948
1009.675 334975
1010.238 448759
1010.637 486892
1011.400 5170
1011.753 494030
1011.929 384094
1012.575 380337
1012.720 530035
1012.948 483798
1013.662 370397
1013.697 388620
1013.888 471939
1014.359 436840
1014.854 520806
1015.091 509555
1015.759 384057
1015.886 421852
1016.084 403791
1016.157 362384
1016.845 369861
1016.854 340639
1016.859 384506
1016.950 515656
