0	0
0.5	6.6492e-06
1	6.64996e-06
1.5	6.65007e-06
2	6.64993e-06
2.5	6.64968e-06
3	6.64935e-06
3.5	6.64898e-06
4	6.64813e-06
4.5	3.07642e-06
5	-7.04163e-08
5.5	-2.42108e-06
6	-3.45607e-06
6.5	-4.11942e-06
7	-7.11535e-06
7.5	-1.20407e-05
8	-1.42756e-05
8.5	-1.49456e-05
9	-1.62682e-05
9.5	-1.72789e-05
10	-1.6664e-05
10.5	-1.56194e-05
11	-1.43153e-05
11.5	-1.33356e-05
12	-1.51539e-05
12.5	-1.60981e-05
13	-1.57055e-05
13.5	-1.21193e-05
14	-8.27796e-06
14.5	-6.85104e-06
15	-5.39686e-06
15.5	6.31732e-06
16	3.83742e-06
16.5	4.67895e-06
17	2.58417e-05
17.5	2.89957e-05
18	2.19022e-05
18.5	1.89557e-05
19	2.83661e-05
19.5	3.10043e-05
20	2.71851e-05
20.5	1.91729e-05
21	1.25663e-05
21.5	8.83832e-06
22	9.91465e-06
22.5	2.01057e-06
23	-4.22535e-06
23.5	5.25939e-06
24	5.25231e-05
24.5	2.00217e-05
25	4.80358e-05
25.5	8.45289e-05
26	0.000108807
26.5	5.29442e-05
27	0.00011632
27.5	0.000308759
28	0.000269405
28.5	0.000627432
29	-0.000204245
29.5	-0.000314188
30	-0.000600486
30.5	-0.000320269
31	-0.000410466
31.5	-0.000266358
32	-0.000208317
32.5	-0.00018944
33	-0.000299297
33.5	-0.000334891
34	-0.000274073
34.5	-0.00023757
35	-0.000130296
35.5	-0.000133711
36	-0.000157598
36.5	-0.000162333
37	-0.000163667
37.5	-0.000158475
38	-0.000149743
38.5	-0.000137251
39	-0.000117877
39.5	-8.37728e-05
40	-7.08995e-05
40.5	-6.24325e-05
41	-5.59489e-05
41.5	-4.80069e-05
42	-3.99523e-05
42.5	-3.27801e-05
43	-2.66185e-05
43.5	-2.05591e-05
44	-1.59627e-05
44.5	-1.75684e-05
45	-1.84995e-05
45.5	-1.81101e-05
46	-1.68656e-05
46.5	-1.50836e-05
47	-1.35164e-05
47.5	-1.21496e-05
48	-1.38825e-05
48.5	-2.36689e-05
49	-2.67933e-05
49.5	-2.83171e-05
50	-1.03267e-05
50.5	1.20067e-05
51	1.00918e-05
51.5	1.13891e-05
52	1.80258e-05
52.5	1.50201e-05
53	1.22968e-05
53.5	1.11628e-05
54	1.00328e-05
54.5	8.19309e-06
55	4.72304e-06
55.5	2.28615e-06
56	1.06982e-06
56.5	-1.08522e-06
57	-3.996e-06
57.5	-6.73127e-06
58	-7.85011e-06
58.5	-8.10958e-06
59	-7.66531e-06
59.5	-9.64392e-06
60	-1.38929e-05
60.5	-1.20287e-05
61	-9.07461e-06
61.5	-5.76056e-05
62	-5.11863e-05
62.5	-3.72689e-05
63	-2.72423e-05
63.5	-2.58492e-05
64	-2.54797e-05
64.5	-2.66183e-05
65	-2.35981e-05
65.5	-2.54883e-05
66	-3.85325e-06
66.5	5.97034e-06
67	2.2459e-06
67.5	8.39634e-06
68	8.7194e-06
68.5	6.27814e-06
69	4.16115e-06
69.5	2.34859e-06
70	-1.31026e-06
70.5	-5.27399e-06
71	-8.91237e-06
71.5	-1.18082e-05
72	-2.54603e-05
72.5	-2.25823e-05
73	-1.15516e-05
73.5	-8.88429e-06
74	-1.44626e-05
74.5	-1.91593e-05
75	-1.79851e-05
75.5	-2.41823e-05
76	-4.09583e-05
76.5	-3.50241e-05
77	-2.44987e-05
77.5	-1.96244e-05
78	-2.00523e-05
78.5	-2.01678e-05
79	-1.99758e-05
79.5	-2.52817e-06
80	-7.4484e-06
80.5	2.66268e-05
81	3.28347e-05
81.5	2.5468e-05
82	2.05961e-05
82.5	1.47335e-05
83	8.38999e-06
83.5	4.69232e-06
84	3.56464e-06
84.5	2.73332e-06
85	1.40065e-06
85.5	-5.75405e-07
86	-2.45286e-06
86.5	-4.97002e-06
87	-6.69587e-06
87.5	-7.94448e-06
88	-9.36501e-06
88.5	-9.22028e-06
89	-9.26003e-06
89.5	-9.67245e-06
90	-1.10061e-05
90.5	-1.79281e-05
91	-2.32586e-05
91.5	-2.68148e-05
92	-2.12555e-05
92.5	-1.52574e-05
93	-7.12818e-05
93.5	-4.39723e-05
94	-1.63399e-05
94.5	-4.52334e-06
95	-1.3251e-05
95.5	-3.79102e-05
96	-4.40236e-05
96.5	-4.52661e-05
97	9.03691e-07
97.5	4.3235e-05
98	3.17011e-05
98.5	1.92189e-05
99	7.80938e-06
99.5	-1.0088e-06
100	-4.12594e-06
100.5	-7.41511e-07
101	-9.26767e-06
101.5	-1.56364e-05
102	-1.74563e-05
102.5	-2.16934e-05
103	-2.77537e-05
103.5	-2.86642e-05
104	-2.80019e-05
104.5	-2.68556e-05
105	-2.50079e-05
105.5	-2.31507e-05
106	-2.1563e-05
106.5	-2.13914e-05
107	-3.13949e-05
107.5	-3.05536e-05
108	-4.00906e-05
108.5	3.31792e-05
109	1.81306e-05
109.5	1.23446e-05
110	4.18894e-05
110.5	5.64524e-05
111	4.4804e-05
111.5	3.44517e-05
112	2.6865e-05
112.5	-3.55698e-05
113	-5.94081e-05
113.5	-5.80163e-05
114	-5.35845e-05
114.5	-5.82761e-05
115	-6.7817e-05
115.5	-6.67125e-05
116	-6.35851e-05
116.5	-4.46907e-05
117	-3.54025e-05
117.5	-3.01375e-05
118	1.56337e-05
118.5	8.28172e-05
119	0.000429999
119.5	0.000802727
120	0.000337722
120.5	7.96617e-05
121	-0.000307412
121.5	-0.000509822
122	-0.000584701
122.5	-0.000432895
123	-0.000521273
123.5	-0.000336107
124	-0.000270021
124.5	-0.000308625
125	-0.000285857
125.5	-0.000205262
126	-0.000212108
126.5	-0.000201465
127	-0.00023645
127.5	-0.00023484
128	-0.00023045
128.5	-0.00021224
129	-0.000200185
129.5	-0.000192557
130	-0.000180295
130.5	-0.00016296
131	-0.000143789
131.5	-0.000126604
132	-0.000113868
132.5	-9.16216e-05
133	-7.23576e-05
133.5	-5.85536e-05
134	-4.62479e-05
134.5	-3.58042e-05
135	-2.73197e-05
135.5	-1.97397e-05
136	-1.30002e-05
136.5	-8.4806e-06
137	-7.53521e-06
137.5	-9.14974e-06
138	3.16161e-06
138.5	2.48712e-05
139	3.08033e-05
139.5	3.48862e-05
140	3.05709e-05
140.5	2.44801e-05
141	2.43412e-05
141.5	2.33992e-05
142	1.83936e-05
142.5	1.13497e-05
143	8.48288e-06
143.5	-6.29455e-06
144	-1.35661e-05
144.5	-1.67239e-05
145	-1.96734e-05
145.5	-2.38523e-05
146	-2.40378e-05
146.5	-2.27931e-05
147	-2.17232e-05
147.5	-2.0608e-05
148	-2.06207e-05
148.5	-2.60415e-05
149	-2.7169e-05
149.5	-2.6097e-05
150	-2.49062e-05
150.5	-2.48642e-05
151	-2.61012e-05
151.5	-2.91272e-05
152	-2.94312e-05
152.5	-2.62257e-05
153	-2.47609e-05
153.5	-2.15364e-05
154	-4.32419e-06
154.5	-3.26838e-06
155	-3.63127e-06
155.5	1.53677e-05
156	1.51199e-05
156.5	1.08805e-05
157	7.96295e-06
157.5	5.39925e-06
158	4.69945e-06
158.5	1.61102e-06
159	-2.5917e-06
159.5	-6.59675e-06
160	-1.1541e-05
160.5	-1.36189e-05
161	-1.44535e-05
161.5	-1.43533e-05
162	-1.54574e-05
162.5	-1.65807e-05
163	-1.67148e-05
163.5	-1.59179e-05
164	-1.50274e-05
164.5	-1.79649e-05
165	-2.36138e-05
165.5	-2.71928e-05
166	-2.91491e-05
166.5	-2.83049e-05
167	-2.59041e-05
167.5	-1.90085e-05
168	-1.18013e-05
168.5	2.81677e-05
169	2.59762e-05
169.5	2.73556e-05
170	2.56609e-05
170.5	1.4006e-05
171	1.70065e-06
171.5	9.34932e-07
172	5.34535e-06
172.5	1.29265e-05
173	1.71042e-05
173.5	1.14888e-05
174	5.51997e-06
174.5	2.12455e-06
175	6.81863e-07
175.5	-6.44702e-06
176	-1.43657e-05
176.5	-2.14692e-05
177	-2.38897e-05
177.5	-2.46967e-05
178	-2.47889e-05
178.5	-2.80468e-05
179	-2.76386e-05
179.5	-4.37803e-05
180	-3.91601e-05
180.5	-2.87578e-05
181	-2.25551e-05
181.5	-1.88403e-05
182	-2.04759e-05
182.5	-1.6139e-05
183	4.72817e-06
183.5	4.36675e-05
184	6.86101e-05
184.5	0.000244462
185	0.000255874
185.5	0.000228748
186	0.000191522
186.5	0.000150913
187	0.000110738
187.5	3.49695e-05
188	5.22239e-05
188.5	5.10613e-05
189	5.60676e-05
189.5	5.89005e-05
190	7.4259e-05
190.5	8.65079e-05
191	6.85066e-05
191.5	3.13359e-05
192	-3.68946e-05
192.5	-2.61945e-05
193	-1.26687e-05
193.5	-8.97863e-06
194	-1.91821e-05
194.5	-4.83815e-05
195	-5.246e-05
195.5	-4.78592e-05
196	-4.29364e-05
196.5	-3.54177e-05
197	-2.80568e-05
197.5	7.14899e-06
198	7.93663e-06
198.5	3.2824e-06
199	2.20019e-05
199.5	1.8686e-05
200	2.97041e-05
200.5	2.39651e-05
201	1.63057e-05
201.5	1.15898e-05
202	5.17739e-06
202.5	2.40199e-06
203	7.9783e-07
203.5	1.73527e-08
204	-9.84006e-07
204.5	-1.92477e-06
205	-2.70678e-06
205.5	-3.2571e-06
206	-3.32413e-06
206.5	-3.80809e-06
207	-8.04184e-06
207.5	-1.01771e-05
208	-1.50482e-05
208.5	-1.96905e-05
209	-2.09059e-05
209.5	-2.07795e-05
210	-4.64713e-06
210.5	4.588e-06
211	1.09696e-05
211.5	9.09212e-06
212	1.0506e-05
212.5	1.35348e-05
213	1.14482e-05
213.5	6.78583e-06
214	3.05869e-06
214.5	8.15861e-07
215	7.81577e-06
215.5	1.6634e-05
216	1.58501e-05
216.5	7.08779e-06
217	1.98436e-07
217.5	4.58221e-06
218	8.35026e-07
218.5	-1.23543e-05
219	-1.72436e-05
219.5	-1.53287e-05
220	-1.33807e-05
220.5	-4.45976e-05
221	-5.4837e-05
221.5	-6.05103e-05
222	-5.09146e-05
222.5	-4.15345e-05
223	-3.93777e-05
223.5	-6.18806e-05
224	-5.79542e-05
224.5	-1.01277e-05
225	-7.3811e-07
225.5	-7.78237e-05
226	-0.000219182
226.5	0.000181487
227	0.000715365
227.5	0.000562622
228	0.000413577
228.5	0.000163883
229	0.000155884
229.5	0.000152011
230	-9.15021e-05
230.5	-0.000120423
231	-0.000342094
231.5	-0.000196182
232	-0.000175796
232.5	-0.000299718
233	-0.000317057
233.5	-0.000290472
234	-0.000177124
234.5	-0.000105282
235	-0.000189659
235.5	-0.0002095
236	-0.000333425
236.5	-0.000247655
237	-0.000144975
237.5	-0.000132354
238	-0.000127299
238.5	-0.000127402
239	-0.000122193
239.5	-0.000113361
240	-8.90927e-05
240.5	-0.000205998
241	-0.000170701
241.5	-0.000153996
242	-0.000159292
242.5	-0.000145046
243	-0.000129567
243.5	-0.000115692
244	-0.000102704
244.5	-9.01429e-05
245	-7.36983e-05
245.5	-6.1059e-05
246	-5.08786e-05
246.5	-4.3051e-05
247	-3.74094e-05
247.5	-2.97849e-05
248	-2.61977e-05
248.5	-3.25065e-07
249	1.99984e-05
249.5	4.12912e-05
250	3.93477e-05
250.5	2.93246e-05
251	2.14334e-05
251.5	1.64941e-05
252	1.13586e-05
252.5	7.35203e-06
253	7.30471e-06
253.5	5.35635e-06
254	2.27529e-06
254.5	-9.83052e-07
255	-2.69265e-06
255.5	-3.34266e-06
256	-3.79736e-06
256.5	-5.5561e-06
257	-1.01907e-05
257.5	-1.49172e-05
258	-1.68749e-05
258.5	-1.7093e-05
259	-1.67386e-05
259.5	-1.57465e-05
260	-1.43988e-05
260.5	-1.37668e-05
261	-1.39774e-05
261.5	-1.54996e-05
262	-1.52884e-05
262.5	-1.5275e-05
263	-2.19078e-05
263.5	-2.48174e-05
264	-2.47623e-05
264.5	-7.46873e-06
265	5.83847e-06
265.5	8.78502e-06
266	-1.49058e-05
266.5	-1.09462e-05
267	1.5724e-05
267.5	1.65492e-05
268	1.29297e-05
268.5	4.61341e-06
269	2.95256e-06
269.5	9.58691e-06
270	7.56211e-06
270.5	6.17767e-06
271	5.22407e-06
271.5	1.58646e-06
272	-6.83068e-07
272.5	-1.71803e-06
273	-2.03309e-06
273.5	-2.80109e-06
274	-3.90168e-06
274.5	-4.91624e-06
275	-5.77339e-06
275.5	-7.25431e-06
276	-6.45181e-06
276.5	-5.20052e-06
277	-6.09586e-06
277.5	-6.67386e-06
278	-5.13653e-06
278.5	-4.32358e-06
279	-3.43168e-06
279.5	-4.80636e-06
280	-3.5215e-06
280.5	3.20334e-06
281	1.56845e-05
281.5	1.74492e-05
282	1.40017e-05
282.5	2.06489e-05
283	1.6697e-05
283.5	1.29711e-05
284	1.06744e-05
284.5	8.74391e-06
285	6.44043e-06
285.5	5.48052e-06
286	4.82275e-06
286.5	3.82519e-06
287	2.46323e-06
287.5	-1.05788e-06
288	-4.01699e-06
288.5	-5.28126e-06
289	-1.03228e-05
289.5	-1.13618e-05
290	-1.10104e-05
290.5	-1.18736e-05
291	-1.36101e-05
291.5	-1.43294e-05
292	-1.4137e-05
292.5	-1.36222e-05
293	-1.29722e-05
293.5	-1.06349e-05
294	-3.69483e-06
294.5	-1.55337e-06
295	4.92567e-06
295.5	6.77808e-06
296	1.02316e-05
296.5	1.03359e-05
297	1.27399e-05
297.5	9.70964e-06
298	5.99138e-06
298.5	3.73584e-06
299	3.82968e-06
299.5	6.09e-06
300	6.21158e-06
300.5	7.01846e-06
301	6.96031e-06
301.5	5.93495e-06
302	4.92928e-06
302.5	9.71157e-07
303	-1.65762e-06
303.5	-3.2208e-06
304	-3.47428e-06
304.5	-6.74134e-06
305	-9.29133e-06
305.5	-7.85639e-06
306	-2.1893e-05
306.5	-8.55582e-05
307	-5.74621e-05
307.5	-2.30676e-05
308	4.48069e-05
308.5	8.43128e-05
309	5.99705e-05
309.5	3.74516e-05
310	2.60977e-05
310.5	2.44559e-05
311	1.91304e-05
311.5	2.72401e-05
312	2.49028e-05
312.5	2.04827e-05
313	1.57304e-05
313.5	1.21784e-05
314	7.44142e-06
314.5	5.19404e-06
315	4.14106e-06
315.5	3.5061e-06
316	1.51945e-06
316.5	-3.51436e-07
317	-2.70616e-06
317.5	-5.36407e-06
318	-8.78289e-06
318.5	-1.11906e-05
319	-1.33197e-05
319.5	-1.41598e-05
320	-1.37787e-05
320.5	-1.11174e-05
321	-9.83984e-06
321.5	-9.5097e-06
322	-7.08606e-06
322.5	-1.11419e-06
323	-6.32812e-06
323.5	-9.7746e-06
324	-2.04297e-05
324.5	-2.47935e-05
325	2.27184e-05
325.5	2.69539e-05
326	3.86798e-05
326.5	1.06323e-06
327	-1.61734e-06
327.5	8.23581e-06
328	1.27566e-05
328.5	1.37931e-05
329	1.1977e-05
329.5	1.02895e-05
330	8.92432e-06
330.5	7.58087e-06
331	5.99828e-06
331.5	3.81813e-06
332	2.34775e-06
332.5	1.84755e-06
333	5.118e-08
333.5	2.18777e-07
334	1.6897e-06
334.5	-3.5813e-07
335	-5.57875e-06
335.5	-6.37022e-06
336	-4.65358e-06
336.5	1.99545e-05
337	3.30415e-05
337.5	3.03857e-05
338	2.85981e-05
338.5	4.02755e-05
339	4.33644e-05
339.5	3.36948e-05
340	1.73129e-05
340.5	8.57483e-06
341	1.1023e-05
341.5	1.23412e-05
342	1.01624e-05
342.5	7.29677e-06
343	2.04526e-06
343.5	5.70456e-08
344	-3.06635e-07
344.5	-4.43959e-08
345	-4.65348e-07
345.5	-4.24345e-06
346	-5.74225e-06
346.5	-5.89801e-06
347	7.04009e-07
347.5	1.10354e-05
348	1.28591e-05
348.5	1.07977e-05
349	1.8607e-05
349.5	1.56191e-05
350	1.13126e-05
350.5	2.34883e-05
351	4.13621e-05
351.5	4.29534e-05
352	3.36897e-05
352.5	2.80324e-05
353	2.25155e-05
353.5	1.59267e-05
354	1.28388e-05
354.5	1.15032e-05
355	-6.79667e-06
355.5	-4.01692e-06
356	-4.23051e-05
356.5	-4.49939e-05
357	-4.18349e-05
357.5	-3.72581e-05
358	-4.53938e-05
358.5	-2.89894e-05
359	-4.31053e-05
359.5	2.56912e-05
360	-8.71418e-05
360.5	7.10418e-05
361	0.000452825
361.5	0.000845465
362	0.000428503
362.5	0.000148437
363	0.000118032
363.5	-6.87599e-05
364	-0.000393115
364.5	-0.000322286
365	-0.000326519
365.5	-0.000370053
366	-0.000493532
366.5	-0.000457302
367	-0.000456424
367.5	-0.000417277
368	-0.000382385
368.5	-0.000411164
369	-0.000374286
369.5	-0.000384584
370	-0.000319111
370.5	-0.000281057
371	-0.000250215
371.5	-0.000226811
372	-0.000201366
372.5	-0.000169135
373	-0.000145108
373.5	-0.000125999
374	-0.000109179
374.5	-9.28941e-05
375	-7.80789e-05
375.5	-6.33393e-05
376	-5.17888e-05
376.5	-4.58747e-05
377	-3.86712e-05
377.5	-3.16654e-05
378	-2.58728e-05
378.5	-1.02832e-05
379	3.49164e-06
379.5	3.17093e-06
380	1.56283e-06
380.5	-5.41516e-07
381	-2.9063e-06
381.5	-7.21997e-06
382	5.33298e-06
382.5	7.59644e-06
383	3.9997e-06
383.5	-1.62593e-06
384	-3.33272e-06
384.5	-3.77541e-06
385	-4.2403e-06
385.5	-7.19326e-06
386	-8.94773e-06
386.5	-9.06212e-06
387	-1.03992e-05
387.5	-1.18241e-05
388	-1.22966e-05
388.5	-1.3581e-05
389	-1.60892e-05
389.5	-1.74044e-05
390	-1.98489e-05
390.5	-1.79508e-05
391	-1.60525e-05
391.5	-1.48537e-05
392	-1.38974e-05
392.5	-1.28379e-05
393	-1.13928e-05
393.5	-1.14995e-05
394	-1.02167e-05
394.5	-1.10409e-05
395	-1.46563e-05
395.5	-1.92007e-05
396	-1.95971e-05
396.5	-2.13478e-05
397	-2.27072e-05
397.5	-2.38132e-05
398	-2.43071e-05
398.5	-2.56274e-05
399	-2.74433e-05
399.5	-2.68331e-05
400	-2.59636e-05
400.5	-2.51679e-05
401	-2.43823e-05
401.5	-2.50466e-05
402	-2.44196e-05
402.5	-2.35217e-05
403	-2.20015e-05
403.5	-2.01283e-05
404	-3.83956e-05
404.5	-4.35822e-05
405	-3.28414e-05
405.5	1.53477e-06
406	3.50631e-06
406.5	3.06547e-05
407	2.9625e-05
407.5	2.10713e-05
408	8.97894e-06
408.5	-3.42223e-06
409	-8.427e-06
409.5	-4.80479e-06
410	1.46147e-06
410.5	6.44764e-06
411	4.8461e-06
411.5	2.89643e-06
412	6.99522e-07
412.5	-9.19305e-07
413	-2.84919e-06
413.5	-3.02726e-06
414	-3.52627e-06
414.5	-2.37496e-06
415	-1.31644e-06
415.5	-1.83193e-06
416	-4.25255e-06
416.5	-5.5606e-06
417	-5.31757e-06
417.5	-5.28554e-06
418	-7.13744e-06
418.5	-1.03964e-05
419	-1.23617e-05
419.5	-1.40514e-05
420	-1.61281e-05
420.5	-1.84775e-05
421	-2.0579e-05
421.5	-1.83614e-05
422	-1.51829e-05
422.5	-4.89489e-06
423	-8.61566e-06
423.5	9.11613e-06
424	1.2023e-05
424.5	1.01341e-05
425	1.04002e-05
425.5	8.39408e-06
426	1.12916e-05
426.5	8.21781e-06
427	4.16339e-06
427.5	1.70242e-05
428	-1.37319e-05
428.5	-1.51551e-05
429	-1.48273e-05
429.5	-9.79546e-06
430	-2.0077e-05
430.5	-2.32468e-05
431	-1.90406e-05
431.5	-1.5844e-05
432	-1.41947e-05
432.5	-1.19576e-05
433	-1.11901e-05
433.5	-1.17283e-05
434	-1.39646e-05
434.5	-1.53116e-05
435	-1.8569e-05
435.5	-1.87378e-05
436	-1.74639e-05
436.5	-1.68026e-05
437	-1.60516e-05
437.5	-4.76528e-06
438	1.83692e-05
438.5	3.05031e-05
439	1.61933e-05
439.5	8.71595e-06
440	8.12082e-06
440.5	2.60729e-05
441	1.62348e-05
441.5	-6.42366e-06
442	9.13715e-07
442.5	7.59197e-06
443	1.1375e-05
443.5	1.11012e-05
444	9.58836e-06
444.5	9.19124e-06
445	6.65722e-06
445.5	4.81769e-06
446	-1.65112e-06
446.5	-4.17277e-06
447	-4.24814e-06
447.5	-9.98484e-06
448	-1.63033e-05
448.5	-1.86418e-05
449	-1.82204e-05
449.5	-2.05858e-05
450	-2.0875e-05
450.5	-2.02919e-05
451	-1.64791e-05
451.5	-4.11844e-06
452	-3.68911e-06
452.5	1.51646e-05
453	1.72036e-05
453.5	1.87136e-05
454	2.42508e-05
454.5	2.74521e-05
455	3.05744e-05
455.5	2.70452e-05
456	2.25122e-05
456.5	1.84163e-05
457	1.38904e-05
457.5	1.00957e-05
458	7.14891e-06
458.5	4.35864e-06
459	4.73158e-06
459.5	-3.34002e-06
460	-2.15135e-05
460.5	-2.54919e-05
461	-2.57138e-05
461.5	-2.22804e-05
462	-3.11388e-05
462.5	-2.4086e-05
463	-1.24215e-05
463.5	-6.24346e-06
464	-4.29019e-06
464.5	-5.65345e-06
465	-6.71731e-06
465.5	1.84808e-06
466	-3.98285e-09
466.5	1.40138e-05
467	1.66627e-05
467.5	1.73024e-05
468	3.11192e-05
468.5	2.61078e-05
469	2.17945e-05
469.5	1.88122e-05
470	1.57719e-05
470.5	1.85857e-05
471	2.61455e-05
471.5	2.73429e-05
472	2.05004e-05
472.5	1.18282e-05
473	7.18455e-06
473.5	4.09128e-06
474	1.98336e-06
474.5	1.38555e-06
475	1.26953e-06
475.5	2.70166e-06
476	1.21559e-06
476.5	-3.21991e-06
477	-3.55897e-06
477.5	-3.56744e-06
478	-3.65094e-06
478.5	-4.69252e-06
479	-6.92834e-06
479.5	-8.20972e-06
480	-8.46818e-06
480.5	-9.55412e-06
481	-1.04195e-05
481.5	-1.18958e-05
482	-1.26835e-05
482.5	-4.07608e-05
483	-2.57813e-05
483.5	-1.89825e-05
484	3.80538e-06
484.5	1.87806e-05
485	4.97257e-05
485.5	4.39028e-05
486	1.85478e-05
486.5	5.97019e-07
487	-1.35159e-05
487.5	-2.95225e-05
488	-3.06181e-05
488.5	3.55411e-05
489	6.13501e-06
489.5	-0.000238039
490	0.000552536
490.5	0.00107655
491	0.000558798
491.5	7.32769e-05
492	-0.000186871
492.5	-0.000221148
493	-0.000130546
493.5	-0.00023407
494	-0.00022913
494.5	-0.000264691
495	-0.000318398
495.5	-0.000252857
496	-0.000348453
496.5	-0.000360663
497	-0.00037098
497.5	-0.000344946
498	-0.000328618
498.5	-0.000310354
499	-0.000293087
499.5	-0.000250947
500	-0.000297355
500.5	-0.000252968
501	-0.000221576
501.5	-0.000202754
502	-0.000184091
502.5	-0.000166911
503	-0.000149422
503.5	-0.000131975
504	-0.000115376
504.5	-0.000102663
505	-8.93268e-05
505.5	-7.75714e-05
506	-6.69199e-05
506.5	-5.58254e-05
507	-4.54483e-05
507.5	-3.65435e-05
508	-2.78037e-05
508.5	-2.45435e-05
509	-2.19062e-05
509.5	-9.16643e-06
510	1.35189e-05
510.5	9.12798e-06
511	5.57834e-06
511.5	1.12472e-05
512	1.1067e-05
512.5	6.59645e-06
513	3.12001e-06
513.5	-2.34734e-06
514	-6.69455e-06
514.5	-9.57714e-06
515	-1.07055e-05
515.5	-1.15188e-05
516	-1.2136e-05
516.5	-1.2922e-05
517	-1.32482e-05
517.5	-1.53498e-05
518	-1.55315e-05
518.5	-1.50709e-05
519	7.41179e-06
519.5	6.77035e-06
520	3.72091e-06
520.5	1.82315e-06
521	7.62307e-08
521.5	-2.12437e-06
522	-4.86314e-06
522.5	-8.17508e-06
523	-2.63353e-06
523.5	-1.41594e-05
524	-6.5334e-05
524.5	-3.43392e-05
525	-4.32684e-06
525.5	-1.44965e-07
526	-2.69012e-07
526.5	-2.99841e-06
527	-7.31558e-06
527.5	1.21659e-05
528	1.22235e-05
528.5	8.12034e-06
529	4.1944e-06
529.5	1.04648e-06
530	-7.91118e-07
530.5	-3.05066e-06
531	-6.15352e-06
531.5	-9.57828e-06
532	-1.05542e-05
532.5	-1.01474e-05
533	-1.22144e-05
533.5	-2.29257e-05
534	-3.01589e-05
534.5	-2.38387e-05
535	-1.42481e-05
535.5	-1.11116e-05
536	-1.07527e-05
536.5	-9.79918e-06
537	-1.31536e-05
537.5	-1.58542e-05
538	-1.8138e-05
538.5	-1.69707e-05
539	-1.69105e-05
539.5	-1.73625e-05
540	-1.83896e-05
540.5	-8.12927e-06
541	-6.45456e-06
541.5	-8.30751e-06
542	2.26556e-06
542.5	-5.16326e-07
543	-3.1285e-06
543.5	-5.33444e-06
544	-6.46844e-06
544.5	-6.55607e-06
545	-6.68022e-06
545.5	-7.82316e-06
546	-7.89183e-06
546.5	-9.85409e-06
547	-1.16358e-05
547.5	-3.19951e-05
548	-3.77707e-05
548.5	-2.63183e-05
549	-2.07781e-05
549.5	-1.84811e-05
550	-1.69947e-05
550.5	-1.42108e-05
551	-2.69632e-06
551.5	-3.36333e-05
552	-4.33095e-05
552.5	-4.82072e-05
553	-8.38612e-06
553.5	3.74572e-06
554	4.54772e-06
554.5	4.3408e-06
555	4.20651e-06
555.5	2.53318e-05
556	1.82537e-05
556.5	1.76778e-05
557	1.91077e-05
557.5	2.50613e-05
558	2.83224e-05
558.5	2.8062e-05
559	2.48371e-05
559.5	2.24493e-05
560	2.07413e-05
560.5	1.51829e-05
561	9.87482e-06
561.5	6.10386e-06
562	3.96629e-06
562.5	1.97536e-06
563	-2.21217e-08
563.5	-1.43698e-06
564	-3.3387e-06
564.5	-6.94716e-06
565	-1.16196e-05
565.5	-1.27575e-05
566	-1.32527e-05
566.5	-1.35826e-05
567	-1.32099e-05
567.5	-1.34751e-05
568	1.69397e-06
568.5	3.46024e-06
569	1.85248e-05
569.5	2.34681e-05
570	2.56367e-05
570.5	2.15934e-05
571	1.71782e-05
571.5	1.17707e-05
572	4.35256e-06
572.5	-9.7629e-07
573	-3.20001e-06
573.5	-7.82331e-06
574	-1.15727e-05
574.5	-1.14848e-05
575	-1.20739e-05
575.5	-1.23423e-05
576	-1.16797e-05
576.5	-1.04987e-05
577	-1.78043e-05
577.5	-2.49597e-05
578	-1.66007e-05
578.5	-1.28709e-05
579	-1.76428e-05
579.5	-2.11225e-05
580	-2.06033e-05
580.5	-1.69152e-05
581	3.32178e-06
581.5	-7.36275e-06
582	-1.94398e-05
582.5	-3.19999e-06
583	2.20184e-05
583.5	2.08282e-05
584	2.63757e-05
584.5	7.22589e-06
585	-3.37592e-05
585.5	-5.13703e-06
586	8.15227e-06
586.5	4.12129e-06
587	1.26925e-06
587.5	7.38792e-08
588	-1.0246e-06
588.5	-3.52966e-06
589	-5.07945e-06
589.5	-6.33446e-06
590	-9.46547e-06
590.5	-1.10741e-05
591	-1.31566e-05
591.5	-1.47605e-05
592	-1.7409e-05
592.5	-2.03856e-05
593	-1.9083e-05
593.5	-1.96721e-05
594	-4.53116e-05
594.5	-5.40356e-06
595	6.80242e-05
595.5	7.27391e-05
596	6.6124e-05
596.5	5.21303e-05
597	4.3658e-05
597.5	1.36201e-05
598	-1.12467e-05
598.5	-9.14849e-06
599	-3.82357e-07
599.5	3.76157e-07
600	-1.85578e-06
600.5	-5.21419e-06
601	-8.52907e-06
601.5	-1.3313e-05
602	-1.54743e-05
602.5	4.02776e-05
603	-2.40712e-05
603.5	-7.79204e-06
604	-1.6066e-05
604.5	-3.22448e-05
605	-4.83287e-05
605.5	-3.17286e-05
606	-6.53478e-05
606.5	-0.00010754
607	-0.000109241
607.5	-0.000103566
608	-0.000112465
608.5	-0.000143546
609	-9.90851e-05
609.5	3.65408e-07
610	0.000647381
610.5	0.000908828
611	0.000493404
611.5	0.000186564
612	1.65176e-05
612.5	1.00855e-05
613	-3.34229e-05
613.5	-0.000106836
614	-0.000229293
614.5	-0.000311123
615	-0.000264439
615.5	-0.000234219
616	-0.000248652
616.5	-0.000333145
617	-0.000323994
617.5	-0.000382387
618	-0.000365431
618.5	-0.000332648
619	-0.000313
619.5	-0.000291967
620	-0.000265734
620.5	-0.000240828
621	-0.00021623
621.5	-0.000193076
622	-0.000168447
622.5	-0.00014683
623	-0.000125882
623.5	-0.00010799
624	-9.3862e-05
624.5	-7.98424e-05
625	-6.7097e-05
625.5	-5.94136e-05
626	-5.35775e-05
626.5	-4.6611e-05
627	-4.02648e-05
627.5	-2.21208e-06
628	-1.77585e-06
628.5	-2.84975e-06
629	-3.69179e-06
629.5	-3.07796e-06
630	-2.72025e-06
630.5	-5.46702e-06
631	-1.0659e-05
631.5	-1.72568e-05
632	-1.82722e-05
632.5	-1.47459e-05
633	-1.64471e-05
633.5	-1.60266e-05
634	-1.52751e-05
634.5	-1.88384e-05
635	-2.05853e-05
635.5	-2.14114e-05
636	-2.2544e-05
636.5	-2.26584e-05
637	-2.21657e-05
637.5	-2.21147e-05
638	-2.31515e-05
638.5	-2.37994e-05
639	-2.36489e-05
639.5	-2.3999e-05
640	-2.51508e-05
640.5	-2.39049e-05
641	8.17039e-06
641.5	2.21824e-05
642	1.73942e-05
642.5	6.94299e-06
643	2.43664e-06
643.5	1.23694e-06
644	9.27259e-07
644.5	1.90157e-07
645	-5.0456e-06
645.5	-6.29019e-06
646	-7.53736e-06
646.5	-5.75977e-06
647	-4.89905e-06
647.5	-8.54046e-06
648	-8.81974e-06
648.5	-7.65193e-06
649	-1.35533e-05
649.5	-1.98803e-05
650	-2.10031e-05
650.5	-1.98088e-05
651	-1.79715e-05
651.5	-1.68287e-05
652	-1.70416e-05
652.5	-1.7251e-05
653	-1.60151e-05
653.5	-1.38937e-05
654	3.08581e-06
654.5	2.12282e-05
655	1.67389e-05
655.5	1.37935e-05
656	1.11112e-05
656.5	2.07391e-05
657	2.06732e-05
657.5	1.21308e-05
658	7.27307e-06
658.5	2.88585e-06
659	-7.88367e-06
659.5	-1.14445e-05
660	-1.84958e-05
660.5	-6.93827e-06
661	-1.7568e-06
661.5	-2.48478e-06
662	-1.53335e-05
662.5	-1.73281e-05
663	-1.27627e-05
663.5	-4.94737e-05
664	-4.66123e-05
664.5	-4.52211e-05
665	-4.68511e-05
665.5	-3.54336e-05
666	-2.45755e-05
666.5	-1.99217e-05
667	-1.8449e-05
667.5	6.06112e-06
668	1.57482e-05
668.5	1.76338e-05
669	1.45347e-05
669.5	6.3316e-06
670	2.97538e-06
670.5	6.55604e-05
671	5.47609e-05
671.5	3.55949e-05
672	2.24008e-05
672.5	1.541e-05
673	-5.87179e-06
673.5	-5.99761e-05
674	-3.7353e-05
674.5	-6.70736e-06
675	1.83895e-06
675.5	2.1106e-06
676	-4.20277e-06
676.5	-1.84543e-05
677	-5.38724e-05
677.5	-3.46653e-05
678	-1.97571e-05
678.5	-1.40838e-05
679	-1.24225e-05
679.5	2.90149e-05
680	2.41515e-05
680.5	3.21362e-05
681	3.0962e-05
681.5	2.46057e-05
682	1.71397e-05
682.5	2.11969e-05
683	2.74454e-05
683.5	3.41811e-05
684	3.02131e-05
684.5	2.46036e-05
685	1.95833e-05
685.5	1.67438e-05
686	1.02569e-05
686.5	4.84794e-06
687	2.55312e-06
687.5	1.52383e-06
688	4.9837e-07
688.5	-2.04029e-06
689	-4.63843e-06
689.5	-5.40175e-06
690	-5.65176e-06
690.5	-7.92154e-06
691	-1.12341e-05
691.5	-1.92985e-05
692	-3.94209e-05
692.5	-2.55545e-05
693	-2.5247e-05
693.5	-5.89973e-05
694	-7.28198e-05
694.5	-3.14547e-05
695	1.39382e-06
695.5	2.18156e-05
696	1.6472e-05
696.5	1.23933e-05
697	-1.75645e-06
697.5	-8.28025e-06
698	-4.94923e-06
698.5	-4.24738e-06
699	-1.42063e-05
699.5	-6.15543e-05
700	-4.16193e-05
700.5	-1.27998e-05
701	-6.07576e-06
701.5	-6.50667e-06
702	-7.28254e-06
702.5	-7.23781e-06
703	-6.87352e-06
703.5	-7.33161e-06
704	3.47303e-05
704.5	1.59264e-05
705	8.88725e-06
705.5	5.54074e-06
706	6.23272e-06
706.5	-8.17119e-06
707	-3.21815e-05
707.5	-3.28722e-05
708	-3.30223e-05
708.5	-2.78178e-05
709	1.55314e-05
709.5	4.07301e-05
710	4.73806e-05
710.5	2.01265e-05
711	5.29543e-05
711.5	7.35962e-05
712	6.21695e-05
712.5	5.55817e-05
713	5.02206e-05
713.5	3.99715e-05
714	1.29505e-05
714.5	9.46703e-06
715	-0.000205418
715.5	-5.11037e-05
716	0.000181402
716.5	0.00049145
717	0.000781738
717.5	0.000626601
718	0.000127588
718.5	-0.000170051
719	-0.000202689
719.5	-0.000149184
720	-0.000114438
720.5	-0.000213826
721	-0.000238374
721.5	-0.00019293
722	-0.000262857
722.5	-0.00027268
723	-0.000302544
723.5	-0.000307988
724	-0.000316275
724.5	-0.00029687
725	-0.000293593
725.5	-0.000270942
726	-0.000238007
726.5	-0.000215706
727	-0.000194295
727.5	-0.000176198
728	-0.00015619
728.5	-0.000134032
729	-0.000115914
729.5	-9.92514e-05
730	-8.37435e-05
730.5	-7.18945e-05
731	-5.98117e-05
731.5	-4.95799e-05
732	-4.09974e-05
732.5	-3.46352e-05
733	-3.07703e-05
733.5	-2.73411e-05
734	-2.31924e-05
734.5	-1.98805e-05
735	-1.95605e-05
735.5	5.36143e-06
736	5.95372e-06
736.5	1.17919e-06
737	-2.12845e-06
737.5	-5.97159e-06
738	-7.85631e-06
738.5	-8.54826e-06
739	-9.16286e-06
739.5	-9.8588e-06
740	-1.05446e-05
740.5	-1.1311e-05
741	-1.16559e-05
741.5	-1.35325e-05
742	-1.71174e-05
742.5	-1.84309e-05
743	-1.67603e-05
743.5	-1.87283e-05
744	-1.99209e-05
744.5	-1.88344e-05
745	-1.84073e-05
745.5	-2.3503e-05
746	-2.74952e-05
746.5	-2.77614e-05
747	-2.69659e-05
747.5	-2.32031e-05
748	-2.30982e-05
748.5	-2.42618e-05
749	-2.25293e-05
749.5	-2.21236e-05
750	-1.78681e-05
750.5	-3.24226e-06
751	8.38779e-06
751.5	-5.42096e-06
752	-1.33745e-05
752.5	1.71906e-05
753	2.17151e-05
753.5	1.65589e-05
754	1.18412e-05
754.5	7.72432e-06
755	2.49002e-06
755.5	-2.72094e-06
756	-1.00024e-05
756.5	-2.2615e-05
757	-2.67924e-05
757.5	-3.6249e-05
758	-2.90702e-05
758.5	-2.0577e-05
759	-1.89234e-05
759.5	-1.91368e-05
760	-2.3909e-05
760.5	-2.55894e-05
761	-2.46875e-05
761.5	-2.23538e-05
762	-2.56309e-05
762.5	-3.73154e-05
763	-5.33913e-05
763.5	-3.18703e-05
764	-8.58039e-07
764.5	1.14134e-05
765	7.55242e-07
765.5	-7.58117e-06
766	-1.20857e-05
766.5	-9.40293e-06
767	-7.27598e-06
767.5	-8.21231e-06
768	-8.32435e-06
768.5	-9.3997e-06
769	-1.04917e-05
769.5	-1.08338e-05
770	-1.09554e-05
770.5	-1.08581e-05
771	-1.07001e-05
771.5	-1.09799e-05
772	-1.13201e-05
772.5	-1.19751e-05
773	-1.20393e-05
773.5	-1.23675e-05
774	-1.21744e-05
774.5	-1.31481e-05
775	-1.45458e-05
775.5	-1.37655e-05
776	1.26751e-05
776.5	2.91267e-05
777	2.42901e-05
777.5	2.26641e-05
778	1.73477e-05
778.5	1.05549e-05
779	5.66253e-06
779.5	1.61671e-05
780	6.93947e-06
780.5	1.32592e-05
781	1.64955e-05
781.5	1.2194e-05
782	7.19747e-06
782.5	3.56455e-06
783	1.71014e-07
783.5	-8.14934e-07
784	-4.6284e-07
784.5	3.7444e-06
785	5.03591e-07
785.5	-1.21877e-06
786	-3.18138e-06
786.5	-5.85587e-06
787	-2.28141e-05
787.5	-3.1442e-05
788	-1.88551e-05
788.5	-6.722e-05
789	-5.86159e-05
789.5	-4.76558e-05
790	-3.54631e-05
790.5	-3.00154e-05
791	1.5005e-06
791.5	8.09528e-06
792	3.27933e-05
792.5	3.21709e-05
793	4.75739e-05
793.5	5.29399e-05
794	4.43951e-05
794.5	3.28441e-05
795	2.47975e-05
795.5	1.92051e-05
796	1.47176e-05
796.5	7.50886e-06
797	3.53032e-06
797.5	2.24941e-06
798	3.53518e-06
798.5	4.44893e-06
799	3.96272e-06
799.5	3.52648e-06
800	4.14319e-07
800.5	-3.0819e-06
801	-7.93314e-06
801.5	-8.71679e-06
802	-8.01724e-06
802.5	-7.08812e-06
803	-5.28117e-06
803.5	-4.44301e-06
804	-4.54176e-06
804.5	-2.98009e-06
805	-2.44326e-06
805.5	9.94789e-07
806	2.38255e-05
806.5	2.64508e-05
807	3.22495e-05
807.5	2.66985e-05
808	2.16117e-05
808.5	1.73544e-05
809	1.45076e-05
809.5	8.60573e-06
810	4.19729e-06
810.5	2.84543e-06
811	2.07454e-06
811.5	1.66315e-06
812	1.46748e-06
812.5	7.41931e-07
813	-7.64037e-07
813.5	-3.25616e-06
814	-5.23284e-06
814.5	-6.43632e-06
815	-5.97591e-06
815.5	-6.90701e-06
816	-8.18764e-06
816.5	-1.45083e-05
817	-1.72914e-05
817.5	-1.90562e-05
818	-1.98998e-05
818.5	-1.96276e-05
819	-4.39115e-05
819.5	-3.80009e-05
820	-9.10695e-06
820.5	-3.79656e-06
821	-8.01546e-05
821.5	-7.05895e-05
822	-6.55133e-05
822.5	-3.93009e-05
823	-4.27706e-05
823.5	-4.56902e-05
824	-4.5189e-05
824.5	-4.17127e-05
825	-9.41223e-05
825.5	-7.56135e-05
826	-6.64723e-05
826.5	-5.98797e-05
827	-5.72264e-05
827.5	-5.36513e-05
828	-4.90755e-05
828.5	-4.42362e-05
829	-3.97082e-05
829.5	-3.64244e-05
830	-3.30603e-05
830.5	-2.19646e-05
831	-4.24309e-05
831.5	-4.97174e-05
832	-4.96582e-05
832.5	-4.69442e-05
833	-2.00848e-05
833.5	1.635e-06
834	-3.03916e-05
834.5	-2.90101e-05
835	9.51504e-06
835.5	1.12468e-05
836	4.12425e-05
836.5	1.88991e-05
837	-4.79728e-05
837.5	-5.56909e-05
838	-0.000112955
838.5	3.70351e-05
839	0.000728026
839.5	0.00081246
840	0.000533946
840.5	-9.56947e-05
841	-0.000239129
841.5	-0.000279769
842	-0.00030936
842.5	-0.000312944
843	-0.000311836
843.5	-0.000303382
844	-0.000285521
844.5	-0.000340963
845	-0.000304981
845.5	-0.000275167
846	-0.000247204
846.5	-0.000199575
847	-0.000179424
847.5	-0.000169614
848	-0.000133912
848.5	-0.000113133
849	-0.000102705
849.5	-8.64435e-05
850	-7.37045e-05
850.5	-6.78338e-05
851	-6.00078e-05
851.5	-6.05404e-05
852	-5.48939e-05
852.5	-4.7074e-05
853	-3.89219e-05
853.5	-3.1458e-05
854	-2.65917e-05
854.5	-2.32534e-05
855	-2.01292e-05
855.5	-1.84242e-05
856	-1.69506e-05
856.5	-1.4378e-05
857	9.80911e-06
857.5	8.16233e-06
858	1.32371e-06
858.5	-1.89725e-06
859	4.13191e-06
859.5	5.87947e-06
860	1.91952e-05
860.5	2.05077e-05
861	1.85689e-05
861.5	1.64361e-05
862	1.46614e-05
862.5	1.28333e-05
863	9.3406e-06
863.5	7.36673e-06
864	5.88574e-06
864.5	4.50547e-06
865	2.00071e-06
865.5	-1.7114e-07
866	-2.39393e-06
866.5	-3.62523e-06
867	-4.69835e-06
867.5	-6.47937e-06
868	-8.34829e-06
868.5	-9.27194e-06
869	-1.7513e-05
869.5	-2.30794e-05
870	-2.42584e-05
870.5	-2.70708e-05
871	-2.8391e-05
871.5	-2.77101e-05
872	-1.56941e-05
872.5	-4.72678e-06
873	7.31928e-06
873.5	1.50657e-05
874	1.69215e-05
874.5	1.23018e-05
875	8.49809e-06
875.5	6.47366e-06
876	8.21187e-06
876.5	6.44565e-06
877	1.81801e-06
877.5	-9.75961e-07
878	-2.24726e-06
878.5	-3.67699e-06
879	-4.74962e-06
879.5	-5.27246e-06
880	-5.58111e-06
880.5	-7.34794e-06
881	-8.26326e-06
881.5	-8.87445e-06
882	-1.03378e-05
882.5	-1.16452e-05
883	-1.46834e-05
883.5	-2.66748e-05
884	-2.87919e-05
884.5	-3.45714e-05
885	-4.21936e-05
885.5	-4.12362e-05
886	-2.24281e-05
886.5	1.55477e-06
887	4.81387e-05
887.5	6.15046e-05
888	4.4734e-05
888.5	3.32237e-05
889	2.75883e-05
889.5	2.189e-05
890	1.95766e-05
890.5	1.63915e-05
891	1.62824e-05
891.5	5.22675e-06
892	-3.70325e-05
892.5	-9.42866e-06
893	9.25946e-06
893.5	7.69258e-06
894	5.00609e-06
894.5	4.96696e-06
895	3.68176e-06
895.5	-1.20067e-06
896	-5.53019e-06
896.5	-7.35669e-06
897	-8.09767e-06
897.5	-7.92134e-06
898	-8.20601e-06
898.5	-2.41063e-05
899	-9.72001e-05
899.5	-0.000101595
900	-0.00010094
900.5	-9.24528e-05
901	-7.74043e-05
901.5	-6.65244e-05
902	-6.04191e-05
902.5	-5.54146e-05
903	-4.92691e-05
903.5	-4.03443e-05
904	-2.72859e-05
904.5	-2.08347e-05
905	-1.97761e-05
905.5	-1.77612e-05
906	-1.61597e-05
906.5	-1.43849e-05
907	-1.37805e-05
907.5	-1.5937e-05
908	-1.641e-05
908.5	-1.53956e-05
909	-1.38619e-05
909.5	-1.2381e-05
910	-1.04552e-05
910.5	-1.0554e-05
911	-1.14144e-05
911.5	-1.59587e-05
912	-1.94057e-05
912.5	-2.14121e-05
913	-3.02585e-05
913.5	-3.17369e-05
914	-4.92636e-05
914.5	-3.88035e-05
915	1.53156e-05
915.5	1.39068e-05
916	-5.07685e-06
916.5	-6.30974e-07
917	1.42554e-05
917.5	2.75951e-05
918	1.74714e-05
918.5	-2.04675e-06
919	-8.92767e-06
919.5	9.17255e-06
920	9.98406e-06
920.5	5.26501e-06
921	1.86817e-06
921.5	-6.26928e-07
922	-2.95247e-06
922.5	-4.29047e-06
923	-9.65711e-06
923.5	-1.36189e-05
924	-1.50328e-05
924.5	-1.49627e-05
925	-1.57692e-05
925.5	-1.59826e-05
926	-1.93764e-05
926.5	-2.11354e-05
927	-2.07654e-05
927.5	-1.95657e-05
928	3.38536e-05
928.5	4.23394e-05
929	3.6478e-05
929.5	4.4245e-05
930	3.74506e-05
930.5	2.9945e-05
931	3.02137e-05
931.5	2.03245e-05
932	1.47014e-05
932.5	1.11765e-05
933	3.78197e-07
933.5	8.18329e-08
934	6.44761e-06
934.5	7.82545e-06
935	5.81754e-06
935.5	2.09915e-06
936	-1.37632e-06
936.5	-2.36843e-06
937	-1.27892e-05
937.5	-2.30988e-05
938	-1.72822e-05
938.5	-1.16847e-05
939	-9.00326e-06
939.5	-8.42628e-06
940	-1.12642e-05
940.5	-1.20395e-05
941	-1.21326e-05
941.5	6.02739e-06
942	1.85945e-05
942.5	1.86535e-05
943	5.09084e-05
943.5	5.26417e-05
944	3.98141e-05
944.5	-2.9258e-06
945	6.15754e-06
945.5	1.69994e-05
946	2.24522e-05
946.5	2.19827e-05
947	1.98724e-05
947.5	1.74091e-05
948	1.42225e-05
948.5	1.19617e-05
949	9.70897e-06
949.5	6.83513e-06
950	4.78596e-06
950.5	2.78174e-06
951	6.8297e-06
951.5	-3.37883e-05
952	-4.09133e-05
952.5	-4.19416e-05
953	-4.3939e-05
953.5	-3.16492e-05
954	-2.36325e-05
954.5	-1.96936e-05
955	-4.24019e-07
955.5	1.98483e-06
956	1.30938e-05
956.5	1.71457e-05
957	1.80224e-06
957.5	6.83431e-06
958	2.06636e-05
958.5	-1.72952e-07
959	1.9107e-06
959.5	6.56667e-06
960	2.2925e-05
960.5	2.68655e-05
961	2.0241e-05
961.5	1.28575e-05
962	8.97771e-06
962.5	6.14171e-06
963	4.02109e-06
963.5	1.96528e-06
964	1.85205e-07
964.5	-9.70992e-07
965	-7.74971e-07
965.5	3.32276e-07
966	5.97243e-07
966.5	-6.43428e-07
967	-2.54316e-06
967.5	-5.67675e-07
968	6.49634e-06
968.5	-1.42044e-05
969	-2.02932e-05
969.5	-2.18802e-06
970	-4.02245e-07
970.5	1.00139e-06
971	9.92426e-07
971.5	4.23971e-05
972	5.494e-05
972.5	1.76133e-05
973	-1.24352e-05
973.5	-1.14021e-05
974	-4.64277e-05
974.5	-8.39996e-05
975	-1.1859e-05
975.5	1.27362e-06
976	0.000501431
976.5	0.000998749
977	0.000479646
977.5	0.000283625
978	-0.00010766
978.5	-0.000446981
979	-0.000480787
979.5	-0.000425726
980	-0.000342808
980.5	-0.000317045
981	-0.000280513
981.5	-0.000399483
982	-0.00031144
982.5	-0.000345566
983	-0.0003305
983.5	-0.000303589
984	-0.000343411
984.5	-0.000363851
985	-0.000303866
985.5	-0.000263833
986	-0.00024598
986.5	-0.000224245
987	-0.000199634
987.5	-0.000178568
988	-0.000157291
988.5	-0.000136413
989	-0.000116255
989.5	-9.65049e-05
990	-8.05998e-05
990.5	-6.68645e-05
991	-5.42536e-05
991.5	-4.4463e-05
992	-3.73941e-05
992.5	-3.37133e-05
993	-2.42839e-05
993.5	-1.33824e-05
994	-1.24654e-06
994.5	1.72659e-06
995	1.85e-05
995.5	1.59404e-05
996	1.08338e-05
996.5	8.1714e-06
997	6.55489e-06
997.5	5.28902e-06
998	4.94508e-06
998.5	4.59708e-06
999	3.69384e-06
999.5	-2.09692e-06
1000	-5.49049e-06
