0	0
0.5	5.54365e-21
1	-1.61109e-21
1.5	8.63531e-21
2	-1.52255e-24
2.5	-5.88064e-25
3	5.22173e-25
3.5	-1.08501e-08
4	-1.04021e-07
4.5	-5.6637e-07
5	-1.24351e-06
5.5	-1.79515e-06
6	-2.26815e-06
6.5	-2.70031e-06
7	-3.05646e-06
7.5	-3.39867e-06
8	-4.31751e-06
8.5	-5.09625e-06
9	-5.89252e-06
9.5	-6.5961e-06
10	-7.08986e-06
10.5	-7.32496e-06
11	-7.36523e-06
11.5	-7.37166e-06
12	-7.31026e-06
12.5	-7.25631e-06
13	-7.51443e-06
13.5	-7.64206e-06
14	-7.607e-06
14.5	-6.23575e-06
15	-4.50482e-06
15.5	-4.89737e-06
16	-6.36779e-06
16.5	-7.10253e-06
17	-8.23482e-06
17.5	-1.07971e-05
18	-1.24756e-05
18.5	-1.65307e-05
19	-1.43328e-05
19.5	-1.87954e-05
20	-2.39489e-05
20.5	-1.89137e-05
21	-1.43014e-05
21.5	-1.18537e-05
22	-1.05186e-05
22.5	-8.67404e-06
23	-1.48499e-05
23.5	-1.59659e-05
24	-1.5267e-05
24.5	-1.39435e-05
25	-8.16171e-06
25.5	-1.3036e-05
26	-2.43679e-05
26.5	-9.74185e-05
27	3.47375e-06
27.5	0.000169008
28	-3.93923e-05
28.5	-6.04696e-05
29	-8.035e-05
29.5	-8.47065e-05
30	-9.27011e-05
30.5	4.02598e-05
31	8.47641e-05
31.5	0.000187419
32	4.69925e-05
32.5	-0.000304453
33	-0.000164735
33.5	-5.74703e-05
34	-2.41289e-05
34.5	-1.18434e-05
35	7.54988e-07
35.5	1.14522e-05
36	1.50435e-05
36.5	1.00943e-05
37	5.6706e-06
37.5	2.81143e-06
38	5.88174e-07
38.5	-1.47647e-06
39	-3.70025e-06
39.5	-7.00295e-06
40	-8.45628e-06
40.5	-7.89588e-06
41	-7.08197e-06
41.5	-6.71399e-06
42	-6.53612e-06
42.5	-6.32376e-06
43	-6.12451e-06
43.5	-6.06017e-06
44	-6.0669e-06
44.5	-6.2556e-06
45	-6.45196e-06
45.5	-6.4559e-06
46	-6.2837e-06
46.5	-6.18422e-06
47	-5.8859e-06
47.5	-5.35542e-06
48	-3.95055e-06
48.5	-2.84485e-06
49	-8.84272e-07
49.5	-9.86137e-08
50	8.93083e-07
50.5	3.67354e-07
51	-6.31186e-07
51.5	-1.24588e-06
52	-2.44733e-06
52.5	-3.21672e-06
53	-3.02932e-06
53.5	-3.77666e-06
54	-5.1099e-06
54.5	-6.17468e-06
55	-6.94404e-06
55.5	-7.68533e-06
56	-8.26967e-06
56.5	-8.7474e-06
57	-9.14808e-06
57.5	-9.51787e-06
58	-1.00885e-05
58.5	-1.07482e-05
59	-1.13444e-05
59.5	-1.19584e-05
60	-1.25659e-05
60.5	-1.30972e-05
61	-1.36005e-05
61.5	-1.41417e-05
62	-1.45958e-05
62.5	-1.48713e-05
63	-1.48548e-05
63.5	-1.41563e-05
64	-1.14038e-05
64.5	-3.9097e-06
65	1.09436e-06
65.5	-6.36563e-07
66	-1.01982e-06
66.5	-2.81587e-06
67	-5.17907e-06
67.5	-6.62318e-06
68	-8.23585e-06
68.5	-8.5274e-06
69	-1.28332e-05
69.5	-1.28204e-05
70	-1.11058e-05
70.5	-1.01385e-05
71	-9.8745e-06
71.5	-9.84378e-06
72	-9.84322e-06
72.5	-9.91548e-06
73	-1.00071e-05
73.5	-1.00101e-05
74	-9.84029e-06
74.5	-9.60926e-06
75	-9.28912e-06
75.5	-8.81058e-06
76	-8.28564e-06
76.5	-7.73388e-06
77	-7.11136e-06
77.5	-6.3985e-06
78	-5.85294e-06
78.5	-5.59097e-06
79	-4.90781e-06
79.5	-2.11008e-06
80	-7.44404e-07
80.5	-6.79764e-07
81	-2.22979e-06
81.5	7.7044e-07
82	-1.46406e-06
82.5	-7.03758e-06
83	-6.41524e-06
83.5	-7.30136e-06
84	-7.40077e-06
84.5	-7.72722e-06
85	-7.52631e-06
85.5	-7.24085e-06
86	-7.00236e-06
86.5	-6.82091e-06
87	-6.59289e-06
87.5	-6.34686e-06
88	-6.24959e-06
88.5	-6.2265e-06
89	-6.26482e-06
89.5	-6.30761e-06
90	-6.28105e-06
90.5	-6.17108e-06
91	-6.03364e-06
91.5	-6.0311e-06
92	-5.97977e-06
92.5	-5.88806e-06
93	-5.81282e-06
93.5	-5.75901e-06
94	-5.27775e-06
94.5	-2.98582e-06
95	-3.12554e-06
95.5	-3.11177e-06
96	-4.15296e-06
96.5	-5.9421e-06
97	-4.72271e-06
97.5	-5.66944e-06
98	-8.99181e-06
98.5	-6.49374e-06
99	-1.06561e-05
99.5	-8.19193e-06
100	-7.50295e-06
100.5	-6.76895e-06
101	-6.4249e-06
101.5	-6.43231e-06
102	-6.63633e-06
102.5	-6.70781e-06
103	-6.71224e-06
103.5	-6.71848e-06
104	-6.49902e-06
104.5	-4.99428e-06
105	-5.96738e-06
105.5	-6.77149e-06
106	-7.13661e-06
106.5	-7.16761e-06
107	-6.91907e-06
107.5	-6.66384e-06
108	-6.42042e-06
108.5	-6.24827e-06
109	-8.77798e-06
109.5	-4.33476e-06
110	-1.49219e-06
110.5	-7.74179e-06
111	-9.0354e-06
111.5	-9.47318e-06
112	-1.3622e-05
112.5	-1.26102e-05
113	-1.027e-05
113.5	-9.0751e-06
114	-8.49622e-06
114.5	-8.22995e-06
115	-8.21896e-06
115.5	-8.3005e-06
116	-8.45174e-06
116.5	-8.68821e-06
117	-8.75332e-06
117.5	-8.64255e-06
118	-8.56158e-06
118.5	-8.42167e-06
119	-1.4041e-05
119.5	-1.24804e-05
120	-1.39785e-05
120.5	-1.09101e-05
121	-1.1876e-05
121.5	-1.69919e-05
122	-1.25885e-05
122.5	-1.53484e-05
123	-1.35711e-05
123.5	-8.25622e-06
124	-1.78779e-05
124.5	-9.33626e-05
125	2.68277e-05
125.5	9.22484e-05
126	-0.000117881
126.5	-4.26425e-05
127	-7.06968e-05
127.5	-6.82686e-05
128	-3.92364e-05
128.5	-5.9219e-05
129	-5.95132e-05
129.5	0.000110012
130	0.000312549
130.5	2.38869e-05
131	-0.000249618
131.5	-0.000108958
132	-6.59891e-05
132.5	-4.65692e-05
133	-3.20952e-05
133.5	-4.37891e-06
134	8.18481e-06
134.5	1.12693e-06
135	1.41826e-06
135.5	-2.52921e-07
136	2.68578e-06
136.5	-1.45563e-07
137	-2.50343e-06
137.5	-6.18891e-06
138	-8.76788e-06
138.5	-9.32835e-06
139	-9.07444e-06
139.5	-7.99109e-06
140	-7.12617e-06
140.5	-6.56482e-06
141	-6.28372e-06
141.5	-6.05914e-06
142	-5.93382e-06
142.5	-6.02438e-06
143	-6.19142e-06
143.5	-6.37523e-06
144	-6.53541e-06
144.5	-6.79551e-06
145	-7.12847e-06
145.5	-5.88787e-06
146	-5.54038e-06
146.5	-4.64586e-06
147	-4.43533e-06
147.5	-4.25686e-06
148	-9.18206e-07
148.5	8.5198e-08
149	-2.12297e-06
149.5	-3.58594e-06
150	-4.8697e-06
150.5	-5.76177e-06
151	-6.39193e-06
151.5	-6.68157e-06
152	-6.83723e-06
152.5	-7.03406e-06
153	-7.25995e-06
153.5	-7.36388e-06
154	-7.37959e-06
154.5	-7.25446e-06
155	-7.15e-06
155.5	-6.99506e-06
156	-6.81135e-06
156.5	-6.54245e-06
157	-6.35901e-06
157.5	-6.28802e-06
158	-6.26412e-06
158.5	-6.34302e-06
159	-6.39458e-06
159.5	-6.4071e-06
160	-6.40735e-06
160.5	-7.35046e-06
161	-6.91357e-06
161.5	-6.43184e-06
162	-3.64897e-06
162.5	-2.7045e-06
163	-3.29114e-06
163.5	-3.37315e-06
164	-5.07237e-06
164.5	-6.72375e-06
165	-8.05662e-06
165.5	-8.60862e-06
166	-8.59059e-06
166.5	-7.79216e-06
167	-6.7318e-06
167.5	-5.90215e-06
168	-5.45193e-06
168.5	-5.12208e-06
169	-5.04407e-06
169.5	-4.96533e-06
170	-4.81161e-06
170.5	-4.76931e-06
171	-4.87014e-06
171.5	-4.78342e-06
172	-4.7198e-06
172.5	-4.7002e-06
173	-4.74269e-06
173.5	-4.87555e-06
174	-5.01469e-06
174.5	-5.1211e-06
175	-4.08713e-06
175.5	-3.44109e-06
176	-3.75465e-06
176.5	-1.77302e-06
177	-1.80942e-06
177.5	-1.26668e-06
178	-1.16593e-06
178.5	-1.50222e-06
179	-2.48656e-06
179.5	-2.24601e-06
180	-2.28605e-06
180.5	-2.61104e-06
181	-2.87633e-06
181.5	-3.01777e-06
182	-2.48113e-06
182.5	-2.88818e-06
183	-3.30967e-06
183.5	-3.6275e-06
184	-3.81269e-06
184.5	-3.97562e-06
185	-4.05732e-06
185.5	-4.10946e-06
186	-4.10874e-06
186.5	-4.16856e-06
187	-4.1507e-06
187.5	-4.0003e-06
188	-3.91536e-06
188.5	-2.94822e-06
189	-3.26366e-06
189.5	-3.42471e-06
190	-8.21176e-06
190.5	-9.07749e-06
191	-7.51312e-06
191.5	-6.43775e-06
192	-9.13818e-06
192.5	-4.72801e-06
193	-6.13272e-06
193.5	-6.89508e-06
194	-8.02003e-06
194.5	-8.65262e-06
195	-7.93399e-06
195.5	-9.47946e-06
196	-8.88056e-06
196.5	-8.21874e-06
197	-7.96132e-06
197.5	-7.90929e-06
198	-7.99334e-06
198.5	-8.18431e-06
199	-8.17654e-06
199.5	-8.13738e-06
200	-8.03158e-06
200.5	-7.82446e-06
201	-7.47609e-06
201.5	-7.19065e-06
202	-6.9172e-06
202.5	-6.62273e-06
203	-6.2494e-06
203.5	-5.8787e-06
204	-5.59723e-06
204.5	-5.19248e-06
205	-2.06525e-07
205.5	2.44612e-06
206	9.75156e-07
206.5	-3.65507e-07
207	-1.49831e-06
207.5	-2.99657e-06
208	-1.22285e-05
208.5	-1.05746e-05
209	-6.96297e-06
209.5	-7.01818e-06
210	-5.83394e-06
210.5	-6.81339e-06
211	-7.18722e-06
211.5	-7.27083e-06
212	-7.24688e-06
212.5	-7.11318e-06
213	-7.16434e-06
213.5	-7.22694e-06
214	-7.26437e-06
214.5	-7.26465e-06
215	-7.13899e-06
215.5	-6.99479e-06
216	-6.76465e-06
216.5	-6.42298e-06
217	-6.04161e-06
217.5	-5.79802e-06
218	-5.60335e-06
218.5	-4.29572e-06
219	-3.83214e-06
219.5	-2.96865e-06
220	6.22953e-07
220.5	4.05506e-07
221	-2.86381e-06
221.5	-6.65268e-06
222	-7.16475e-06
222.5	-3.23448e-06
223	-5.51901e-06
223.5	-6.81419e-06
224	-6.32422e-06
224.5	-5.83202e-06
225	-5.61085e-06
225.5	-5.56612e-06
226	-5.78092e-06
226.5	-6.27785e-06
227	-6.61126e-06
227.5	-7.30321e-06
228	-7.71947e-06
228.5	-6.07354e-06
229	-6.29318e-06
229.5	-6.49114e-06
230	-6.38463e-06
230.5	-6.24853e-06
231	-6.20033e-06
231.5	-6.28936e-06
232	-4.82858e-06
232.5	-4.99358e-06
233	-5.66462e-06
233.5	-3.3438e-06
234	-3.66861e-06
234.5	-4.53593e-06
235	-2.50815e-06
235.5	-5.77627e-06
236	-6.08876e-06
236.5	-6.18505e-06
237	-9.99625e-06
237.5	-8.18518e-06
238	-6.77894e-06
238.5	-5.98367e-06
239	-5.53315e-06
239.5	-5.38209e-06
240	-5.67485e-06
240.5	-6.12967e-06
241	-1.83728e-05
241.5	-1.60662e-05
242	-1.12476e-05
242.5	-8.36675e-06
243	-1.23247e-05
243.5	-1.80367e-05
244	-2.17811e-05
244.5	-4.58501e-05
245	-4.50595e-05
245.5	2.11309e-05
246	0.000234364
246.5	-5.54706e-05
247	-8.90698e-05
247.5	-5.27855e-05
248	-4.76393e-05
248.5	-6.99666e-05
249	-9.71541e-05
249.5	9.06029e-06
250	1.70558e-05
250.5	0.000150694
251	0.000120142
251.5	-0.000311354
252	-0.00016533
252.5	-6.51071e-05
253	-2.58421e-05
253.5	-2.10836e-05
254	-1.2889e-05
254.5	-2.2889e-06
255	3.28214e-06
255.5	3.06432e-06
256	9.50423e-08
256.5	-3.12324e-06
257	-3.73764e-06
257.5	-5.9592e-06
258	-7.15166e-06
258.5	-7.88137e-06
259	-8.56392e-06
259.5	-8.44592e-06
260	-8.105e-06
260.5	-7.93013e-06
261	-7.73411e-06
261.5	-7.53672e-06
262	-7.33226e-06
262.5	-7.36916e-06
263	-7.48234e-06
263.5	-6.91406e-06
264	-7.29985e-06
264.5	-8.14026e-06
265	-7.91482e-06
265.5	-7.51583e-06
266	-7.32363e-06
266.5	-7.35575e-06
267	-8.08348e-06
267.5	-8.1955e-06
268	-6.98338e-06
268.5	-6.26977e-06
269	-6.13652e-06
269.5	-5.87679e-06
270	-6.02409e-06
270.5	-6.42437e-06
271	-6.98091e-06
271.5	-7.38396e-06
272	-7.57007e-06
272.5	-7.66315e-06
273	-7.60092e-06
273.5	-7.53628e-06
274	-7.58209e-06
274.5	-7.85848e-06
275	-8.00948e-06
275.5	-7.99613e-06
276	-7.8925e-06
276.5	-7.7506e-06
277	-7.6339e-06
277.5	-7.69893e-06
278	-7.91695e-06
278.5	-7.14115e-06
279	-7.29789e-06
279.5	-7.82713e-06
280	-7.28403e-06
280.5	-6.72525e-06
281	-5.95242e-06
281.5	-3.01264e-06
282	-7.36364e-08
282.5	-2.01577e-07
283	-3.62638e-06
283.5	-5.68416e-06
284	-5.79865e-06
284.5	-5.34129e-06
285	-6.0187e-06
285.5	-6.4842e-06
286	-6.70486e-06
286.5	-6.79728e-06
287	-6.78637e-06
287.5	-6.7034e-06
288	-6.57238e-06
288.5	-6.45992e-06
289	-6.30139e-06
289.5	-5.9877e-06
290	-5.71524e-06
290.5	-5.46408e-06
291	-5.23767e-06
291.5	-4.94987e-06
292	-4.71093e-06
292.5	-1.87142e-06
293	-3.34304e-06
293.5	-4.05406e-06
294	-4.4033e-06
294.5	-4.85127e-06
295	-4.97535e-06
295.5	-3.70333e-06
296	-4.12457e-06
296.5	-4.62846e-06
297	-4.95668e-06
297.5	-4.81407e-06
298	-5.40801e-06
298.5	-1.07521e-05
299	-8.80115e-06
299.5	-7.45634e-06
300	-7.78791e-06
300.5	-7.56619e-06
301	-7.32444e-06
301.5	-7.35661e-06
302	-7.49871e-06
302.5	-7.71508e-06
303	-8.05373e-06
303.5	-8.52878e-06
304	-8.84923e-06
304.5	-8.57395e-06
305	-8.69566e-06
305.5	-7.93278e-06
306	-8.81668e-06
306.5	-9.66879e-06
307	-9.53594e-06
307.5	-8.98875e-06
308	-8.90449e-06
308.5	-8.02105e-06
309	-6.48341e-06
309.5	-6.25088e-06
310	-6.98666e-06
310.5	-7.82712e-06
311	-8.38584e-06
311.5	-8.35448e-06
312	-8.29113e-06
312.5	-6.82589e-06
313	-7.21758e-06
313.5	-7.80002e-06
314	-8.08506e-06
314.5	-8.21718e-06
315	-8.15346e-06
315.5	-7.78454e-06
316	-7.3019e-06
316.5	-6.82556e-06
317	-6.51952e-06
317.5	-6.29527e-06
318	-6.12479e-06
318.5	-5.40587e-06
319	-5.04523e-06
319.5	-5.53036e-06
320	-6.11981e-06
320.5	-6.43471e-06
321	-6.10466e-06
321.5	-6.12248e-06
322	-4.84267e-06
322.5	-3.54474e-06
323	-3.29806e-06
323.5	-2.3766e-06
324	-3.01853e-06
324.5	-3.71724e-06
325	-4.4272e-06
325.5	-5.16641e-06
326	-5.7865e-06
326.5	-6.49461e-06
327	-6.82001e-06
327.5	-5.74323e-06
328	-6.05779e-06
328.5	-6.6674e-06
329	-7.12171e-06
329.5	-6.9271e-06
330	-7.52937e-06
330.5	-7.45838e-06
331	-7.82343e-06
331.5	-6.20829e-06
332	-6.96901e-06
332.5	-9.24601e-06
333	-6.40033e-06
333.5	-6.82326e-06
334	-7.33083e-06
334.5	-7.99158e-06
335	-8.15662e-06
335.5	-7.25696e-06
336	-7.12726e-06
336.5	-7.17908e-06
337	-7.18458e-06
337.5	-7.74423e-06
338	-7.70148e-06
338.5	-7.61144e-06
339	-7.43453e-06
339.5	-7.33024e-06
340	-7.21663e-06
340.5	-6.97107e-06
341	-6.81612e-06
341.5	-6.7326e-06
342	-6.60567e-06
342.5	-6.44241e-06
343	-6.39827e-06
343.5	-6.28999e-06
344	-5.2194e-06
344.5	-4.43621e-06
345	-3.05131e-06
345.5	-3.95713e-06
346	-3.67517e-06
346.5	-3.8467e-06
347	-3.28794e-06
347.5	-3.76242e-06
348	-4.19928e-06
348.5	-4.3888e-06
349	-4.5115e-06
349.5	-4.16613e-06
350	-3.68999e-06
350.5	-4.13985e-06
351	-4.70686e-06
351.5	-5.15929e-06
352	-5.44235e-06
352.5	-5.60108e-06
353	-5.82409e-06
353.5	-6.0004e-06
354	-6.30033e-06
354.5	-6.63046e-06
355	-6.84386e-06
355.5	-6.99606e-06
356	-7.17371e-06
356.5	-7.29176e-06
357	-6.83908e-06
357.5	-6.91615e-06
358	-6.17233e-06
358.5	-6.18411e-06
359	-3.13391e-06
359.5	-4.15429e-07
360	1.98417e-06
360.5	-1.93033e-06
361	-4.23944e-06
361.5	-7.24744e-06
362	-8.01204e-06
362.5	-6.40706e-06
363	-5.66571e-06
363.5	-5.23782e-06
364	-4.8428e-06
364.5	-4.44921e-06
365	-4.17833e-06
365.5	-3.86542e-06
366	-3.57755e-06
366.5	-3.33336e-06
367	-3.14615e-06
367.5	-3.07466e-06
368	-3.10888e-06
368.5	-3.09009e-06
369	-2.97062e-06
369.5	-2.87567e-06
370	-2.84417e-06
370.5	-2.55055e-06
371	-2.91085e-06
371.5	-3.06143e-06
372	-3.94102e-06
372.5	-6.21593e-06
373	-7.37243e-07
373.5	6.87679e-08
374	3.73824e-06
374.5	-2.89547e-06
375	-1.03753e-05
375.5	-4.5941e-06
376	-5.37429e-06
376.5	-1.31066e-05
377	-2.72924e-05
377.5	-7.02284e-05
378	5.09755e-05
378.5	3.63863e-06
379	0.000331717
379.5	1.08224e-05
380	-0.000155087
380.5	-6.65947e-05
381	-4.14819e-05
381.5	-4.18097e-05
382	-6.14207e-05
382.5	-3.45537e-05
383	-9.33072e-05
383.5	3.11369e-05
384	6.50039e-05
384.5	9.78098e-05
385	-0.000277912
385.5	-0.000136817
386	-5.0514e-05
386.5	-4.07767e-05
387	-4.12715e-05
387.5	-2.94945e-05
388	-2.94386e-06
388.5	5.33099e-06
389	-1.33761e-05
389.5	-6.92697e-06
390	-8.768e-06
390.5	-9.36664e-06
391	-6.00082e-06
391.5	-9.89123e-06
392	-4.81023e-06
392.5	-3.25055e-06
393	2.17085e-06
393.5	3.27885e-06
394	1.56057e-06
394.5	-5.70242e-07
395	-1.3452e-06
395.5	-1.91159e-06
396	-2.46032e-06
396.5	-3.02442e-06
397	-3.4173e-06
397.5	-3.20413e-06
398	-3.55367e-06
398.5	-4.20987e-06
399	-4.60709e-06
399.5	-4.57027e-06
400	-4.40276e-06
400.5	-4.32059e-06
401	-4.27031e-06
401.5	-4.1783e-06
402	-4.11816e-06
402.5	-4.14939e-06
403	-2.14005e-06
403.5	-1.37244e-06
404	-4.52234e-07
404.5	-1.18417e-06
405	-1.90507e-06
405.5	-1.87213e-06
406	-2.70673e-06
406.5	-3.52115e-06
407	-4.14513e-06
407.5	-4.60199e-06
408	-4.2325e-06
408.5	-4.77168e-06
409	-4.46111e-06
409.5	-3.42646e-06
410	-5.26001e-06
410.5	-6.32895e-06
411	-6.96554e-06
411.5	-7.58368e-06
412	-8.30594e-06
412.5	-8.92957e-06
413	-9.32439e-06
413.5	-9.6163e-06
414	-9.79202e-06
414.5	-1.09531e-05
415	-1.09821e-05
415.5	-1.04826e-05
416	-9.78227e-06
416.5	-7.77656e-06
417	-7.38124e-06
417.5	-5.44544e-06
418	-4.89187e-06
418.5	-3.34542e-06
419	-1.87935e-06
419.5	-2.30116e-06
420	-3.35696e-06
420.5	-4.53228e-06
421	-6.05112e-06
421.5	-7.88157e-06
422	-8.87769e-06
422.5	-8.95744e-06
423	-8.54262e-06
423.5	-8.92876e-06
424	-9.30558e-06
424.5	-9.17896e-06
425	-8.8761e-06
425.5	-8.60141e-06
426	-8.3347e-06
426.5	-8.08065e-06
427	-7.79192e-06
427.5	-7.43059e-06
428	-7.04448e-06
428.5	-6.59465e-06
429	-6.15907e-06
429.5	-5.74444e-06
430	-5.30834e-06
430.5	-4.83691e-06
431	-2.46331e-06
431.5	1.25986e-06
432	5.16173e-06
432.5	3.99413e-06
433	3.8004e-06
433.5	1.40527e-06
434	8.04288e-07
434.5	-3.25896e-07
435	-8.74912e-07
435.5	-5.54959e-07
436	-1.85703e-06
436.5	-2.7085e-06
437	-3.70954e-06
437.5	-4.54338e-06
438	-5.20584e-06
438.5	-5.66923e-06
439	-5.95969e-06
439.5	-6.43943e-06
440	-6.89911e-06
440.5	-7.31057e-06
441	-7.68403e-06
441.5	-8.05274e-06
442	-8.29164e-06
442.5	-8.45631e-06
443	-8.61503e-06
443.5	-8.7531e-06
444	-8.79752e-06
444.5	-8.71388e-06
445	-8.54584e-06
445.5	-8.40821e-06
446	-8.26198e-06
446.5	-7.2175e-06
447	-7.42785e-06
447.5	-6.64658e-06
448	-4.25594e-06
448.5	-2.1577e-06
449	-4.67872e-06
449.5	-6.06264e-06
450	-6.67489e-06
450.5	-7.86873e-06
451	-8.60825e-06
451.5	-9.07003e-06
452	-9.39846e-06
452.5	-9.82783e-06
453	-1.02635e-05
453.5	-1.06209e-05
454	-1.10091e-05
454.5	-1.12128e-05
455	-1.12665e-05
455.5	-1.14661e-05
456	-1.1617e-05
456.5	-1.16704e-05
457	-1.1626e-05
457.5	-1.14514e-05
458	-1.11592e-05
458.5	-1.07708e-05
459	-1.03477e-05
459.5	-1.04622e-05
460	-1.16698e-05
460.5	-1.23628e-05
461	-9.99124e-06
461.5	-6.05179e-06
462	-3.94554e-06
462.5	-4.33064e-06
463	-7.06924e-06
463.5	-9.23616e-06
464	-9.10712e-06
464.5	-9.56608e-06
465	-1.07122e-05
465.5	-1.09995e-05
466	-1.10893e-05
466.5	-1.09729e-05
467	-1.07044e-05
467.5	-1.03766e-05
468	-1.00329e-05
468.5	-9.59132e-06
469	-9.11392e-06
469.5	-8.70374e-06
470	-8.30822e-06
470.5	-8.03865e-06
471	-7.7666e-06
471.5	-7.39326e-06
472	-7.0563e-06
472.5	-6.83797e-06
473	-6.76406e-06
473.5	-5.82801e-06
474	-5.78492e-06
474.5	-4.24595e-06
475	-1.28086e-06
475.5	-8.5994e-07
476	-1.05998e-06
476.5	-3.01328e-06
477	-3.35607e-06
477.5	-3.52759e-06
478	-1.06024e-05
478.5	-1.40708e-05
479	-1.04544e-05
479.5	-9.03018e-06
480	-8.78485e-06
480.5	-8.85752e-06
481	-9.01167e-06
481.5	-9.1334e-06
482	-9.16357e-06
482.5	-9.09995e-06
483	-9.03046e-06
483.5	-9.07362e-06
484	-9.08123e-06
484.5	-8.94141e-06
485	-8.74385e-06
485.5	-1.08632e-05
486	-1.05544e-05
486.5	-8.87116e-06
487	-8.19707e-06
487.5	-7.78919e-06
488	-7.35298e-06
488.5	-6.85345e-06
489	-6.49816e-06
489.5	-6.20716e-06
490	-2.31998e-06
490.5	-8.58014e-07
491	-2.53145e-07
491.5	-5.12558e-06
492	-8.0512e-06
492.5	-7.169e-06
493	-1.07365e-05
493.5	-1.05517e-05
494	-1.22561e-05
494.5	-7.07575e-06
495	-6.69382e-06
495.5	-6.61929e-06
496	-6.64372e-06
496.5	-6.94022e-06
497	-9.57545e-06
497.5	-8.40292e-06
498	-7.54683e-06
498.5	-7.23542e-06
499	-9.07227e-06
499.5	-5.74678e-06
500	-5.71491e-06
500.5	-1.49138e-05
501	-1.19927e-05
501.5	-1.26103e-05
502	-1.17372e-05
502.5	-1.00142e-05
503	-8.79305e-06
503.5	-9.89006e-06
504	-4.54583e-06
504.5	-4.69747e-06
505	-2.53655e-06
505.5	-1.13954e-05
506	-7.95366e-05
506.5	-5.20861e-06
507	0.000197995
507.5	0.000115718
508	-0.000175746
508.5	-6.46032e-05
509	-5.52084e-05
509.5	-4.71657e-05
510	-7.66683e-05
510.5	-3.84518e-05
511	2.10817e-05
511.5	3.355e-05
512	0.000279579
512.5	-0.000133462
513	-0.000205647
513.5	-8.22345e-05
514	-3.44524e-05
514.5	-2.83655e-05
515	-6.51216e-06
515.5	2.91077e-06
516	-7.99873e-06
516.5	-5.02491e-06
517	-2.16923e-05
517.5	-1.45201e-05
518	3.48526e-06
518.5	3.56926e-06
519	-8.06548e-06
519.5	-4.67608e-06
520	-3.15105e-06
520.5	-5.2748e-06
521	-6.4838e-06
521.5	-7.04783e-06
522	-9.75664e-06
522.5	-1.11866e-05
523	-1.10252e-05
523.5	-1.10245e-05
524	-9.6103e-06
524.5	-8.42535e-06
525	-7.69681e-06
525.5	-8.06933e-06
526	-8.02009e-06
526.5	-7.58327e-06
527	-7.13401e-06
527.5	-5.40256e-06
528	-4.33293e-06
528.5	-2.41752e-06
529	-1.03465e-06
529.5	-1.39989e-06
530	-2.53297e-06
530.5	-3.38435e-06
531	-4.08959e-06
531.5	-3.59513e-06
532	-3.69855e-06
532.5	-4.37479e-06
533	-5.18569e-06
533.5	-5.75264e-06
534	-6.23174e-06
534.5	-6.59673e-06
535	-6.9528e-06
535.5	-7.14672e-06
536	-7.16969e-06
536.5	-7.02466e-06
537	-6.80606e-06
537.5	-6.51702e-06
538	-6.18589e-06
538.5	-5.90013e-06
539	-5.77718e-06
539.5	-5.80966e-06
540	-6.03396e-06
540.5	-6.21316e-06
541	-5.25716e-06
541.5	-1.98529e-06
542	-1.58859e-06
542.5	-1.56411e-06
543	-3.1684e-06
543.5	-5.39292e-06
544	-5.18349e-06
544.5	-3.693e-06
545	-3.46133e-06
545.5	-5.37009e-06
546	-6.08033e-06
546.5	-5.05822e-06
547	-5.11538e-06
547.5	-4.38432e-06
548	-3.75291e-06
548.5	-3.27277e-06
549	-3.03681e-06
549.5	-3.11749e-06
550	-3.42877e-06
550.5	-3.88064e-06
551	-4.24901e-06
551.5	-4.69328e-06
552	-5.03968e-06
552.5	-5.19807e-06
553	-5.12365e-06
553.5	-5.00052e-06
554	-4.82896e-06
554.5	-4.66686e-06
555	-4.52382e-06
555.5	-4.4353e-06
556	-3.6818e-06
556.5	-3.89785e-06
557	-4.10617e-06
557.5	-2.36261e-06
558	-2.56324e-06
558.5	-8.29825e-07
559	-1.88065e-06
559.5	-4.37772e-06
560	-6.32118e-06
560.5	-7.09699e-06
561	-7.56774e-06
561.5	-7.89868e-06
562	-8.11676e-06
562.5	-8.35344e-06
563	-8.4611e-06
563.5	-8.42376e-06
564	-8.26253e-06
564.5	-7.94713e-06
565	-7.74462e-06
565.5	-7.70159e-06
566	-7.9308e-06
566.5	-8.18136e-06
567	-8.27226e-06
567.5	-8.19613e-06
568	-7.98947e-06
568.5	-7.76644e-06
569	-7.13696e-06
569.5	-5.80382e-06
570	-5.54089e-06
570.5	-4.74717e-06
571	-4.82628e-06
571.5	-4.13256e-06
572	-1.2139e-05
572.5	-1.08207e-05
573	-7.97742e-06
573.5	-6.16081e-06
574	-5.68379e-06
574.5	-1.0437e-05
575	-1.23856e-05
575.5	-1.04486e-05
576	-9.38735e-06
576.5	-8.99213e-06
577	-8.9517e-06
577.5	-9.02628e-06
578	-9.22869e-06
578.5	-9.32761e-06
579	-9.28306e-06
579.5	-9.12526e-06
580	-8.96193e-06
580.5	-8.81188e-06
581	-8.81556e-06
581.5	-8.95932e-06
582	-8.92573e-06
582.5	-8.66828e-06
583	-8.34293e-06
583.5	-8.04748e-06
584	-7.7432e-06
584.5	-7.31452e-06
585	-6.85889e-06
585.5	-2.09173e-06
586	2.61759e-06
586.5	2.41887e-07
587	-1.78958e-06
587.5	-3.20339e-06
588	-5.26811e-06
588.5	-6.54e-06
589	-7.29646e-06
589.5	-9.56871e-06
590	-8.6277e-06
590.5	-7.27385e-06
591	-6.59418e-06
591.5	-6.40007e-06
592	-6.54728e-06
592.5	-6.80616e-06
593	-6.9889e-06
593.5	-7.13674e-06
594	-7.1933e-06
594.5	-7.12862e-06
595	-7.00418e-06
595.5	-6.84831e-06
596	-1.1127e-05
596.5	-8.71695e-06
597	-7.10435e-06
597.5	-6.17327e-06
598	-5.66779e-06
598.5	-6.62305e-06
599	-6.45147e-06
599.5	-5.77455e-06
600	-6.45187e-06
600.5	-1.90573e-06
601	-5.1367e-07
601.5	-2.29326e-07
602	-1.76391e-06
602.5	-3.27962e-06
603	-5.13224e-06
603.5	-6.38223e-06
604	-6.02502e-06
604.5	-6.0442e-06
605	-2.93617e-06
605.5	-3.39817e-06
606	-3.91361e-06
606.5	-6.03815e-06
607	-4.80275e-06
607.5	-5.34095e-06
608	-6.9059e-06
608.5	-8.56145e-06
609	-1.09265e-05
609.5	-1.14458e-05
610	-9.32929e-06
610.5	-7.94475e-06
611	-1.00194e-05
611.5	-9.16921e-06
612	-1.52366e-05
612.5	-1.43953e-05
613	-1.66934e-05
613.5	-1.34217e-05
614	-1.18842e-05
614.5	-1.00713e-05
615	-7.2839e-06
615.5	-1.49316e-05
616	-4.12122e-05
616.5	3.83334e-05
617	3.73955e-05
617.5	0.000261159
618	-0.000108695
618.5	-0.000110112
619	-3.50142e-05
619.5	-5.41408e-05
620	-5.94799e-05
620.5	-4.26009e-05
621	-6.88947e-05
621.5	-2.22485e-05
622	8.68805e-05
622.5	0.00030115
623	1.4576e-06
623.5	-0.000249445
624	-0.000101023
624.5	-5.31407e-05
625	-4.44499e-05
625.5	-1.45736e-05
626	-7.68709e-06
626.5	-3.11856e-06
627	2.54792e-06
627.5	-1.82796e-05
628	-9.78576e-06
628.5	-7.00192e-06
629	-6.54434e-06
629.5	-1.14424e-05
630	-7.28912e-06
630.5	-4.88294e-06
631	-7.52409e-06
631.5	-9.54386e-06
632	-9.84311e-06
632.5	-1.1196e-05
633	-1.09388e-05
633.5	-1.09182e-05
634	-9.75451e-06
634.5	-8.42127e-06
635	-7.5531e-06
635.5	-7.02314e-06
636	-5.80667e-06
636.5	-3.90518e-06
637	-4.17316e-06
637.5	-3.89124e-06
638	-3.63847e-06
638.5	-2.75279e-06
639	-4.06172e-06
639.5	-5.13541e-06
640	-5.46262e-06
640.5	-5.1483e-06
641	-2.61071e-06
641.5	-2.81296e-06
642	-3.38062e-06
642.5	-3.16495e-06
643	-3.1829e-06
643.5	-3.41843e-06
644	-3.53995e-06
644.5	-3.66977e-06
645	-3.65841e-06
645.5	-3.81045e-06
646	-4.08621e-06
646.5	-4.38751e-06
647	-4.68924e-06
647.5	-4.95148e-06
648	-5.09212e-06
648.5	-5.30373e-06
649	-5.50973e-06
649.5	-5.64428e-06
650	-5.70511e-06
650.5	-5.56782e-06
651	-5.2015e-06
651.5	-4.60083e-06
652	-4.72179e-06
652.5	-5.82606e-06
653	-4.74603e-06
653.5	-7.93704e-07
654	-1.75691e-06
654.5	-3.11182e-06
655	-3.35457e-06
655.5	-4.30195e-06
656	-3.98867e-06
656.5	-4.08762e-06
657	-4.23048e-06
657.5	-4.19393e-06
658	-4.04028e-06
658.5	-3.91867e-06
659	-3.78129e-06
659.5	-3.69635e-06
660	-3.56244e-06
660.5	-3.44058e-06
661	-3.42173e-06
661.5	-3.57343e-06
662	-3.72843e-06
662.5	-3.94266e-06
663	-4.21402e-06
663.5	-4.11115e-06
664	-3.86796e-06
664.5	-4.40869e-06
665	-6.43128e-06
665.5	-6.78403e-06
666	-6.68946e-06
666.5	-6.60432e-06
667	-6.79513e-06
667.5	-3.28156e-06
668	-1.8535e-06
668.5	-2.81769e-06
669	-3.2731e-06
669.5	-2.95172e-06
670	-3.19051e-06
670.5	-2.09055e-06
671	-2.19911e-06
671.5	-2.4765e-06
672	-2.84141e-06
672.5	-3.28169e-06
673	-3.68647e-06
673.5	-3.83475e-06
674	-3.94972e-06
674.5	-4.06108e-06
675	-4.40241e-06
675.5	-4.71474e-06
676	-5.0684e-06
676.5	-5.39884e-06
677	-5.80697e-06
677.5	-6.16478e-06
678	-6.44366e-06
678.5	-4.97627e-06
679	-4.46979e-06
679.5	-5.12834e-06
680	-4.68656e-06
680.5	-5.90399e-06
681	-4.90231e-06
681.5	-4.44548e-06
682	-4.28725e-06
682.5	-4.85023e-06
683	-5.28847e-06
683.5	-3.93812e-06
684	-3.71542e-06
684.5	-3.76219e-06
685	-3.88684e-06
685.5	-3.8299e-06
686	-3.78936e-06
686.5	-3.72193e-06
687	-3.75081e-06
687.5	-3.85069e-06
688	-3.83771e-06
688.5	-3.68782e-06
689	-3.62961e-06
689.5	-3.54027e-06
690	-3.60504e-06
690.5	-3.76229e-06
691	-4.05363e-06
691.5	-4.44982e-06
692	-5.04521e-06
692.5	-5.5828e-06
693	-6.13445e-06
693.5	-4.6922e-06
694	-5.50916e-06
694.5	-4.13442e-06
695	-5.26295e-06
695.5	-5.89874e-06
696	-5.44915e-06
696.5	-4.84577e-06
697	-8.88117e-06
697.5	-1.07587e-05
698	-9.95359e-06
698.5	-8.96291e-06
699	-8.92164e-06
699.5	-8.92199e-06
700	-8.8664e-06
700.5	-8.73803e-06
701	-8.52608e-06
701.5	-8.5215e-06
702	-8.6979e-06
702.5	-8.82028e-06
703	-8.86925e-06
703.5	-8.77681e-06
704	-8.57357e-06
704.5	-8.31048e-06
705	-8.06006e-06
705.5	-7.79604e-06
706	-7.54464e-06
706.5	-7.16783e-06
707	-6.87082e-06
707.5	-6.11784e-06
708	-3.93623e-06
708.5	-4.03445e-06
709	-4.64631e-06
709.5	-5.79137e-06
710	-7.19871e-06
710.5	-6.77731e-06
711	-3.06744e-06
711.5	-4.15521e-06
712	-5.91867e-06
712.5	-6.97514e-06
713	-7.08241e-06
713.5	-7.99878e-06
714	-8.34045e-06
714.5	-8.56305e-06
715	-8.68705e-06
715.5	-8.8027e-06
716	-8.85349e-06
716.5	-8.84883e-06
717	-8.76069e-06
717.5	-8.74185e-06
718	-8.66271e-06
718.5	-6.34315e-06
719	-8.17347e-06
719.5	-8.9474e-06
720	-8.96554e-06
720.5	-8.80945e-06
721	-8.54614e-06
721.5	-7.08703e-06
722	-5.49387e-06
722.5	-4.57458e-06
723	-5.08961e-06
723.5	-3.99126e-06
724	-2.56078e-06
724.5	-3.7075e-06
725	-5.10481e-06
725.5	-8.31901e-06
726	-7.24396e-06
726.5	-7.37524e-06
727	-7.07558e-06
727.5	-6.06594e-06
728	-5.19955e-06
728.5	-4.68734e-06
729	-4.43629e-06
729.5	-4.27332e-06
730	-4.33418e-06
730.5	-4.49791e-06
731	-4.64047e-06
731.5	-4.77475e-06
732	-4.14867e-06
732.5	-3.7238e-06
733	-3.88499e-06
733.5	-4.45169e-06
734	-4.86951e-06
734.5	-5.20126e-06
735	-5.09176e-06
735.5	-2.54214e-06
736	-3.66296e-06
736.5	-4.8635e-06
737	-5.22939e-06
737.5	-4.11454e-06
738	-3.14088e-06
738.5	-6.62394e-06
739	-9.08882e-06
739.5	-1.03311e-05
740	-1.46479e-05
740.5	-1.6477e-05
741	-1.7133e-05
741.5	-1.35329e-05
742	-1.28688e-05
742.5	-1.05457e-05
743	-8.71152e-06
743.5	-1.77787e-05
744	-2.08883e-05
744.5	-2.35323e-05
745	-5.48129e-05
745.5	2.45106e-05
746	-1.96875e-06
746.5	0.000262903
747	-0.000127066
747.5	-0.000129639
748	-6.1375e-05
748.5	-6.25546e-05
749	-6.58774e-05
749.5	-0.000100411
750	6.80719e-06
750.5	8.50188e-05
751	0.000238883
751.5	-0.000141034
752	-0.000215799
752.5	-6.70975e-05
753	-3.23504e-05
753.5	-4.71553e-05
754	-2.35161e-05
754.5	-9.98572e-06
755	-1.38067e-05
755.5	-1.35754e-05
756	9.92124e-07
756.5	6.73038e-06
757	4.97259e-06
757.5	2.10822e-06
758	9.33083e-07
758.5	-5.16373e-07
759	-1.16836e-06
759.5	-1.45453e-06
760	-1.71347e-06
760.5	-2.37575e-06
761	-3.79235e-06
761.5	-3.59864e-06
762	-3.60618e-06
762.5	-3.48963e-06
763	-3.04386e-06
763.5	-2.80513e-06
764	-2.71482e-06
764.5	-2.6954e-06
765	-2.03193e-06
765.5	-1.78721e-06
766	-1.1817e-06
766.5	-2.40401e-06
767	-3.15321e-06
767.5	-4.06635e-06
768	-4.66217e-06
768.5	-2.8238e-06
769	-1.90258e-06
769.5	-1.88306e-06
770	-2.83257e-06
770.5	-3.72925e-06
771	-4.278e-06
771.5	-4.58032e-06
772	-4.86835e-06
772.5	-5.08786e-06
773	-5.15776e-06
773.5	-5.17747e-06
774	-5.12019e-06
774.5	-4.9767e-06
775	-4.72381e-06
775.5	-4.63663e-06
776	-4.41911e-06
776.5	-4.11582e-06
777	-3.85868e-06
777.5	-3.74389e-06
778	-3.64779e-06
778.5	-3.21573e-06
779	-3.03673e-06
779.5	-3.52136e-06
780	-2.33803e-06
780.5	-1.05054e-06
781	-1.15256e-06
781.5	-3.51453e-06
782	-5.86501e-06
782.5	-6.18196e-06
783	-5.78178e-06
783.5	-5.61514e-06
784	-5.163e-06
784.5	-5.76329e-06
785	-8.02023e-06
785.5	-7.83423e-06
786	-7.25887e-06
786.5	-6.82537e-06
787	-6.76455e-06
787.5	-6.71418e-06
788	-6.61224e-06
788.5	-6.43689e-06
789	-6.12846e-06
789.5	-5.76897e-06
790	-5.56434e-06
790.5	-5.48778e-06
791	-5.50654e-06
791.5	-4.98721e-06
792	-5.34595e-06
792.5	-5.58053e-06
793	-5.53405e-06
793.5	-4.81795e-06
794	-5.19875e-06
794.5	-4.48636e-06
795	-4.18619e-06
795.5	-3.38019e-06
796	-3.29773e-06
796.5	-3.20166e-06
797	-2.9084e-06
797.5	-2.64007e-06
798	-3.30798e-06
798.5	-2.76111e-06
799	-2.88379e-06
799.5	-3.38804e-06
800	-3.86346e-06
800.5	-4.05079e-06
801	-4.02471e-06
801.5	-3.9944e-06
802	-4.07951e-06
802.5	-4.24261e-06
803	-4.2538e-06
803.5	-4.13796e-06
804	-3.93489e-06
804.5	-3.73126e-06
805	-3.65783e-06
805.5	-2.91441e-06
806	-3.31348e-06
806.5	-3.79211e-06
807	-4.29475e-06
807.5	-4.7015e-06
808	-4.88426e-06
808.5	-4.76894e-06
809	-2.242e-06
809.5	-7.85701e-07
810	-8.97126e-07
810.5	-2.77118e-06
811	-4.23058e-06
811.5	-4.97725e-06
812	-5.94614e-06
812.5	-6.93788e-06
813	-6.76347e-06
813.5	-6.69663e-06
814	-6.75772e-06
814.5	-6.82229e-06
815	-7.01202e-06
815.5	-7.32918e-06
816	-7.57773e-06
816.5	-7.80526e-06
817	-8.20222e-06
817.5	-8.63574e-06
818	-8.99029e-06
818.5	-9.24898e-06
819	-9.4766e-06
819.5	-9.59219e-06
820	-9.5885e-06
820.5	-9.6023e-06
821	-9.52114e-06
821.5	-9.43565e-06
822	-7.32058e-06
822.5	-6.65988e-06
823	-5.71371e-06
823.5	-4.70899e-06
824	-5.47286e-06
824.5	-5.71872e-06
825	-5.39911e-06
825.5	-6.42053e-06
826	-7.19343e-06
826.5	-1.13618e-05
827	-8.31096e-06
827.5	-8.57072e-06
828	-8.20879e-06
828.5	-7.81862e-06
829	-7.53803e-06
829.5	-7.20886e-06
830	-6.90411e-06
830.5	-6.61194e-06
831	-6.29381e-06
831.5	-6.00475e-06
832	-5.8538e-06
832.5	-5.58579e-06
833	-7.95214e-06
833.5	-8.80228e-06
834	-8.16332e-06
834.5	-7.06994e-06
835	-6.23095e-06
835.5	-5.43771e-06
836	-2.01219e-06
836.5	-8.22362e-07
837	-1.73908e-06
837.5	-3.9557e-07
838	-7.35714e-06
838.5	-4.59846e-06
839	-3.37431e-06
839.5	-2.30793e-06
840	-2.38199e-06
840.5	-2.58107e-06
841	-2.87816e-06
841.5	-3.06568e-06
842	-3.31412e-06
842.5	-3.6776e-06
843	-4.08454e-06
843.5	-7.96237e-06
844	-9.71949e-06
844.5	-7.79075e-06
845	-6.66966e-06
845.5	-6.13829e-06
846	-5.96171e-06
846.5	-5.96527e-06
847	-5.97851e-06
847.5	-5.96289e-06
848	-5.91284e-06
848.5	-5.85717e-06
849	-5.10073e-06
849.5	-5.14127e-06
850	-5.30626e-06
850.5	-4.72115e-06
851	-9.42205e-06
851.5	-1.26215e-05
852	-6.76004e-06
852.5	-4.32405e-06
853	-2.22018e-06
853.5	-2.66053e-06
854	-8.00165e-06
854.5	-5.879e-06
855	-6.53803e-06
855.5	-8.27164e-06
856	-7.05088e-06
856.5	-7.4109e-06
857	-1.57282e-05
857.5	-1.26924e-05
858	-1.07635e-05
858.5	-1.17502e-05
859	-1.48125e-05
859.5	-1.04646e-05
860	-8.72712e-06
860.5	-7.94594e-06
861	-7.52064e-06
861.5	-1.23662e-05
862	-1.36566e-05
862.5	-1.29837e-05
863	-1.487e-05
863.5	-1.49419e-05
864	-2.6257e-05
864.5	-0.000111527
865	1.54198e-05
865.5	0.000111886
866	-0.000129595
866.5	-6.66027e-05
867	-4.66402e-05
867.5	-3.57984e-05
868	-5.15752e-05
868.5	-2.40678e-05
869	-5.04404e-05
869.5	-4.17239e-05
870	9.12281e-05
870.5	0.000377667
871	-3.61985e-05
871.5	-0.000225492
872	-8.34097e-05
872.5	-5.18207e-05
873	-2.6154e-05
873.5	-3.27413e-05
874	-3.72281e-06
874.5	1.90476e-05
875	1.58865e-05
875.5	-1.49635e-05
876	2.14687e-07
876.5	-6.65499e-06
877	-6.35098e-06
877.5	-4.5754e-06
878	-6.0521e-06
878.5	3.64962e-06
879	1.25076e-06
879.5	2.05026e-08
880	-1.32268e-06
880.5	-2.87074e-06
881	-5.43873e-06
881.5	-5.31003e-06
882	-5.24087e-06
882.5	-4.46894e-06
883	-4.3389e-06
883.5	-3.95666e-06
884	-3.58839e-06
884.5	-3.37642e-06
885	-3.28838e-06
885.5	-3.52115e-06
886	-3.81591e-06
886.5	-4.13753e-06
887	-4.39918e-06
887.5	-4.46292e-06
888	-4.03574e-06
888.5	-3.01745e-06
889	-4.14165e-07
889.5	3.9368e-06
890	3.39211e-06
890.5	1.56166e-06
891	-1.21366e-07
891.5	-2.07999e-06
892	-3.28125e-06
892.5	-3.90888e-06
893	-4.07605e-06
893.5	-4.18729e-06
894	-4.50361e-06
894.5	-4.9412e-06
895	-5.33255e-06
895.5	-5.49527e-06
896	-5.53863e-06
896.5	-5.41839e-06
897	-5.1719e-06
897.5	-4.80029e-06
898	-4.41315e-06
898.5	-4.23811e-06
899	-4.17155e-06
899.5	-4.10527e-06
900	-4.16582e-06
900.5	-4.38146e-06
901	-4.65727e-06
901.5	-4.73102e-06
902	-3.36541e-06
902.5	-2.87769e-06
903	-4.2852e-06
903.5	-4.82518e-06
904	-4.18544e-06
904.5	-8.17186e-07
905	3.07745e-06
905.5	3.20277e-06
906	7.72058e-07
906.5	-1.44577e-06
907	-3.98471e-06
907.5	-5.41779e-06
908	-5.73537e-06
908.5	-5.5794e-06
909	-6.65266e-06
909.5	-6.82737e-06
910	-6.49429e-06
910.5	-5.59409e-06
911	-4.93049e-06
911.5	-4.66718e-06
912	-4.64078e-06
912.5	-4.7571e-06
913	-4.81731e-06
913.5	-4.82699e-06
914	-5.02315e-06
914.5	-5.15968e-06
915	-5.19754e-06
915.5	-5.24452e-06
916	-6.07679e-06
916.5	-5.72642e-06
917	-4.54625e-06
917.5	-4.0485e-06
918	-4.76966e-06
918.5	-4.66029e-06
919	-4.09725e-06
919.5	-3.23019e-06
920	-4.67654e-06
920.5	-6.37425e-06
921	-8.50982e-06
921.5	-9.39517e-06
922	-1.03722e-05
922.5	-1.05875e-05
923	-1.04945e-05
923.5	-1.02936e-05
924	-1.02134e-05
924.5	-1.01287e-05
925	-9.93282e-06
925.5	-9.65908e-06
926	-9.41188e-06
926.5	-9.29947e-06
927	-9.23763e-06
927.5	-9.09575e-06
928	-8.92657e-06
928.5	-8.85922e-06
929	-8.90451e-06
929.5	-8.95994e-06
930	-6.928e-06
930.5	-5.15523e-06
931	-6.07351e-06
931.5	-6.64879e-06
932	-6.0388e-06
932.5	-4.91563e-06
933	-3.81446e-06
933.5	-3.21287e-06
934	-1.62363e-06
934.5	-7.90687e-08
935	-1.65784e-06
935.5	-5.26287e-06
936	-7.88491e-06
936.5	-8.61984e-06
937	-8.80456e-06
937.5	-9.012e-06
938	-9.24314e-06
938.5	-9.58599e-06
939	-1.01436e-05
939.5	-1.0766e-05
940	-1.11138e-05
940.5	-1.10401e-05
941	-1.58734e-05
941.5	-1.3737e-05
942	-1.15887e-05
942.5	-1.05266e-05
943	-9.97485e-06
943.5	-9.65447e-06
944	-9.41843e-06
944.5	-9.20933e-06
945	-9.13854e-06
945.5	-8.55931e-06
946	-7.42997e-06
946.5	-7.55247e-06
947	-8.21554e-06
947.5	-7.46168e-06
948	-3.19981e-06
948.5	-2.9841e-06
949	-3.11059e-06
949.5	-1.36689e-06
950	-1.68692e-06
950.5	-3.71282e-06
951	-5.30223e-06
951.5	-5.96208e-06
952	-6.15603e-06
952.5	-6.16046e-06
953	-1.23459e-05
953.5	-1.10044e-05
954	-8.13141e-06
954.5	-6.58465e-06
955	-5.92253e-06
955.5	-5.61419e-06
956	-5.5444e-06
956.5	-5.57357e-06
957	-5.73555e-06
957.5	-6.03621e-06
958	-6.45051e-06
958.5	-6.8713e-06
959	-7.24526e-06
959.5	-7.5363e-06
960	-7.58569e-06
960.5	-7.48982e-06
961	-7.50926e-06
961.5	-7.41006e-06
962	-2.87606e-06
962.5	-7.11686e-06
963	-7.4546e-06
963.5	-6.0467e-06
964	-5.97291e-06
964.5	-5.84354e-06
965	-5.91716e-06
965.5	-1.12867e-05
966	-8.92812e-06
966.5	-8.39522e-06
967	-8.53723e-06
967.5	-8.60816e-06
968	-8.69159e-06
968.5	-8.65696e-06
969	-8.47489e-06
969.5	-1.20161e-05
970	-1.29901e-05
970.5	-1.42993e-05
971	-1.45144e-05
971.5	-1.20545e-05
972	-1.11468e-05
972.5	-8.19209e-06
973	-6.47196e-06
973.5	-5.53615e-06
974	-4.96139e-06
974.5	-4.60767e-06
975	-2.53831e-06
975.5	4.59462e-07
976	1.87297e-06
976.5	6.89764e-07
977	6.61657e-07
977.5	-5.74394e-07
978	-2.75913e-06
978.5	-4.14292e-06
979	-6.95395e-06
979.5	-4.06068e-06
980	-5.01685e-06
980.5	-5.92617e-06
981	-1.12993e-05
981.5	-7.87339e-06
982	-6.51947e-06
982.5	-6.22198e-06
983	-7.10231e-06
983.5	-4.01064e-06
984	-5.78334e-06
984.5	-1.1968e-05
985	-1.56631e-05
985.5	-9.77621e-06
986	-1.25401e-05
986.5	-1.55343e-05
987	-1.34065e-05
987.5	-1.1752e-05
988	-1.07354e-05
988.5	-1.41061e-05
989	-1.1184e-05
989.5	0.000115731
990	-0.00011063
990.5	-4.61799e-05
991	-3.90273e-05
991.5	-3.13499e-05
992	-3.20251e-05
992.5	-3.3559e-05
993	-3.24327e-05
993.5	-4.38959e-05
994	-9.13515e-05
994.5	1.53702e-05
995	6.33515e-05
995.5	0.000203524
996	-0.000203995
996.5	-0.000196788
997	-7.90958e-05
997.5	-6.56541e-05
998	-3.66257e-05
998.5	6.37202e-06
999	-8.53331e-06
999.5	1.78089e-06
1000	-1.12375e-05
