0	0
0.5	2.42682e-25
1	2.83653e-25
1.5	4.10686e-26
2	5.75691e-26
2.5	4.93011e-26
3	6.98407e-26
3.5	1.52156e-25
4	-2.51082e-08
4.5	-3.56244e-07
5	-9.38422e-07
5.5	-1.42957e-06
6	-1.87641e-06
6.5	-2.38843e-06
7	-2.80404e-06
7.5	-3.16043e-06
8	-3.72959e-06
8.5	-4.34596e-06
9	-4.89078e-06
9.5	-5.10473e-06
10	-5.10684e-06
10.5	-5.36303e-06
11	-5.76523e-06
11.5	-5.92483e-06
12	-5.9388e-06
12.5	-5.94828e-06
13	-5.96411e-06
13.5	-6.08965e-06
14	-2.26242e-06
14.5	7.54724e-06
15	5.10078e-06
15.5	2.45066e-07
16	-2.39729e-06
16.5	-2.98029e-06
17	-2.21408e-06
17.5	-2.49342e-06
18	-2.8387e-06
18.5	-2.92717e-06
19	-3.236e-06
19.5	-3.66559e-06
20	-4.29658e-06
20.5	-4.0304e-06
21	-3.87196e-06
21.5	-4.66767e-06
22	-5.19784e-06
22.5	-5.59946e-06
23	-6.92468e-06
23.5	-6.89855e-06
24	-8.398e-06
24.5	-1.05447e-05
25	-1.06612e-05
25.5	-9.17178e-06
26	-8.61097e-06
26.5	-1.06752e-05
27	-1.02805e-05
27.5	-1.05437e-05
28	-1.01657e-05
28.5	-3.17003e-06
29	-7.38407e-06
29.5	-1.16491e-05
30	-1.33129e-05
30.5	-3.26719e-05
31	-1.91686e-05
31.5	-4.30274e-05
32	0.000682832
32.5	0.000917604
33	0.000426832
33.5	-8.22921e-05
34	-5.58112e-05
34.5	-4.19008e-05
35	-6.91569e-05
35.5	-6.22245e-05
36	5.33036e-05
36.5	-3.59858e-05
37	0.000601919
37.5	0.000389426
38	-6.49112e-05
38.5	-4.7077e-05
39	-2.49296e-05
39.5	-1.22633e-05
40	-6.25426e-06
40.5	-3.8051e-06
41	-2.50031e-06
41.5	-1.84428e-06
42	-1.58016e-06
42.5	-1.70054e-06
43	-1.80387e-06
43.5	-1.87192e-06
44	-1.62559e-06
44.5	-1.35327e-06
45	-1.1748e-06
45.5	-1.04934e-06
46	-1.04269e-06
46.5	-1.22541e-06
47	-1.71186e-06
47.5	-2.46439e-06
48	-3.28962e-06
48.5	-3.89019e-06
49	-4.3262e-06
49.5	2.52286e-06
50	4.933e-06
50.5	7.75354e-06
51	7.13064e-06
51.5	5.89816e-06
52	2.89799e-06
52.5	5.30432e-07
53	-6.67164e-07
53.5	-1.48812e-06
54	-1.73341e-06
54.5	-1.94714e-06
55	-2.10705e-06
55.5	-2.1882e-06
56	-2.23047e-06
56.5	-2.37822e-06
57	-2.36459e-06
57.5	-2.22608e-06
58	-2.1586e-06
58.5	-1.92793e-06
59	-1.72563e-06
59.5	-1.60212e-06
60	-1.79137e-06
60.5	-1.91411e-06
61	-1.90814e-06
61.5	-1.95199e-06
62	-2.07162e-06
62.5	-2.19132e-06
63	-2.33947e-06
63.5	-2.52316e-06
64	-2.72102e-06
64.5	-3.01717e-06
65	-3.46964e-06
65.5	-3.6233e-06
66	3.29444e-06
66.5	6.2754e-06
67	4.61499e-06
67.5	4.55785e-06
68	2.60077e-06
68.5	1.21923e-06
69	1.80479e-06
69.5	2.05443e-06
70	2.18057e-06
70.5	2.34424e-06
71	2.40627e-06
71.5	2.34363e-06
72	2.21174e-06
72.5	2.02698e-06
73	1.90573e-06
73.5	1.45897e-06
74	9.13849e-07
74.5	6.0118e-07
75	5.34342e-07
75.5	2.62016e-07
76	-3.05068e-07
76.5	-9.16778e-07
77	-1.46534e-06
77.5	-1.92787e-06
78	-2.29164e-06
78.5	-2.65733e-06
79	-2.90673e-06
79.5	-5.74795e-07
80	3.04938e-07
80.5	4.47355e-07
81	-1.04914e-06
81.5	-1.91165e-06
82	-3.27771e-06
82.5	-3.63141e-06
83	-3.15284e-06
83.5	-1.93314e-06
84	-1.23016e-06
84.5	-2.02604e-07
85	7.03339e-08
85.5	2.69311e-09
86	-5.97157e-08
86.5	-2.32209e-07
87	-3.15256e-07
87.5	-5.40827e-07
88	-7.69079e-07
88.5	-8.70886e-07
89	-1.074e-06
89.5	-1.2805e-06
90	-3.62614e-06
90.5	-3.42918e-06
91	-1.91357e-06
91.5	-1.85666e-06
92	-1.90442e-06
92.5	-2.06239e-06
93	-2.18161e-06
93.5	-2.27562e-06
94	-2.35109e-06
94.5	5.2656e-07
95	9.41401e-07
95.5	1.14225e-06
96	1.15772e-06
96.5	-1.06859e-06
97	-2.20296e-06
97.5	-2.10764e-06
98	-3.59392e-06
98.5	-4.4046e-06
99	-4.69773e-06
99.5	-4.71511e-06
100	-4.2064e-06
100.5	-3.68189e-06
101	-3.32187e-06
101.5	-3.13695e-06
102	-3.16964e-06
102.5	-3.25631e-06
103	-3.4474e-06
103.5	-3.40558e-06
104	-3.51396e-06
104.5	-3.71301e-06
105	-3.94559e-06
105.5	-5.5955e-06
106	-5.17048e-06
106.5	-4.88237e-06
107	-4.91221e-06
107.5	-4.55874e-06
108	2.35549e-06
108.5	2.52617e-06
109	2.26841e-06
109.5	1.40986e-06
110	-5.29876e-07
110.5	-1.70211e-06
111	-3.41515e-06
111.5	-3.78855e-06
112	-3.83365e-06
112.5	-6.06935e-06
113	-4.37055e-06
113.5	-7.18664e-06
114	-6.84064e-06
114.5	-6.0464e-06
115	-6.71993e-06
115.5	-6.10358e-06
116	-5.47101e-06
116.5	-5.85295e-06
117	-1.13158e-05
117.5	-9.52016e-06
118	-3.97881e-06
118.5	-4.61858e-06
119	-4.62456e-06
119.5	-4.58463e-06
120	-9.05784e-06
120.5	-7.13486e-06
121	-5.16781e-06
121.5	-8.00527e-06
122	-8.04819e-06
122.5	-1.31725e-05
123	-3.58163e-06
123.5	-1.03223e-05
124	-2.70806e-05
124.5	-0.000131775
125	8.55204e-05
125.5	-0.000159943
126	0.000445533
126.5	0.000205841
127	-0.000109826
127.5	-0.000108369
128	-0.000157763
128.5	-8.85598e-05
129	-1.03613e-05
129.5	1.40713e-06
130	2.68021e-06
130.5	8.77096e-07
131	5.13005e-07
131.5	2.46206e-07
132	-6.54433e-08
132.5	-3.40572e-07
133	-8.90636e-07
133.5	-1.71063e-06
134	-2.22027e-06
134.5	-2.64916e-06
135	-3.1559e-06
135.5	-3.82748e-06
136	-4.16997e-06
136.5	-4.47855e-06
137	-5.02906e-06
137.5	-5.46821e-06
138	-5.79802e-06
138.5	-6.02627e-06
139	-6.09772e-06
139.5	-6.22854e-06
140	-6.37753e-06
140.5	1.00878e-05
141	1.64611e-05
141.5	9.48896e-06
142	5.55838e-06
142.5	2.9445e-06
143	1.53577e-06
143.5	1.04777e-06
144	9.11192e-07
144.5	8.14786e-07
145	7.90439e-07
145.5	1.17171e-06
146	2.2325e-06
146.5	2.89487e-06
147	3.2827e-06
147.5	3.45327e-06
148	3.4714e-06
148.5	3.28389e-06
149	2.83331e-06
149.5	2.54111e-06
150	2.69946e-06
150.5	3.10328e-06
151	3.21965e-06
151.5	3.12133e-06
152	2.77307e-06
152.5	1.87365e-06
153	1.32962e-06
153.5	9.93665e-07
154	6.63548e-07
154.5	6.6994e-08
155	-1.25028e-07
155.5	-4.14406e-07
156	-2.97974e-06
156.5	7.99011e-07
157	-1.26848e-05
157.5	-7.7397e-05
158	-3.02424e-05
158.5	6.63784e-06
159	2.42638e-05
159.5	1.66416e-05
160	1.21291e-05
160.5	8.89464e-06
161	6.63947e-06
161.5	5.08498e-06
162	3.99001e-06
162.5	3.29296e-06
163	2.89506e-06
163.5	2.70818e-06
164	2.75559e-06
164.5	2.82784e-06
165	2.82217e-06
165.5	2.62693e-06
166	2.31671e-06
166.5	1.9592e-06
167	1.50841e-06
167.5	9.33296e-07
168	4.09876e-07
168.5	6.9312e-08
169	-1.51347e-07
169.5	-5.85699e-07
170	3.07306e-06
170.5	1.17169e-05
171	6.72896e-06
171.5	4.78064e-06
172	3.41179e-06
172.5	1.47905e-06
173	7.57769e-07
173.5	-5.11254e-07
174	-1.14554e-06
174.5	-1.15709e-06
175	-1.88652e-06
175.5	-2.21599e-06
176	-2.4509e-06
176.5	-2.70725e-06
177	-5.08919e-06
177.5	-4.41795e-06
178	-4.9743e-06
178.5	-5.73345e-06
179	-6.48641e-06
179.5	-7.11362e-06
180	-7.62287e-06
180.5	-8.01439e-06
181	-8.35155e-06
181.5	-8.59493e-06
182	-8.83193e-06
182.5	-8.95118e-06
183	-8.83158e-06
183.5	-8.4134e-06
184	-3.80737e-06
184.5	-3.77301e-06
185	-4.51762e-06
185.5	-2.28355e-06
186	-1.82323e-06
186.5	-2.52727e-06
187	-1.68804e-06
187.5	-2.25069e-06
188	-5.21441e-06
188.5	-6.26664e-06
189	-4.8978e-06
189.5	-4.6735e-06
190	-4.54749e-06
190.5	-4.44441e-06
191	-4.33271e-06
191.5	-4.22684e-06
192	-4.09594e-06
192.5	-4.13536e-06
193	-4.14311e-06
193.5	-4.14413e-06
194	-4.11323e-06
194.5	-3.9806e-06
195	-3.87598e-06
195.5	-3.76759e-06
196	-3.83419e-06
196.5	-4.08782e-06
197	-4.44604e-06
197.5	-4.73532e-06
198	-4.99817e-06
198.5	-5.28574e-06
199	-5.07607e-06
199.5	-5.28225e-06
200	-7.97547e-06
200.5	-9.60145e-06
201	-5.11079e-06
201.5	-4.78059e-06
202	-4.72703e-06
202.5	-6.3334e-06
203	-5.89975e-06
203.5	-6.22141e-06
204	-6.1316e-06
204.5	-5.85274e-06
205	-5.67098e-06
205.5	-5.51378e-06
206	-6.11615e-06
206.5	-6.90318e-06
207	-6.50169e-06
207.5	-5.95979e-06
208	-5.55187e-06
208.5	-5.32962e-06
209	-5.17618e-06
209.5	-5.11999e-06
210	-6.8129e-06
210.5	-5.97786e-06
211	-5.61134e-06
211.5	-5.70496e-06
212	-6.31221e-06
212.5	-6.00639e-06
213	-5.71545e-06
213.5	-5.47582e-06
214	-4.98951e-06
214.5	-5.47393e-06
215	-3.08105e-06
215.5	-4.45301e-06
216	-4.73402e-06
216.5	-5.55312e-06
217	-4.67729e-06
217.5	-5.67144e-06
218	-6.39975e-06
218.5	-6.63332e-06
219	-9.18525e-06
219.5	-6.86631e-06
220	-6.63423e-06
220.5	-6.40654e-06
221	-3.21851e-06
221.5	7.17793e-07
222	1.01273e-06
222.5	2.43095e-06
223	-4.00235e-07
223.5	-8.86315e-07
224	-4.26799e-06
224.5	-6.53492e-06
225	-1.12877e-05
225.5	-1.04485e-05
226	-1.46446e-05
226.5	-1.53293e-05
227	-0.000100197
227.5	-3.23557e-05
228	0.00024963
228.5	0.000340467
229	0.000193467
229.5	-0.000104224
230	-7.91723e-05
230.5	-4.18283e-05
231	-2.76704e-05
231.5	-2.14793e-05
232	-1.27672e-05
232.5	-1.04974e-05
233	-1.03061e-05
233.5	-8.89882e-06
234	-4.12413e-06
234.5	-4.83833e-06
235	-3.64002e-06
235.5	-1.67177e-06
236	-1.67114e-06
236.5	-1.10511e-06
237	-1.32991e-06
237.5	-1.76089e-06
238	-2.21085e-06
238.5	-2.73479e-06
239	-3.07156e-06
239.5	-3.45402e-06
240	-3.94422e-06
240.5	-4.31277e-06
241	-4.47522e-06
241.5	-4.745e-06
242	-5.0232e-06
242.5	-5.32554e-06
243	-5.56553e-06
243.5	-1.6839e-06
244	-2.25456e-06
244.5	-3.03524e-06
245	-3.54208e-06
245.5	-1.31677e-06
246	-1.06488e-06
246.5	-9.34084e-08
247	-1.11198e-06
247.5	-1.75761e-06
248	-2.58784e-06
248.5	-3.18984e-06
249	-3.52448e-06
249.5	-3.84299e-06
250	-2.6774e-06
250.5	-2.65377e-06
251	-2.87823e-06
251.5	-3.12902e-06
252	-3.21661e-06
252.5	-3.26856e-06
253	-3.37775e-06
253.5	-3.58626e-06
254	-3.82585e-06
254.5	-4.09635e-06
255	-4.40176e-06
255.5	-4.57876e-06
256	-4.72485e-06
256.5	-4.81114e-06
257	-4.7706e-06
257.5	-4.70747e-06
258	-5.00476e-07
258.5	1.45045e-06
259	1.12694e-07
259.5	-7.51358e-07
260	-6.94223e-07
260.5	7.73727e-08
261	1.11837e-07
261.5	-2.2135e-07
262	1.20811e-07
262.5	-1.12901e-06
263	-2.24863e-06
263.5	-3.01895e-06
264	-3.51101e-06
264.5	-3.78251e-06
265	-4.02542e-06
265.5	-4.33027e-06
266	-4.48115e-06
266.5	-4.61218e-06
267	-4.89714e-06
267.5	-5.19315e-06
268	-5.34998e-06
268.5	-5.35374e-06
269	-5.3055e-06
269.5	-5.28902e-06
270	-5.25982e-06
270.5	-5.189e-06
271	-5.07497e-06
271.5	-3.6686e-07
272	-5.86857e-07
272.5	-2.81406e-06
273	-2.6484e-06
273.5	3.21465e-06
274	2.54112e-06
274.5	1.34222e-06
275	-6.9548e-07
275.5	-2.07588e-06
276	-2.77876e-06
276.5	-3.89794e-06
277	-4.86963e-06
277.5	-5.27203e-06
278	-5.26891e-06
278.5	-5.36432e-06
279	-7.35321e-06
279.5	-6.02726e-06
280	-5.46366e-06
280.5	-5.09026e-06
281	-4.89695e-06
281.5	-4.75038e-06
282	-4.98109e-06
282.5	-5.33721e-06
283	-5.68869e-06
283.5	-5.87261e-06
284	-6.15929e-06
284.5	-6.61639e-06
285	-7.06132e-06
285.5	-7.32294e-06
286	-7.28531e-06
286.5	-2.54938e-06
287	-3.27475e-06
287.5	-4.32587e-06
288	1.52142e-07
288.5	7.55689e-07
289	-1.25389e-06
289.5	-3.95249e-06
290	-4.81441e-06
290.5	-4.01148e-06
291	-3.50718e-06
291.5	-2.79819e-06
292	-2.39708e-06
292.5	-2.09133e-06
293	-2.33866e-06
293.5	-2.77302e-06
294	-3.25729e-06
294.5	-3.82102e-06
295	-4.46582e-06
295.5	-4.90293e-06
296	-5.0986e-06
296.5	-5.2776e-06
297	-5.38007e-06
297.5	-5.47147e-06
298	-5.62226e-06
298.5	-5.78827e-06
299	-5.84937e-06
299.5	-6.12366e-06
300	-6.78478e-06
300.5	-5.98706e-06
301	-8.66767e-06
301.5	-5.41974e-06
302	-6.28791e-06
302.5	-8.97921e-06
303	-7.15154e-05
303.5	-8.69238e-05
304	-2.37167e-05
304.5	1.93379e-05
305	1.86437e-05
305.5	9.36747e-06
306	3.62743e-06
306.5	2.73683e-07
307	-2.0914e-06
307.5	-3.463e-06
308	-4.04574e-06
308.5	-4.22813e-06
309	-4.13942e-06
309.5	-3.60044e-06
310	-2.9126e-06
310.5	-2.33412e-06
311	-2.04161e-06
311.5	-2.10983e-06
312	-2.12177e-06
312.5	-2.07449e-06
313	-2.08499e-06
313.5	-2.37499e-06
314	-2.80463e-06
314.5	-3.23527e-06
315	-1.36262e-06
315.5	-2.06404e-06
316	-1.42433e-06
316.5	-8.8841e-07
317	-1.89292e-06
317.5	-3.24571e-06
318	-4.18498e-06
318.5	-3.97341e-06
319	-4.02061e-06
319.5	-3.8199e-06
320	-3.78681e-06
320.5	-4.53035e-06
321	-4.01672e-06
321.5	-3.81835e-06
322	-4.0605e-06
322.5	-4.23138e-06
323	-4.30393e-06
323.5	-4.21681e-06
324	-3.66704e-06
324.5	-3.16525e-06
325	-2.82696e-06
325.5	-2.5464e-06
326	-3.39389e-06
326.5	-2.23956e-06
327	-1.3081e-06
327.5	-8.37949e-07
328	-6.19875e-07
328.5	-5.76273e-07
329	2.94706e-06
329.5	3.02197e-06
330	4.19068e-06
330.5	1.65735e-06
331	5.48225e-08
331.5	-7.44342e-07
332	5.30084e-07
332.5	1.37894e-06
333	1.48735e-06
333.5	1.6242e-06
334	1.7726e-06
334.5	1.68207e-06
335	5.13033e-07
335.5	1.65771e-06
336	8.51314e-07
336.5	6.10053e-09
337	-2.66863e-06
337.5	-2.93578e-06
338	-1.53895e-06
338.5	-3.18467e-07
339	1.17184e-07
339.5	-1.60963e-06
340	-1.482e-06
340.5	-1.5886e-06
341	-1.30011e-06
341.5	-1.39683e-06
342	-1.61568e-06
342.5	-7.76472e-06
343	-5.66074e-06
343.5	-1.76528e-06
344	-1.38827e-06
344.5	-2.51212e-06
345	-2.45742e-06
345.5	1.11394e-06
346	-2.98662e-06
346.5	-6.83133e-06
347	-5.49639e-06
347.5	-8.42797e-06
348	-2.47808e-06
348.5	-2.83221e-06
349	-9.23667e-06
349.5	-6.00189e-06
350	-7.84607e-06
350.5	-2.69715e-06
351	-3.11989e-06
351.5	-7.94013e-06
352	-9.40996e-06
352.5	-1.16253e-05
353	-7.02124e-05
353.5	3.04701e-05
354	-4.34183e-05
354.5	0.000488297
355	0.000267556
355.5	6.34957e-05
356	-6.44702e-05
356.5	-3.64063e-05
357	-1.86867e-05
357.5	-8.89348e-06
358	-3.71963e-06
358.5	-9.05901e-07
359	9.10356e-08
359.5	4.62203e-07
360	4.48658e-07
360.5	2.97569e-07
361	-4.74142e-08
361.5	-3.8021e-07
362	-7.03283e-07
362.5	-9.8431e-07
363	-1.29691e-06
363.5	-1.38272e-06
364	-1.48798e-06
364.5	-1.91135e-06
365	-2.33102e-06
365.5	-2.78528e-06
366	-3.40701e-06
366.5	-4.15488e-06
367	-4.60145e-06
367.5	1.06701e-06
368	7.87177e-06
368.5	3.73511e-06
369	3.18613e-06
369.5	1.81493e-06
370	6.57911e-07
370.5	9.96884e-07
371	9.65891e-07
371.5	4.71242e-07
372	1.02263e-06
372.5	9.40684e-07
373	9.70718e-07
373.5	7.73074e-07
374	5.0188e-07
374.5	7.02302e-12
375	-5.88512e-07
375.5	-1.08601e-06
376	-1.1978e-06
376.5	-1.19313e-06
377	-1.37596e-06
377.5	-1.39724e-06
378	-1.41011e-06
378.5	-1.35053e-06
379	-1.45677e-06
379.5	-1.70519e-06
380	-2.29212e-06
380.5	-3.12604e-06
381	-4.06847e-06
381.5	-5.22376e-06
382	3.60626e-07
382.5	-2.03853e-06
383	-4.57941e-05
383.5	-6.67051e-05
384	-7.31794e-07
384.5	3.79495e-05
385	1.95961e-05
385.5	8.49158e-06
386	2.32734e-06
386.5	-8.90508e-07
387	-2.98376e-06
387.5	-4.34615e-06
388	-5.01194e-06
388.5	-5.38079e-06
389	-5.63413e-06
389.5	-5.70018e-06
390	-5.63713e-06
390.5	-5.751e-06
391	-5.91435e-06
391.5	-6.09426e-06
392	-6.12208e-06
392.5	-6.0518e-06
393	-6.07225e-06
393.5	-6.19797e-06
394	-6.46402e-06
394.5	-6.79659e-06
395	-7.13868e-06
395.5	-7.47147e-06
396	-7.81565e-06
396.5	-7.99662e-06
397	-7.90379e-06
397.5	-7.79606e-06
398	-7.70668e-06
398.5	-7.62521e-06
399	-7.56174e-06
399.5	9.4028e-06
400	7.22669e-06
400.5	-1.22954e-06
401	-2.85054e-06
401.5	-3.34578e-06
402	-3.24697e-06
402.5	-2.71579e-06
403	-2.2085e-06
403.5	-1.77105e-06
404	-1.52299e-06
404.5	-1.43976e-06
405	-1.29091e-06
405.5	-7.67761e-07
406	-1.06673e-07
406.5	6.23369e-07
407	1.30628e-06
407.5	1.73888e-06
408	1.98074e-06
408.5	2.16155e-06
409	2.31292e-06
409.5	2.33317e-06
410	2.42097e-06
410.5	2.38343e-06
411	2.06311e-06
411.5	1.67535e-06
412	1.3014e-06
412.5	4.74325e-06
413	8.06416e-06
413.5	6.73541e-06
414	4.88865e-06
414.5	4.00366e-06
415	2.77903e-06
415.5	9.44837e-07
416	1.38659e-06
416.5	-3.60324e-07
417	-5.15942e-07
417.5	-3.78494e-07
418	-2.47649e-07
418.5	-1.54103e-07
419	-2.57734e-07
419.5	-4.30068e-07
420	-7.49964e-07
420.5	-1.18715e-06
421	-1.67338e-06
421.5	-2.10528e-06
422	-2.49003e-06
422.5	-2.54445e-06
423	-2.64628e-06
423.5	-2.89823e-06
424	-3.10837e-06
424.5	-3.30517e-06
425	-3.41054e-06
425.5	-3.5284e-06
426	-4.24105e-06
426.5	-4.21801e-07
427	-1.64659e-06
427.5	-4.91174e-06
428	-5.29047e-06
428.5	-5.25176e-06
429	-4.42235e-06
429.5	-5.87693e-06
430	-6.00853e-06
430.5	-5.20587e-06
431	-4.50403e-06
431.5	-3.45951e-06
432	-4.18652e-06
432.5	-3.62599e-06
433	-3.44065e-06
433.5	-3.01491e-06
434	-2.37863e-06
434.5	-1.79704e-06
435	-1.56605e-06
435.5	-1.26357e-06
436	-9.45086e-07
436.5	-7.11105e-07
437	-6.22713e-07
437.5	-7.06133e-07
438	-7.3628e-07
438.5	-9.3872e-07
439	-1.07124e-06
439.5	-1.21928e-06
440	-1.5386e-06
440.5	-1.72744e-06
441	-2.51404e-06
441.5	-6.09282e-07
442	-2.44249e-06
442.5	-3.7132e-06
443	-4.1579e-06
443.5	-4.22828e-06
444	-3.81588e-06
444.5	-4.77568e-06
445	-4.80538e-06
445.5	-4.20327e-06
446	-3.40918e-06
446.5	-2.51251e-06
447	-1.60121e-06
447.5	-9.03334e-07
448	-5.53472e-07
448.5	-1.31664e-07
449	2.5085e-07
449.5	6.76013e-07
450	9.34566e-07
450.5	6.10859e-07
451	6.88671e-07
451.5	1.0203e-06
452	8.25373e-07
452.5	2.83907e-07
453	-4.32987e-07
453.5	-1.29532e-06
454	-4.25836e-06
454.5	-4.47761e-06
455	-4.74867e-06
455.5	-4.99941e-06
456	-4.45071e-06
456.5	7.24009e-06
457	2.18982e-06
457.5	-1.79266e-06
458	-2.63169e-06
458.5	-4.80653e-06
459	-4.32201e-06
459.5	-4.08402e-06
460	-4.28276e-06
460.5	-4.56347e-06
461	-4.46602e-06
461.5	-4.30541e-06
462	-4.26902e-06
462.5	-4.16821e-06
463	-3.9627e-06
463.5	-4.06989e-06
464	-4.07754e-06
464.5	-3.88902e-06
465	-3.80219e-06
465.5	-3.95379e-06
466	-4.70921e-06
466.5	-5.09446e-06
467	-5.59441e-06
467.5	-5.70603e-06
468	-1.10366e-06
468.5	-6.3589e-07
469	-1.6489e-06
469.5	-2.39435e-06
470	-3.05726e-06
470.5	-5.04332e-06
471	-8.5127e-06
471.5	-5.98175e-06
472	-4.80019e-06
472.5	-6.24891e-06
473	-1.03144e-05
473.5	-7.20486e-06
474	-9.91129e-06
474.5	-1.1406e-05
475	-8.71947e-06
475.5	-9.72062e-06
476	-6.14194e-06
476.5	-7.95958e-06
477	-1.21837e-05
477.5	-1.13096e-05
478	-1.17228e-05
478.5	-8.0433e-05
479	2.87854e-05
479.5	4.26819e-06
480	0.000374888
480.5	0.000203732
481	-9.6663e-05
481.5	-0.000167261
482	-0.000125889
482.5	-3.28674e-05
483	-7.43692e-05
483.5	2.68151e-05
484	-0.00012449
484.5	0.000346403
485	0.000334995
485.5	0.000213855
486	-7.701e-05
486.5	-5.44483e-05
487	-2.20445e-05
487.5	-9.02119e-06
488	-3.91263e-06
488.5	-2.28754e-06
489	-2.21413e-06
489.5	-2.87491e-06
490	-3.63248e-06
490.5	-4.49001e-06
491	-5.29239e-06
491.5	-5.90694e-06
492	-6.48187e-06
492.5	-7.06447e-06
493	-7.72902e-06
493.5	-8.11509e-06
494	-8.2281e-06
494.5	-8.53914e-06
495	-8.89745e-06
495.5	-2.12224e-06
496	-1.16724e-06
496.5	-1.09272e-06
497	1.14224e-06
497.5	3.79378e-06
498	1.73377e-06
498.5	-8.91967e-07
499	-1.84954e-06
499.5	-7.82264e-07
500	-4.33382e-07
500.5	-9.13571e-07
501	-1.17944e-06
501.5	-1.16413e-06
502	-9.84742e-07
502.5	-8.07363e-07
503	-4.42475e-07
503.5	-9.43584e-08
504	-1.42568e-08
504.5	-6.5114e-08
505	-2.92664e-07
505.5	-6.21744e-07
506	-6.72985e-07
506.5	-7.28384e-07
507	-9.63633e-07
507.5	-1.3619e-06
508	-1.82928e-06
508.5	-2.30861e-06
509	-2.56073e-06
509.5	-2.53795e-06
510	3.85914e-06
510.5	5.74165e-06
511	5.11091e-06
511.5	3.57987e-06
512	2.84947e-06
512.5	3.62805e-06
513	2.21048e-06
513.5	7.55054e-07
514	1.60111e-07
514.5	3.2138e-07
515	9.12914e-07
515.5	1.21375e-06
516	8.61877e-07
516.5	2.61202e-07
517	2.42932e-08
517.5	1.6764e-08
518	-8.64839e-08
518.5	-1.85786e-08
519	-1.22167e-07
519.5	-2.86199e-07
520	-1.35431e-07
520.5	5.74991e-07
521	1.4511e-06
521.5	2.02384e-06
522	2.11908e-06
522.5	1.91824e-06
523	1.42911e-06
523.5	7.92828e-07
524	2.22422e-07
524.5	9.37874e-09
525	-8.26563e-08
525.5	-3.69144e-07
526	5.64594e-06
526.5	3.977e-06
527	3.20452e-06
527.5	2.15147e-06
528	1.48187e-06
528.5	7.44555e-07
529	4.14195e-07
529.5	-8.40778e-09
530	-2.44733e-07
530.5	-3.30735e-08
531	-1.25888e-07
531.5	5.44969e-08
532	1.38232e-07
532.5	9.41776e-08
533	-2.29347e-07
533.5	-5.2753e-07
534	-8.99828e-07
534.5	-1.28058e-06
535	-1.54861e-06
535.5	-1.94682e-06
536	-1.98244e-06
536.5	-1.94662e-06
537	-1.97305e-06
537.5	-1.98285e-06
538	-2.02453e-06
538.5	-2.07718e-06
539	-2.07897e-06
539.5	1.01671e-06
540	1.46157e-06
540.5	3.86637e-06
541	4.22386e-06
541.5	8.57317e-06
542	4.97238e-06
542.5	8.85402e-07
543	7.62987e-08
543.5	1.00981e-06
544	2.82496e-06
544.5	3.50263e-06
545	3.89356e-06
545.5	4.05972e-06
546	4.12357e-06
546.5	4.07938e-06
547	3.8755e-06
547.5	3.4736e-06
548	3.00811e-06
548.5	2.56887e-06
549	2.20023e-06
549.5	1.87162e-06
550	1.52464e-06
550.5	1.10321e-06
551	7.64053e-07
551.5	3.77734e-07
552	-1.67064e-07
552.5	-6.09836e-07
553	-1.05582e-06
553.5	-1.41299e-06
554	-1.86755e-06
554.5	-2.30332e-06
555	-8.50558e-07
555.5	8.4577e-07
556	-9.61535e-07
556.5	-1.38175e-06
557	-4.61254e-06
557.5	-3.59609e-06
558	-3.10031e-06
558.5	-1.98887e-06
559	-1.33713e-06
559.5	-1.02937e-06
560	-7.72161e-07
560.5	-6.62776e-07
561	-5.82976e-07
561.5	-6.06681e-07
562	-6.61198e-07
562.5	-5.14899e-07
563	-6.22927e-07
563.5	-7.92899e-07
564	-9.27578e-07
564.5	-1.16635e-06
565	-1.29e-06
565.5	-1.40886e-06
566	-1.6694e-06
566.5	-2.00183e-06
567	-2.5562e-06
567.5	-3.13378e-06
568	-3.15216e-06
568.5	-4.12033e-06
569	-7.28027e-07
569.5	3.10604e-07
570	-3.97663e-07
570.5	-2.53631e-06
571	-3.37073e-06
571.5	-4.68981e-06
572	-5.10628e-06
572.5	-5.65794e-06
573	-6.22508e-06
573.5	-8.825e-06
574	-6.75205e-06
574.5	-6.26086e-06
575	-5.75684e-06
575.5	-5.07439e-06
576	-4.56785e-06
576.5	-4.10097e-06
577	-5.05532e-06
577.5	-4.23158e-06
578	-3.67311e-06
578.5	-3.80983e-06
579	-3.74957e-06
579.5	-3.47126e-06
580	-3.07696e-06
580.5	-2.63259e-06
581	-2.22565e-06
581.5	-1.99666e-06
582	-1.88063e-06
582.5	2.28555e-06
583	9.98936e-07
583.5	1.44471e-06
584	4.58768e-06
584.5	4.70632e-06
585	1.85027e-06
585.5	-7.55851e-07
586	-1.76323e-06
586.5	-3.36202e-06
587	-4.28719e-06
587.5	-4.77176e-06
588	-4.8358e-06
588.5	-4.7892e-06
589	-4.77252e-06
589.5	-5.05249e-06
590	-5.46278e-06
590.5	-7.39841e-06
591	-8.19189e-06
591.5	-8.12148e-06
592	-6.48121e-06
592.5	-9.03517e-06
593	-8.34785e-06
593.5	-7.91068e-06
594	-7.17863e-06
594.5	-6.53314e-06
595	-7.92559e-06
595.5	-7.60847e-06
596	-7.08253e-06
596.5	-8.99722e-06
597	-8.4091e-06
597.5	-9.26153e-06
598	-1.27932e-05
598.5	-1.18155e-05
599	-7.62163e-06
599.5	-6.00558e-06
600	-1.35178e-05
600.5	-1.74083e-05
601	-2.75869e-05
601.5	-0.00015961
602	8.56702e-05
602.5	-5.0117e-05
603	0.00102895
603.5	0.000468763
604	8.1168e-05
604.5	-0.000101583
605	-6.41196e-05
605.5	-4.258e-05
606	-2.55447e-05
606.5	-3.04196e-05
607	-6.95311e-05
607.5	6.24446e-05
608	-1.96615e-05
608.5	-3.68013e-06
609	0.000614971
609.5	0.000290618
610	4.58257e-05
610.5	-0.000108767
611	-0.00010804
611.5	-0.000144049
612	-9.06212e-05
612.5	-4.2761e-05
613	4.9772e-06
613.5	4.00672e-06
614	9.42299e-07
614.5	-1.51258e-06
615	-3.28912e-06
615.5	-4.62089e-06
616	-5.52954e-06
616.5	-6.19772e-06
617	-6.77752e-06
617.5	-7.59253e-06
618	-8.43904e-06
618.5	-9.09712e-06
619	-9.75819e-06
619.5	-1.04917e-05
620	2.50805e-06
620.5	2.7434e-06
621	2.47674e-07
621.5	-1.39454e-06
622	-5.15872e-06
622.5	-6.15869e-06
623	-5.87832e-06
623.5	-4.5251e-06
624	-3.77986e-06
624.5	-3.0116e-06
625	-2.31353e-06
625.5	-1.64306e-06
626	-1.07635e-06
626.5	-5.25257e-07
627	-6.1803e-08
627.5	1.68686e-07
628	4.11178e-07
628.5	6.85114e-07
629	8.76971e-07
629.5	8.7375e-07
630	7.23557e-07
630.5	4.20588e-07
631	1.77371e-07
631.5	1.18299e-08
632	3.21284e-08
632.5	-3.10475e-08
633	-2.79674e-07
633.5	-5.82886e-07
634	-9.42526e-07
634.5	-1.72725e-06
635	-2.42621e-06
635.5	2.14613e-06
636	1.66191e-06
636.5	3.13962e-06
637	2.40228e-06
637.5	-1.58002e-07
638	-4.64139e-07
638.5	1.28543e-07
639	9.25543e-07
639.5	9.36105e-07
640	9.04717e-07
640.5	1.39777e-06
641	1.7202e-06
641.5	1.87784e-06
642	1.74629e-06
642.5	1.49031e-06
643	1.02526e-06
643.5	5.29231e-07
644	7.68921e-08
644.5	-3.38736e-07
645	-7.11389e-07
645.5	-1.13508e-06
646	-1.39761e-06
646.5	-1.48071e-06
647	-1.40596e-06
647.5	-1.32637e-06
648	-1.13425e-06
648.5	-1.03973e-06
649	-1.123e-06
649.5	-1.33409e-06
650	-1.78297e-06
650.5	-2.44223e-06
651	1.88909e-06
651.5	2.76553e-06
652	-2.31835e-06
652.5	-8.28513e-08
653	-6.91921e-08
653.5	-2.1719e-06
654	-2.39554e-06
654.5	-4.34121e-06
655	-3.88438e-06
655.5	-2.76097e-06
656	-2.25768e-06
656.5	-1.95346e-06
657	-1.94263e-06
657.5	-1.86953e-06
658	-1.67398e-06
658.5	-1.36905e-06
659	-1.08306e-06
659.5	-8.79615e-07
660	-8.33607e-07
660.5	-8.11643e-07
661	-9.46984e-07
661.5	-1.20317e-06
662	-1.4301e-06
662.5	-1.85078e-06
663	-1.94042e-06
663.5	-1.71032e-06
664	-1.4133e-06
664.5	-1.24989e-06
665	-6.01254e-08
665.5	-1.67721e-06
666	-2.50266e-06
666.5	5.20344e-06
667	3.80989e-06
667.5	1.21936e-06
668	1.01911e-06
668.5	-4.13219e-08
669	-3.17101e-07
669.5	-1.9168e-07
670	2.88469e-07
670.5	2.75883e-07
671	2.24918e-07
671.5	3.04486e-07
672	2.74343e-07
672.5	2.33039e-07
673	1.64122e-07
673.5	1.14369e-07
674	6.24786e-08
674.5	-1.76204e-08
675	-1.5229e-07
675.5	-3.19492e-07
676	-6.57093e-07
676.5	-1.21378e-06
677	-1.93727e-06
677.5	-2.67747e-06
678	-3.42084e-06
678.5	-3.88254e-06
679	-4.21767e-06
679.5	-4.59824e-06
680	-4.69766e-06
680.5	1.61624e-07
681	1.14496e-06
681.5	1.42669e-06
682	3.61882e-06
682.5	2.7665e-06
683	1.00503e-06
683.5	1.05931e-06
684	-1.42539e-06
684.5	-2.10045e-06
685	-3.04971e-06
685.5	-3.62685e-06
686	-3.63894e-06
686.5	-3.56912e-06
687	-3.48753e-06
687.5	-3.26895e-06
688	-3.05681e-06
688.5	-2.91291e-06
689	-2.63227e-06
689.5	1.17004e-06
690	1.61073e-06
690.5	1.12909e-06
691	3.67434e-07
691.5	-1.52655e-06
692	-1.49168e-06
692.5	-1.81554e-06
693	-2.09806e-06
693.5	-2.53725e-06
694	-3.02795e-06
694.5	9.98018e-07
695	3.08753e-06
695.5	1.45119e-06
696	-1.30551e-06
696.5	-8.64212e-07
697	-2.8798e-06
697.5	-4.28046e-06
698	-2.84414e-06
698.5	-4.19998e-06
699	-2.91584e-06
699.5	-2.30319e-06
700	-5.00674e-06
700.5	-3.05826e-06
701	-2.17366e-06
701.5	-1.98612e-06
702	-2.52891e-06
702.5	-3.31097e-06
703	-2.61793e-06
703.5	-2.60438e-06
704	-6.48909e-06
704.5	-5.81833e-06
705	-3.99447e-06
705.5	-3.26519e-06
706	-4.0078e-06
706.5	-4.42984e-06
707	-8.19349e-06
707.5	-6.41924e-06
708	-9.91534e-06
708.5	-1.77749e-05
709	-1.65421e-05
709.5	-1.80051e-05
710	-1.43025e-05
710.5	-7.6643e-06
711	-5.18971e-06
711.5	-1.98483e-05
712	5.08917e-06
712.5	-8.68529e-05
713	0.000612116
713.5	0.00095594
714	0.000383612
714.5	-5.58104e-05
715	-7.42724e-05
715.5	-4.57961e-05
716	-3.2717e-05
716.5	-6.84163e-05
717	2.29085e-05
717.5	-1.90111e-05
718	0.000172414
718.5	0.000905211
719	0.000287466
719.5	3.8404e-05
720	-6.22531e-05
720.5	-7.82719e-05
721	-1.7879e-05
721.5	-6.92563e-06
722	-2.93875e-06
722.5	-1.10751e-06
723	-3.58437e-07
723.5	-1.8978e-07
724	-4.07777e-07
724.5	-8.97925e-07
725	-1.36435e-06
725.5	-1.79499e-06
726	-2.31323e-06
726.5	-2.89257e-06
727	-3.62781e-06
727.5	-4.69916e-06
728	-5.89313e-06
728.5	-6.79781e-06
729	-7.47421e-06
729.5	-8.06411e-06
730	-8.81539e-06
730.5	-9.734e-06
731	-8.68001e-06
731.5	4.86311e-06
732	-3.90021e-06
732.5	-8.26921e-05
733	-2.09622e-05
733.5	-9.13828e-06
734	1.41557e-05
734.5	9.26078e-06
735	4.52331e-06
735.5	6.7522e-07
736	-1.53728e-06
736.5	-2.66605e-06
737	-3.18109e-06
737.5	-3.60335e-06
738	-3.94219e-06
738.5	-4.17122e-06
739	-4.39108e-06
739.5	-4.51618e-06
740	-4.39679e-06
740.5	-4.26593e-06
741	-4.05635e-06
741.5	-4.0487e-06
742	-4.24412e-06
742.5	-4.53074e-06
743	-4.85676e-06
743.5	-5.14234e-06
744	-5.40961e-06
744.5	-5.53891e-06
745	-5.69173e-06
745.5	-6.29571e-06
746	-6.64248e-06
746.5	-6.99279e-06
747	-7.4268e-06
747.5	3.61907e-06
748	7.46514e-06
748.5	3.44404e-06
749	-1.49874e-06
749.5	-3.4962e-06
750	-3.93089e-06
750.5	-3.82524e-06
751	-3.55024e-06
751.5	-3.30573e-06
752	-2.91188e-06
752.5	-2.56645e-06
753	-2.48004e-06
753.5	-2.36627e-06
754	-2.39573e-06
754.5	-2.47129e-06
755	-2.56348e-06
755.5	-2.91445e-06
756	-3.58909e-06
756.5	-4.14058e-06
757	-4.7117e-06
757.5	-5.38969e-06
758	-5.735e-06
758.5	-5.89355e-06
759	-6.10871e-06
759.5	-6.43187e-06
760	-6.68551e-06
760.5	-5.98448e-06
761	-5.15761e-06
761.5	1.82134e-06
762	1.7717e-06
762.5	-5.88958e-07
763	-2.44756e-06
763.5	-1.33357e-06
764	-5.33184e-07
764.5	-1.11144e-06
765	-1.86352e-06
765.5	-2.57583e-06
766	-2.69872e-06
766.5	-2.82751e-06
767	-3.78331e-06
767.5	-4.78967e-06
768	-5.57385e-06
768.5	-6.13806e-06
769	-6.29662e-06
769.5	-6.31344e-06
770	-6.41805e-06
770.5	-6.46763e-06
771	-6.44703e-06
771.5	-6.28104e-06
772	-6.13063e-06
772.5	-6.12102e-06
773	-6.15519e-06
773.5	-6.34012e-06
774	-6.53992e-06
774.5	-6.9143e-06
775	-7.50646e-06
775.5	-8.04238e-06
776	-8.41622e-06
776.5	-4.29981e-06
777	-1.11063e-06
777.5	-5.06083e-06
778	-6.33732e-06
778.5	-5.14357e-06
779	-4.59781e-06
779.5	-6.62068e-06
780	-4.26518e-06
780.5	-4.75796e-06
781	-4.88505e-06
781.5	-4.67267e-06
782	-4.04154e-06
782.5	-2.93785e-06
783	-2.55665e-06
783.5	-2.24895e-06
784	-2.10277e-06
784.5	-2.13013e-06
785	-2.20773e-06
785.5	-3.63683e-06
786	-2.68411e-06
786.5	-2.44121e-06
787	-2.48173e-06
787.5	-2.6036e-06
788	-2.60293e-06
788.5	-1.34973e-06
789	1.13616e-06
789.5	9.94762e-07
790	6.50379e-07
790.5	3.43276e-07
791	9.29571e-08
791.5	1.16719e-06
792	-1.63248e-06
792.5	-1.05488e-06
793	-2.05721e-06
793.5	-2.86706e-06
794	-3.77307e-06
794.5	-7.97293e-06
795	-8.21627e-06
795.5	-6.78143e-06
796	-6.08923e-06
796.5	-5.71833e-06
797	-5.32269e-06
797.5	-5.06708e-06
798	-4.83132e-06
798.5	-4.54243e-06
799	-4.55195e-06
799.5	-4.69925e-06
800	-5.61177e-06
800.5	-5.01942e-06
801	-4.90758e-06
801.5	-4.82204e-06
802	-4.7337e-06
802.5	-4.77965e-06
803	-4.72805e-06
803.5	-4.8801e-06
804	-3.62539e-06
804.5	-3.79955e-06
805	-5.95549e-06
805.5	-7.21773e-06
806	-4.08363e-06
806.5	-4.6137e-06
807	-5.78421e-06
807.5	-6.02591e-06
808	-5.04671e-06
808.5	-3.65688e-06
809	-8.21727e-06
809.5	-6.65656e-06
810	-5.81752e-06
810.5	-6.00465e-06
811	-8.15423e-06
811.5	-6.57805e-06
812	-5.79592e-06
812.5	-5.34802e-06
813	-7.34258e-06
813.5	-6.30653e-06
814	-3.81185e-06
814.5	-5.42068e-06
815	-3.88934e-06
815.5	-3.62154e-06
816	-3.08013e-06
816.5	-2.6924e-06
817	-2.42126e-06
817.5	-2.32184e-06
818	-2.19097e-06
818.5	-1.49971e-06
819	-1.32508e-06
819.5	-2.26583e-06
820	-8.55343e-07
820.5	-3.67086e-06
821	-5.79676e-06
821.5	-8.25078e-06
822	-8.30084e-06
822.5	-9.02406e-06
823	-8.20316e-06
823.5	-3.85951e-06
824	-5.98723e-06
824.5	-8.04074e-06
825	-4.03198e-06
825.5	-6.70743e-06
826	-7.18448e-06
826.5	-8.79345e-06
827	-1.45078e-05
827.5	-1.85452e-05
828	-0.000106357
828.5	5.49312e-05
829	0.000199349
829.5	0.000295109
830	7.00948e-05
830.5	-0.000222585
831	-0.000128506
831.5	-3.31961e-05
832	-2.12145e-05
832.5	-4.57524e-05
833	3.02833e-05
833.5	-6.19147e-05
834	0.000474642
834.5	0.000213945
835	3.90286e-05
835.5	-9.79913e-05
836	-4.87893e-05
836.5	-2.0085e-05
837	-8.13206e-06
837.5	-3.9361e-06
838	-3.36204e-06
838.5	-6.95469e-07
839	-1.73573e-06
839.5	2.18289e-07
840	5.28112e-07
840.5	-9.61752e-07
841	3.47921e-07
841.5	1.84379e-07
842	3.68343e-08
842.5	-1.35967e-08
843	-3.85565e-07
843.5	-8.4539e-07
844	-1.24665e-06
844.5	-1.37858e-06
845	-1.38217e-06
845.5	-1.41901e-06
846	5.48064e-06
846.5	8.93329e-06
847	7.64136e-06
847.5	4.2354e-06
848	2.7877e-06
848.5	9.73275e-07
849	-3.23198e-08
849.5	-6.60887e-07
850	-1.1612e-06
850.5	3.05087e-07
851	1.36166e-06
851.5	1.50828e-06
852	9.52286e-07
852.5	5.39362e-07
853	-1.35553e-08
853.5	-6.53876e-07
854	-1.58047e-07
854.5	-6.76663e-07
855	-1.43182e-06
855.5	-1.80269e-06
856	-2.25531e-06
856.5	-2.38728e-06
857	-2.38286e-06
857.5	-2.42749e-06
858	-2.52213e-06
858.5	-2.71108e-06
859	-3.05966e-06
859.5	-3.47232e-06
860	-3.72872e-06
860.5	-4.19319e-06
861	7.43881e-06
861.5	-1.84048e-05
862	-8.68882e-05
862.5	-1.8554e-05
863	2.05462e-05
863.5	2.71581e-05
864	1.64345e-05
864.5	1.0187e-05
865	6.54688e-06
865.5	4.13221e-06
866	2.61949e-06
866.5	1.36825e-06
867	4.71994e-07
867.5	-4.98585e-07
868	-1.29183e-06
868.5	-1.79702e-06
869	-2.22706e-06
869.5	-2.64316e-06
870	-3.12182e-06
870.5	-3.71274e-06
871	-4.74956e-06
871.5	-5.81021e-06
872	-6.99866e-06
872.5	-8.36637e-06
873	-1.07906e-05
873.5	-3.12561e-05
874	-0.000201046
874.5	0.000176164
875	7.05047e-05
875.5	4.97199e-05
876	-0.000114751
876.5	-7.00434e-05
877	-3.07218e-05
877.5	-1.21979e-05
878	-4.43746e-06
878.5	-5.51125e-06
879	-3.77175e-06
879.5	-3.41387e-06
880	-3.95381e-06
880.5	-4.62914e-06
881	-5.8433e-06
881.5	-6.31147e-06
882	-5.99975e-06
882.5	-5.5685e-06
883	-5.22188e-06
883.5	-4.87564e-06
884	-4.679e-06
884.5	-4.54734e-06
885	-4.53897e-06
885.5	-4.61175e-06
886	-4.62761e-06
886.5	-4.71083e-06
887	-4.88674e-06
887.5	-4.96785e-06
888	-4.87043e-06
888.5	-4.91469e-06
889	-4.85486e-06
889.5	-4.35756e-06
890	-3.1764e-06
890.5	-2.36295e-06
891	-1.76505e-06
891.5	1.04534e-05
892	8.40454e-06
892.5	5.06746e-06
893	3.63192e-06
893.5	2.08889e-06
894	1.14563e-06
894.5	7.15151e-07
895	7.87413e-07
895.5	1.01055e-06
896	1.40468e-06
896.5	1.61076e-06
897	4.21505e-06
897.5	5.83838e-06
898	6.07635e-06
898.5	6.07605e-06
899	5.90122e-06
899.5	5.61655e-06
900	5.15655e-06
900.5	4.66696e-06
901	4.07215e-06
901.5	3.42674e-06
902	2.78304e-06
902.5	2.16233e-06
903	1.69403e-06
903.5	1.35648e-06
904	1.73495e-06
904.5	-5.49637e-07
905	-2.66636e-06
905.5	-3.93299e-06
906	-4.76797e-06
906.5	-1.26845e-06
907	4.75606e-06
907.5	2.35409e-06
908	1.61876e-06
908.5	1.1462e-06
909	-9.92344e-07
909.5	-1.81568e-06
910	-2.29903e-06
910.5	-3.71006e-06
911	-4.34865e-06
911.5	-3.41616e-06
912	-2.78596e-06
912.5	-2.14651e-06
913	-1.43689e-06
913.5	-8.54923e-07
914	-4.81673e-07
914.5	-2.17808e-07
915	-3.26063e-07
915.5	-4.7449e-07
916	-4.14145e-07
916.5	-4.11937e-07
917	-4.37911e-07
917.5	-5.6707e-07
918	-9.51377e-07
918.5	-1.20964e-06
919	-1.45567e-06
919.5	7.26867e-08
920	6.63565e-06
920.5	7.2927e-06
921	5.23771e-06
921.5	3.75497e-06
922	2.3992e-06
922.5	1.20513e-06
923	1.00896e-06
923.5	6.84846e-07
924	3.70869e-07
924.5	-3.77483e-07
925	1.80845e-07
925.5	-8.4856e-07
926	7.49858e-07
926.5	5.97834e-07
927	5.71737e-07
927.5	5.1369e-07
928	4.06199e-07
928.5	3.22088e-07
929	1.69515e-07
929.5	-8.69273e-08
930	-1.24781e-07
930.5	-4.88386e-08
931	9.86519e-08
931.5	1.40019e-07
932	9.00962e-08
932.5	7.49912e-08
933	-1.03816e-07
933.5	2.25999e-06
934	3.76298e-06
934.5	2.61552e-06
935	1.55218e-06
935.5	1.0294e-06
936	2.13471e-06
936.5	2.97896e-06
937	2.81192e-06
937.5	9.51105e-07
938	5.90476e-07
938.5	-6.09996e-07
939	2.67859e-07
939.5	9.01599e-07
940	1.19776e-06
940.5	1.28144e-06
941	6.0734e-07
941.5	-1.33061e-06
942	-3.62904e-07
942.5	-1.69798e-07
943	-2.0448e-06
943.5	-1.05391e-06
944	-1.09329e-06
944.5	-1.29398e-06
945	-1.86405e-06
945.5	-2.64921e-06
946	-1.92788e-06
946.5	-1.54897e-06
947	-1.29931e-06
947.5	-1.20924e-06
948	-6.4471e-07
948.5	-1.7035e-07
949	1.09277e-06
949.5	2.08324e-06
950	1.99151e-06
950.5	1.48119e-06
951	1.75855e-06
951.5	1.49836e-06
952	-9.32546e-07
952.5	-1.60663e-06
953	-1.7105e-06
953.5	-1.90132e-06
954	-2.00383e-06
954.5	-2.30106e-06
955	-4.06965e-06
955.5	-3.46333e-06
956	-3.38103e-06
956.5	-3.50701e-06
957	-4.5154e-06
957.5	-4.53409e-06
958	-7.66703e-06
958.5	-9.81377e-06
959	-9.75163e-06
959.5	-7.32209e-06
960	-7.14163e-06
960.5	-6.98761e-06
961	-5.87448e-06
961.5	-5.36726e-06
962	-7.92209e-06
962.5	-1.07781e-05
963	-8.25788e-06
963.5	-7.81861e-06
964	-4.30858e-06
964.5	-1.00042e-06
965	-1.00377e-05
965.5	-2.13885e-05
966	-3.0908e-05
966.5	-0.000119281
967	0.00123087
967.5	0.000844247
968	-5.24798e-05
968.5	-9.06158e-05
969	-5.98782e-05
969.5	-3.08275e-05
970	-1.87005e-05
970.5	-1.63978e-05
971	-2.07136e-05
971.5	-0.000109502
972	4.7091e-05
972.5	-0.000206346
973	0.000140663
973.5	0.000959522
974	0.000403597
974.5	9.70342e-05
975	-0.000109928
975.5	-4.04927e-05
976	-1.96343e-05
976.5	-8.94063e-06
977	-3.5301e-06
977.5	-1.02875e-06
978	-7.7505e-08
978.5	8.77952e-08
979	-4.37894e-08
979.5	-5.49918e-07
980	-1.19369e-06
980.5	-1.99233e-06
981	-2.98275e-06
981.5	-3.99172e-06
982	-4.83187e-06
982.5	-5.59202e-06
983	-6.2198e-06
983.5	-6.89722e-06
984	-7.4888e-06
984.5	-8.06186e-06
985	-4.51328e-06
985.5	-6.86609e-06
986	-6.80501e-06
986.5	4.32168e-06
987	7.14217e-07
987.5	-1.35517e-06
988	-3.77343e-06
988.5	-5.05962e-06
989	-4.85989e-06
989.5	-4.49529e-06
990	-3.83355e-06
990.5	-3.65811e-06
991	-3.59511e-06
991.5	-3.62585e-06
992	-3.76727e-06
992.5	-3.88413e-06
993	-3.9078e-06
993.5	-3.96838e-06
994	-3.99165e-06
994.5	-4.01084e-06
995	-4.0332e-06
995.5	-4.06461e-06
996	-4.16376e-06
996.5	-4.46775e-06
997	-4.60633e-06
997.5	-4.69013e-06
998	-4.66586e-06
998.5	-4.53273e-06
999	-4.50474e-06
999.5	-4.23538e-06
1000	-3.50801e-06
