secname	pos	x	y	z	dist	diam	cm	Ra	gmax_ch_CavL	gmax_ch_CavN	gmax_ch_HCN	gmax_ch_HCNolm	gmax_ch_HCNp	gmax_ch_KCaS	gmax_ch_Kdrfast	gmax_ch_Kdrfastngf	gmax_ch_Kdrp	gmax_ch_Kdrslow	gmax_ch_KvA	gmax_ch_KvAdistp	gmax_ch_KvAngf	gmax_ch_KvAolm	gmax_ch_KvAproxp	gmax_ch_KvCaB	gmax_ch_KvGroup	gmax_ch_KvM	gmax_ch_Nav	gmax_ch_Navaxonp	gmax_ch_Navbis	gmax_ch_Navcck	gmax_ch_Navngf	gmax_ch_Navp	gmax_ch_leak
pvbasketcell[0].soma[0]	0	2130.33	213.5	125	0	10	1.4	100	0.005	0.0008	0	0	0	2e-06	0.013	0	0	0	0.00015	0	0	0	0	2e-07	0	0	0	0.15	0	0	0	0	0.000180018
pvbasketcell[0].soma[0]	0.5	2130.33	213.5	125	10	10	1.4	100	0.005	0.0008	0	0	0	2e-06	0.013	0	0	0	0.00015	0	0	0	0	2e-07	0	0	0	0.15	0	0	0	0	0.000180018
pvbasketcell[0].soma[0]	1	2130.33	213.5	125	20	10	1.4	100	0.005	0.0008	0	0	0	2e-06	0.013	0	0	0	0.00015	0	0	0	0	2e-07	0	0	0	0.15	0	0	0	0	0.000180018
pvbasketcell[0].dend[0]	0	2130.33	233.5	125	20	4	1.4	100	0.005	0.0008	0	0	0	2e-06	0.013	0	0	0	0.00015	0	0	0	0	2e-07	0	0	0	0.15	0	0	0	0	0.000180018
pvbasketcell[0].dend[0]	0.5	2130.33	233.5	125	70	4	1.4	100	0.005	0.0008	0	0	0	2e-06	0.013	0	0	0	0.00015	0	0	0	0	2e-07	0	0	0	0.15	0	0	0	0	0.000180018
pvbasketcell[0].dend[0]	1	2130.33	233.5	125	120	4	1.4	100	0.005	0.0008	0	0	0	2e-06	0.013	0	0	0	0.00015	0	0	0	0	2e-07	0	0	0	0.15	0	0	0	0	0.000180018
pvbasketcell[0].dend[1]	0	2169.28	325.606	125	120	3	1.4	100	0.005	0.0008	0	0	0	2e-06	0.013	0	0	0	0.00015	0	0	0	0	2e-07	0	0	0	0.15	0	0	0	0	0.000180018
pvbasketcell[0].dend[1]	0.166667	2169.28	325.606	125	136.667	3	1.4	100	0.005	0.0008	0	0	0	2e-06	0.013	0	0	0	0.00015	0	0	0	0	2e-07	0	0	0	0.15	0	0	0	0	0.000180018
pvbasketcell[0].dend[1]	0.5	2169.28	325.606	125	170	3	1.4	100	0.005	0.0008	0	0	0	2e-06	0.013	0	0	0	0.00015	0	0	0	0	2e-07	0	0	0	0.15	0	0	0	0	0.000180018
pvbasketcell[0].dend[1]	0.833333	2169.28	325.606	125	203.333	3	1.4	100	0.005	0.0008	0	0	0	2e-06	0.013	0	0	0	0.00015	0	0	0	0	2e-07	0	0	0	0.15	0	0	0	0	0.000180018
pvbasketcell[0].dend[1]	1	2169.28	325.606	125	220	3	1.4	100	0.005	0.0008	0	0	0	2e-06	0.013	0	0	0	0.00015	0	0	0	0	2e-07	0	0	0	0.15	0	0	0	0	0.000180018
pvbasketcell[0].dend[2]	0	2208.22	417.712	125	220	2	1.4	100	0.005	0.0008	0	0	0	2e-06	0.013	0	0	0	0.00015	0	0	0	0	2e-07	0	0	0	0.15	0	0	0	0	0.000180018
pvbasketcell[0].dend[2]	0.166667	2208.22	417.712	125	253.333	2	1.4	100	0.005	0.0008	0	0	0	2e-06	0.013	0	0	0	0.00015	0	0	0	0	2e-07	0	0	0	0.15	0	0	0	0	0.000180018
pvbasketcell[0].dend[2]	0.5	2208.22	417.712	125	320	2	1.4	100	0.005	0.0008	0	0	0	2e-06	0.013	0	0	0	0.00015	0	0	0	0	2e-07	0	0	0	0.15	0	0	0	0	0.000180018
pvbasketcell[0].dend[2]	0.833333	2208.22	417.712	125	386.666	2	1.4	100	0.005	0.0008	0	0	0	2e-06	0.013	0	0	0	0.00015	0	0	0	0	2e-07	0	0	0	0.15	0	0	0	0	0.000180018
pvbasketcell[0].dend[2]	1	2208.22	417.712	125	420	2	1.4	100	0.005	0.0008	0	0	0	2e-06	0.013	0	0	0	0.00015	0	0	0	0	2e-07	0	0	0	0.15	0	0	0	0	0.000180018
pvbasketcell[0].dend[3]	0	2286.1	601.924	125	420	1.5	1.4	100	0.005	0.0008	0	0	0	2e-06	0.013	0	0	0	0.00015	0	0	0	0	2e-07	0	0	0	0.15	0	0	0	0	0.000180018
pvbasketcell[0].dend[3]	0.166667	2286.1	601.924	125	436.666	1.5	1.4	100	0.005	0.0008	0	0	0	2e-06	0.013	0	0	0	0.00015	0	0	0	0	2e-07	0	0	0	0.15	0	0	0	0	0.000180018
pvbasketcell[0].dend[3]	0.5	2286.1	601.924	125	470	1.5	1.4	100	0.005	0.0008	0	0	0	2e-06	0.013	0	0	0	0.00015	0	0	0	0	2e-07	0	0	0	0.15	0	0	0	0	0.000180018
pvbasketcell[0].dend[3]	0.833333	2286.1	601.924	125	503.334	1.5	1.4	100	0.005	0.0008	0	0	0	2e-06	0.013	0	0	0	0.00015	0	0	0	0	2e-07	0	0	0	0.15	0	0	0	0	0.000180018
pvbasketcell[0].dend[3]	1	2286.1	601.924	125	520	1.5	1.4	100	0.005	0.0008	0	0	0	2e-06	0.013	0	0	0	0.00015	0	0	0	0	2e-07	0	0	0	0.15	0	0	0	0	0.000180018
pvbasketcell[0].dend[4]	0	2325.04	694.031	125	520	1	1.4	100	0.005	0.0008	0	0	0	2e-06	0.013	0	0	0	0.00015	0	0	0	0	2e-07	0	0	0	0.15	0	0	0	0	0.000180018
pvbasketcell[0].dend[4]	0.166667	2325.04	694.031	125	536.667	1	1.4	100	0.005	0.0008	0	0	0	2e-06	0.013	0	0	0	0.00015	0	0	0	0	2e-07	0	0	0	0.15	0	0	0	0	0.000180018
pvbasketcell[0].dend[4]	0.5	2325.04	694.031	125	570	1	1.4	100	0.005	0.0008	0	0	0	2e-06	0.013	0	0	0	0.00015	0	0	0	0	2e-07	0	0	0	0.15	0	0	0	0	0.000180018
pvbasketcell[0].dend[4]	0.833333	2325.04	694.031	125	603.334	1	1.4	100	0.005	0.0008	0	0	0	2e-06	0.013	0	0	0	0.00015	0	0	0	0	2e-07	0	0	0	0.15	0	0	0	0	0.000180018
pvbasketcell[0].dend[4]	1	2325.04	694.031	125	620	1	1.4	100	0.005	0.0008	0	0	0	2e-06	0.013	0	0	0	0.00015	0	0	0	0	2e-07	0	0	0	0.15	0	0	0	0	0.000180018
pvbasketcell[0].dend[5]	0	2130.33	233.5	125	20	4	1.4	100	0.005	0.0008	0	0	0	2e-06	0.013	0	0	0	0.00015	0	0	0	0	2e-07	0	0	0	0.15	0	0	0	0	0.000180018
pvbasketcell[0].dend[5]	0.5	2130.33	233.5	125	69.9999	4	1.4	100	0.005	0.0008	0	0	0	2e-06	0.013	0	0	0	0.00015	0	0	0	0	2e-07	0	0	0	0.15	0	0	0	0	0.000180018
pvbasketcell[0].dend[5]	1	2130.33	233.5	125	120	4	1.4	100	0.005	0.0008	0	0	0	2e-06	0.013	0	0	0	0.00015	0	0	0	0	2e-07	0	0	0	0.15	0	0	0	0	0.000180018
pvbasketcell[0].dend[6]	0	2091.39	325.606	125	120	3	1.4	100	0.005	0.0008	0	0	0	2e-06	0.013	0	0	0	0.00015	0	0	0	0	2e-07	0	0	0	0.15	0	0	0	0	0.000180018
pvbasketcell[0].dend[6]	0.166667	2091.39	325.606	125	136.667	3	1.4	100	0.005	0.0008	0	0	0	2e-06	0.013	0	0	0	0.00015	0	0	0	0	2e-07	0	0	0	0.15	0	0	0	0	0.000180018
pvbasketcell[0].dend[6]	0.5	2091.39	325.606	125	170	3	1.4	100	0.005	0.0008	0	0	0	2e-06	0.013	0	0	0	0.00015	0	0	0	0	2e-07	0	0	0	0.15	0	0	0	0	0.000180018
pvbasketcell[0].dend[6]	0.833333	2091.39	325.606	125	203.333	3	1.4	100	0.005	0.0008	0	0	0	2e-06	0.013	0	0	0	0.00015	0	0	0	0	2e-07	0	0	0	0.15	0	0	0	0	0.000180018
pvbasketcell[0].dend[6]	1	2091.39	325.606	125	220	3	1.4	100	0.005	0.0008	0	0	0	2e-06	0.013	0	0	0	0.00015	0	0	0	0	2e-07	0	0	0	0.15	0	0	0	0	0.000180018
pvbasketcell[0].dend[7]	0	2052.45	417.712	125	220	2	1.4	100	0.005	0.0008	0	0	0	2e-06	0.013	0	0	0	0.00015	0	0	0	0	2e-07	0	0	0	0.15	0	0	0	0	0.000180018
pvbasketcell[0].dend[7]	0.166667	2052.45	417.712	125	253.333	2	1.4	100	0.005	0.0008	0	0	0	2e-06	0.013	0	0	0	0.00015	0	0	0	0	2e-07	0	0	0	0.15	0	0	0	0	0.000180018
pvbasketcell[0].dend[7]	0.5	2052.45	417.712	125	320	2	1.4	100	0.005	0.0008	0	0	0	2e-06	0.013	0	0	0	0.00015	0	0	0	0	2e-07	0	0	0	0.15	0	0	0	0	0.000180018
pvbasketcell[0].dend[7]	0.833333	2052.45	417.712	125	386.666	2	1.4	100	0.005	0.0008	0	0	0	2e-06	0.013	0	0	0	0.00015	0	0	0	0	2e-07	0	0	0	0.15	0	0	0	0	0.000180018
pvbasketcell[0].dend[7]	1	2052.45	417.712	125	420	2	1.4	100	0.005	0.0008	0	0	0	2e-06	0.013	0	0	0	0.00015	0	0	0	0	2e-07	0	0	0	0.15	0	0	0	0	0.000180018
pvbasketcell[0].dend[8]	0	1974.57	601.924	125	420	1.5	1.4	100	0.005	0.0008	0	0	0	2e-06	0.013	0	0	0	0.00015	0	0	0	0	2e-07	0	0	0	0.15	0	0	0	0	0.000180018
pvbasketcell[0].dend[8]	0.166667	1974.57	601.924	125	436.666	1.5	1.4	100	0.005	0.0008	0	0	0	2e-06	0.013	0	0	0	0.00015	0	0	0	0	2e-07	0	0	0	0.15	0	0	0	0	0.000180018
pvbasketcell[0].dend[8]	0.5	1974.57	601.924	125	470	1.5	1.4	100	0.005	0.0008	0	0	0	2e-06	0.013	0	0	0	0.00015	0	0	0	0	2e-07	0	0	0	0.15	0	0	0	0	0.000180018
pvbasketcell[0].dend[8]	0.833333	1974.57	601.924	125	503.334	1.5	1.4	100	0.005	0.0008	0	0	0	2e-06	0.013	0	0	0	0.00015	0	0	0	0	2e-07	0	0	0	0.15	0	0	0	0	0.000180018
pvbasketcell[0].dend[8]	1	1974.57	601.924	125	520	1.5	1.4	100	0.005	0.0008	0	0	0	2e-06	0.013	0	0	0	0.00015	0	0	0	0	2e-07	0	0	0	0.15	0	0	0	0	0.000180018
pvbasketcell[0].dend[9]	0	1935.62	694.031	125	520	1	1.4	100	0.005	0.0008	0	0	0	2e-06	0.013	0	0	0	0.00015	0	0	0	0	2e-07	0	0	0	0.15	0	0	0	0	0.000180018
pvbasketcell[0].dend[9]	0.166667	1935.62	694.031	125	536.667	1	1.4	100	0.005	0.0008	0	0	0	2e-06	0.013	0	0	0	0.00015	0	0	0	0	2e-07	0	0	0	0.15	0	0	0	0	0.000180018
pvbasketcell[0].dend[9]	0.5	1935.62	694.031	125	570	1	1.4	100	0.005	0.0008	0	0	0	2e-06	0.013	0	0	0	0.00015	0	0	0	0	2e-07	0	0	0	0.15	0	0	0	0	0.000180018
pvbasketcell[0].dend[9]	0.833333	1935.62	694.031	125	603.334	1	1.4	100	0.005	0.0008	0	0	0	2e-06	0.013	0	0	0	0.00015	0	0	0	0	2e-07	0	0	0	0.15	0	0	0	0	0.000180018
pvbasketcell[0].dend[9]	1	1935.62	694.031	125	620	1	1.4	100	0.005	0.0008	0	0	0	2e-06	0.013	0	0	0	0.00015	0	0	0	0	2e-07	0	0	0	0.15	0	0	0	0	0.000180018
pvbasketcell[0].dend[10]	0	2130.33	213.5	125	0	2	1.4	100	0.005	0.0008	0	0	0	2e-06	0.013	0	0	0	0.00015	0	0	0	0	2e-07	0	0	0	0.15	0	0	0	0	0.000180018
pvbasketcell[0].dend[10]	0.166667	2130.33	213.5	125	16.6667	2	1.4	100	0.005	0.0008	0	0	0	2e-06	0.013	0	0	0	0.00015	0	0	0	0	2e-07	0	0	0	0.15	0	0	0	0	0.000180018
pvbasketcell[0].dend[10]	0.5	2130.33	213.5	125	50	2	1.4	100	0.005	0.0008	0	0	0	2e-06	0.013	0	0	0	0.00015	0	0	0	0	2e-07	0	0	0	0.15	0	0	0	0	0.000180018
pvbasketcell[0].dend[10]	0.833333	2130.33	213.5	125	83.3333	2	1.4	100	0.005	0.0008	0	0	0	2e-06	0.013	0	0	0	0.00015	0	0	0	0	2e-07	0	0	0	0.15	0	0	0	0	0.000180018
pvbasketcell[0].dend[10]	1	2130.33	213.5	125	99.9999	2	1.4	100	0.005	0.0008	0	0	0	2e-06	0.013	0	0	0	0.00015	0	0	0	0	2e-07	0	0	0	0.15	0	0	0	0	0.000180018
pvbasketcell[0].dend[11]	0	2091.39	121.394	125	99.9999	1.5	1.4	100	0.005	0.0008	0	0	0	2e-06	0.013	0	0	0	0.00015	0	0	0	0	2e-07	0	0	0	0.15	0	0	0	0	0.000180018
pvbasketcell[0].dend[11]	0.166667	2091.39	121.394	125	116.667	1.5	1.4	100	0.005	0.0008	0	0	0	2e-06	0.013	0	0	0	0.00015	0	0	0	0	2e-07	0	0	0	0.15	0	0	0	0	0.000180018
pvbasketcell[0].dend[11]	0.5	2091.39	121.394	125	150	1.5	1.4	100	0.005	0.0008	0	0	0	2e-06	0.013	0	0	0	0.00015	0	0	0	0	2e-07	0	0	0	0.15	0	0	0	0	0.000180018
pvbasketcell[0].dend[11]	0.833333	2091.39	121.394	125	183.333	1.5	1.4	100	0.005	0.0008	0	0	0	2e-06	0.013	0	0	0	0.00015	0	0	0	0	2e-07	0	0	0	0.15	0	0	0	0	0.000180018
pvbasketcell[0].dend[11]	1	2091.39	121.394	125	200	1.5	1.4	100	0.005	0.0008	0	0	0	2e-06	0.013	0	0	0	0.00015	0	0	0	0	2e-07	0	0	0	0.15	0	0	0	0	0.000180018
pvbasketcell[0].dend[12]	0	2052.45	29.288	125	200	1	1.4	100	0.005	0.0008	0	0	0	2e-06	0.013	0	0	0	0.00015	0	0	0	0	2e-07	0	0	0	0.15	0	0	0	0	0.000180018
pvbasketcell[0].dend[12]	0.166667	2052.45	29.288	125	216.666	1	1.4	100	0.005	0.0008	0	0	0	2e-06	0.013	0	0	0	0.00015	0	0	0	0	2e-07	0	0	0	0.15	0	0	0	0	0.000180018
pvbasketcell[0].dend[12]	0.5	2052.45	29.288	125	250	1	1.4	100	0.005	0.0008	0	0	0	2e-06	0.013	0	0	0	0.00015	0	0	0	0	2e-07	0	0	0	0.15	0	0	0	0	0.000180018
pvbasketcell[0].dend[12]	0.833333	2052.45	29.288	125	283.333	1	1.4	100	0.005	0.0008	0	0	0	2e-06	0.013	0	0	0	0.00015	0	0	0	0	2e-07	0	0	0	0.15	0	0	0	0	0.000180018
pvbasketcell[0].dend[12]	1	2052.45	29.288	125	300	1	1.4	100	0.005	0.0008	0	0	0	2e-06	0.013	0	0	0	0.00015	0	0	0	0	2e-07	0	0	0	0.15	0	0	0	0	0.000180018
pvbasketcell[0].dend[13]	0	2130.33	213.5	125	0	2	1.4	100	0.005	0.0008	0	0	0	2e-06	0.013	0	0	0	0.00015	0	0	0	0	2e-07	0	0	0	0.15	0	0	0	0	0.000180018
pvbasketcell[0].dend[13]	0.166667	2130.33	213.5	125	16.6667	2	1.4	100	0.005	0.0008	0	0	0	2e-06	0.013	0	0	0	0.00015	0	0	0	0	2e-07	0	0	0	0.15	0	0	0	0	0.000180018
pvbasketcell[0].dend[13]	0.5	2130.33	213.5	125	50	2	1.4	100	0.005	0.0008	0	0	0	2e-06	0.013	0	0	0	0.00015	0	0	0	0	2e-07	0	0	0	0.15	0	0	0	0	0.000180018
pvbasketcell[0].dend[13]	0.833333	2130.33	213.5	125	83.3334	2	1.4	100	0.005	0.0008	0	0	0	2e-06	0.013	0	0	0	0.00015	0	0	0	0	2e-07	0	0	0	0.15	0	0	0	0	0.000180018
pvbasketcell[0].dend[13]	1	2130.33	213.5	125	100	2	1.4	100	0.005	0.0008	0	0	0	2e-06	0.013	0	0	0	0.00015	0	0	0	0	2e-07	0	0	0	0.15	0	0	0	0	0.000180018
pvbasketcell[0].dend[14]	0	2169.28	121.394	125	100	1.5	1.4	100	0.005	0.0008	0	0	0	2e-06	0.013	0	0	0	0.00015	0	0	0	0	2e-07	0	0	0	0.15	0	0	0	0	0.000180018
pvbasketcell[0].dend[14]	0.166667	2169.28	121.394	125	116.667	1.5	1.4	100	0.005	0.0008	0	0	0	2e-06	0.013	0	0	0	0.00015	0	0	0	0	2e-07	0	0	0	0.15	0	0	0	0	0.000180018
pvbasketcell[0].dend[14]	0.5	2169.28	121.394	125	150	1.5	1.4	100	0.005	0.0008	0	0	0	2e-06	0.013	0	0	0	0.00015	0	0	0	0	2e-07	0	0	0	0.15	0	0	0	0	0.000180018
pvbasketcell[0].dend[14]	0.833333	2169.28	121.394	125	183.333	1.5	1.4	100	0.005	0.0008	0	0	0	2e-06	0.013	0	0	0	0.00015	0	0	0	0	2e-07	0	0	0	0.15	0	0	0	0	0.000180018
pvbasketcell[0].dend[14]	1	2169.28	121.394	125	200	1.5	1.4	100	0.005	0.0008	0	0	0	2e-06	0.013	0	0	0	0.00015	0	0	0	0	2e-07	0	0	0	0.15	0	0	0	0	0.000180018
pvbasketcell[0].dend[15]	0	2208.22	29.288	125	200	1	1.4	100	0.005	0.0008	0	0	0	2e-06	0.013	0	0	0	0.00015	0	0	0	0	2e-07	0	0	0	0.15	0	0	0	0	0.000180018
pvbasketcell[0].dend[15]	0.166667	2208.22	29.288	125	216.667	1	1.4	100	0.005	0.0008	0	0	0	2e-06	0.013	0	0	0	0.00015	0	0	0	0	2e-07	0	0	0	0.15	0	0	0	0	0.000180018
pvbasketcell[0].dend[15]	0.5	2208.22	29.288	125	250	1	1.4	100	0.005	0.0008	0	0	0	2e-06	0.013	0	0	0	0.00015	0	0	0	0	2e-07	0	0	0	0.15	0	0	0	0	0.000180018
pvbasketcell[0].dend[15]	0.833333	2208.22	29.288	125	283.333	1	1.4	100	0.005	0.0008	0	0	0	2e-06	0.013	0	0	0	0.00015	0	0	0	0	2e-07	0	0	0	0.15	0	0	0	0	0.000180018
pvbasketcell[0].dend[15]	1	2208.22	29.288	125	300	1	1.4	100	0.005	0.0008	0	0	0	2e-06	0.013	0	0	0	0.00015	0	0	0	0	2e-07	0	0	0	0.15	0	0	0	0	0.000180018
