secname	pos	x	y	z	dist	diam	cm	Ra	gmax_ch_CavL	gmax_ch_CavN	gmax_ch_HCN	gmax_ch_HCNolm	gmax_ch_HCNp	gmax_ch_KCaS	gmax_ch_Kdrfast	gmax_ch_Kdrfastngf	gmax_ch_Kdrp	gmax_ch_Kdrslow	gmax_ch_KvAdistp	gmax_ch_KvA	gmax_ch_KvAngf	gmax_ch_KvAolm	gmax_ch_KvAproxp	gmax_ch_KvCaB	gmax_ch_KvGroup	gmax_ch_KvM	gmax_ch_leak	gmax_ch_Navaxonp	gmax_ch_Navbis	gmax_ch_Navcck	gmax_ch_Nav	gmax_ch_Navngf	gmax_ch_Navp
pvbasketcell[0].soma[0]	0	765.333	807.5	125	0	10	1.4	100	0.005	0.0008	0	0	0	2e-06	0.013	0	0	0	0	0.00015	0	0	0	2e-07	0	0	0.000180018	0.15	0	0	0	0	0
pvbasketcell[0].soma[0]	0.5	765.333	807.5	125	10	10	1.4	100	0.005	0.0008	0	0	0	2e-06	0.013	0	0	0	0	0.00015	0	0	0	2e-07	0	0	0.000180018	0.15	0	0	0	0	0
pvbasketcell[0].soma[0]	1	765.333	807.5	125	20	10	1.4	100	0.005	0.0008	0	0	0	2e-06	0.013	0	0	0	0	0.00015	0	0	0	2e-07	0	0	0.000180018	0.15	0	0	0	0	0
pvbasketcell[0].dend[0]	0	765.333	827.5	125	20	4	1.4	100	0.005	0.0008	0	0	0	2e-06	0.013	0	0	0	0	0.00015	0	0	0	2e-07	0	0	0.000180018	0.15	0	0	0	0	0
pvbasketcell[0].dend[0]	0.5	765.333	827.5	125	70	4	1.4	100	0.005	0.0008	0	0	0	2e-06	0.013	0	0	0	0	0.00015	0	0	0	2e-07	0	0	0.000180018	0.15	0	0	0	0	0
pvbasketcell[0].dend[0]	1	765.333	827.5	125	120	4	1.4	100	0.005	0.0008	0	0	0	2e-06	0.013	0	0	0	0	0.00015	0	0	0	2e-07	0	0	0.000180018	0.15	0	0	0	0	0
pvbasketcell[0].dend[1]	0	804.275	919.606	125	120	3	1.4	100	0.005	0.0008	0	0	0	2e-06	0.013	0	0	0	0	0.00015	0	0	0	2e-07	0	0	0.000180018	0.15	0	0	0	0	0
pvbasketcell[0].dend[1]	0.166667	804.275	919.606	125	136.667	3	1.4	100	0.005	0.0008	0	0	0	2e-06	0.013	0	0	0	0	0.00015	0	0	0	2e-07	0	0	0.000180018	0.15	0	0	0	0	0
pvbasketcell[0].dend[1]	0.5	804.275	919.606	125	170	3	1.4	100	0.005	0.0008	0	0	0	2e-06	0.013	0	0	0	0	0.00015	0	0	0	2e-07	0	0	0.000180018	0.15	0	0	0	0	0
pvbasketcell[0].dend[1]	0.833333	804.275	919.606	125	203.333	3	1.4	100	0.005	0.0008	0	0	0	2e-06	0.013	0	0	0	0	0.00015	0	0	0	2e-07	0	0	0.000180018	0.15	0	0	0	0	0
pvbasketcell[0].dend[1]	1	804.275	919.606	125	220	3	1.4	100	0.005	0.0008	0	0	0	2e-06	0.013	0	0	0	0	0.00015	0	0	0	2e-07	0	0	0.000180018	0.15	0	0	0	0	0
pvbasketcell[0].dend[2]	0	843.217	1011.71	125	220	2	1.4	100	0.005	0.0008	0	0	0	2e-06	0.013	0	0	0	0	0.00015	0	0	0	2e-07	0	0	0.000180018	0.15	0	0	0	0	0
pvbasketcell[0].dend[2]	0.166667	843.217	1011.71	125	253.333	2	1.4	100	0.005	0.0008	0	0	0	2e-06	0.013	0	0	0	0	0.00015	0	0	0	2e-07	0	0	0.000180018	0.15	0	0	0	0	0
pvbasketcell[0].dend[2]	0.5	843.217	1011.71	125	320	2	1.4	100	0.005	0.0008	0	0	0	2e-06	0.013	0	0	0	0	0.00015	0	0	0	2e-07	0	0	0.000180018	0.15	0	0	0	0	0
pvbasketcell[0].dend[2]	0.833333	843.217	1011.71	125	386.666	2	1.4	100	0.005	0.0008	0	0	0	2e-06	0.013	0	0	0	0	0.00015	0	0	0	2e-07	0	0	0.000180018	0.15	0	0	0	0	0
pvbasketcell[0].dend[2]	1	843.217	1011.71	125	420	2	1.4	100	0.005	0.0008	0	0	0	2e-06	0.013	0	0	0	0	0.00015	0	0	0	2e-07	0	0	0.000180018	0.15	0	0	0	0	0
pvbasketcell[0].dend[3]	0	921.1	1195.92	125	420	1.5	1.4	100	0.005	0.0008	0	0	0	2e-06	0.013	0	0	0	0	0.00015	0	0	0	2e-07	0	0	0.000180018	0.15	0	0	0	0	0
pvbasketcell[0].dend[3]	0.166667	921.1	1195.92	125	436.666	1.5	1.4	100	0.005	0.0008	0	0	0	2e-06	0.013	0	0	0	0	0.00015	0	0	0	2e-07	0	0	0.000180018	0.15	0	0	0	0	0
pvbasketcell[0].dend[3]	0.5	921.1	1195.92	125	470	1.5	1.4	100	0.005	0.0008	0	0	0	2e-06	0.013	0	0	0	0	0.00015	0	0	0	2e-07	0	0	0.000180018	0.15	0	0	0	0	0
pvbasketcell[0].dend[3]	0.833333	921.1	1195.92	125	503.334	1.5	1.4	100	0.005	0.0008	0	0	0	2e-06	0.013	0	0	0	0	0.00015	0	0	0	2e-07	0	0	0.000180018	0.15	0	0	0	0	0
pvbasketcell[0].dend[3]	1	921.1	1195.92	125	520	1.5	1.4	100	0.005	0.0008	0	0	0	2e-06	0.013	0	0	0	0	0.00015	0	0	0	2e-07	0	0	0.000180018	0.15	0	0	0	0	0
pvbasketcell[0].dend[4]	0	960.042	1288.03	125	520	1	1.4	100	0.005	0.0008	0	0	0	2e-06	0.013	0	0	0	0	0.00015	0	0	0	2e-07	0	0	0.000180018	0.15	0	0	0	0	0
pvbasketcell[0].dend[4]	0.166667	960.042	1288.03	125	536.667	1	1.4	100	0.005	0.0008	0	0	0	2e-06	0.013	0	0	0	0	0.00015	0	0	0	2e-07	0	0	0.000180018	0.15	0	0	0	0	0
pvbasketcell[0].dend[4]	0.5	960.042	1288.03	125	570	1	1.4	100	0.005	0.0008	0	0	0	2e-06	0.013	0	0	0	0	0.00015	0	0	0	2e-07	0	0	0.000180018	0.15	0	0	0	0	0
pvbasketcell[0].dend[4]	0.833333	960.042	1288.03	125	603.334	1	1.4	100	0.005	0.0008	0	0	0	2e-06	0.013	0	0	0	0	0.00015	0	0	0	2e-07	0	0	0.000180018	0.15	0	0	0	0	0
pvbasketcell[0].dend[4]	1	960.042	1288.03	125	620	1	1.4	100	0.005	0.0008	0	0	0	2e-06	0.013	0	0	0	0	0.00015	0	0	0	2e-07	0	0	0.000180018	0.15	0	0	0	0	0
pvbasketcell[0].dend[5]	0	765.333	827.5	125	20	4	1.4	100	0.005	0.0008	0	0	0	2e-06	0.013	0	0	0	0	0.00015	0	0	0	2e-07	0	0	0.000180018	0.15	0	0	0	0	0
pvbasketcell[0].dend[5]	0.5	765.333	827.5	125	70	4	1.4	100	0.005	0.0008	0	0	0	2e-06	0.013	0	0	0	0	0.00015	0	0	0	2e-07	0	0	0.000180018	0.15	0	0	0	0	0
pvbasketcell[0].dend[5]	1	765.333	827.5	125	120	4	1.4	100	0.005	0.0008	0	0	0	2e-06	0.013	0	0	0	0	0.00015	0	0	0	2e-07	0	0	0.000180018	0.15	0	0	0	0	0
pvbasketcell[0].dend[6]	0	726.392	919.606	125	120	3	1.4	100	0.005	0.0008	0	0	0	2e-06	0.013	0	0	0	0	0.00015	0	0	0	2e-07	0	0	0.000180018	0.15	0	0	0	0	0
pvbasketcell[0].dend[6]	0.166667	726.392	919.606	125	136.667	3	1.4	100	0.005	0.0008	0	0	0	2e-06	0.013	0	0	0	0	0.00015	0	0	0	2e-07	0	0	0.000180018	0.15	0	0	0	0	0
pvbasketcell[0].dend[6]	0.5	726.392	919.606	125	170	3	1.4	100	0.005	0.0008	0	0	0	2e-06	0.013	0	0	0	0	0.00015	0	0	0	2e-07	0	0	0.000180018	0.15	0	0	0	0	0
pvbasketcell[0].dend[6]	0.833333	726.392	919.606	125	203.333	3	1.4	100	0.005	0.0008	0	0	0	2e-06	0.013	0	0	0	0	0.00015	0	0	0	2e-07	0	0	0.000180018	0.15	0	0	0	0	0
pvbasketcell[0].dend[6]	1	726.392	919.606	125	220	3	1.4	100	0.005	0.0008	0	0	0	2e-06	0.013	0	0	0	0	0.00015	0	0	0	2e-07	0	0	0.000180018	0.15	0	0	0	0	0
pvbasketcell[0].dend[7]	0	687.45	1011.71	125	220	2	1.4	100	0.005	0.0008	0	0	0	2e-06	0.013	0	0	0	0	0.00015	0	0	0	2e-07	0	0	0.000180018	0.15	0	0	0	0	0
pvbasketcell[0].dend[7]	0.166667	687.45	1011.71	125	253.333	2	1.4	100	0.005	0.0008	0	0	0	2e-06	0.013	0	0	0	0	0.00015	0	0	0	2e-07	0	0	0.000180018	0.15	0	0	0	0	0
pvbasketcell[0].dend[7]	0.5	687.45	1011.71	125	320	2	1.4	100	0.005	0.0008	0	0	0	2e-06	0.013	0	0	0	0	0.00015	0	0	0	2e-07	0	0	0.000180018	0.15	0	0	0	0	0
pvbasketcell[0].dend[7]	0.833333	687.45	1011.71	125	386.666	2	1.4	100	0.005	0.0008	0	0	0	2e-06	0.013	0	0	0	0	0.00015	0	0	0	2e-07	0	0	0.000180018	0.15	0	0	0	0	0
pvbasketcell[0].dend[7]	1	687.45	1011.71	125	420	2	1.4	100	0.005	0.0008	0	0	0	2e-06	0.013	0	0	0	0	0.00015	0	0	0	2e-07	0	0	0.000180018	0.15	0	0	0	0	0
pvbasketcell[0].dend[8]	0	609.566	1195.92	125	420	1.5	1.4	100	0.005	0.0008	0	0	0	2e-06	0.013	0	0	0	0	0.00015	0	0	0	2e-07	0	0	0.000180018	0.15	0	0	0	0	0
pvbasketcell[0].dend[8]	0.166667	609.566	1195.92	125	436.666	1.5	1.4	100	0.005	0.0008	0	0	0	2e-06	0.013	0	0	0	0	0.00015	0	0	0	2e-07	0	0	0.000180018	0.15	0	0	0	0	0
pvbasketcell[0].dend[8]	0.5	609.566	1195.92	125	470	1.5	1.4	100	0.005	0.0008	0	0	0	2e-06	0.013	0	0	0	0	0.00015	0	0	0	2e-07	0	0	0.000180018	0.15	0	0	0	0	0
pvbasketcell[0].dend[8]	0.833333	609.566	1195.92	125	503.334	1.5	1.4	100	0.005	0.0008	0	0	0	2e-06	0.013	0	0	0	0	0.00015	0	0	0	2e-07	0	0	0.000180018	0.15	0	0	0	0	0
pvbasketcell[0].dend[8]	1	609.566	1195.92	125	520	1.5	1.4	100	0.005	0.0008	0	0	0	2e-06	0.013	0	0	0	0	0.00015	0	0	0	2e-07	0	0	0.000180018	0.15	0	0	0	0	0
pvbasketcell[0].dend[9]	0	570.624	1288.03	125	520	1	1.4	100	0.005	0.0008	0	0	0	2e-06	0.013	0	0	0	0	0.00015	0	0	0	2e-07	0	0	0.000180018	0.15	0	0	0	0	0
pvbasketcell[0].dend[9]	0.166667	570.624	1288.03	125	536.667	1	1.4	100	0.005	0.0008	0	0	0	2e-06	0.013	0	0	0	0	0.00015	0	0	0	2e-07	0	0	0.000180018	0.15	0	0	0	0	0
pvbasketcell[0].dend[9]	0.5	570.624	1288.03	125	570	1	1.4	100	0.005	0.0008	0	0	0	2e-06	0.013	0	0	0	0	0.00015	0	0	0	2e-07	0	0	0.000180018	0.15	0	0	0	0	0
pvbasketcell[0].dend[9]	0.833333	570.624	1288.03	125	603.334	1	1.4	100	0.005	0.0008	0	0	0	2e-06	0.013	0	0	0	0	0.00015	0	0	0	2e-07	0	0	0.000180018	0.15	0	0	0	0	0
pvbasketcell[0].dend[9]	1	570.624	1288.03	125	620	1	1.4	100	0.005	0.0008	0	0	0	2e-06	0.013	0	0	0	0	0.00015	0	0	0	2e-07	0	0	0.000180018	0.15	0	0	0	0	0
pvbasketcell[0].dend[10]	0	765.333	807.5	125	0	2	1.4	100	0.005	0.0008	0	0	0	2e-06	0.013	0	0	0	0	0.00015	0	0	0	2e-07	0	0	0.000180018	0.15	0	0	0	0	0
pvbasketcell[0].dend[10]	0.166667	765.333	807.5	125	16.6667	2	1.4	100	0.005	0.0008	0	0	0	2e-06	0.013	0	0	0	0	0.00015	0	0	0	2e-07	0	0	0.000180018	0.15	0	0	0	0	0
pvbasketcell[0].dend[10]	0.5	765.333	807.5	125	50	2	1.4	100	0.005	0.0008	0	0	0	2e-06	0.013	0	0	0	0	0.00015	0	0	0	2e-07	0	0	0.000180018	0.15	0	0	0	0	0
pvbasketcell[0].dend[10]	0.833333	765.333	807.5	125	83.3333	2	1.4	100	0.005	0.0008	0	0	0	2e-06	0.013	0	0	0	0	0.00015	0	0	0	2e-07	0	0	0.000180018	0.15	0	0	0	0	0
pvbasketcell[0].dend[10]	1	765.333	807.5	125	100	2	1.4	100	0.005	0.0008	0	0	0	2e-06	0.013	0	0	0	0	0.00015	0	0	0	2e-07	0	0	0.000180018	0.15	0	0	0	0	0
pvbasketcell[0].dend[11]	0	726.392	715.394	125	100	1.5	1.4	100	0.005	0.0008	0	0	0	2e-06	0.013	0	0	0	0	0.00015	0	0	0	2e-07	0	0	0.000180018	0.15	0	0	0	0	0
pvbasketcell[0].dend[11]	0.166667	726.392	715.394	125	116.667	1.5	1.4	100	0.005	0.0008	0	0	0	2e-06	0.013	0	0	0	0	0.00015	0	0	0	2e-07	0	0	0.000180018	0.15	0	0	0	0	0
pvbasketcell[0].dend[11]	0.5	726.392	715.394	125	150	1.5	1.4	100	0.005	0.0008	0	0	0	2e-06	0.013	0	0	0	0	0.00015	0	0	0	2e-07	0	0	0.000180018	0.15	0	0	0	0	0
pvbasketcell[0].dend[11]	0.833333	726.392	715.394	125	183.333	1.5	1.4	100	0.005	0.0008	0	0	0	2e-06	0.013	0	0	0	0	0.00015	0	0	0	2e-07	0	0	0.000180018	0.15	0	0	0	0	0
pvbasketcell[0].dend[11]	1	726.392	715.394	125	200	1.5	1.4	100	0.005	0.0008	0	0	0	2e-06	0.013	0	0	0	0	0.00015	0	0	0	2e-07	0	0	0.000180018	0.15	0	0	0	0	0
pvbasketcell[0].dend[12]	0	687.45	623.288	125	200	1	1.4	100	0.005	0.0008	0	0	0	2e-06	0.013	0	0	0	0	0.00015	0	0	0	2e-07	0	0	0.000180018	0.15	0	0	0	0	0
pvbasketcell[0].dend[12]	0.166667	687.45	623.288	125	216.667	1	1.4	100	0.005	0.0008	0	0	0	2e-06	0.013	0	0	0	0	0.00015	0	0	0	2e-07	0	0	0.000180018	0.15	0	0	0	0	0
pvbasketcell[0].dend[12]	0.5	687.45	623.288	125	250	1	1.4	100	0.005	0.0008	0	0	0	2e-06	0.013	0	0	0	0	0.00015	0	0	0	2e-07	0	0	0.000180018	0.15	0	0	0	0	0
pvbasketcell[0].dend[12]	0.833333	687.45	623.288	125	283.333	1	1.4	100	0.005	0.0008	0	0	0	2e-06	0.013	0	0	0	0	0.00015	0	0	0	2e-07	0	0	0.000180018	0.15	0	0	0	0	0
pvbasketcell[0].dend[12]	1	687.45	623.288	125	300	1	1.4	100	0.005	0.0008	0	0	0	2e-06	0.013	0	0	0	0	0.00015	0	0	0	2e-07	0	0	0.000180018	0.15	0	0	0	0	0
pvbasketcell[0].dend[13]	0	765.333	807.5	125	0	2	1.4	100	0.005	0.0008	0	0	0	2e-06	0.013	0	0	0	0	0.00015	0	0	0	2e-07	0	0	0.000180018	0.15	0	0	0	0	0
pvbasketcell[0].dend[13]	0.166667	765.333	807.5	125	16.6667	2	1.4	100	0.005	0.0008	0	0	0	2e-06	0.013	0	0	0	0	0.00015	0	0	0	2e-07	0	0	0.000180018	0.15	0	0	0	0	0
pvbasketcell[0].dend[13]	0.5	765.333	807.5	125	50	2	1.4	100	0.005	0.0008	0	0	0	2e-06	0.013	0	0	0	0	0.00015	0	0	0	2e-07	0	0	0.000180018	0.15	0	0	0	0	0
pvbasketcell[0].dend[13]	0.833333	765.333	807.5	125	83.3333	2	1.4	100	0.005	0.0008	0	0	0	2e-06	0.013	0	0	0	0	0.00015	0	0	0	2e-07	0	0	0.000180018	0.15	0	0	0	0	0
pvbasketcell[0].dend[13]	1	765.333	807.5	125	100	2	1.4	100	0.005	0.0008	0	0	0	2e-06	0.013	0	0	0	0	0.00015	0	0	0	2e-07	0	0	0.000180018	0.15	0	0	0	0	0
pvbasketcell[0].dend[14]	0	804.275	715.394	125	100	1.5	1.4	100	0.005	0.0008	0	0	0	2e-06	0.013	0	0	0	0	0.00015	0	0	0	2e-07	0	0	0.000180018	0.15	0	0	0	0	0
pvbasketcell[0].dend[14]	0.166667	804.275	715.394	125	116.667	1.5	1.4	100	0.005	0.0008	0	0	0	2e-06	0.013	0	0	0	0	0.00015	0	0	0	2e-07	0	0	0.000180018	0.15	0	0	0	0	0
pvbasketcell[0].dend[14]	0.5	804.275	715.394	125	150	1.5	1.4	100	0.005	0.0008	0	0	0	2e-06	0.013	0	0	0	0	0.00015	0	0	0	2e-07	0	0	0.000180018	0.15	0	0	0	0	0
pvbasketcell[0].dend[14]	0.833333	804.275	715.394	125	183.333	1.5	1.4	100	0.005	0.0008	0	0	0	2e-06	0.013	0	0	0	0	0.00015	0	0	0	2e-07	0	0	0.000180018	0.15	0	0	0	0	0
pvbasketcell[0].dend[14]	1	804.275	715.394	125	200	1.5	1.4	100	0.005	0.0008	0	0	0	2e-06	0.013	0	0	0	0	0.00015	0	0	0	2e-07	0	0	0.000180018	0.15	0	0	0	0	0
pvbasketcell[0].dend[15]	0	843.217	623.288	125	200	1	1.4	100	0.005	0.0008	0	0	0	2e-06	0.013	0	0	0	0	0.00015	0	0	0	2e-07	0	0	0.000180018	0.15	0	0	0	0	0
pvbasketcell[0].dend[15]	0.166667	843.217	623.288	125	216.667	1	1.4	100	0.005	0.0008	0	0	0	2e-06	0.013	0	0	0	0	0.00015	0	0	0	2e-07	0	0	0.000180018	0.15	0	0	0	0	0
pvbasketcell[0].dend[15]	0.5	843.217	623.288	125	250	1	1.4	100	0.005	0.0008	0	0	0	2e-06	0.013	0	0	0	0	0.00015	0	0	0	2e-07	0	0	0.000180018	0.15	0	0	0	0	0
pvbasketcell[0].dend[15]	0.833333	843.217	623.288	125	283.333	1	1.4	100	0.005	0.0008	0	0	0	2e-06	0.013	0	0	0	0	0.00015	0	0	0	2e-07	0	0	0.000180018	0.15	0	0	0	0	0
pvbasketcell[0].dend[15]	1	843.217	623.288	125	300	1	1.4	100	0.005	0.0008	0	0	0	2e-06	0.013	0	0	0	0	0.00015	0	0	0	2e-07	0	0	0.000180018	0.15	0	0	0	0	0
