0	0
0.5	7.44436e-21
1	-2.6864e-21
1.5	1.10813e-20
2	-2.25618e-24
2.5	-8.4972e-25
3	7.62659e-25
3.5	-9.53456e-08
4	-9.29559e-07
4.5	-1.90555e-06
5	-2.71234e-06
5.5	-3.04236e-06
6	-3.00436e-06
6.5	-2.94598e-06
7	-2.84745e-06
7.5	-3.01974e-06
8	-3.23861e-06
8.5	-3.46568e-06
9	-4.22501e-06
9.5	-4.94903e-06
10	-5.5343e-06
10.5	-6.41556e-06
11	-7.334e-06
11.5	-7.88335e-06
12	-8.15653e-06
12.5	-8.41247e-06
13	-8.79368e-06
13.5	-8.05064e-06
14	-5.82972e-06
14.5	-5.80035e-06
15	-6.64534e-06
15.5	-7.63508e-06
16	-8.03925e-06
16.5	-1.03836e-05
17	-1.31871e-05
17.5	-1.24493e-05
18	-1.32917e-05
18.5	-1.27457e-05
19	-1.45395e-05
19.5	-1.22452e-05
20	-1.70339e-05
20.5	-1.24772e-05
21	-1.05198e-05
21.5	-9.50302e-06
22	-8.83663e-06
22.5	-8.41289e-06
23	-1.06268e-05
23.5	-2.92768e-05
24	-2.25735e-05
24.5	-3.5292e-05
25	-3.9287e-05
25.5	-0.000123638
26	7.0995e-05
26.5	0.000433019
27	4.3192e-05
27.5	-0.000195459
28	-6.48152e-05
28.5	-6.29923e-05
29	-9.57781e-05
29.5	-8.63547e-05
30	-0.00011552
30.5	5.82617e-05
31	-2.51605e-05
31.5	0.000551325
32	1.12213e-05
32.5	-0.000374931
33	-0.00017285
33.5	-0.000127996
34	-3.72343e-05
34.5	-9.03754e-06
35	-2.76068e-05
35.5	-1.8275e-05
36	1.74643e-05
36.5	1.07606e-05
37	1.14895e-05
37.5	9.68477e-06
38	5.0541e-06
38.5	-1.59077e-06
39	-1.09902e-05
39.5	-2.02776e-05
40	-2.13916e-05
40.5	-1.98267e-05
41	-1.77784e-05
41.5	-1.60833e-05
42	-1.48785e-05
42.5	-1.38489e-05
43	-1.31044e-05
43.5	-1.25947e-05
44	-1.19785e-05
44.5	-1.13726e-05
45	-1.08657e-05
45.5	-1.04059e-05
46	-1.02907e-05
46.5	-1.05712e-05
47	-1.07662e-05
47.5	-1.09039e-05
48	-1.09425e-05
48.5	-1.09004e-05
49	-1.09388e-05
49.5	-6.62926e-06
50	-2.95878e-06
50.5	-2.53416e-06
51	7.38229e-07
51.5	-2.84889e-06
52	-5.72531e-06
52.5	-7.26209e-06
53	-7.77432e-06
53.5	-8.00008e-06
54	-9.22624e-06
54.5	-1.0387e-05
55	-1.13484e-05
55.5	-1.20609e-05
56	-1.28592e-05
56.5	-1.32533e-05
57	-1.32236e-05
57.5	-1.27542e-05
58	-1.22873e-05
58.5	-1.20456e-05
59	-1.19069e-05
59.5	-1.18664e-05
60	-1.18044e-05
60.5	-1.16166e-05
61	-1.15888e-05
61.5	-1.18094e-05
62	-1.19165e-05
62.5	-1.18503e-05
63	-1.16531e-05
63.5	-1.11989e-05
64	-1.06292e-05
64.5	-9.95597e-06
65	-6.27802e-06
65.5	-4.87311e-06
66	-6.79631e-06
66.5	-6.2402e-06
67	-8.59445e-06
67.5	-5.99401e-06
68	-8.03902e-06
68.5	-1.14323e-05
69	-1.28818e-05
69.5	-1.18404e-05
70	-1.03519e-05
70.5	-8.81852e-06
71	-8.36927e-06
71.5	-8.26593e-06
72	-8.38084e-06
72.5	-8.57701e-06
73	-8.91479e-06
73.5	-9.72371e-06
74	-1.04801e-05
74.5	-1.12589e-05
75	-1.21302e-05
75.5	-1.24632e-05
76	-1.24625e-05
76.5	-1.23684e-05
77	-1.226e-05
77.5	-1.20535e-05
78	-1.19359e-05
78.5	-1.2011e-05
79	-1.2175e-05
79.5	-1.26018e-05
80	-1.29516e-05
80.5	-1.33656e-05
81	-1.16009e-05
81.5	-8.34963e-06
82	-1.37944e-05
82.5	-1.47802e-05
83	-1.38663e-05
83.5	-1.38559e-05
84	-1.3941e-05
84.5	-1.43859e-05
85	-1.55949e-05
85.5	-1.71387e-05
86	-1.71299e-05
86.5	-1.6632e-05
87	-1.59813e-05
87.5	-1.53756e-05
88	-1.50203e-05
88.5	-1.47465e-05
89	-1.44797e-05
89.5	-1.4104e-05
90	-1.37405e-05
90.5	-1.33927e-05
91	-1.31066e-05
91.5	-1.28372e-05
92	-1.28075e-05
92.5	-1.27445e-05
93	-1.282e-05
93.5	-1.31292e-05
94	-1.3516e-05
94.5	-1.22031e-05
95	-1.12998e-05
95.5	-1.00243e-05
96	-9.08049e-06
96.5	-9.20083e-06
97	-1.07334e-05
97.5	-1.19578e-05
98	-1.2619e-05
98.5	-1.42594e-05
99	-1.60738e-05
99.5	-1.70585e-05
100	-1.6362e-05
100.5	-2.26992e-05
101	-1.75027e-05
101.5	-1.57042e-05
102	-1.55384e-05
102.5	-2.33947e-05
103	-2.22048e-05
103.5	-1.86944e-05
104	-1.69286e-05
104.5	-1.6088e-05
105	-1.55646e-05
105.5	-1.53638e-05
106	-1.53029e-05
106.5	-1.51902e-05
107	-1.50641e-05
107.5	-1.50297e-05
108	-1.50128e-05
108.5	-1.48266e-05
109	-1.29034e-05
109.5	-1.16052e-05
110	-1.05669e-05
110.5	-9.44955e-06
111	-8.01253e-06
111.5	-6.71759e-06
112	-6.83908e-06
112.5	-1.49697e-05
113	-1.25325e-05
113.5	-1.07143e-05
114	-7.61629e-06
114.5	-9.98432e-06
115	-1.40644e-05
115.5	-1.42068e-05
116	-2.01856e-05
116.5	-3.18657e-05
117	-2.15232e-05
117.5	-1.48006e-05
118	-1.801e-05
118.5	-2.51952e-05
119	-3.21122e-05
119.5	-0.00010074
120	3.68815e-05
120.5	-2.0687e-06
121	0.000282936
121.5	-3.81211e-05
122	-0.00015899
122.5	-5.47995e-05
123	-5.12814e-05
123.5	-5.40991e-05
124	-4.9566e-05
124.5	-7.15801e-05
125	-0.00013841
125.5	-8.12127e-05
126	0.000154622
126.5	0.000499035
127	-8.61188e-05
127.5	-0.000351211
128	-0.000125996
128.5	-9.8442e-05
129	-5.6479e-05
129.5	-4.23912e-05
130	-1.07968e-05
130.5	-3.13536e-06
131	3.29908e-07
131.5	3.41841e-06
132	1.14897e-06
132.5	7.67946e-06
133	1.51846e-05
133.5	7.22931e-06
134	-8.27026e-06
134.5	-1.298e-05
135	-1.23505e-05
135.5	-1.09837e-05
136	-1.03971e-05
136.5	-1.09648e-05
137	-1.04479e-05
137.5	-9.92649e-06
138	-9.65744e-06
138.5	-9.5092e-06
139	-9.52694e-06
139.5	-9.62541e-06
140	-9.96053e-06
140.5	-1.03927e-05
141	-1.05561e-05
141.5	-1.04837e-05
142	-1.01511e-05
142.5	-9.6909e-06
143	-9.25746e-06
143.5	-8.45858e-06
144	-6.06321e-06
144.5	-5.65804e-06
145	-5.70885e-06
145.5	-3.45986e-06
146	5.24818e-06
146.5	4.7462e-06
147	3.50103e-06
147.5	1.59924e-06
148	7.86983e-08
148.5	-2.16311e-06
149	-4.19174e-06
149.5	-5.5536e-06
150	-6.29798e-06
150.5	-6.54122e-06
151	-6.58559e-06
151.5	-6.5257e-06
152	-6.37006e-06
152.5	-6.26783e-06
153	-6.30942e-06
153.5	-6.33104e-06
154	-6.24238e-06
154.5	-6.30444e-06
155	-6.73937e-06
155.5	-7.08002e-06
156	-7.18502e-06
156.5	-7.26914e-06
157	-7.4993e-06
157.5	-7.79293e-06
158	-7.82502e-06
158.5	-8.20061e-06
159	-7.36256e-06
159.5	-7.50957e-06
160	-8.92976e-06
160.5	-1.12032e-05
161	-1.2479e-05
161.5	-1.81507e-05
162	-2.01291e-05
162.5	-1.7946e-05
163	-1.86565e-05
163.5	-1.82352e-05
164	-1.78818e-05
164.5	-1.78843e-05
165	-1.73125e-05
165.5	-1.60548e-05
166	-1.49562e-05
166.5	-1.43255e-05
167	-1.40065e-05
167.5	-1.37311e-05
168	-1.35888e-05
168.5	-1.35796e-05
169	-1.33467e-05
169.5	-1.30616e-05
170	-1.26791e-05
170.5	-1.22753e-05
171	-1.20159e-05
171.5	-1.17147e-05
172	-1.1356e-05
172.5	-9.26627e-06
173	-7.419e-06
173.5	-7.44231e-06
174	-7.68196e-06
174.5	-3.84391e-06
175	-1.6491e-06
175.5	-1.93888e-06
176	-4.2858e-06
176.5	-6.6151e-06
177	-3.76335e-06
177.5	-2.60403e-06
178	-9.14383e-06
178.5	-6.48579e-06
179	-5.93512e-06
179.5	-5.92463e-06
180	-5.93482e-06
180.5	-6.10824e-06
181	-6.45328e-06
181.5	-6.88105e-06
182	-7.30739e-06
182.5	-7.66785e-06
183	-8.08925e-06
183.5	-8.27951e-06
184	-8.45302e-06
184.5	-8.42722e-06
185	-8.42209e-06
185.5	-8.18074e-06
186	-6.47814e-06
186.5	-6.43817e-06
187	-5.26211e-06
187.5	-1.71921e-06
188	-3.7785e-07
188.5	-4.28559e-06
189	-6.13699e-06
189.5	-1.58256e-05
190	-1.32508e-05
190.5	-1.235e-05
191	-1.12394e-05
191.5	-1.0271e-05
192	-8.60136e-06
192.5	-8.24395e-06
193	-8.40205e-06
193.5	-8.42749e-06
194	-8.45553e-06
194.5	-8.37694e-06
195	-8.21209e-06
195.5	-7.97808e-06
196	-7.81571e-06
196.5	-7.76787e-06
197	-7.82327e-06
197.5	-8.02045e-06
198	-8.18559e-06
198.5	-8.28585e-06
199	-8.31512e-06
199.5	-8.38753e-06
200	-8.64638e-06
200.5	-1.0102e-05
201	-9.99593e-06
201.5	-8.6571e-06
202	-7.45608e-06
202.5	-2.37225e-06
203	1.6175e-06
203.5	1.6931e-06
204	-3.49804e-07
204.5	-3.61741e-06
205	-8.85178e-06
205.5	-1.90948e-05
206	-1.46e-05
206.5	-1.3633e-05
207	-1.33069e-05
207.5	-1.31844e-05
208	-1.30177e-05
208.5	-1.26889e-05
209	-1.22051e-05
209.5	-1.17107e-05
210	-1.15334e-05
210.5	-1.15947e-05
211	-1.18208e-05
211.5	-1.19241e-05
212	-1.16663e-05
212.5	-1.12219e-05
213	-1.07903e-05
213.5	-1.03897e-05
214	-9.94015e-06
214.5	-9.76901e-06
215	-9.58452e-06
215.5	-9.37876e-06
216	-9.16193e-06
216.5	-7.29067e-06
217	-1.52116e-06
217.5	-2.19867e-06
218	-2.01346e-06
218.5	-2.19814e-06
219	-1.20966e-05
219.5	-2.37649e-05
220	-2.44364e-05
220.5	-2.22254e-05
221	-1.8618e-05
221.5	-1.63769e-05
222	-1.52628e-05
222.5	-1.56062e-05
223	-1.58226e-05
223.5	-2.29611e-05
224	-2.40887e-05
224.5	-1.84062e-05
225	-1.48439e-05
225.5	-1.29705e-05
226	-1.20669e-05
226.5	-1.14973e-05
227	-1.10119e-05
227.5	-1.05926e-05
228	-1.0225e-05
228.5	-9.85335e-06
229	-9.74081e-06
229.5	-9.83952e-06
230	-8.55786e-06
230.5	-6.61441e-06
231	-6.10924e-06
231.5	-3.5965e-06
232	-1.29697e-06
232.5	-3.16681e-06
233	-3.92706e-06
233.5	-7.21609e-06
234	-1.4661e-05
234.5	-1.0491e-05
235	-2.22938e-05
235.5	-1.99858e-05
236	-2.14088e-05
236.5	-2.22629e-05
237	-2.33682e-05
237.5	-2.77145e-05
238	-3.03042e-05
238.5	-2.20381e-05
239	-2.58102e-05
239.5	-2.21203e-05
240	-1.7425e-05
240.5	-2.58556e-05
241	-2.98803e-05
241.5	-8.85876e-05
242	-2.87863e-05
242.5	0.000245255
243	-0.000236197
243.5	-0.000209183
244	-0.000118633
244.5	-0.000118804
245	-6.117e-05
245.5	-4.13314e-05
246	7.81434e-05
246.5	-4.17432e-06
247	0.000324193
247.5	-0.000109514
248	-0.000324165
248.5	-0.000107202
249	-3.81279e-05
249.5	-1.81347e-05
250	-8.41224e-07
250.5	-3.62265e-06
251	-1.13704e-05
251.5	-9.48326e-06
252	-9.92924e-06
252.5	-9.85437e-06
253	-8.72661e-06
253.5	-7.51067e-06
254	-6.84859e-06
254.5	-6.60798e-06
255	-6.80246e-06
255.5	-7.5843e-06
256	-8.5687e-06
256.5	-9.27768e-06
257	-9.59056e-06
257.5	-9.75295e-06
258	-8.55224e-06
258.5	-7.43466e-06
259	-7.89293e-06
259.5	-7.94076e-06
260	-5.05513e-06
260.5	-5.58777e-06
261	-5.05492e-06
261.5	-2.10906e-06
262	-2.44986e-06
262.5	-3.28326e-06
263	-4.69639e-06
263.5	-5.79015e-06
264	-6.22264e-06
264.5	-7.05111e-06
265	-7.9139e-06
265.5	-8.83128e-06
266	-9.6291e-06
266.5	-9.9207e-06
267	-1.04207e-05
267.5	-1.05827e-05
268	-1.0476e-05
268.5	-1.02975e-05
269	-1.01547e-05
269.5	-9.98747e-06
270	-9.85951e-06
270.5	-9.47676e-06
271	-9.02242e-06
271.5	-8.79825e-06
272	-9.24771e-06
272.5	-1.00735e-05
273	-8.56623e-06
273.5	-5.66838e-06
274	-1.97351e-06
274.5	-2.41988e-07
275	-7.27237e-07
275.5	-4.25757e-06
276	-7.07492e-06
276.5	-8.006e-06
277	-8.07179e-06
277.5	-7.55563e-06
278	-6.6341e-06
278.5	-5.76615e-06
279	-6.22782e-06
279.5	-7.16207e-06
280	-7.38967e-06
280.5	-8.10171e-06
281	-8.61712e-06
281.5	-8.6127e-06
282	-8.71747e-06
282.5	-8.84193e-06
283	-8.76469e-06
283.5	-8.6541e-06
284	-8.38547e-06
284.5	-7.99109e-06
285	-7.61508e-06
285.5	-7.21073e-06
286	-6.71711e-06
286.5	-6.16612e-06
287	-5.66574e-06
287.5	-5.22421e-06
288	-3.85383e-06
288.5	-9.26426e-07
289	1.36105e-06
289.5	1.04808e-06
290	1.31416e-06
290.5	1.59806e-06
291	8.4056e-07
291.5	-8.58378e-07
292	-2.78276e-06
292.5	-3.43084e-06
293	-4.29929e-06
293.5	-4.83202e-06
294	-6.62187e-06
294.5	-5.33771e-06
295	-5.52196e-06
295.5	-5.80942e-06
296	-6.01573e-06
296.5	-6.28981e-06
297	-6.67615e-06
297.5	-7.07065e-06
298	-7.55132e-06
298.5	-7.88395e-06
299	-8.17349e-06
299.5	-8.40813e-06
300	-8.61843e-06
300.5	-6.70433e-06
301	-6.07596e-06
301.5	-8.39961e-06
302	-8.73611e-06
302.5	-6.71896e-06
303	-3.76328e-06
303.5	-2.72927e-06
304	-5.69628e-06
304.5	-5.92304e-06
305	-4.85335e-06
305.5	-5.33511e-06
306	-6.10475e-06
306.5	-6.42794e-06
307	-8.74074e-06
307.5	-1.0441e-05
308	-1.13537e-05
308.5	-1.17365e-05
309	-1.17858e-05
309.5	-1.18241e-05
310	-1.19359e-05
310.5	-1.18645e-05
311	-1.17791e-05
311.5	-1.18119e-05
312	-1.18782e-05
312.5	-1.19727e-05
313	-1.22317e-05
313.5	-1.23742e-05
314	-1.2583e-05
314.5	-1.03836e-05
315	-6.17522e-06
315.5	-4.29831e-06
316	-7.99734e-06
316.5	-7.43105e-06
317	-7.39167e-06
317.5	-9.10631e-06
318	-1.09032e-05
318.5	-6.42717e-06
319	-9.28151e-06
319.5	-1.16289e-05
320	-1.25461e-05
320.5	-1.29485e-05
321	-1.31587e-05
321.5	-1.88294e-05
322	-1.47439e-05
322.5	-1.39266e-05
323	-1.39467e-05
323.5	-1.3958e-05
324	-1.38547e-05
324.5	-1.36663e-05
325	-1.34474e-05
325.5	-1.34604e-05
326	-1.34622e-05
326.5	-1.36976e-05
327	-1.41187e-05
327.5	-1.44089e-05
328	-1.57881e-05
328.5	-1.26724e-05
329	-5.52988e-06
329.5	-5.97092e-06
330	-6.94881e-06
330.5	-1.96236e-05
331	-1.73864e-05
331.5	-1.43614e-05
332	-1.20664e-05
332.5	-1.15982e-05
333	-2.00522e-05
333.5	-1.47353e-05
334	-1.33629e-05
334.5	-1.2878e-05
335	-1.26327e-05
335.5	-1.26731e-05
336	-1.29477e-05
336.5	-1.34477e-05
337	-1.4015e-05
337.5	-1.42273e-05
338	-1.437e-05
338.5	-1.44685e-05
339	-1.45533e-05
339.5	-1.46902e-05
340	-1.45416e-05
340.5	-1.41901e-05
341	-1.18883e-05
341.5	-1.02834e-05
342	-8.31031e-06
342.5	-7.66929e-06
343	-6.6889e-06
343.5	-1.44852e-05
344	-1.07699e-05
344.5	-1.11942e-05
345	-1.19224e-05
345.5	-1.06409e-05
346	-1.12476e-05
346.5	-1.19343e-05
347	-1.62999e-05
347.5	-2.09575e-05
348	-1.85628e-05
348.5	-1.54295e-05
349	-1.33544e-05
349.5	-1.22054e-05
350	-1.17469e-05
350.5	-1.14031e-05
351	-1.12982e-05
351.5	-1.12991e-05
352	-1.10414e-05
352.5	-1.07876e-05
353	-1.34096e-05
353.5	-1.63874e-05
354	-1.10972e-05
354.5	-9.8745e-06
355	-8.2823e-06
355.5	-2.4998e-06
356	-4.25193e-06
356.5	-5.34981e-06
357	-5.46323e-06
357.5	-5.83251e-06
358	-6.97788e-06
358.5	-9.79785e-06
359	-2.12352e-05
359.5	-1.51165e-05
360	-1.72573e-05
360.5	-1.41069e-05
361	-1.28425e-05
361.5	-1.22925e-05
362	-1.18019e-05
362.5	-1.1498e-05
363	-1.14423e-05
363.5	-1.17625e-05
364	-1.19245e-05
364.5	-1.21194e-05
365	-1.10392e-05
365.5	-1.11818e-05
366	-1.42801e-05
366.5	-2.11113e-05
367	-2.41056e-05
367.5	-3.23714e-05
368	-2.74629e-05
368.5	-3.56843e-05
369	-0.000125884
369.5	-4.73146e-05
370	0.000398665
370.5	-4.20514e-05
371	-0.000189865
371.5	-0.000102123
372	-9.82996e-05
372.5	-0.000103213
373	-9.39417e-05
373.5	-1.02512e-05
374	0.000101683
374.5	0.000519113
375	-2.17313e-05
375.5	-0.000392081
376	-0.000147034
376.5	-5.45639e-05
377	-7.55522e-05
377.5	-3.16967e-05
378	-1.38969e-05
378.5	-1.77903e-05
379	-1.25992e-05
379.5	-5.85481e-06
380	1.67152e-05
380.5	1.67357e-05
381	1.27096e-05
381.5	2.58956e-06
382	7.69309e-06
382.5	2.10023e-06
383	-8.33224e-07
383.5	3.15132e-06
384	1.39745e-06
384.5	-3.85473e-07
385	-1.50303e-06
385.5	-2.20777e-07
386	-1.0143e-06
386.5	-2.43732e-06
387	-2.28982e-06
387.5	-2.22024e-06
388	-3.65332e-06
388.5	-4.25918e-06
389	-2.86143e-06
389.5	-2.91088e-06
390	-3.73869e-06
390.5	-4.63106e-06
391	-5.3066e-06
391.5	-5.75404e-06
392	-4.44761e-06
392.5	-3.24088e-06
393	-3.51554e-06
393.5	-4.72696e-06
394	-4.9386e-06
394.5	-5.41717e-06
395	-6.03917e-06
395.5	-6.23779e-06
396	-6.59102e-06
396.5	-7.11321e-06
397	-7.65461e-06
397.5	-8.17918e-06
398	-8.81125e-06
398.5	-9.11626e-06
399	-9.2367e-06
399.5	-9.09834e-06
400	-8.92812e-06
400.5	-8.75105e-06
401	-6.5701e-06
401.5	-5.86845e-06
402	-5.57224e-06
402.5	-4.73817e-06
403	-3.89984e-06
403.5	-3.83599e-06
404	-3.11733e-06
404.5	-2.22013e-06
405	-2.29221e-06
405.5	-2.41802e-06
406	-1.06623e-06
406.5	-1.87188e-06
407	-3.68352e-06
407.5	-4.42692e-06
408	-3.50935e-06
408.5	-3.90625e-06
409	-4.154e-06
409.5	-5.5863e-06
410	-7.15132e-06
410.5	-6.73517e-06
411	-4.1761e-06
411.5	-3.60569e-06
412	-3.64785e-06
412.5	-3.72433e-06
413	-3.59765e-06
413.5	-3.45586e-06
414	-3.54904e-06
414.5	-3.51109e-06
415	-3.32809e-06
415.5	-3.17388e-06
416	-2.01264e-06
416.5	-1.69646e-06
417	-2.27152e-06
417.5	-2.90471e-06
418	-4.37353e-06
418.5	-3.9889e-06
419	-2.62817e-06
419.5	-3.14636e-06
420	-3.98551e-06
420.5	-6.44636e-06
421	-6.89626e-06
421.5	-6.72273e-06
422	-6.93464e-06
422.5	-6.44708e-06
423	-4.63347e-06
423.5	-5.85709e-06
424	-7.03404e-06
424.5	-7.77893e-06
425	-8.07558e-06
425.5	-8.08668e-06
426	-8.10738e-06
426.5	-8.30583e-06
427	-8.61328e-06
427.5	-8.77173e-06
428	-8.92536e-06
428.5	-9.41888e-06
429	-9.80752e-06
429.5	-1.00016e-05
430	-1.01528e-05
430.5	-1.04881e-05
431	-1.10343e-05
431.5	-7.88334e-06
432	-5.23841e-06
432.5	-7.81208e-06
433	-1.15393e-05
433.5	-1.64449e-05
434	-1.72892e-05
434.5	-1.06975e-05
435	-8.61196e-06
435.5	-1.21599e-05
436	-1.05352e-05
436.5	-1.09744e-05
437	-1.87673e-05
437.5	-1.71691e-05
438	-1.46103e-05
438.5	-1.34311e-05
439	-1.27939e-05
439.5	-1.23811e-05
440	-8.37997e-06
440.5	-1.04343e-05
441	-1.05901e-05
441.5	-1.04075e-05
442	-1.02019e-05
442.5	-1.00431e-05
443	-9.90812e-06
443.5	-9.83686e-06
444	-9.69617e-06
444.5	-9.56089e-06
445	-9.35e-06
445.5	-8.95229e-06
446	-8.387e-06
446.5	-6.59237e-06
447	-6.09529e-06
447.5	-3.30168e-06
448	-3.70598e-06
448.5	-4.03828e-06
449	-2.96964e-06
449.5	-1.06844e-05
450	-9.89861e-06
450.5	-8.34554e-06
451	-9.60708e-06
451.5	-9.85786e-06
452	-9.1343e-06
452.5	-8.31306e-06
453	-8.66056e-06
453.5	-9.34163e-06
454	-9.64193e-06
454.5	-9.96215e-06
455	-1.02742e-05
455.5	-1.06015e-05
456	-1.07822e-05
456.5	-1.09402e-05
457	-1.12773e-05
457.5	-1.15925e-05
458	-1.19449e-05
458.5	-1.2231e-05
459	-1.24942e-05
459.5	-1.26416e-05
460	-1.28416e-05
460.5	-1.16527e-05
461	-1.09592e-05
461.5	-1.04594e-05
462	-8.28774e-06
462.5	-7.8722e-06
463	-9.59391e-06
463.5	-1.13876e-05
464	-2.27763e-05
464.5	-2.84416e-05
465	-2.09453e-05
465.5	-1.43455e-05
466	-1.24019e-05
466.5	-1.18657e-05
467	-1.16665e-05
467.5	-1.14509e-05
468	-1.12752e-05
468.5	-1.11982e-05
469	-1.11868e-05
469.5	-1.11865e-05
470	-1.10516e-05
470.5	-1.08266e-05
471	-1.06481e-05
471.5	-1.05038e-05
472	-1.01613e-05
472.5	-9.87993e-06
473	-9.64562e-06
473.5	-9.35281e-06
474	-9.0234e-06
474.5	-6.86113e-06
475	-5.05684e-06
475.5	-3.291e-06
476	-1.49227e-07
476.5	-1.02889e-06
477	-3.7611e-06
477.5	-9.59531e-06
478	-1.51177e-05
478.5	-1.12083e-05
479	-9.08588e-06
479.5	-1.04133e-05
480	-1.67868e-05
480.5	-1.72765e-05
481	-1.43962e-05
481.5	-1.34979e-05
482	-2.3177e-05
482.5	-1.77269e-05
483	-1.91067e-05
483.5	-1.78832e-05
484	-1.43995e-05
484.5	-1.27767e-05
485	-2.5085e-05
485.5	-1.79276e-05
486	-2.07992e-05
486.5	-1.55139e-05
487	-2.39896e-05
487.5	-2.05458e-05
488	-1.5169e-05
488.5	-1.1879e-05
489	-1.01915e-05
489.5	-7.19202e-06
490	-3.83297e-06
490.5	-1.219e-06
491	3.26727e-06
491.5	-1.24961e-05
492	-1.68461e-05
492.5	-1.0612e-05
493	-9.54158e-06
493.5	-1.35048e-05
494	-1.29368e-05
494.5	-1.11934e-05
495	-9.17089e-06
495.5	-8.19229e-06
496	-8.06969e-06
496.5	-1.28128e-05
497	-1.72144e-05
497.5	-1.72727e-05
498	-3.9283e-05
498.5	-7.8658e-05
499	-2.99434e-05
499.5	5.61534e-05
500	0.000338242
500.5	5.57359e-05
501	-0.000201848
501.5	-0.000105812
502	-4.69543e-05
502.5	-8.32158e-05
503	-7.312e-05
503.5	-5.62057e-05
504	-6.70951e-05
504.5	-0.000116508
505	0.000108747
505.5	0.000470042
506	-6.33753e-05
506.5	-0.00033994
507	-0.000132972
507.5	-7.2763e-05
508	-6.34548e-05
508.5	-8.35877e-05
509	-4.11821e-05
509.5	1.367e-05
510	-6.63245e-06
510.5	1.16885e-05
511	-1.16314e-05
511.5	-2.87474e-06
512	-9.25576e-06
512.5	-3.91699e-06
513	-4.1866e-06
513.5	-6.60386e-06
514	-7.36075e-06
514.5	-8.50278e-06
515	-9.33273e-06
515.5	-8.68143e-06
516	-7.42339e-06
516.5	-6.70595e-06
517	-6.34882e-06
517.5	-6.34901e-06
518	-6.60348e-06
518.5	-6.70174e-06
519	-6.83911e-06
519.5	-6.75758e-06
520	-6.70355e-06
520.5	-6.9386e-06
521	-7.15112e-06
521.5	-7.19868e-06
522	-6.38376e-06
522.5	-5.4127e-06
523	-1.71707e-06
523.5	3.13473e-06
524	1.78263e-06
524.5	4.58699e-07
525	-2.45418e-07
525.5	-6.82835e-07
526	-3.36569e-06
526.5	-5.07067e-06
527	-7.37894e-06
527.5	-1.03768e-05
528	-1.19709e-05
528.5	-1.24449e-05
529	-1.26634e-05
529.5	-1.27301e-05
530	-1.27821e-05
530.5	-1.25331e-05
531	-1.21394e-05
531.5	-1.1912e-05
532	-1.16665e-05
532.5	-1.12639e-05
533	-1.09721e-05
533.5	-1.08329e-05
534	-1.07567e-05
534.5	-1.07195e-05
535	-1.07101e-05
535.5	-1.04875e-05
536	-1.01798e-05
536.5	-1.00308e-05
537	-9.91138e-06
537.5	-8.38504e-06
538	-7.07027e-06
538.5	-5.93952e-06
539	-6.70539e-06
539.5	-6.95767e-06
540	-7.5341e-06
540.5	-4.62743e-06
541	-7.80969e-06
541.5	-1.05901e-05
542	-6.92655e-06
542.5	-7.65474e-06
543	-1.02133e-05
543.5	-1.22609e-05
544	-2.01449e-05
544.5	-1.1155e-05
545	-9.85236e-06
545.5	-9.80223e-06
546	-9.50983e-06
546.5	-9.16304e-06
547	-8.75975e-06
547.5	-8.3351e-06
548	-8.12741e-06
548.5	-7.98392e-06
549	-7.89694e-06
549.5	-7.89854e-06
550	-7.91106e-06
550.5	-8.10697e-06
551	-8.51774e-06
551.5	-9.05396e-06
552	-9.52754e-06
552.5	-9.71843e-06
553	-1.01187e-05
553.5	-1.03282e-05
554	-1.04279e-05
554.5	-8.81817e-06
555	-6.54231e-06
555.5	-5.19689e-06
556	-6.68513e-06
556.5	-7.76695e-06
557	-9.63766e-06
557.5	-1.03432e-05
558	-1.1148e-05
558.5	-1.1969e-05
559	-1.25404e-05
559.5	-1.20456e-05
560	-1.12473e-05
560.5	-1.06661e-05
561	-1.06748e-05
561.5	-1.08513e-05
562	-1.12747e-05
562.5	-1.16525e-05
563	-1.23092e-05
563.5	-1.3324e-05
564	-1.41055e-05
564.5	-1.45225e-05
565	-1.47787e-05
565.5	-1.48656e-05
566	-1.42043e-05
566.5	-1.12191e-05
567	-9.33938e-06
567.5	-9.97099e-06
568	-8.56559e-06
568.5	-1.03101e-05
569	-1.00001e-05
569.5	-6.80018e-06
570	-9.62429e-06
570.5	-1.13126e-05
571	-1.4365e-05
571.5	-1.59465e-05
572	-1.65897e-05
572.5	-1.65439e-05
573	-1.67702e-05
573.5	-1.70657e-05
574	-1.72804e-05
574.5	-1.78265e-05
575	-1.82809e-05
575.5	-1.83548e-05
576	-1.81976e-05
576.5	-1.7865e-05
577	-1.73612e-05
577.5	-1.67825e-05
578	-1.62149e-05
578.5	-1.57819e-05
579	-1.53175e-05
579.5	-1.46773e-05
580	-1.39483e-05
580.5	-1.16838e-05
581	-1.91592e-05
581.5	-2.20723e-05
582	-1.78058e-05
582.5	-9.76784e-06
583	-3.93902e-06
583.5	-8.15674e-07
584	-3.37069e-06
584.5	-4.24661e-06
585	-5.34297e-06
585.5	-6.89977e-06
586	-8.01749e-06
586.5	-8.6981e-06
587	-8.77926e-06
587.5	-8.12291e-06
588	-8.19082e-06
588.5	-8.81478e-06
589	-9.55566e-06
589.5	-1.02001e-05
590	-1.06175e-05
590.5	-1.08376e-05
591	-1.07411e-05
591.5	-1.08237e-05
592	-1.04232e-05
592.5	-1.05183e-05
593	-1.00989e-05
593.5	-9.88106e-06
594	-9.81116e-06
594.5	-9.55313e-06
595	-8.52857e-06
595.5	-5.88243e-06
596	-2.46227e-06
596.5	-2.12664e-07
597	-6.14944e-06
597.5	-1.99106e-07
598	-4.73565e-06
598.5	-4.8115e-06
599	-3.15781e-06
599.5	-3.72846e-06
600	-1.51514e-05
600.5	-1.20526e-05
601	-8.51338e-06
601.5	-6.6413e-06
602	-6.04705e-06
602.5	-5.10466e-06
603	-1.11083e-05
603.5	-9.27459e-06
604	-1.6068e-05
604.5	-1.28604e-05
605	-1.03461e-05
605.5	-9.42987e-06
606	-5.38839e-06
606.5	-8.6601e-06
607	-1.15743e-05
607.5	-1.0005e-05
608	-1.66978e-05
608.5	-2.32788e-05
609	-2.82265e-05
609.5	-2.21343e-05
610	-2.01157e-05
610.5	-1.43146e-05
611	-1.55655e-05
611.5	-1.96639e-05
612	-2.27744e-05
612.5	-5.62437e-05
613	-5.31989e-05
613.5	7.83297e-05
614	0.000140595
614.5	0.000217485
615	-0.00024002
615.5	-0.000158966
616	-9.49992e-05
616.5	-6.65875e-05
617	-6.8214e-05
617.5	-0.000105388
618	4.75776e-05
618.5	5.2575e-05
619	2.33337e-05
619.5	0.000239341
620	-0.000386859
620.5	-0.000285594
621	-0.000122611
621.5	-7.80141e-05
622	-4.00951e-05
622.5	-3.79872e-05
623	-3.07574e-05
623.5	-5.65314e-06
624	1.51752e-05
624.5	-5.89716e-08
625	1.08893e-05
625.5	7.45436e-06
626	-3.7733e-06
626.5	-1.3372e-05
627	-2.10971e-05
627.5	-2.2024e-05
628	-1.72277e-05
628.5	-1.36629e-05
629	-1.14107e-05
629.5	-1.09114e-05
630	-1.11234e-05
630.5	-1.13445e-05
631	-1.16378e-05
631.5	-1.20643e-05
632	-1.2453e-05
632.5	-1.29471e-05
633	-1.34262e-05
633.5	-1.36044e-05
634	-1.16804e-05
634.5	-9.54149e-06
635	-3.97509e-06
635.5	-3.67244e-06
636	-7.17307e-06
636.5	-1.06248e-05
637	-1.24073e-05
637.5	-1.31389e-05
638	-1.20406e-05
638.5	-1.1495e-05
639	-1.14958e-05
639.5	-1.176e-05
640	-1.20356e-05
640.5	-1.19462e-05
641	-1.19522e-05
641.5	-1.16608e-05
642	-1.10602e-05
642.5	-1.03806e-05
643	-9.82136e-06
643.5	-9.73868e-06
644	-1.02531e-05
644.5	-1.10854e-05
645	-1.22823e-05
645.5	-1.34837e-05
646	-1.42867e-05
646.5	-1.31847e-05
647	-1.36088e-05
647.5	-1.24637e-05
648	-1.18312e-05
648.5	-1.27197e-05
649	-1.4332e-05
649.5	-1.38993e-05
650	-1.14098e-05
650.5	-1.0274e-05
651	-6.39848e-06
651.5	-9.06617e-06
652	-1.41972e-05
652.5	-1.70482e-05
653	-1.68214e-05
653.5	-1.54978e-05
654	-1.25674e-05
654.5	-1.17332e-05
655	-1.16849e-05
655.5	-1.16293e-05
656	-1.14591e-05
656.5	-1.13789e-05
657	-1.15369e-05
657.5	-1.15596e-05
658	-1.14809e-05
658.5	-1.16137e-05
659	-1.21416e-05
659.5	-1.25812e-05
660	-1.28262e-05
660.5	-1.3123e-05
661	-1.32246e-05
661.5	-1.33054e-05
662	-1.33259e-05
662.5	-1.32625e-05
663	-1.29979e-05
663.5	-1.11377e-05
664	-8.40945e-06
664.5	-6.76609e-06
665	-4.12472e-06
665.5	-4.80023e-06
666	-5.0995e-06
666.5	-5.47878e-06
667	-8.24291e-06
667.5	-9.72319e-06
668	-1.05519e-05
668.5	-1.1099e-05
669	-1.13665e-05
669.5	-1.12956e-05
670	-1.09831e-05
670.5	-1.0531e-05
671	-1.01843e-05
671.5	-1.00132e-05
672	-9.78783e-06
672.5	-9.45928e-06
673	-9.19117e-06
673.5	-9.65203e-06
674	-1.71567e-05
674.5	-1.36358e-05
675	-1.11709e-05
675.5	-9.9263e-06
676	-9.27111e-06
676.5	-8.85996e-06
677	-8.43332e-06
677.5	-7.78674e-06
678	-7.53638e-06
678.5	-7.94814e-06
679	-8.90285e-06
679.5	-4.58162e-06
680	2.31255e-06
680.5	-2.64124e-06
681	-6.11711e-06
681.5	-6.8991e-06
682	-8.74205e-06
682.5	-1.00528e-05
683	-1.01185e-05
683.5	-1.02806e-05
684	-9.12449e-06
684.5	-9.08126e-06
685	-9.33694e-06
685.5	-9.63298e-06
686	-9.93844e-06
686.5	-9.91592e-06
687	-9.71693e-06
687.5	-9.35802e-06
688	-8.9264e-06
688.5	-8.63152e-06
689	-8.6955e-06
689.5	-8.98346e-06
690	-9.13397e-06
690.5	-9.30885e-06
691	-9.78562e-06
691.5	-1.00526e-05
692	-1.02427e-05
692.5	-1.05027e-05
693	-1.05366e-05
693.5	-9.95164e-06
694	-7.51427e-06
694.5	-5.14936e-06
695	-7.37208e-06
695.5	-9.37688e-06
696	-1.29612e-05
696.5	-1.49698e-05
697	-1.57746e-05
697.5	-1.51693e-05
698	-1.4644e-05
698.5	-1.34332e-05
699	-1.27794e-05
699.5	-1.24025e-05
700	-1.2109e-05
700.5	-1.17973e-05
701	-1.15485e-05
701.5	-1.15611e-05
702	-1.16429e-05
702.5	-1.17469e-05
703	-1.2113e-05
703.5	-1.2481e-05
704	-1.2571e-05
704.5	-1.2597e-05
705	-1.26586e-05
705.5	-1.27578e-05
706	-1.32532e-05
706.5	-1.39009e-05
707	-1.44979e-05
707.5	-1.40659e-05
708	-1.17729e-05
708.5	-4.61393e-06
709	-1.48757e-05
709.5	-1.25817e-05
710	-9.88372e-06
710.5	-1.08129e-05
711	-1.42848e-05
711.5	-1.04185e-05
712	-1.15415e-05
712.5	-1.24028e-05
713	-1.21511e-05
713.5	-1.17129e-05
714	-1.12528e-05
714.5	-1.09312e-05
715	-1.0442e-05
715.5	-9.69936e-06
716	-9.28222e-06
716.5	-8.98921e-06
717	-1.73367e-05
717.5	-1.78762e-05
718	-1.40246e-05
718.5	-1.19672e-05
719	-1.12361e-05
719.5	-1.1361e-05
720	-2.27496e-05
720.5	-1.92267e-05
721	-1.52553e-05
721.5	-1.32328e-05
722	-1.20214e-05
722.5	-1.11528e-05
723	-4.8913e-06
723.5	1.48305e-06
724	2.95417e-07
724.5	-1.53442e-06
725	-1.03949e-06
725.5	-5.90791e-06
726	-6.97309e-06
726.5	-1.63839e-05
727	-1.62153e-05
727.5	-1.4719e-05
728	-1.10538e-05
728.5	-9.49759e-06
729	-1.55734e-05
729.5	-1.75816e-05
730	-1.58205e-05
730.5	-1.20677e-05
731	-1.02429e-05
731.5	-9.46762e-06
732	-9.35036e-06
732.5	-9.48503e-06
733	-9.6392e-06
733.5	-5.5935e-06
734	-1.1512e-05
734.5	-1.99106e-05
735	-1.57926e-05
735.5	-1.32245e-05
736	-1.72943e-05
736.5	-3.40906e-05
737	-0.000110522
737.5	-3.85071e-07
738	5.69671e-06
738.5	0.000177118
739	-0.000128297
739.5	-7.43273e-05
740	-4.87384e-05
740.5	-5.55735e-05
741	-3.57577e-05
741.5	-4.08172e-05
742	-4.38718e-05
742.5	-5.98597e-05
743	-0.00012132
743.5	-3.62236e-05
744	9.41649e-05
744.5	0.000399409
745	-0.000196528
745.5	-0.000306009
746	-0.000153788
746.5	-9.86723e-05
747	-6.90382e-05
747.5	5.09721e-05
748	5.78261e-05
748.5	2.22476e-06
749	-1.54803e-05
749.5	-2.2055e-05
750	-6.84773e-05
750.5	-5.36784e-05
751	-2.90267e-05
751.5	-1.40446e-05
752	-1.09967e-06
752.5	-5.4533e-06
753	-1.4156e-06
753.5	-9.86142e-06
754	-1.51733e-05
754.5	-1.59502e-05
755	-1.77254e-05
755.5	-1.74945e-05
756	-1.45357e-05
756.5	-1.20204e-05
757	-1.04554e-05
757.5	-9.63826e-06
758	-9.2138e-06
758.5	-8.94482e-06
759	-8.77526e-06
759.5	-8.54847e-06
760	-8.4901e-06
760.5	-8.24922e-06
761	-4.19122e-06
761.5	-1.51744e-06
762	-4.45776e-07
762.5	-2.5915e-08
763	-1.33189e-06
763.5	-3.13457e-06
764	-4.73588e-06
764.5	-6.16844e-06
765	-6.68039e-06
765.5	-6.84801e-06
766	-7.04949e-06
766.5	-6.94986e-06
767	-6.83757e-06
767.5	-6.6641e-06
768	-6.34469e-06
768.5	-5.98335e-06
769	-5.66203e-06
769.5	-5.26695e-06
770	-5.16242e-06
770.5	-5.25844e-06
771	-5.2511e-06
771.5	-5.18845e-06
772	-5.46703e-06
772.5	-5.99256e-06
773	-6.15746e-06
773.5	-6.09126e-06
774	-5.87928e-06
774.5	-5.54298e-06
775	-5.59948e-06
775.5	-5.77685e-06
776	-5.2567e-06
776.5	-3.49984e-06
777	-1.01793e-06
777.5	9.54506e-07
778	1.06768e-06
778.5	-1.18435e-06
779	-4.44024e-06
779.5	-5.1573e-06
780	-6.47086e-06
780.5	-7.45637e-06
781	-7.54761e-06
781.5	-6.81998e-06
782	-7.10853e-06
782.5	-8.04437e-06
783	-9.15643e-06
783.5	-1.00293e-05
784	-1.07e-05
784.5	-1.13527e-05
785	-1.19027e-05
785.5	-1.21231e-05
786	-1.21826e-05
786.5	-1.23163e-05
787	-1.23894e-05
787.5	-1.24578e-05
788	-1.2387e-05
788.5	-1.22272e-05
789	-9.84788e-06
789.5	-9.43644e-06
790	-9.71278e-06
790.5	-1.0067e-05
791	-1.03953e-05
791.5	-6.93138e-06
792	-8.70118e-06
792.5	-5.79647e-06
793	-7.83588e-06
793.5	-1.07208e-05
794	-1.47345e-05
794.5	-1.59999e-05
795	-2.31246e-05
795.5	-2.34522e-05
796	-2.03914e-05
796.5	-1.793e-05
797	-1.64206e-05
797.5	-1.54397e-05
798	-1.46977e-05
798.5	-1.44308e-05
799	-1.41838e-05
799.5	-1.38951e-05
800	-1.3554e-05
800.5	-1.35864e-05
801	-1.36356e-05
801.5	-1.35173e-05
802	-1.32753e-05
802.5	-1.31814e-05
803	-1.32238e-05
803.5	-1.33885e-05
804	-1.33867e-05
804.5	-1.09646e-05
805	-1.04506e-05
805.5	-8.81632e-06
806	-5.16664e-06
806.5	-5.91415e-06
807	-7.6665e-06
807.5	-6.51006e-06
808	-6.37088e-06
808.5	-8.64194e-06
809	-9.24038e-06
809.5	-1.10822e-05
810	-1.24561e-05
810.5	-1.31031e-05
811	-1.31564e-05
811.5	-1.29745e-05
812	-1.26965e-05
812.5	-1.26234e-05
813	-1.21322e-05
813.5	-1.13659e-05
814	-1.05646e-05
814.5	-9.94661e-06
815	-7.49573e-06
815.5	-7.12716e-06
816	-7.25531e-06
816.5	-7.3971e-06
817	-7.3343e-06
817.5	-6.98439e-06
818	-6.84247e-06
818.5	-6.77151e-06
819	-7.77853e-06
819.5	-6.54607e-06
820	-2.15343e-06
820.5	-4.28907e-06
821	-4.63046e-06
821.5	-4.52903e-06
822	-2.87744e-06
822.5	-4.30879e-06
823	-4.56903e-06
823.5	-4.61594e-06
824	-6.39717e-06
824.5	-8.09866e-06
825	-9.26571e-06
825.5	-9.99868e-06
826	-1.03142e-05
826.5	-1.03282e-05
827	-1.02396e-05
827.5	-1.02635e-05
828	-1.04958e-05
828.5	-9.49541e-06
829	-1.59388e-05
829.5	-1.47663e-05
830	-1.27797e-05
830.5	-1.1696e-05
831	-1.04441e-05
831.5	-8.25803e-06
832	-7.77897e-06
832.5	-3.57569e-06
833	-4.74273e-06
833.5	-5.60606e-06
834	-3.58779e-06
834.5	-4.68038e-06
835	-6.19679e-06
835.5	-7.05214e-06
836	-7.73443e-06
836.5	-7.02378e-06
837	-6.35502e-06
837.5	-7.16786e-06
838	-8.43833e-06
838.5	-9.29358e-06
839	-9.11534e-06
839.5	-5.9412e-06
840	-7.26337e-06
840.5	-8.34147e-06
841	-8.66106e-06
841.5	-8.5015e-06
842	-4.44535e-06
842.5	-1.78959e-06
843	-3.01414e-06
843.5	-3.56935e-06
844	-3.76788e-06
844.5	-4.99347e-06
845	-3.92538e-06
845.5	-4.0915e-06
846	-4.8495e-06
846.5	-3.71527e-06
847	1.17075e-06
847.5	1.4816e-06
848	-5.01031e-06
848.5	-1.16078e-05
849	-9.52696e-06
849.5	-8.28737e-06
850	-8.79087e-06
850.5	-8.9871e-06
851	-9.38792e-06
851.5	-9.8384e-06
852	-1.03261e-05
852.5	-1.05995e-05
853	-1.066e-05
853.5	-1.02639e-05
854	-1.00045e-05
854.5	-1.08838e-05
855	-1.16853e-05
855.5	-1.19183e-05
856	-1.19372e-05
856.5	-1.16855e-05
857	-1.10719e-05
857.5	-1.05337e-05
858	-9.42856e-06
858.5	-8.61666e-06
859	-8.28939e-06
859.5	-7.78436e-06
860	-1.14293e-05
860.5	-1.68346e-05
861	-2.06363e-06
861.5	-3.86045e-06
862	-7.26768e-06
862.5	-1.84692e-05
863	-1.29998e-05
863.5	-3.12711e-05
864	-3.49728e-05
864.5	-8.28577e-05
865	-7.17775e-05
865.5	9.89099e-05
866	0.000551601
866.5	-5.69353e-05
867	-0.000265016
867.5	-0.000104003
868	-0.00011517
868.5	-0.000102902
869	-0.000106904
869.5	4.16363e-05
870	6.71554e-05
870.5	0.000312434
871	-0.000241215
871.5	-0.00030094
872	-8.40906e-05
872.5	-8.85966e-05
873	-6.33843e-05
873.5	-6.82417e-05
874	-2.73711e-05
874.5	6.65557e-06
875	-2.03007e-05
875.5	5.93512e-06
876	-3.13801e-06
876.5	-2.0158e-05
877	-8.55398e-06
877.5	-5.77006e-06
878	-5.51728e-07
878.5	2.02418e-06
879	-5.08252e-06
879.5	-3.04691e-06
880	-1.56297e-06
880.5	-8.56811e-07
881	-1.85406e-06
881.5	-5.92069e-07
882	-2.42261e-06
882.5	-4.55394e-06
883	-4.47577e-06
883.5	-4.21318e-06
884	-4.27415e-06
884.5	-3.81132e-06
885	-1.24119e-06
885.5	-1.24926e-06
886	-5.7148e-07
886.5	2.6369e-06
887	2.10763e-06
887.5	3.01591e-07
888	-4.96562e-06
888.5	-8.93295e-06
889	-8.5022e-06
889.5	-8.3136e-06
890	-8.9565e-06
890.5	-9.22479e-06
891	-1.04648e-05
891.5	-1.14261e-05
892	-1.22533e-05
892.5	-1.26687e-05
893	-1.26149e-05
893.5	-1.23909e-05
894	-1.22039e-05
894.5	-1.44992e-05
895	-1.52437e-05
895.5	-1.47864e-05
896	-1.4277e-05
896.5	-1.38831e-05
897	-1.13937e-05
897.5	-1.18866e-05
898	-1.30596e-05
898.5	-1.40629e-05
899	-1.47156e-05
899.5	-1.49992e-05
900	-1.49356e-05
900.5	-1.46399e-05
901	-1.43002e-05
901.5	-1.39615e-05
902	-1.43059e-05
902.5	-1.28234e-05
903	-9.44854e-06
903.5	-6.1882e-06
904	-4.12845e-06
904.5	-6.04519e-06
905	-7.42912e-06
905.5	-9.33802e-06
906	-1.09847e-05
906.5	-1.12703e-05
907	-1.13176e-05
907.5	-1.05099e-05
908	-1.04884e-05
908.5	-1.08882e-05
909	-1.21629e-05
909.5	-1.33863e-05
910	-1.42277e-05
910.5	-1.49412e-05
911	-1.54718e-05
911.5	-1.60781e-05
912	-1.64755e-05
912.5	-1.67562e-05
913	-1.67484e-05
913.5	-1.65244e-05
914	-1.60053e-05
914.5	-1.54823e-05
915	-1.47904e-05
915.5	-1.41219e-05
916	-1.33234e-05
916.5	-1.17798e-05
917	-8.50851e-06
917.5	-8.35234e-06
918	-5.46751e-06
918.5	-7.61601e-06
919	-9.57187e-06
919.5	-9.25135e-06
920	-9.18358e-06
920.5	-1.02454e-05
921	-9.95619e-06
921.5	-9.12671e-06
922	-8.53184e-06
922.5	-8.76342e-06
923	-8.95254e-06
923.5	-9.01216e-06
924	-8.9867e-06
924.5	-8.8833e-06
925	-8.71172e-06
925.5	-8.63205e-06
926	-8.79224e-06
926.5	-8.93808e-06
927	-9.01299e-06
927.5	-9.05376e-06
928	-9.11052e-06
928.5	-8.91628e-06
929	-8.54898e-06
929.5	-6.50988e-06
930	-5.46493e-06
930.5	-5.66946e-06
931	-4.66679e-06
931.5	-4.40556e-06
932	-5.74449e-06
932.5	-6.27307e-06
933	-3.81796e-06
933.5	-3.79451e-06
934	-9.06967e-06
934.5	-8.90662e-06
935	-7.99277e-06
935.5	-9.95814e-06
936	-1.26844e-05
936.5	-1.3185e-05
937	-1.18398e-05
937.5	-1.21824e-05
938	-1.14697e-05
938.5	-1.108e-05
939	-1.11225e-05
939.5	-1.11721e-05
940	-1.11942e-05
940.5	-1.12087e-05
941	-1.09334e-05
941.5	-1.05149e-05
942	-9.92645e-06
942.5	-9.46087e-06
943	-9.05765e-06
943.5	-8.58606e-06
944	-8.17786e-06
944.5	-7.85876e-06
945	-7.48793e-06
945.5	-4.64351e-06
946	-1.8966e-06
946.5	-1.92165e-06
947	1.04014e-06
947.5	-3.73e-07
948	-2.51373e-06
948.5	-6.92206e-06
949	-8.07612e-06
949.5	-7.61619e-06
950	-7.6926e-06
950.5	-7.84034e-06
951	-8.65098e-06
951.5	-8.71923e-06
952	-9.0876e-06
952.5	-9.47328e-06
953	-9.71859e-06
953.5	-9.90981e-06
954	-1.00997e-05
954.5	-2.26531e-05
955	-2.52383e-05
955.5	-1.51933e-05
956	-1.23438e-05
956.5	-1.15707e-05
957	-1.14091e-05
957.5	-1.14715e-05
958	-1.16195e-05
958.5	-1.1786e-05
959	-1.19096e-05
959.5	-1.1969e-05
960	-1.18859e-05
960.5	-4.05728e-06
961	-2.38517e-06
961.5	-2.3977e-06
962	-1.08283e-06
962.5	2.04705e-06
963	1.91377e-06
963.5	-1.9887e-06
964	-7.31632e-06
964.5	-9.38127e-06
965	-1.12341e-05
965.5	-1.13673e-05
966	-1.08788e-05
966.5	-1.04876e-05
967	-1.04144e-05
967.5	-1.02781e-05
968	-1.02139e-05
968.5	-1.02841e-05
969	-1.0362e-05
969.5	-1.04846e-05
970	-1.02669e-05
970.5	-1.02292e-05
971	-1.0621e-05
971.5	-1.10929e-05
972	-1.17707e-05
972.5	-1.24862e-05
973	-1.18048e-05
973.5	-1.13569e-05
974	-1.00838e-05
974.5	-1.04798e-05
975	-1.13647e-05
975.5	-9.07219e-06
976	-6.94824e-06
976.5	-6.45599e-06
977	-7.70783e-06
977.5	-9.45319e-06
978	-9.61642e-06
978.5	-1.45728e-05
979	-1.52701e-05
979.5	-2.22488e-05
980	-2.60724e-05
980.5	-2.37191e-05
981	-1.97552e-05
981.5	-1.52108e-05
982	-1.47818e-05
982.5	-1.36879e-05
983	-1.40951e-05
983.5	-1.25079e-05
984	-1.68772e-05
984.5	-3.72454e-05
985	-0.000123341
985.5	2.5139e-05
986	0.000268645
986.5	1.2008e-05
987	-0.00024052
987.5	-0.000118266
988	-0.000135384
988.5	-0.000105685
989	-0.000116068
989.5	2.87456e-06
990	9.24632e-05
990.5	0.000295356
991	-0.000263952
991.5	-0.000280358
992	-9.1595e-05
992.5	-9.09403e-05
993	-5.31336e-05
993.5	-4.35875e-05
994	-5.03595e-05
994.5	-3.11806e-05
995	-2.08127e-05
995.5	3.09766e-06
996	1.94444e-05
996.5	1.16938e-05
997	3.28883e-06
997.5	1.56705e-06
998	8.23958e-07
998.5	-1.25534e-06
999	-3.38995e-06
999.5	-4.81599e-06
1000	-5.74048e-06
