secname	pos	x	y	z	dist	diam	cm	Ra	gmax_ch_CavL	gmax_ch_CavN	gmax_ch_HCN	gmax_ch_HCNolm	gmax_ch_HCNp	gmax_ch_KCaS	gmax_ch_Kdrfast	gmax_ch_Kdrfastngf	gmax_ch_Kdrp	gmax_ch_Kdrslow	gmax_ch_KvA	gmax_ch_KvAdistp	gmax_ch_KvAngf	gmax_ch_KvAolm	gmax_ch_KvAproxp	gmax_ch_KvCaB	gmax_ch_KvGroup	gmax_ch_KvM	gmax_ch_Nav	gmax_ch_Navaxonp	gmax_ch_Navbis	gmax_ch_Navcck	gmax_ch_Navngf	gmax_ch_Navp	gmax_ch_leak
pvbasketcell[0].soma[0]	0	2424.33	15.5	125	0	10	1.4	100	0.005	0.0008	0	0	0	2e-06	0.013	0	0	0	0.00015	0	0	0	0	2e-07	0	0	0	0.15	0	0	0	0	0.000180018
pvbasketcell[0].soma[0]	0.5	2424.33	15.5	125	10	10	1.4	100	0.005	0.0008	0	0	0	2e-06	0.013	0	0	0	0.00015	0	0	0	0	2e-07	0	0	0	0.15	0	0	0	0	0.000180018
pvbasketcell[0].soma[0]	1	2424.33	15.5	125	20	10	1.4	100	0.005	0.0008	0	0	0	2e-06	0.013	0	0	0	0.00015	0	0	0	0	2e-07	0	0	0	0.15	0	0	0	0	0.000180018
pvbasketcell[0].dend[0]	0	2424.33	35.5	125	20	4	1.4	100	0.005	0.0008	0	0	0	2e-06	0.013	0	0	0	0.00015	0	0	0	0	2e-07	0	0	0	0.15	0	0	0	0	0.000180018
pvbasketcell[0].dend[0]	0.5	2424.33	35.5	125	70	4	1.4	100	0.005	0.0008	0	0	0	2e-06	0.013	0	0	0	0.00015	0	0	0	0	2e-07	0	0	0	0.15	0	0	0	0	0.000180018
pvbasketcell[0].dend[0]	1	2424.33	35.5	125	120	4	1.4	100	0.005	0.0008	0	0	0	2e-06	0.013	0	0	0	0.00015	0	0	0	0	2e-07	0	0	0	0.15	0	0	0	0	0.000180018
pvbasketcell[0].dend[1]	0	2463.28	127.606	125	120	3	1.4	100	0.005	0.0008	0	0	0	2e-06	0.013	0	0	0	0.00015	0	0	0	0	2e-07	0	0	0	0.15	0	0	0	0	0.000180018
pvbasketcell[0].dend[1]	0.166667	2463.28	127.606	125	136.667	3	1.4	100	0.005	0.0008	0	0	0	2e-06	0.013	0	0	0	0.00015	0	0	0	0	2e-07	0	0	0	0.15	0	0	0	0	0.000180018
pvbasketcell[0].dend[1]	0.5	2463.28	127.606	125	170	3	1.4	100	0.005	0.0008	0	0	0	2e-06	0.013	0	0	0	0.00015	0	0	0	0	2e-07	0	0	0	0.15	0	0	0	0	0.000180018
pvbasketcell[0].dend[1]	0.833333	2463.28	127.606	125	203.333	3	1.4	100	0.005	0.0008	0	0	0	2e-06	0.013	0	0	0	0.00015	0	0	0	0	2e-07	0	0	0	0.15	0	0	0	0	0.000180018
pvbasketcell[0].dend[1]	1	2463.28	127.606	125	220	3	1.4	100	0.005	0.0008	0	0	0	2e-06	0.013	0	0	0	0.00015	0	0	0	0	2e-07	0	0	0	0.15	0	0	0	0	0.000180018
pvbasketcell[0].dend[2]	0	2502.22	219.712	125	220	2	1.4	100	0.005	0.0008	0	0	0	2e-06	0.013	0	0	0	0.00015	0	0	0	0	2e-07	0	0	0	0.15	0	0	0	0	0.000180018
pvbasketcell[0].dend[2]	0.166667	2502.22	219.712	125	253.333	2	1.4	100	0.005	0.0008	0	0	0	2e-06	0.013	0	0	0	0.00015	0	0	0	0	2e-07	0	0	0	0.15	0	0	0	0	0.000180018
pvbasketcell[0].dend[2]	0.5	2502.22	219.712	125	320	2	1.4	100	0.005	0.0008	0	0	0	2e-06	0.013	0	0	0	0.00015	0	0	0	0	2e-07	0	0	0	0.15	0	0	0	0	0.000180018
pvbasketcell[0].dend[2]	0.833333	2502.22	219.712	125	386.666	2	1.4	100	0.005	0.0008	0	0	0	2e-06	0.013	0	0	0	0.00015	0	0	0	0	2e-07	0	0	0	0.15	0	0	0	0	0.000180018
pvbasketcell[0].dend[2]	1	2502.22	219.712	125	420	2	1.4	100	0.005	0.0008	0	0	0	2e-06	0.013	0	0	0	0.00015	0	0	0	0	2e-07	0	0	0	0.15	0	0	0	0	0.000180018
pvbasketcell[0].dend[3]	0	2580.1	403.924	125	420	1.5	1.4	100	0.005	0.0008	0	0	0	2e-06	0.013	0	0	0	0.00015	0	0	0	0	2e-07	0	0	0	0.15	0	0	0	0	0.000180018
pvbasketcell[0].dend[3]	0.166667	2580.1	403.924	125	436.666	1.5	1.4	100	0.005	0.0008	0	0	0	2e-06	0.013	0	0	0	0.00015	0	0	0	0	2e-07	0	0	0	0.15	0	0	0	0	0.000180018
pvbasketcell[0].dend[3]	0.5	2580.1	403.924	125	470	1.5	1.4	100	0.005	0.0008	0	0	0	2e-06	0.013	0	0	0	0.00015	0	0	0	0	2e-07	0	0	0	0.15	0	0	0	0	0.000180018
pvbasketcell[0].dend[3]	0.833333	2580.1	403.924	125	503.334	1.5	1.4	100	0.005	0.0008	0	0	0	2e-06	0.013	0	0	0	0.00015	0	0	0	0	2e-07	0	0	0	0.15	0	0	0	0	0.000180018
pvbasketcell[0].dend[3]	1	2580.1	403.924	125	520	1.5	1.4	100	0.005	0.0008	0	0	0	2e-06	0.013	0	0	0	0.00015	0	0	0	0	2e-07	0	0	0	0.15	0	0	0	0	0.000180018
pvbasketcell[0].dend[4]	0	2619.04	496.031	125	520	1	1.4	100	0.005	0.0008	0	0	0	2e-06	0.013	0	0	0	0.00015	0	0	0	0	2e-07	0	0	0	0.15	0	0	0	0	0.000180018
pvbasketcell[0].dend[4]	0.166667	2619.04	496.031	125	536.667	1	1.4	100	0.005	0.0008	0	0	0	2e-06	0.013	0	0	0	0.00015	0	0	0	0	2e-07	0	0	0	0.15	0	0	0	0	0.000180018
pvbasketcell[0].dend[4]	0.5	2619.04	496.031	125	570	1	1.4	100	0.005	0.0008	0	0	0	2e-06	0.013	0	0	0	0.00015	0	0	0	0	2e-07	0	0	0	0.15	0	0	0	0	0.000180018
pvbasketcell[0].dend[4]	0.833333	2619.04	496.031	125	603.334	1	1.4	100	0.005	0.0008	0	0	0	2e-06	0.013	0	0	0	0.00015	0	0	0	0	2e-07	0	0	0	0.15	0	0	0	0	0.000180018
pvbasketcell[0].dend[4]	1	2619.04	496.031	125	620	1	1.4	100	0.005	0.0008	0	0	0	2e-06	0.013	0	0	0	0.00015	0	0	0	0	2e-07	0	0	0	0.15	0	0	0	0	0.000180018
pvbasketcell[0].dend[5]	0	2424.33	35.5	125	20	4	1.4	100	0.005	0.0008	0	0	0	2e-06	0.013	0	0	0	0.00015	0	0	0	0	2e-07	0	0	0	0.15	0	0	0	0	0.000180018
pvbasketcell[0].dend[5]	0.5	2424.33	35.5	125	69.9999	4	1.4	100	0.005	0.0008	0	0	0	2e-06	0.013	0	0	0	0.00015	0	0	0	0	2e-07	0	0	0	0.15	0	0	0	0	0.000180018
pvbasketcell[0].dend[5]	1	2424.33	35.5	125	120	4	1.4	100	0.005	0.0008	0	0	0	2e-06	0.013	0	0	0	0.00015	0	0	0	0	2e-07	0	0	0	0.15	0	0	0	0	0.000180018
pvbasketcell[0].dend[6]	0	2385.39	127.606	125	120	3	1.4	100	0.005	0.0008	0	0	0	2e-06	0.013	0	0	0	0.00015	0	0	0	0	2e-07	0	0	0	0.15	0	0	0	0	0.000180018
pvbasketcell[0].dend[6]	0.166667	2385.39	127.606	125	136.666	3	1.4	100	0.005	0.0008	0	0	0	2e-06	0.013	0	0	0	0.00015	0	0	0	0	2e-07	0	0	0	0.15	0	0	0	0	0.000180018
pvbasketcell[0].dend[6]	0.5	2385.39	127.606	125	170	3	1.4	100	0.005	0.0008	0	0	0	2e-06	0.013	0	0	0	0.00015	0	0	0	0	2e-07	0	0	0	0.15	0	0	0	0	0.000180018
pvbasketcell[0].dend[6]	0.833333	2385.39	127.606	125	203.333	3	1.4	100	0.005	0.0008	0	0	0	2e-06	0.013	0	0	0	0.00015	0	0	0	0	2e-07	0	0	0	0.15	0	0	0	0	0.000180018
pvbasketcell[0].dend[6]	1	2385.39	127.606	125	220	3	1.4	100	0.005	0.0008	0	0	0	2e-06	0.013	0	0	0	0.00015	0	0	0	0	2e-07	0	0	0	0.15	0	0	0	0	0.000180018
pvbasketcell[0].dend[7]	0	2346.45	219.712	125	220	2	1.4	100	0.005	0.0008	0	0	0	2e-06	0.013	0	0	0	0.00015	0	0	0	0	2e-07	0	0	0	0.15	0	0	0	0	0.000180018
pvbasketcell[0].dend[7]	0.166667	2346.45	219.712	125	253.333	2	1.4	100	0.005	0.0008	0	0	0	2e-06	0.013	0	0	0	0.00015	0	0	0	0	2e-07	0	0	0	0.15	0	0	0	0	0.000180018
pvbasketcell[0].dend[7]	0.5	2346.45	219.712	125	320	2	1.4	100	0.005	0.0008	0	0	0	2e-06	0.013	0	0	0	0.00015	0	0	0	0	2e-07	0	0	0	0.15	0	0	0	0	0.000180018
pvbasketcell[0].dend[7]	0.833333	2346.45	219.712	125	386.666	2	1.4	100	0.005	0.0008	0	0	0	2e-06	0.013	0	0	0	0.00015	0	0	0	0	2e-07	0	0	0	0.15	0	0	0	0	0.000180018
pvbasketcell[0].dend[7]	1	2346.45	219.712	125	419.999	2	1.4	100	0.005	0.0008	0	0	0	2e-06	0.013	0	0	0	0.00015	0	0	0	0	2e-07	0	0	0	0.15	0	0	0	0	0.000180018
pvbasketcell[0].dend[8]	0	2268.57	403.924	125	419.999	1.5	1.4	100	0.005	0.0008	0	0	0	2e-06	0.013	0	0	0	0.00015	0	0	0	0	2e-07	0	0	0	0.15	0	0	0	0	0.000180018
pvbasketcell[0].dend[8]	0.166667	2268.57	403.924	125	436.666	1.5	1.4	100	0.005	0.0008	0	0	0	2e-06	0.013	0	0	0	0.00015	0	0	0	0	2e-07	0	0	0	0.15	0	0	0	0	0.000180018
pvbasketcell[0].dend[8]	0.5	2268.57	403.924	125	470	1.5	1.4	100	0.005	0.0008	0	0	0	2e-06	0.013	0	0	0	0.00015	0	0	0	0	2e-07	0	0	0	0.15	0	0	0	0	0.000180018
pvbasketcell[0].dend[8]	0.833333	2268.57	403.924	125	503.334	1.5	1.4	100	0.005	0.0008	0	0	0	2e-06	0.013	0	0	0	0.00015	0	0	0	0	2e-07	0	0	0	0.15	0	0	0	0	0.000180018
pvbasketcell[0].dend[8]	1	2268.57	403.924	125	520	1.5	1.4	100	0.005	0.0008	0	0	0	2e-06	0.013	0	0	0	0.00015	0	0	0	0	2e-07	0	0	0	0.15	0	0	0	0	0.000180018
pvbasketcell[0].dend[9]	0	2229.62	496.031	125	520	1	1.4	100	0.005	0.0008	0	0	0	2e-06	0.013	0	0	0	0.00015	0	0	0	0	2e-07	0	0	0	0.15	0	0	0	0	0.000180018
pvbasketcell[0].dend[9]	0.166667	2229.62	496.031	125	536.667	1	1.4	100	0.005	0.0008	0	0	0	2e-06	0.013	0	0	0	0.00015	0	0	0	0	2e-07	0	0	0	0.15	0	0	0	0	0.000180018
pvbasketcell[0].dend[9]	0.5	2229.62	496.031	125	570	1	1.4	100	0.005	0.0008	0	0	0	2e-06	0.013	0	0	0	0.00015	0	0	0	0	2e-07	0	0	0	0.15	0	0	0	0	0.000180018
pvbasketcell[0].dend[9]	0.833333	2229.62	496.031	125	603.334	1	1.4	100	0.005	0.0008	0	0	0	2e-06	0.013	0	0	0	0.00015	0	0	0	0	2e-07	0	0	0	0.15	0	0	0	0	0.000180018
pvbasketcell[0].dend[9]	1	2229.62	496.031	125	620	1	1.4	100	0.005	0.0008	0	0	0	2e-06	0.013	0	0	0	0.00015	0	0	0	0	2e-07	0	0	0	0.15	0	0	0	0	0.000180018
pvbasketcell[0].dend[10]	0	2424.33	15.5	125	0	2	1.4	100	0.005	0.0008	0	0	0	2e-06	0.013	0	0	0	0.00015	0	0	0	0	2e-07	0	0	0	0.15	0	0	0	0	0.000180018
pvbasketcell[0].dend[10]	0.166667	2424.33	15.5	125	16.6667	2	1.4	100	0.005	0.0008	0	0	0	2e-06	0.013	0	0	0	0.00015	0	0	0	0	2e-07	0	0	0	0.15	0	0	0	0	0.000180018
pvbasketcell[0].dend[10]	0.5	2424.33	15.5	125	50	2	1.4	100	0.005	0.0008	0	0	0	2e-06	0.013	0	0	0	0.00015	0	0	0	0	2e-07	0	0	0	0.15	0	0	0	0	0.000180018
pvbasketcell[0].dend[10]	0.833333	2424.33	15.5	125	83.3333	2	1.4	100	0.005	0.0008	0	0	0	2e-06	0.013	0	0	0	0.00015	0	0	0	0	2e-07	0	0	0	0.15	0	0	0	0	0.000180018
pvbasketcell[0].dend[10]	1	2424.33	15.5	125	99.9999	2	1.4	100	0.005	0.0008	0	0	0	2e-06	0.013	0	0	0	0.00015	0	0	0	0	2e-07	0	0	0	0.15	0	0	0	0	0.000180018
pvbasketcell[0].dend[11]	0	2385.39	-76.6061	125	99.9999	1.5	1.4	100	0.005	0.0008	0	0	0	2e-06	0.013	0	0	0	0.00015	0	0	0	0	2e-07	0	0	0	0.15	0	0	0	0	0.000180018
pvbasketcell[0].dend[11]	0.166667	2385.39	-76.6061	125	116.667	1.5	1.4	100	0.005	0.0008	0	0	0	2e-06	0.013	0	0	0	0.00015	0	0	0	0	2e-07	0	0	0	0.15	0	0	0	0	0.000180018
pvbasketcell[0].dend[11]	0.5	2385.39	-76.6061	125	150	1.5	1.4	100	0.005	0.0008	0	0	0	2e-06	0.013	0	0	0	0.00015	0	0	0	0	2e-07	0	0	0	0.15	0	0	0	0	0.000180018
pvbasketcell[0].dend[11]	0.833333	2385.39	-76.6061	125	183.333	1.5	1.4	100	0.005	0.0008	0	0	0	2e-06	0.013	0	0	0	0.00015	0	0	0	0	2e-07	0	0	0	0.15	0	0	0	0	0.000180018
pvbasketcell[0].dend[11]	1	2385.39	-76.6061	125	200	1.5	1.4	100	0.005	0.0008	0	0	0	2e-06	0.013	0	0	0	0.00015	0	0	0	0	2e-07	0	0	0	0.15	0	0	0	0	0.000180018
pvbasketcell[0].dend[12]	0	2346.45	-168.712	125	200	1	1.4	100	0.005	0.0008	0	0	0	2e-06	0.013	0	0	0	0.00015	0	0	0	0	2e-07	0	0	0	0.15	0	0	0	0	0.000180018
pvbasketcell[0].dend[12]	0.166667	2346.45	-168.712	125	216.666	1	1.4	100	0.005	0.0008	0	0	0	2e-06	0.013	0	0	0	0.00015	0	0	0	0	2e-07	0	0	0	0.15	0	0	0	0	0.000180018
pvbasketcell[0].dend[12]	0.5	2346.45	-168.712	125	250	1	1.4	100	0.005	0.0008	0	0	0	2e-06	0.013	0	0	0	0.00015	0	0	0	0	2e-07	0	0	0	0.15	0	0	0	0	0.000180018
pvbasketcell[0].dend[12]	0.833333	2346.45	-168.712	125	283.333	1	1.4	100	0.005	0.0008	0	0	0	2e-06	0.013	0	0	0	0.00015	0	0	0	0	2e-07	0	0	0	0.15	0	0	0	0	0.000180018
pvbasketcell[0].dend[12]	1	2346.45	-168.712	125	300	1	1.4	100	0.005	0.0008	0	0	0	2e-06	0.013	0	0	0	0.00015	0	0	0	0	2e-07	0	0	0	0.15	0	0	0	0	0.000180018
pvbasketcell[0].dend[13]	0	2424.33	15.5	125	0	2	1.4	100	0.005	0.0008	0	0	0	2e-06	0.013	0	0	0	0.00015	0	0	0	0	2e-07	0	0	0	0.15	0	0	0	0	0.000180018
pvbasketcell[0].dend[13]	0.166667	2424.33	15.5	125	16.6667	2	1.4	100	0.005	0.0008	0	0	0	2e-06	0.013	0	0	0	0.00015	0	0	0	0	2e-07	0	0	0	0.15	0	0	0	0	0.000180018
pvbasketcell[0].dend[13]	0.5	2424.33	15.5	125	50	2	1.4	100	0.005	0.0008	0	0	0	2e-06	0.013	0	0	0	0.00015	0	0	0	0	2e-07	0	0	0	0.15	0	0	0	0	0.000180018
pvbasketcell[0].dend[13]	0.833333	2424.33	15.5	125	83.3334	2	1.4	100	0.005	0.0008	0	0	0	2e-06	0.013	0	0	0	0.00015	0	0	0	0	2e-07	0	0	0	0.15	0	0	0	0	0.000180018
pvbasketcell[0].dend[13]	1	2424.33	15.5	125	100	2	1.4	100	0.005	0.0008	0	0	0	2e-06	0.013	0	0	0	0.00015	0	0	0	0	2e-07	0	0	0	0.15	0	0	0	0	0.000180018
pvbasketcell[0].dend[14]	0	2463.28	-76.6061	125	100	1.5	1.4	100	0.005	0.0008	0	0	0	2e-06	0.013	0	0	0	0.00015	0	0	0	0	2e-07	0	0	0	0.15	0	0	0	0	0.000180018
pvbasketcell[0].dend[14]	0.166667	2463.28	-76.6061	125	116.667	1.5	1.4	100	0.005	0.0008	0	0	0	2e-06	0.013	0	0	0	0.00015	0	0	0	0	2e-07	0	0	0	0.15	0	0	0	0	0.000180018
pvbasketcell[0].dend[14]	0.5	2463.28	-76.6061	125	150	1.5	1.4	100	0.005	0.0008	0	0	0	2e-06	0.013	0	0	0	0.00015	0	0	0	0	2e-07	0	0	0	0.15	0	0	0	0	0.000180018
pvbasketcell[0].dend[14]	0.833333	2463.28	-76.6061	125	183.333	1.5	1.4	100	0.005	0.0008	0	0	0	2e-06	0.013	0	0	0	0.00015	0	0	0	0	2e-07	0	0	0	0.15	0	0	0	0	0.000180018
pvbasketcell[0].dend[14]	1	2463.28	-76.6061	125	200	1.5	1.4	100	0.005	0.0008	0	0	0	2e-06	0.013	0	0	0	0.00015	0	0	0	0	2e-07	0	0	0	0.15	0	0	0	0	0.000180018
pvbasketcell[0].dend[15]	0	2502.22	-168.712	125	200	1	1.4	100	0.005	0.0008	0	0	0	2e-06	0.013	0	0	0	0.00015	0	0	0	0	2e-07	0	0	0	0.15	0	0	0	0	0.000180018
pvbasketcell[0].dend[15]	0.166667	2502.22	-168.712	125	216.667	1	1.4	100	0.005	0.0008	0	0	0	2e-06	0.013	0	0	0	0.00015	0	0	0	0	2e-07	0	0	0	0.15	0	0	0	0	0.000180018
pvbasketcell[0].dend[15]	0.5	2502.22	-168.712	125	250	1	1.4	100	0.005	0.0008	0	0	0	2e-06	0.013	0	0	0	0.00015	0	0	0	0	2e-07	0	0	0	0.15	0	0	0	0	0.000180018
pvbasketcell[0].dend[15]	0.833333	2502.22	-168.712	125	283.333	1	1.4	100	0.005	0.0008	0	0	0	2e-06	0.013	0	0	0	0.00015	0	0	0	0	2e-07	0	0	0	0.15	0	0	0	0	0.000180018
pvbasketcell[0].dend[15]	1	2502.22	-168.712	125	300	1	1.4	100	0.005	0.0008	0	0	0	2e-06	0.013	0	0	0	0.00015	0	0	0	0	2e-07	0	0	0	0.15	0	0	0	0	0.000180018
