0	0
0.5	1.50302e-24
1	-5.58893e-25
1.5	-1.32122e-24
2	-5.66265e-25
2.5	2.16167e-24
3	-2.54304e-24
3.5	-2.26759e-08
4	-1.12135e-07
4.5	-3.0268e-07
5	-8.81126e-07
5.5	-1.59104e-06
6	-2.3669e-06
6.5	-2.84648e-06
7	-3.25235e-06
7.5	-3.49343e-06
8	-3.52599e-06
8.5	-3.43418e-06
9	-3.48659e-06
9.5	-3.81753e-06
10	-4.5024e-06
10.5	-5.65001e-06
11	-6.96931e-06
11.5	-8.22814e-06
12	-9.02447e-06
12.5	-9.43767e-06
13	-9.75843e-06
13.5	-1.01073e-05
14	-1.02879e-05
14.5	-9.36908e-06
15	-8.30306e-06
15.5	-6.50366e-06
16	-6.38638e-06
16.5	-8.8795e-06
17	-9.37545e-06
17.5	-1.06445e-05
18	-1.21316e-05
18.5	-1.69053e-05
19	-1.53109e-05
19.5	-1.14573e-05
20	-6.03571e-06
20.5	-9.91051e-06
21	-5.49734e-06
21.5	-1.96052e-06
22	-3.92105e-06
22.5	-5.24025e-06
23	-5.67124e-06
23.5	-5.35732e-06
24	-1.94975e-06
24.5	-6.08275e-06
25	-2.03827e-05
25.5	-1.06512e-05
26	-2.46383e-05
26.5	-4.80303e-05
27	-6.83134e-05
27.5	5.90779e-05
28	3.60379e-05
28.5	-0.000167117
29	-7.19245e-05
29.5	-0.000105991
30	-0.000127986
30.5	-1.90026e-05
31	0.000142477
31.5	9.0191e-07
32	0.000422722
32.5	-6.32992e-05
33	-0.00029568
33.5	-0.000146093
34	-7.33064e-05
34.5	-1.5494e-05
35	-3.3301e-06
35.5	-4.21792e-06
36	8.71281e-06
36.5	4.06922e-06
37	1.29434e-07
37.5	-4.97549e-06
38	-9.16974e-06
38.5	-1.20926e-05
39	-1.60948e-05
39.5	-1.86851e-05
40	-2.00209e-05
40.5	-1.93559e-05
41	-1.67559e-05
41.5	-1.43172e-05
42	-1.24909e-05
42.5	-1.1182e-05
43	-1.01281e-05
43.5	-9.33899e-06
44	-9.01657e-06
44.5	-9.41784e-06
45	-9.84742e-06
45.5	-1.00693e-05
46	-1.0127e-05
46.5	-1.00705e-05
47	-1.00676e-05
47.5	-1.00416e-05
48	-1.00064e-05
48.5	-9.8169e-06
49	-8.97914e-06
49.5	-3.97844e-06
50	-2.16058e-06
50.5	-1.90626e-07
51	1.74511e-06
51.5	-4.60349e-07
52	-2.01693e-06
52.5	-4.95987e-06
53	-6.82162e-06
53.5	-7.2491e-06
54	-7.44204e-06
54.5	-8.37814e-06
55	-8.06033e-06
55.5	-7.13865e-06
56	-7.03775e-06
56.5	-7.28368e-06
57	-7.70682e-06
57.5	-8.19632e-06
58	-8.56475e-06
58.5	-8.5269e-06
59	-8.01795e-06
59.5	-7.23726e-06
60	-6.6135e-06
60.5	-6.33343e-06
61	-6.17851e-06
61.5	-5.97467e-06
62	-5.80768e-06
62.5	-5.5907e-06
63	-6.86427e-06
63.5	-6.69994e-06
64	-6.7931e-06
64.5	-5.37637e-06
65	-5.5877e-06
65.5	-5.55504e-06
66	-6.00981e-06
66.5	-1.16336e-07
67	1.01009e-06
67.5	-1.6531e-07
68	-4.04532e-06
68.5	-6.46962e-06
69	-8.94994e-06
69.5	-1.08266e-05
70	-1.06267e-05
70.5	-1.05583e-05
71	-1.09091e-05
71.5	-1.14128e-05
72	-1.22859e-05
72.5	-1.31362e-05
73	-1.3823e-05
73.5	-1.43124e-05
74	-1.45756e-05
74.5	-1.47029e-05
75	-1.46627e-05
75.5	-1.44898e-05
76	-1.42126e-05
76.5	-1.3773e-05
77	-1.32672e-05
77.5	-1.25154e-05
78	-1.33916e-05
78.5	-9.46167e-06
79	-7.52113e-06
79.5	-7.82039e-06
80	-5.30393e-06
80.5	-4.92691e-06
81	-5.30613e-06
81.5	-5.44068e-06
82	-3.14033e-06
82.5	-3.96784e-06
83	-7.21654e-07
83.5	-2.14988e-06
84	-5.95701e-06
84.5	-7.0745e-06
85	-7.00269e-06
85.5	-6.58717e-06
86	-8.26373e-06
86.5	-7.43086e-06
87	-6.60059e-06
87.5	-6.02729e-06
88	-5.6464e-06
88.5	-5.56239e-06
89	-5.4938e-06
89.5	-5.37735e-06
90	-5.31427e-06
90.5	-5.17625e-06
91	-5.0228e-06
91.5	-5.126e-06
92	-5.14464e-06
92.5	-5.0939e-06
93	-5.09131e-06
93.5	-5.29988e-06
94	-5.64501e-06
94.5	-4.23419e-06
95	-2.40996e-06
95.5	-4.60349e-06
96	-4.45005e-06
96.5	-4.0627e-06
97	-4.75902e-06
97.5	-6.05542e-06
98	-7.11922e-06
98.5	-1.02777e-05
99	-1.43478e-05
99.5	-1.36895e-05
100	-2.07597e-05
100.5	-1.90495e-05
101	-1.55948e-05
101.5	-1.38301e-05
102	-1.30333e-05
102.5	-1.26168e-05
103	-1.23533e-05
103.5	-1.22072e-05
104	-1.19679e-05
104.5	-1.18636e-05
105	-1.18635e-05
105.5	-1.19004e-05
106	-1.18599e-05
106.5	-1.18253e-05
107	-1.17643e-05
107.5	-1.16309e-05
108	-1.12899e-05
108.5	-8.83009e-06
109	-7.33772e-06
109.5	-3.86694e-06
110	-4.73949e-07
110.5	-1.9496e-06
111	-6.75881e-06
111.5	-8.97525e-06
112	-5.8836e-06
112.5	-5.48914e-06
113	-8.44676e-06
113.5	-1.00728e-05
114	-1.25961e-05
114.5	-1.39256e-05
115	-1.82742e-05
115.5	-2.91966e-05
116	-8.2302e-05
116.5	7.36344e-05
117	8.93648e-06
117.5	0.000125616
118	-0.000151391
118.5	-8.56809e-05
119	-6.51376e-05
119.5	-3.45711e-05
120	-5.44628e-05
120.5	-4.68124e-05
121	-3.77075e-05
121.5	-4.83331e-05
122	-0.000120425
122.5	3.97206e-05
123	0.000183224
123.5	-1.31168e-05
124	-0.00030732
124.5	-0.000145616
125	-6.30953e-05
125.5	-5.53279e-05
126	-3.83416e-05
126.5	-1.11339e-05
127	-3.14646e-06
127.5	-7.67551e-06
128	-1.19359e-05
128.5	8.44091e-06
129	8.39743e-06
129.5	4.656e-06
130	-7.1165e-07
130.5	-3.96548e-06
131	-3.83136e-06
131.5	-4.24581e-06
132	-4.54184e-06
132.5	-6.55525e-06
133	-7.26218e-06
133.5	-6.92595e-06
134	-6.89975e-06
134.5	-7.11956e-06
135	-7.50059e-06
135.5	-7.82806e-06
136	-8.09981e-06
136.5	-8.35563e-06
137	-8.74759e-06
137.5	-9.21605e-06
138	-9.59315e-06
138.5	-8.44665e-06
139	-7.67647e-06
139.5	-4.12764e-06
140	-5.18341e-06
140.5	-6.00896e-06
141	-5.19977e-06
141.5	-6.31205e-06
142	-6.21497e-06
142.5	-5.73642e-06
143	-5.24465e-06
143.5	-4.67455e-06
144	-4.81756e-06
144.5	-5.85682e-06
145	-6.38299e-06
145.5	-6.57774e-06
146	-6.6073e-06
146.5	-6.65465e-06
147	-7.00437e-06
147.5	-7.23916e-06
148	-7.46668e-06
148.5	-7.60544e-06
149	-7.57006e-06
149.5	-7.41588e-06
150	-7.23292e-06
150.5	-7.03414e-06
151	-6.81345e-06
151.5	-6.67284e-06
152	-6.64127e-06
152.5	-6.74204e-06
153	-6.94287e-06
153.5	-6.82555e-06
154	-7.44478e-06
154.5	-7.76276e-06
155	-8.02984e-06
155.5	-4.38922e-06
156	-1.35449e-06
156.5	-2.05858e-06
157	-3.9872e-06
157.5	-4.48177e-06
158	-5.00417e-06
158.5	-6.94218e-06
159	-7.43891e-06
159.5	-7.44132e-06
160	-8.84148e-06
160.5	-9.15059e-06
161	-9.10172e-06
161.5	-8.87136e-06
162	-8.66532e-06
162.5	-8.51316e-06
163	-8.34369e-06
163.5	-8.37194e-06
164	-8.46987e-06
164.5	-8.42521e-06
165	-8.29286e-06
165.5	-8.16255e-06
166	-8.08021e-06
166.5	-7.99073e-06
167	-7.86574e-06
167.5	-7.74896e-06
168	-7.60359e-06
168.5	-6.08125e-06
169	-5.83289e-06
169.5	-2.89796e-06
170	-9.17282e-07
170.5	-2.20628e-06
171	-4.36684e-06
171.5	-3.74632e-06
172	-8.17003e-07
172.5	-8.22388e-07
173	-2.86867e-06
173.5	-4.8424e-06
174	-4.99194e-06
174.5	-4.80246e-06
175	-5.56968e-06
175.5	-6.23932e-06
176	-6.63983e-06
176.5	-7.03545e-06
177	-7.38818e-06
177.5	-7.56579e-06
178	-7.60084e-06
178.5	-7.5601e-06
179	-7.58098e-06
179.5	-7.84066e-06
180	-8.2235e-06
180.5	-8.68283e-06
181	-9.26542e-06
181.5	-9.97562e-06
182	-1.07409e-05
182.5	-1.13555e-05
183	-8.50098e-06
183.5	-8.24774e-06
184	-9.13524e-06
184.5	-9.7333e-06
185	-5.33329e-06
185.5	-2.13369e-06
186	-4.16951e-06
186.5	-4.89996e-06
187	-1.23451e-05
187.5	-1.25282e-05
188	-1.33031e-05
188.5	-1.28869e-05
189	-1.25558e-05
189.5	-1.24025e-05
190	-1.22921e-05
190.5	-1.22792e-05
191	-1.24331e-05
191.5	-1.25862e-05
192	-1.26588e-05
192.5	-1.25937e-05
193	-1.24416e-05
193.5	-1.2236e-05
194	-1.21315e-05
194.5	-1.18758e-05
195	-1.15024e-05
195.5	-1.09241e-05
196	-1.03221e-05
196.5	-9.72356e-06
197	-9.05382e-06
197.5	-8.48627e-06
198	-1.05749e-05
198.5	-1.43024e-05
199	-8.3705e-06
199.5	-1.4011e-05
200	-1.33557e-05
200.5	-8.52172e-06
201	-4.62215e-06
201.5	-2.29235e-06
202	-2.15483e-06
202.5	-2.40004e-06
203	-6.12408e-06
203.5	-5.61015e-06
204	-5.38221e-06
204.5	-5.1911e-06
205	-5.03052e-06
205.5	-4.86632e-06
206	-4.58881e-06
206.5	-4.31815e-06
207	-4.23031e-06
207.5	-4.148e-06
208	-3.80325e-06
208.5	-6.57125e-06
209	-6.83068e-06
209.5	-7.15163e-06
210	-7.63002e-06
210.5	-1.14978e-05
211	-9.3871e-06
211.5	-9.56232e-06
212	-1.01935e-05
212.5	-1.06791e-05
213	-7.9182e-06
213.5	-8.68401e-06
214	-1.63384e-05
214.5	-1.49769e-05
215	-1.10155e-05
215.5	-1.00014e-05
216	-2.19173e-05
216.5	-2.60475e-05
217	-2.25928e-05
217.5	-1.92231e-05
218	-1.70235e-05
218.5	-1.67321e-05
219	-1.32816e-05
219.5	-1.04849e-05
220	-9.06788e-06
220.5	-1.7993e-05
221	-1.85326e-05
221.5	-1.23704e-05
222	-1.38618e-05
222.5	-6.88602e-06
223	-6.21192e-06
223.5	-3.16415e-07
224	-3.87721e-06
224.5	-2.47954e-06
225	-1.72053e-05
225.5	-3.2087e-05
226	-9.05999e-05
226.5	-1.36018e-05
227	0.000331968
227.5	-4.85246e-05
228	-0.000148236
228.5	-0.000127374
229	-7.85433e-05
229.5	-5.0582e-05
230	-6.39506e-05
230.5	-1.23232e-05
231	0.000106952
231.5	0.000285801
232	2.24252e-05
232.5	-0.000325117
233	-0.000121004
233.5	-5.11664e-05
234	-4.01412e-05
234.5	-2.48937e-05
235	-1.31405e-05
235.5	-1.1117e-05
236	-1.39111e-05
236.5	-8.88419e-06
237	-8.45501e-06
237.5	-1.02543e-05
238	-1.15713e-05
238.5	-1.20591e-05
239	-1.15974e-05
239.5	-1.2067e-05
240	-1.14298e-05
240.5	-1.09042e-05
241	-1.05102e-05
241.5	-1.03206e-05
242	-9.88918e-06
242.5	-9.3566e-06
243	-9.08745e-06
243.5	-8.97782e-06
244	-8.76811e-06
244.5	-6.73509e-06
245	-5.70415e-06
245.5	-6.00099e-06
246	-6.49895e-06
246.5	-6.29692e-06
247	-5.48518e-06
247.5	-5.33847e-06
248	-5.61405e-06
248.5	-6.02206e-06
249	-6.35184e-06
249.5	-6.45054e-06
250	-4.39746e-06
250.5	-2.04609e-06
251	-8.57547e-08
251.5	-1.87914e-07
252	-1.26705e-06
252.5	-2.23312e-06
253	-2.99291e-06
253.5	-3.51836e-06
254	-4.09496e-06
254.5	-4.65173e-06
255	-5.36429e-06
255.5	-6.17501e-06
256	-6.79611e-06
256.5	-7.14195e-06
257	-7.32196e-06
257.5	-7.61062e-06
258	-7.81569e-06
258.5	-7.91793e-06
259	-7.59936e-06
259.5	-8.26921e-06
260	-8.88345e-06
260.5	-8.20036e-06
261	-8.18766e-06
261.5	-6.65312e-06
262	-3.2666e-06
262.5	-2.30065e-07
263	-1.275e-06
263.5	-3.06183e-06
264	-4.95184e-06
264.5	-6.52556e-06
265	-8.36833e-06
265.5	-9.85487e-06
266	-1.05914e-05
266.5	-1.00388e-05
267	-9.89108e-06
267.5	-1.00061e-05
268	-1.02123e-05
268.5	-1.03592e-05
269	-1.04346e-05
269.5	-1.03217e-05
270	-1.01186e-05
270.5	-1.00111e-05
271	-1.00003e-05
271.5	-9.928e-06
272	-9.74546e-06
272.5	-9.59497e-06
273	-9.56298e-06
273.5	-8.18929e-06
274	-8.71587e-06
274.5	-7.84196e-06
275	-7.33757e-06
275.5	-7.19338e-06
276	-5.23006e-06
276.5	-6.3924e-06
277	-7.65263e-06
277.5	-7.273e-06
278	-5.6404e-06
278.5	-6.07434e-06
279	-6.38464e-06
279.5	-7.10941e-06
280	-6.96386e-06
280.5	-6.36157e-06
281	-5.6928e-06
281.5	-5.29849e-06
282	-5.05346e-06
282.5	-4.76603e-06
283	-4.52136e-06
283.5	-4.35131e-06
284	-4.44065e-06
284.5	-4.58605e-06
285	-4.78315e-06
285.5	-4.8664e-06
286	-4.77005e-06
286.5	-4.47154e-06
287	-4.24411e-06
287.5	-4.12394e-06
288	-4.05515e-06
288.5	-3.97817e-06
289	-4.04008e-06
289.5	-1.54106e-06
290	4.41659e-06
290.5	6.20164e-06
291	-4.17057e-06
291.5	-5.10243e-06
292	-1.29212e-05
292.5	-1.02491e-05
293	-7.90562e-06
293.5	-6.46298e-06
294	-6.47472e-06
294.5	-1.37034e-05
295	-1.09531e-05
295.5	-9.16937e-06
296	-8.45526e-06
296.5	-8.02226e-06
297	-7.87087e-06
297.5	-7.82014e-06
298	-8.08417e-06
298.5	-8.51093e-06
299	-9.09314e-06
299.5	-9.65579e-06
300	-1.01131e-05
300.5	-1.04691e-05
301	-1.06427e-05
301.5	-1.06322e-05
302	-8.60898e-06
302.5	-5.7432e-06
303	-6.37376e-06
303.5	-4.20535e-06
304	-7.82891e-07
304.5	3.1816e-07
305	8.01913e-07
305.5	-1.5483e-06
306	-2.17417e-06
306.5	-2.95582e-06
307	-4.21068e-06
307.5	-5.03676e-06
308	-5.46307e-06
308.5	-5.75126e-06
309	-6.03941e-06
309.5	-6.2548e-06
310	-6.36783e-06
310.5	-6.54052e-06
311	-6.67738e-06
311.5	-6.81043e-06
312	-7.09842e-06
312.5	-7.29457e-06
313	-7.41462e-06
313.5	-7.69744e-06
314	-7.81601e-06
314.5	-7.68766e-06
315	-7.57009e-06
315.5	-7.62228e-06
316	-7.8165e-06
316.5	-5.81153e-06
317	-3.92615e-06
317.5	-5.13174e-06
318	-1.56461e-05
318.5	-6.28539e-06
319	-4.77608e-06
319.5	-7.02338e-06
320	-8.32221e-06
320.5	-7.84763e-06
321	-1.339e-05
321.5	-1.17172e-05
322	-9.4852e-06
322.5	-9.60716e-06
323	-9.02548e-06
323.5	-8.47139e-06
324	-8.04209e-06
324.5	-7.63738e-06
325	-7.44072e-06
325.5	-7.27165e-06
326	-7.36421e-06
326.5	-7.8037e-06
327	-8.29435e-06
327.5	-8.7762e-06
328	-9.14596e-06
328.5	-9.44498e-06
329	-9.65495e-06
329.5	-8.79718e-06
330	-4.39056e-06
330.5	-2.09546e-06
331	-1.07331e-05
331.5	-1.28789e-05
332	-2.37647e-05
332.5	-2.07913e-05
333	-1.55693e-05
333.5	-1.42077e-05
334	-1.16641e-05
334.5	-1.1216e-05
335	-9.49982e-06
335.5	-9.39553e-06
336	-9.27642e-06
336.5	-7.22794e-06
337	-1.65578e-05
337.5	-1.251e-05
338	-1.07656e-05
338.5	-1.00323e-05
339	-9.2944e-06
339.5	-9.17028e-06
340	-9.06234e-06
340.5	-1.19616e-05
341	-1.72446e-05
341.5	-1.52377e-05
342	-1.25019e-05
342.5	-1.31817e-05
343	-1.36971e-05
343.5	-1.21254e-05
344	-1.64802e-05
344.5	-9.59359e-06
345	-6.23313e-06
345.5	-6.52275e-06
346	-4.73493e-06
346.5	7.74439e-09
347	-2.60159e-05
347.5	-0.0001455
348	0.000149119
348.5	0.000332695
349	8.27937e-05
349.5	-0.000201553
350	-6.12905e-05
350.5	-4.72502e-05
351	-4.40815e-05
351.5	-4.97094e-05
352	-4.11305e-05
352.5	-3.74272e-05
353	-4.77759e-05
353.5	-9.19833e-05
354	-2.95018e-06
354.5	0.000226294
355	6.31648e-05
355.5	-0.000325211
356	-0.00013077
356.5	-6.26994e-05
357	-5.38994e-05
357.5	-5.53154e-05
358	-2.33642e-05
358.5	3.8668e-05
359	1.19803e-05
359.5	-2.68534e-05
360	-4.14625e-05
360.5	-3.1162e-05
361	-2.10255e-05
361.5	-1.67949e-05
362	-1.70793e-05
362.5	-1.44325e-05
363	-1.2282e-05
363.5	-1.52268e-05
364	-2.58539e-05
364.5	-2.2189e-05
365	-1.7827e-05
365.5	-1.50103e-05
366	-1.29873e-05
366.5	-1.13555e-05
367	-9.93773e-06
367.5	-9.36632e-06
368	-9.36446e-06
368.5	-9.99273e-06
369	-1.07329e-05
369.5	-1.02984e-05
370	-8.49679e-06
370.5	-9.658e-06
371	-1.00917e-05
371.5	-9.28903e-06
372	-9.19665e-06
372.5	-8.64364e-06
373	-8.35125e-06
373.5	-7.11486e-06
374	-5.65123e-06
374.5	-5.96744e-06
375	-6.88651e-06
375.5	-7.63357e-06
376	-8.02658e-06
376.5	-7.48974e-06
377	-7.08634e-06
377.5	-7.09121e-06
378	-7.02676e-06
378.5	-6.91506e-06
379	-6.87442e-06
379.5	-7.10081e-06
380	-7.48363e-06
380.5	-7.83641e-06
381	-6.6718e-06
381.5	-5.84335e-06
382	-6.52822e-06
382.5	-7.23953e-06
383	-9.06327e-06
383.5	-8.62625e-06
384	-7.42735e-06
384.5	-4.95315e-06
385	-2.71569e-06
385.5	-3.02392e-06
386	-5.00204e-06
386.5	-4.89596e-06
387	-8.54676e-06
387.5	-7.54752e-06
388	-6.50318e-06
388.5	-8.77111e-06
389	-8.8901e-06
389.5	-8.65288e-06
390	-8.6657e-06
390.5	-8.82044e-06
391	-8.88983e-06
391.5	-8.92944e-06
392	-8.9284e-06
392.5	-7.6635e-06
393	-7.28202e-06
393.5	-7.28477e-06
394	-7.2192e-06
394.5	-7.22738e-06
395	-7.44843e-06
395.5	-7.90492e-06
396	-8.39622e-06
396.5	-8.8158e-06
397	-9.24506e-06
397.5	-9.92588e-06
398	-8.19252e-06
398.5	-9.79281e-06
399	-1.05271e-05
399.5	-1.02186e-05
400	-1.03828e-05
400.5	-8.12218e-06
401	-8.42627e-06
401.5	-8.64916e-06
402	-5.99775e-06
402.5	-6.98774e-06
403	-8.36548e-06
403.5	-9.27823e-06
404	-9.73986e-06
404.5	-9.77107e-06
405	-8.89149e-06
405.5	-9.07178e-06
406	-9.41475e-06
406.5	-9.52499e-06
407	-9.55167e-06
407.5	-9.86223e-06
408	-1.01602e-05
408.5	-1.04528e-05
409	-1.06628e-05
409.5	-1.07016e-05
410	-1.07845e-05
410.5	-1.10204e-05
411	-1.14064e-05
411.5	-1.18176e-05
412	-1.21169e-05
412.5	-1.23096e-05
413	-1.2438e-05
413.5	-1.12755e-05
414	-6.03212e-06
414.5	-4.42196e-06
415	-5.10272e-06
415.5	-6.64691e-06
416	-5.35711e-06
416.5	-3.63014e-06
417	-4.10413e-06
417.5	-5.75663e-06
418	-6.50968e-06
418.5	-5.46351e-06
419	-5.10316e-06
419.5	-4.88156e-06
420	-4.48593e-06
420.5	-4.15998e-06
421	-3.97965e-06
421.5	-4.22882e-06
422	-4.87541e-06
422.5	-5.64498e-06
423	-6.45356e-06
423.5	-7.49843e-06
424	-8.48541e-06
424.5	-1.03236e-05
425	-1.47203e-05
425.5	-1.29732e-05
426	-1.2173e-05
426.5	-1.17238e-05
427	-9.50649e-06
427.5	-8.85341e-06
428	-9.62653e-06
428.5	-8.92765e-06
429	-9.45303e-06
429.5	-8.70441e-06
430	-1.75992e-05
430.5	-1.62966e-05
431	-1.41883e-05
431.5	-1.28059e-05
432	-1.36382e-05
432.5	-1.33423e-05
433	-1.20148e-05
433.5	-1.09184e-05
434	-1.02623e-05
434.5	-9.98469e-06
435	-9.74393e-06
435.5	-9.59826e-06
436	-9.5871e-06
436.5	-9.53181e-06
437	-9.4373e-06
437.5	-9.29921e-06
438	-9.16505e-06
438.5	-8.9513e-06
439	-8.67068e-06
439.5	-8.39673e-06
440	-8.06816e-06
440.5	-7.99898e-06
441	-7.78808e-06
441.5	-7.31488e-06
442	-5.35461e-07
442.5	1.44556e-06
443	3.74438e-06
443.5	1.26886e-06
444	-3.2064e-07
444.5	-1.86663e-06
445	-3.00438e-06
445.5	-2.6191e-06
446	-3.08954e-06
446.5	-3.41278e-06
447	-3.96407e-06
447.5	-4.55805e-06
448	-5.23144e-06
448.5	-5.94923e-06
449	-7.98706e-06
449.5	-6.53759e-06
450	-6.38959e-06
450.5	-6.77457e-06
451	-7.14274e-06
451.5	-7.67159e-06
452	-8.00562e-06
452.5	-8.13949e-06
453	-7.1603e-06
453.5	-9.11188e-06
454	-9.80084e-06
454.5	-1.00864e-05
455	-8.21745e-06
455.5	-8.44763e-06
456	-6.26998e-06
456.5	-7.91685e-06
457	-9.18683e-06
457.5	-1.06234e-05
458	-9.66448e-06
458.5	-1.03124e-05
459	-9.2295e-06
459.5	-7.55458e-06
460	-7.38592e-06
460.5	-7.82758e-06
461	-1.09167e-05
461.5	-8.12163e-06
462	-7.87854e-06
462.5	-8.01329e-06
463	-7.98474e-06
463.5	-8.02545e-06
464	-8.25272e-06
464.5	-8.50522e-06
465	-8.77411e-06
465.5	-9.00175e-06
466	-9.07694e-06
466.5	-8.96125e-06
467	-8.71679e-06
467.5	-8.46777e-06
468	-8.38907e-06
468.5	-8.47207e-06
469	-8.58673e-06
469.5	-8.71127e-06
470	-6.01717e-06
470.5	-2.68279e-06
471	-9.33339e-06
471.5	-8.96127e-06
472	-1.04411e-05
472.5	-7.46988e-06
473	-5.20352e-06
473.5	-9.39431e-06
474	-2.20462e-05
474.5	-7.15755e-05
475	1.02653e-05
475.5	3.78111e-05
476	0.000395738
476.5	6.30255e-05
477	-0.000181433
477.5	-5.94426e-05
478	-3.4661e-05
478.5	-2.44924e-05
479	-2.61648e-05
479.5	-3.22397e-05
480	-3.16338e-05
480.5	-2.41471e-05
481	-5.78542e-05
481.5	-0.00013832
482	7.7069e-05
482.5	0.000305155
483	-0.000162836
483.5	-0.000225769
484	-9.30314e-05
484.5	-8.11264e-05
485	-2.61158e-05
485.5	-7.18719e-06
486	1.71928e-05
486.5	-6.50069e-06
487	1.01453e-06
487.5	3.25431e-06
488	-8.49265e-06
488.5	-1.42842e-06
489	-1.24748e-05
489.5	-1.72444e-05
490	-4.69729e-06
490.5	-1.97351e-07
491	-7.216e-06
491.5	-1.44994e-05
492	-7.17362e-06
492.5	-3.47213e-06
493	-2.43819e-06
493.5	-2.70704e-06
494	-4.56858e-06
494.5	-5.41304e-06
495	-1.44914e-05
495.5	-1.00893e-05
496	-7.51652e-06
496.5	-6.43192e-06
497	-5.86219e-06
497.5	-5.57806e-06
498	-2.25454e-06
498.5	-1.50058e-06
499	-2.49643e-06
499.5	-1.2684e-06
500	6.15852e-07
500.5	-7.46384e-07
501	-2.08566e-06
501.5	-3.03823e-06
502	-3.47587e-06
502.5	-4.37319e-06
503	-4.43018e-06
503.5	-3.82375e-06
504	-1.7757e-06
504.5	-1.82534e-06
505	-2.37764e-06
505.5	-3.09231e-06
506	-3.77988e-06
506.5	-4.79029e-06
507	-6.02094e-06
507.5	-7.06766e-06
508	-7.62669e-06
508.5	-7.92511e-06
509	-8.1199e-06
509.5	-8.09589e-06
510	-7.90111e-06
510.5	-7.80387e-06
511	-7.68828e-06
511.5	-7.4825e-06
512	-7.1215e-06
512.5	-5.64833e-06
513	-4.98184e-06
513.5	-3.09532e-06
514	2.69222e-06
514.5	1.84735e-07
515	-2.01219e-06
515.5	-2.84071e-06
516	-4.09633e-06
516.5	-5.19448e-06
517	-6.72103e-06
517.5	-5.24755e-06
518	-5.45017e-06
518.5	-7.25485e-06
519	-7.10161e-06
519.5	-7.26998e-06
520	-7.67771e-06
520.5	-8.37035e-06
521	-9.00783e-06
521.5	-9.43331e-06
522	-9.76074e-06
522.5	-1.00413e-05
523	-1.04098e-05
523.5	-1.07178e-05
524	-1.10669e-05
524.5	-1.02481e-05
525	-1.05591e-05
525.5	-1.1221e-05
526	-1.15972e-05
526.5	-1.1824e-05
527	-1.09761e-05
527.5	-9.91223e-06
528	-1.20834e-05
528.5	-8.9662e-06
529	-9.53305e-06
529.5	-1.08754e-05
530	-9.34084e-06
530.5	-8.16153e-06
531	-8.25286e-06
531.5	-8.84366e-06
532	-9.3417e-06
532.5	-9.564e-06
533	-9.7344e-06
533.5	-9.71689e-06
534	-9.57111e-06
534.5	-9.42915e-06
535	-9.22929e-06
535.5	-9.12157e-06
536	-9.21168e-06
536.5	-9.40175e-06
537	-9.33162e-06
537.5	-9.04173e-06
538	-8.67773e-06
538.5	-8.38982e-06
539	-7.89732e-06
539.5	-7.34143e-06
540	-7.48266e-06
540.5	-7.52004e-06
541	-4.42942e-06
541.5	-2.66124e-06
542	-3.36101e-06
542.5	-2.63823e-06
543	-2.36755e-06
543.5	-3.70759e-06
544	-3.46041e-06
544.5	-2.05533e-06
545	-2.46105e-07
545.5	-1.35552e-06
546	-2.37415e-06
546.5	-3.13897e-06
547	-3.85768e-06
547.5	-4.65087e-06
548	-5.14751e-06
548.5	-5.47026e-06
549	-5.87923e-06
549.5	-6.28207e-06
550	-6.8423e-06
550.5	-7.44904e-06
551	-6.82216e-06
551.5	-6.90284e-06
552	-7.23378e-06
552.5	-7.43463e-06
553	-8.3905e-06
553.5	-8.58638e-06
554	-8.22678e-06
554.5	-6.0793e-06
555	-5.89689e-06
555.5	-1.3089e-05
556	-8.88147e-06
556.5	-6.33325e-06
557	-7.73546e-06
557.5	-8.90561e-06
558	-1.16384e-05
558.5	-1.25377e-05
559	-1.21392e-05
559.5	-1.16985e-05
560	-1.13688e-05
560.5	-9.37474e-06
561	-9.01087e-06
561.5	-9.06338e-06
562	-9.0172e-06
562.5	-8.88648e-06
563	-8.69664e-06
563.5	-8.47329e-06
564	-8.39561e-06
564.5	-8.5395e-06
565	-9.0024e-06
565.5	-9.36464e-06
566	-9.70664e-06
566.5	-1.13978e-05
567	-1.03322e-05
567.5	-9.99861e-06
568	-9.94175e-06
568.5	-9.47146e-06
569	-1.17606e-05
569.5	-1.08631e-05
570	-3.95178e-06
570.5	-1.28196e-06
571	-2.70043e-06
571.5	-3.65776e-06
572	-3.72402e-06
572.5	-1.92443e-06
573	-8.10168e-06
573.5	-7.91453e-06
574	-6.96409e-06
574.5	-6.87416e-06
575	-1.31446e-05
575.5	-7.99896e-06
576	-6.13461e-06
576.5	-5.55845e-06
577	-5.33839e-06
577.5	-5.20602e-06
578	-5.13154e-06
578.5	-5.46055e-06
579	-6.0301e-06
579.5	-6.78795e-06
580	-7.41001e-06
580.5	-7.88319e-06
581	-8.544e-06
581.5	-9.02947e-06
582	-7.15129e-06
582.5	-4.36237e-06
583	-4.4415e-06
583.5	-4.18902e-06
584	-4.50267e-06
584.5	-4.68521e-06
585	-5.83318e-06
585.5	-7.32828e-06
586	-6.08794e-06
586.5	-5.77519e-06
587	-6.17023e-06
587.5	-1.33119e-05
588	-1.81694e-05
588.5	-1.34524e-05
589	-1.62522e-05
589.5	-1.46071e-05
590	-1.07604e-05
590.5	-8.72131e-06
591	-1.4352e-05
591.5	-1.95027e-05
592	-1.24777e-05
592.5	-9.43479e-06
593	-7.94962e-06
593.5	-1.33516e-05
594	-1.18194e-05
594.5	-7.35907e-06
595	-5.38982e-06
595.5	-5.68454e-06
596	-8.39446e-06
596.5	-1.12358e-05
597	-9.97608e-06
597.5	-1.18064e-05
598	-1.92356e-05
598.5	-3.81032e-05
599	-0.00014768
599.5	0.000110518
600	0.000473308
600.5	-1.12994e-05
601	-0.000151684
601.5	-5.90981e-05
602	-5.10689e-05
602.5	-6.90888e-05
603	-5.85374e-05
603.5	-4.43387e-05
604	-9.96797e-05
604.5	-3.29016e-05
605	0.000150719
605.5	0.000106147
606	-0.000314592
606.5	-0.000180629
607	-7.84946e-05
607.5	-3.75653e-05
608	-3.71845e-05
608.5	-3.90436e-05
609	3.53646e-05
609.5	7.6583e-06
610	-1.35899e-05
610.5	-2.35559e-05
611	-2.26623e-05
611.5	-1.64384e-05
612	-8.94724e-06
612.5	-2.64777e-06
613	-4.40764e-06
613.5	-8.14307e-06
614	-1.27415e-05
614.5	-1.38208e-05
615	-2.31281e-05
615.5	-1.63289e-05
616	-1.2484e-05
616.5	-9.8248e-06
617	-9.55457e-06
617.5	-9.07259e-06
618	-8.82913e-06
618.5	-8.92239e-06
619	-9.11367e-06
619.5	-9.43124e-06
620	-9.42495e-06
620.5	-8.70623e-06
621	-9.50727e-06
621.5	-4.52175e-06
622	-2.82978e-06
622.5	-4.5032e-06
623	-5.27705e-06
623.5	-3.13327e-06
624	-3.43716e-06
624.5	-4.29939e-06
625	-4.93886e-06
625.5	-5.42477e-06
626	-4.26289e-06
626.5	-4.83186e-06
627	-5.3948e-06
627.5	-5.62489e-06
628	-5.52127e-06
628.5	-5.19001e-06
629	-4.72865e-06
629.5	-4.35222e-06
630	-4.18867e-06
630.5	-4.39799e-06
631	-4.75054e-06
631.5	-5.07398e-06
632	-5.29733e-06
632.5	-5.53648e-06
633	-5.87977e-06
633.5	-7.72969e-06
634	-7.89193e-06
634.5	-7.71541e-06
635	-6.92266e-06
635.5	-5.93475e-06
636	-7.35881e-06
636.5	-6.51729e-06
637	-4.38572e-06
637.5	-2.68584e-06
638	-4.85494e-06
638.5	-6.43435e-06
639	-6.65055e-06
639.5	-7.55871e-06
640	-8.26869e-06
640.5	-8.66255e-06
641	-8.84679e-06
641.5	-9.48632e-06
642	-1.0401e-05
642.5	-1.05105e-05
643	-1.04636e-05
643.5	-1.02655e-05
644	-9.79948e-06
644.5	-9.24695e-06
645	-8.70115e-06
645.5	-8.16738e-06
646	-7.75972e-06
646.5	-7.56347e-06
647	-7.31388e-06
647.5	-6.99738e-06
648	-6.73273e-06
648.5	-6.59311e-06
649	-6.72557e-06
649.5	-6.83772e-06
650	-5.63771e-06
650.5	-5.17866e-06
651	-4.97786e-06
651.5	-2.31423e-06
652	-1.35619e-06
652.5	-5.34706e-07
653	-1.9607e-06
653.5	-4.38848e-06
654	-4.2014e-06
654.5	-4.94486e-06
655	-7.07683e-06
655.5	-8.01323e-06
656	-7.63078e-06
656.5	-7.38966e-06
657	-7.26298e-06
657.5	-7.18898e-06
658	-7.24177e-06
658.5	-7.40494e-06
659	-7.63017e-06
659.5	-7.8323e-06
660	-7.95706e-06
660.5	-7.85444e-06
661	-7.70064e-06
661.5	-7.45898e-06
662	-7.09544e-06
662.5	-6.7928e-06
663	-6.5563e-06
663.5	-6.4876e-06
664	-5.79945e-06
664.5	-6.03999e-06
665	-6.32932e-06
665.5	-3.93785e-06
666	-3.86062e-06
666.5	-3.02256e-06
667	-3.38047e-06
667.5	-3.95827e-06
668	-5.19747e-06
668.5	-6.10815e-06
669	-7.44673e-06
669.5	-7.06286e-06
670	-7.09747e-06
670.5	-7.03818e-06
671	-7.02112e-06
671.5	-7.0867e-06
672	-7.13662e-06
672.5	-7.2817e-06
673	-7.45826e-06
673.5	-7.65917e-06
674	-7.85247e-06
674.5	-7.9794e-06
675	-8.09203e-06
675.5	-1.00317e-05
676	-1.03533e-05
676.5	-1.03554e-05
677	-1.05459e-05
677.5	-1.08935e-05
678	-1.12124e-05
678.5	-1.13717e-05
679	-1.13467e-05
679.5	-1.05867e-05
680	-7.85064e-06
680.5	-5.23904e-06
681	-4.87271e-06
681.5	-4.03081e-06
682	-4.20793e-06
682.5	-4.37513e-06
683	-6.58891e-06
683.5	-9.43749e-06
684	-1.17205e-05
684.5	-1.93466e-05
685	-1.7004e-05
685.5	-1.45154e-05
686	-1.32091e-05
686.5	-1.27395e-05
687	-1.24703e-05
687.5	-1.22196e-05
688	-1.19903e-05
688.5	-1.1668e-05
689	-1.11777e-05
689.5	-1.06833e-05
690	-1.10748e-05
690.5	-9.25009e-06
691	-9.15051e-06
691.5	-9.15022e-06
692	-9.36098e-06
692.5	-9.545e-06
693	-9.95169e-06
693.5	-2.02626e-05
694	-1.79617e-05
694.5	-1.45949e-05
695	-1.26063e-05
695.5	-1.39323e-05
696	-6.09357e-06
696.5	-2.19123e-06
697	-2.20913e-06
697.5	-5.50661e-06
698	-8.04739e-06
698.5	-6.95628e-06
699	-7.89793e-06
699.5	-9.81326e-06
700	-1.09579e-05
700.5	-1.13407e-05
701	-1.13098e-05
701.5	-1.11577e-05
702	-1.67098e-05
702.5	-1.20688e-05
703	-1.17152e-05
703.5	-1.76693e-05
704	-1.46283e-05
704.5	-2.42038e-05
705	-1.87346e-05
705.5	-2.90806e-05
706	-2.50256e-05
706.5	-6.71683e-05
707	2.08449e-05
707.5	2.10205e-05
708	0.000125875
708.5	-0.000158153
709	-0.00012892
709.5	-3.17395e-05
710	-7.29318e-05
710.5	-3.86102e-05
711	-3.24519e-05
711.5	-1.96283e-05
712	-4.15878e-05
712.5	-7.773e-05
713	6.80093e-05
713.5	4.04699e-06
714	0.000392307
714.5	-0.000223625
715	-0.000281036
715.5	-9.57592e-05
716	-4.72134e-05
716.5	-3.8299e-05
717	-1.15494e-05
717.5	1.3347e-05
718	4.74772e-06
718.5	-1.01169e-05
719	2.2269e-06
719.5	1.37552e-05
720	-6.61258e-06
720.5	-8.403e-06
721	-1.37281e-05
721.5	-1.19925e-05
722	-8.93754e-06
722.5	-7.7107e-06
723	-7.32015e-06
723.5	-8.32498e-06
724	-8.32268e-06
724.5	-7.80336e-06
725	-7.60701e-06
725.5	-8.00686e-06
726	-7.47216e-06
726.5	-6.78085e-06
727	-6.17096e-06
727.5	-5.81924e-06
728	-5.75941e-06
728.5	-5.62281e-06
729	-5.34061e-06
729.5	-5.02351e-06
730	-4.69213e-06
730.5	-4.54215e-06
731	-3.05183e-06
731.5	-2.18502e-06
732	1.91841e-06
732.5	3.87478e-06
733	4.41429e-06
733.5	1.59917e-06
734	-1.17084e-06
734.5	-3.06682e-06
735	-3.427e-06
735.5	-4.31909e-06
736	-5.10868e-06
736.5	-5.72977e-06
737	-6.17374e-06
737.5	-6.55945e-06
738	-6.82319e-06
738.5	-6.99363e-06
739	-7.015e-06
739.5	-6.88962e-06
740	-6.83451e-06
740.5	-6.68149e-06
741	-6.97279e-06
741.5	-7.50589e-06
742	-8.04405e-06
742.5	-8.44811e-06
743	-8.64405e-06
743.5	-8.69599e-06
744	-8.75188e-06
744.5	-8.7974e-06
745	-8.70141e-06
745.5	-8.53863e-06
746	-8.47594e-06
746.5	-8.50183e-06
747	-6.1074e-06
747.5	-4.46297e-06
748	-2.78801e-06
748.5	-2.92067e-06
749	-2.60593e-06
749.5	-4.1071e-06
750	-6.99946e-06
750.5	-1.05047e-05
751	-1.26231e-05
751.5	-1.28825e-05
752	-1.26208e-05
752.5	-1.22913e-05
753	-1.19589e-05
753.5	-1.14293e-05
754	-1.082e-05
754.5	-1.02941e-05
755	-9.8177e-06
755.5	-9.32888e-06
756	-8.94164e-06
756.5	-8.77961e-06
757	-8.77902e-06
757.5	-8.64644e-06
758	-8.42667e-06
758.5	-8.32543e-06
759	-8.46291e-06
759.5	-8.65573e-06
760	-8.79925e-06
760.5	-8.85457e-06
761	-8.71721e-06
761.5	-8.62062e-06
762	-7.22375e-06
762.5	-6.17642e-06
763	-4.20213e-06
763.5	2.01214e-06
764	2.80936e-06
764.5	2.4053e-06
765	-3.03282e-06
765.5	-8.36438e-06
766	-9.47544e-06
766.5	-9.4715e-06
767	-8.7212e-06
767.5	-7.56727e-06
768	-6.87187e-06
768.5	-6.64618e-06
769	-6.78042e-06
769.5	-6.8361e-06
770	-6.91413e-06
770.5	-7.00103e-06
771	-7.22951e-06
771.5	-7.48807e-06
772	-7.60599e-06
772.5	-7.66534e-06
773	-7.70253e-06
773.5	-7.57975e-06
774	-7.56589e-06
774.5	-7.75662e-06
775	-7.8102e-06
775.5	-7.20706e-06
776	-3.77248e-06
776.5	-4.36618e-06
777	-4.40023e-06
777.5	-5.6958e-06
778	-5.54446e-06
778.5	-5.22893e-06
779	-7.7658e-06
779.5	-9.78198e-06
780	-1.01034e-05
780.5	-1.02803e-05
781	-9.13175e-06
781.5	-8.89741e-06
782	-8.48209e-06
782.5	-7.98655e-06
783	-7.62394e-06
783.5	-7.37423e-06
784	-7.38372e-06
784.5	-7.79e-06
785	-8.35882e-06
785.5	-8.41116e-06
786	-1.00842e-05
786.5	-1.08524e-05
787	-1.10746e-05
787.5	-1.11551e-05
788	-1.11247e-05
788.5	-1.103e-05
789	-1.07884e-05
789.5	-1.03309e-05
790	-7.76337e-06
790.5	-2.52627e-06
791	8.76373e-07
791.5	4.04416e-06
792	1.60363e-06
792.5	-6.00802e-07
793	-2.37357e-06
793.5	-4.26962e-06
794	-5.52785e-06
794.5	-6.25435e-06
795	-6.58217e-06
795.5	-6.84953e-06
796	-6.9947e-06
796.5	-7.18602e-06
797	-7.37223e-06
797.5	-7.49453e-06
798	-7.5947e-06
798.5	-7.53556e-06
799	-7.39553e-06
799.5	-7.58304e-06
800	-7.75644e-06
800.5	-7.63381e-06
801	-7.39538e-06
801.5	-7.47185e-06
802	-7.69199e-06
802.5	-7.93894e-06
803	-8.3063e-06
803.5	-8.69817e-06
804	-8.80782e-06
804.5	-7.2705e-06
805	-8.80391e-06
805.5	-7.97447e-06
806	-7.27468e-06
806.5	-3.96048e-06
807	2.74642e-07
807.5	-7.12318e-07
808	-7.63174e-06
808.5	-5.7439e-06
809	-6.03184e-06
809.5	-1.12727e-05
810	-1.56989e-05
810.5	-1.99606e-05
811	-1.60096e-05
811.5	-1.14313e-05
812	-9.00123e-06
812.5	-7.18086e-06
813	-7.3454e-06
813.5	-7.17808e-06
814	-7.05106e-06
814.5	-6.91582e-06
815	-6.93812e-06
815.5	-7.13229e-06
816	-7.36754e-06
816.5	-7.58279e-06
817	-7.68152e-06
817.5	-7.65904e-06
818	-7.79033e-06
818.5	-8.02476e-06
819	-8.27821e-06
819.5	-7.76237e-06
820	-3.76657e-06
820.5	-9.21788e-06
821	-1.23523e-05
821.5	-2.17794e-06
822	-8.43211e-06
822.5	-9.37995e-06
823	-1.72828e-05
823.5	-1.95798e-05
824	-1.41576e-05
824.5	-1.02789e-05
825	-8.52637e-06
825.5	-9.52059e-06
826	-1.52795e-05
826.5	-1.22936e-05
827	-8.82904e-06
827.5	-1.81483e-05
828	-1.36068e-05
828.5	-7.25418e-06
829	-7.46076e-06
829.5	-5.54271e-06
830	-5.40994e-06
830.5	-5.37258e-06
831	-9.0152e-06
831.5	-1.38433e-05
832	-1.5754e-05
832.5	-1.55524e-05
833	-3.99568e-05
833.5	-4.43187e-05
834	0.000317844
834.5	-2.5415e-05
835	-0.000175924
835.5	-0.000104733
836	-8.23819e-05
836.5	-4.62281e-05
837	-3.96419e-05
837.5	-5.88368e-05
838	2.02312e-05
838.5	2.64434e-05
839	0.000327976
839.5	-0.000243154
840	-0.000221806
840.5	-7.48441e-05
841	-4.07969e-05
841.5	-1.80429e-05
842	-2.34909e-05
842.5	-6.7224e-06
843	-1.48e-05
843.5	-1.33094e-05
844	-6.29788e-06
844.5	-9.14131e-06
845	-1.02311e-05
845.5	-1.18231e-05
846	-1.09752e-05
846.5	-1e-05
847	-9.01053e-06
847.5	-8.17215e-06
848	-8.60201e-06
848.5	-8.57662e-06
849	-8.44182e-06
849.5	-8.28663e-06
850	-8.40597e-06
850.5	-8.60877e-06
851	-8.71553e-06
851.5	-8.52975e-06
852	-8.05355e-06
852.5	-6.42385e-06
853	-5.41225e-06
853.5	-4.72845e-06
854	-1.85615e-06
854.5	-2.04132e-06
855	-2.24796e-06
855.5	8.10605e-09
856	1.21818e-06
856.5	9.62575e-07
857	-5.51208e-07
857.5	-1.98975e-06
858	-2.27678e-06
858.5	-2.43456e-06
859	-3.48239e-06
859.5	-4.33451e-06
860	-4.80787e-06
860.5	-5.04082e-06
861	-5.33861e-06
861.5	-5.62122e-06
862	-5.73106e-06
862.5	-5.77632e-06
863	-5.58142e-06
863.5	-5.46888e-06
864	-5.32232e-06
864.5	-5.18331e-06
865	-5.39324e-06
865.5	-5.98574e-06
866	-6.51541e-06
866.5	-8.18454e-06
867	-9.08076e-06
867.5	-9.38986e-06
868	-9.60022e-06
868.5	-9.67956e-06
869	-8.24434e-06
869.5	-8.88924e-06
870	-9.28143e-06
870.5	-5.78304e-06
871	-3.00315e-06
871.5	-1.15957e-06
872	-2.59588e-06
872.5	-3.88041e-06
873	-5.29286e-06
873.5	-6.50865e-06
874	-6.92177e-06
874.5	-6.64013e-06
875	-6.53854e-06
875.5	-7.21408e-06
876	-7.78293e-06
876.5	-7.46e-06
877	-7.09084e-06
877.5	-6.75545e-06
878	-6.35798e-06
878.5	-5.3605e-06
879	-5.84734e-06
879.5	-6.57834e-06
880	-7.06587e-06
880.5	-5.15108e-06
881	-5.08607e-06
881.5	-5.64112e-06
882	-5.57736e-06
882.5	-3.8304e-06
883	-3.93361e-06
883.5	-2.35052e-06
884	-2.74138e-06
884.5	-4.01022e-06
885	-6.50625e-06
885.5	-7.55123e-06
886	-6.39498e-06
886.5	-4.35122e-06
887	-4.20903e-06
887.5	-5.04879e-06
888	-8.37448e-06
888.5	-8.59082e-06
889	-7.25764e-06
889.5	-4.97193e-06
890	-3.89968e-06
890.5	-3.54939e-06
891	-3.53006e-06
891.5	-3.49231e-06
892	-3.40835e-06
892.5	-3.26539e-06
893	-2.84182e-06
893.5	-8.33062e-07
894	-2.83399e-07
894.5	-2.3205e-07
895	1.15529e-06
895.5	1.3839e-06
896	8.5888e-07
896.5	1.98975e-08
897	-3.77915e-07
897.5	-1.93536e-07
898	-1.12789e-06
898.5	-1.93675e-06
899	-2.33994e-06
899.5	-1.63924e-06
900	-1.10743e-06
900.5	-1.62048e-06
901	-2.16324e-06
901.5	-2.66553e-06
902	-3.32078e-06
902.5	-3.79421e-06
903	-4.22314e-06
903.5	-4.58853e-06
904	-4.24553e-06
904.5	-4.56715e-06
905	-4.94007e-06
905.5	-5.21795e-06
906	-5.45899e-06
906.5	-4.78829e-06
907	-4.09121e-06
907.5	-5.21648e-06
908	-5.03025e-06
908.5	-5.86879e-06
909	-6.14631e-06
909.5	-6.81689e-06
910	-6.88778e-06
910.5	-7.37046e-06
911	-6.91479e-06
911.5	-6.33796e-06
912	-5.93812e-06
912.5	-5.50933e-06
913	-6.86712e-06
913.5	-6.04521e-06
914	-5.34186e-06
914.5	-3.86327e-06
915	-3.04058e-06
915.5	-3.66428e-06
916	-4.3887e-06
916.5	-4.90791e-06
917	-5.19954e-06
917.5	-5.53632e-06
918	-6.30668e-06
918.5	-1.03317e-05
919	-9.54026e-06
919.5	-7.70172e-06
920	-6.21697e-06
920.5	-5.12378e-06
921	-4.39883e-06
921.5	-4.06034e-06
922	-2.60793e-06
922.5	-2.3726e-06
923	-9.95064e-07
923.5	-1.90447e-06
924	-1.55551e-06
924.5	-3.45668e-06
925	-5.67131e-06
925.5	-7.85691e-06
926	-8.97843e-06
926.5	-9.00797e-06
927	-8.24098e-06
927.5	-8.05414e-06
928	-8.10696e-06
928.5	-8.2726e-06
929	-8.37125e-06
929.5	-8.35388e-06
930	-8.35452e-06
930.5	-8.23939e-06
931	-8.34467e-06
931.5	-9.22805e-06
932	-9.45363e-06
932.5	-9.54182e-06
933	-1.2313e-05
933.5	-1.22954e-05
934	-1.10637e-05
934.5	-1.06981e-05
935	-1.04689e-05
935.5	-8.43526e-06
936	-8.1988e-06
936.5	-8.47398e-06
937	-5.65205e-06
937.5	-5.29084e-06
938	-5.78492e-06
938.5	-6.87258e-06
939	-1.62597e-05
939.5	-1.23327e-05
940	-1.06902e-05
940.5	-1.1291e-05
941	-1.19416e-05
941.5	-1.09309e-05
942	-9.81711e-06
942.5	-9.57873e-06
943	-9.787e-06
943.5	-1.00751e-05
944	-1.02825e-05
944.5	-1.02946e-05
945	-1.00757e-05
945.5	-9.57614e-06
946	-9.22467e-06
946.5	-8.96955e-06
947	-8.77899e-06
947.5	-8.7499e-06
948	-8.79158e-06
948.5	-8.6281e-06
949	-9.15895e-06
949.5	-8.83295e-06
950	-1.14997e-05
950.5	-8.9658e-06
951	-5.46575e-06
951.5	-5.90895e-06
952	-5.32887e-06
952.5	-3.83623e-06
953	-6.19705e-06
953.5	-1.21093e-06
954	-2.15596e-06
954.5	-2.63313e-06
955	-3.37144e-06
955.5	-3.98342e-06
956	-4.16527e-06
956.5	-3.37095e-06
957	-3.74013e-06
957.5	-6.30782e-06
958	-7.47588e-06
958.5	-1.38353e-05
959	-9.26976e-06
959.5	-6.59218e-06
960	-1.13603e-05
960.5	-1.51732e-05
961	-2.02231e-05
961.5	-1.55288e-05
962	-1.8527e-05
962.5	-1.64501e-05
963	-1.47895e-05
963.5	-1.86146e-05
964	-2.27328e-05
964.5	-8.23285e-05
965	6.77576e-06
965.5	0.000347443
966	3.28147e-06
966.5	-8.76295e-05
967	-8.77783e-05
967.5	-4.75989e-05
968	-4.55208e-05
968.5	-3.58141e-05
969	-2.92062e-05
969.5	-4.84547e-05
970	-0.000112066
970.5	0.000128051
971	4.41698e-05
971.5	0.000127987
972	-0.000345642
972.5	-0.000191123
973	-0.000102974
973.5	-4.67936e-05
974	-4.45599e-05
974.5	5.20161e-06
975	1.60153e-05
975.5	2.5773e-05
976	7.15176e-06
976.5	-5.37926e-06
977	-2.30422e-05
977.5	-1.34868e-05
978	-1.82422e-06
978.5	-1.07836e-06
979	1.7934e-06
979.5	-3.62746e-06
980	-4.65416e-06
980.5	-8.85278e-06
981	-1.44842e-05
981.5	-9.51993e-06
982	-6.4924e-06
982.5	-6.11345e-06
983	-8.16924e-06
983.5	-8.17625e-06
984	-7.40587e-06
984.5	-8.43132e-06
985	-8.44053e-06
985.5	-8.34616e-06
986	-8.30493e-06
986.5	-5.22533e-06
987	-4.5781e-06
987.5	-2.3455e-06
988	-2.67343e-06
988.5	-4.92578e-07
989	2.00277e-06
989.5	1.41755e-06
990	1.9033e-07
990.5	-3.1304e-07
991	-1.14417e-06
991.5	-1.39264e-06
992	-1.0697e-06
992.5	-1.91461e-06
993	-3.00586e-06
993.5	-3.7145e-06
994	-4.05217e-06
994.5	-4.30332e-06
995	-4.45069e-06
995.5	-4.56514e-06
996	-4.60079e-06
996.5	-4.29131e-06
997	-3.86957e-06
997.5	-3.52309e-06
998	-3.1754e-06
998.5	-3.15413e-06
999	-3.17212e-06
999.5	-3.21607e-06
1000	-3.2456e-06
