0	0
0.5	3.34161e-06
1	3.342e-06
1.5	3.34206e-06
2	3.342e-06
2.5	3.34188e-06
3	3.34172e-06
3.5	1.59838e-06
4	3.67178e-07
4.5	-2.84655e-08
5	-1.35268e-06
5.5	-1.99945e-06
6	-1.98887e-06
6.5	-2.25024e-06
7	-2.64836e-06
7.5	-3.175e-06
8	-4.06812e-06
8.5	-4.69617e-06
9	-5.18631e-06
9.5	-5.21275e-06
10	-5.90944e-06
10.5	-8.65916e-06
11	-1.00135e-05
11.5	-1.0188e-05
12	-1.0777e-05
12.5	-1.7678e-05
13	-1.83369e-05
13.5	-1.25652e-05
14	-9.91407e-06
14.5	-9.57724e-06
15	-7.8579e-06
15.5	-6.65006e-06
16	-4.26532e-06
16.5	-5.5902e-06
17	-5.29429e-06
17.5	-4.66412e-06
18	-3.11513e-06
18.5	-4.19446e-06
19	-4.78707e-06
19.5	-4.98684e-06
20	-6.09235e-06
20.5	-2.34304e-05
21	-2.20361e-05
21.5	-1.74169e-05
22	-1.40633e-05
22.5	-1.18215e-05
23	-1.09661e-05
23.5	-1.13144e-05
24	-1.23579e-05
24.5	-1.34001e-05
25	-7.29632e-06
25.5	-1.70894e-05
26	-1.63297e-05
26.5	-2.05394e-05
27	-2.53018e-05
27.5	-8.45302e-05
28	-7.36125e-05
28.5	-9.81397e-05
29	-8.91582e-05
29.5	-8.40381e-05
30	-0.000104865
30.5	-7.36773e-05
31	0.000283412
31.5	0.000335644
32	0.000332143
32.5	-2.14229e-05
33	-8.5686e-05
33.5	-9.39691e-05
34	-0.000104222
34.5	-8.71257e-05
35	-5.48738e-05
35.5	-9.32238e-06
36	3.86036e-06
36.5	-8.23338e-06
37	-1.94783e-05
37.5	-2.63083e-05
38	-2.93518e-05
38.5	-2.97186e-05
39	-2.89554e-05
39.5	-1.63962e-05
40	-8.16658e-06
40.5	-5.87885e-06
41	-4.2642e-06
41.5	1.37216e-07
42	3.00647e-06
42.5	5.83196e-06
43	8.46246e-06
43.5	1.08512e-05
44	1.26686e-05
44.5	1.38567e-05
45	1.40956e-05
45.5	1.39585e-05
46	1.3537e-05
46.5	1.3403e-05
47	1.22201e-05
47.5	1.12225e-05
48	8.06162e-06
48.5	6.7016e-06
49	5.48837e-06
49.5	7.70463e-06
50	8.23922e-06
50.5	8.16473e-06
51	6.19475e-06
51.5	5.36462e-06
52	3.23259e-06
52.5	1.28379e-06
53	6.78241e-07
53.5	6.9029e-07
54	2.42045e-07
54.5	-1.74755e-07
55	-2.80373e-07
55.5	-5.34712e-07
56	-1.17097e-06
56.5	-1.78024e-06
57	-2.07637e-06
57.5	-2.51887e-06
58	-3.73394e-06
58.5	-4.36188e-06
59	-4.48689e-06
59.5	-4.97612e-06
60	-5.25643e-06
60.5	-5.54618e-06
61	-6.9008e-06
61.5	-8.57601e-06
62	-8.79493e-06
62.5	-8.23343e-06
63	-9.1175e-06
63.5	-8.87433e-06
64	-8.68732e-06
64.5	-9.67449e-06
65	-1.09367e-05
65.5	-5.5134e-06
66	-3.92999e-06
66.5	-4.26661e-06
67	-3.68451e-06
67.5	-2.78404e-06
68	9.82099e-07
68.5	1.62932e-06
69	1.38355e-06
69.5	1.37609e-06
70	-3.12529e-06
70.5	-1.40015e-06
71	-6.25518e-06
71.5	-3.99471e-06
72	-5.36132e-07
72.5	-2.36327e-07
73	-1.11074e-06
73.5	-1.57726e-06
74	-1.21906e-06
74.5	-2.97429e-06
75	-4.89128e-06
75.5	-8.19107e-06
76	-9.46475e-06
76.5	-9.13885e-06
77	-1.18571e-05
77.5	-1.21729e-05
78	-1.2031e-05
78.5	-1.19811e-05
79	-1.14958e-05
79.5	-1.09928e-05
80	-7.89463e-06
80.5	-2.78796e-05
81	-2.45497e-05
81.5	-1.76458e-05
82	-1.22656e-05
82.5	-7.95438e-06
83	-3.65611e-06
83.5	-2.7107e-06
84	-2.04877e-06
84.5	-1.68403e-06
85	-6.89842e-07
85.5	-6.37701e-07
86	-9.27496e-07
86.5	-1.08256e-06
87	-1.10692e-06
87.5	-1.09386e-06
88	-2.9046e-06
88.5	-5.44821e-06
89	-8.57551e-06
89.5	-1.51744e-05
90	-2.25421e-05
90.5	-1.89452e-05
91	-2.037e-05
91.5	-1.4941e-05
92	-9.25995e-06
92.5	-6.4208e-06
93	-6.80249e-06
93.5	-8.2081e-06
94	-9.25091e-06
94.5	-6.11261e-06
95	-6.66019e-06
95.5	-7.08222e-06
96	-7.28399e-06
96.5	-6.65724e-06
97	-1.41424e-05
97.5	-9.68732e-06
98	-3.27597e-06
98.5	6.01919e-07
99	1.09445e-08
99.5	9.43217e-06
100	1.50663e-05
100.5	1.42563e-05
101	-3.53112e-06
101.5	8.40114e-06
102	1.999e-05
102.5	2.01794e-05
103	1.90934e-05
103.5	1.78693e-05
104	1.54484e-05
104.5	1.34112e-05
105	1.05475e-05
105.5	8.95736e-06
106	5.56307e-06
106.5	4.03328e-06
107	3.45936e-06
107.5	2.91659e-06
108	2.33273e-06
108.5	4.11926e-07
109	6.37982e-08
109.5	1.12394e-06
110	-1.63607e-06
110.5	3.69581e-06
111	2.48406e-05
111.5	3.49292e-05
112	3.18585e-05
112.5	2.62394e-05
113	2.99608e-05
113.5	3.08626e-05
114	3.01152e-05
114.5	2.12853e-05
115	2.04835e-05
115.5	-7.89934e-05
116	-0.000101525
116.5	-7.95143e-05
117	-6.88721e-05
117.5	-6.35645e-05
118	-5.59432e-05
118.5	-0.000122621
119	-1.46316e-05
119.5	6.56956e-05
120	0.00029474
120.5	0.000345337
121	7.90401e-05
121.5	-0.000108402
122	-0.000117051
122.5	-5.69145e-05
123	-1.46348e-05
123.5	4.06532e-05
124	5.61747e-06
124.5	4.6059e-05
125	-5.0557e-05
125.5	-0.000153586
126	-9.00219e-05
126.5	-0.000157551
127	-0.000128485
127.5	-5.22325e-05
128	-2.09377e-05
128.5	9.75284e-06
129	6.85734e-06
129.5	5.53481e-06
130	1.64299e-06
130.5	1.60304e-06
131	2.42837e-06
131.5	3.59025e-06
132	5.81445e-06
132.5	1.40825e-05
133	1.66404e-05
133.5	2.00816e-05
134	2.07178e-05
134.5	2.16626e-05
135	2.14981e-05
135.5	2.16308e-05
136	2.13559e-05
136.5	2.12011e-05
137	2.10283e-05
137.5	2.06157e-05
138	1.96605e-05
138.5	1.87269e-05
139	1.62591e-05
139.5	1.51381e-05
140	1.55765e-05
140.5	1.50335e-05
141	1.63419e-05
141.5	1.33342e-05
142	1.18387e-05
142.5	1.08859e-05
143	9.91638e-06
143.5	8.21154e-06
144	6.66568e-06
144.5	4.43039e-06
145	3.22895e-06
145.5	3.10777e-06
146	2.91522e-06
146.5	3.00318e-06
147	2.6186e-06
147.5	2.78723e-06
148	2.42431e-06
148.5	1.75925e-06
149	1.58044e-06
149.5	1.37339e-06
150	9.58659e-07
150.5	4.78388e-07
151	-1.45472e-07
151.5	-2.38138e-06
152	-8.94019e-06
152.5	-1.83843e-05
153	-1.81656e-05
153.5	-2.00349e-05
154	-1.50734e-05
154.5	-9.11964e-06
155	-6.25493e-06
155.5	-4.35428e-06
156	-4.52581e-06
156.5	-3.46289e-06
157	-2.11476e-06
157.5	-2.44089e-08
158	-1.02025e-05
158.5	-1.79663e-05
159	-8.06915e-06
159.5	1.1393e-06
160	4.75476e-06
160.5	4.91248e-06
161	3.84792e-06
161.5	2.71062e-06
162	2.46919e-06
162.5	2.13045e-06
163	2.08245e-06
163.5	1.12097e-06
164	4.87247e-07
164.5	-2.27456e-07
165	6.16814e-08
165.5	4.16923e-07
166	1.05188e-06
166.5	2.68091e-06
167	-4.67852e-06
167.5	-1.23677e-05
168	-1.32891e-05
168.5	-1.37161e-05
169	-9.88468e-06
169.5	-7.74005e-06
170	-6.12077e-06
170.5	-5.76236e-06
171	-4.21441e-06
171.5	4.30072e-06
172	4.91834e-06
172.5	4.14756e-06
173	9.66107e-08
173.5	-3.04461e-06
174	-7.88153e-06
174.5	-6.70376e-06
175	-1.67562e-06
175.5	3.04326e-06
176	3.70834e-06
176.5	3.3441e-06
177	9.27026e-07
177.5	-5.09027e-06
178	-8.28106e-06
178.5	-9.03347e-06
179	-8.46207e-06
179.5	-7.88335e-06
180	-1.28386e-05
180.5	-1.7021e-05
181	-1.18938e-05
181.5	-8.3194e-06
182	-7.78273e-06
182.5	-8.04336e-06
183	-7.37312e-06
183.5	-6.61111e-06
184	-6.42897e-06
184.5	-1.06706e-06
185	-1.75827e-06
185.5	-2.29586e-06
186	-2.91476e-06
186.5	-1.83641e-06
187	-8.86263e-07
187.5	-5.96925e-06
188	-4.00021e-06
188.5	-3.66238e-06
189	-4.25204e-06
189.5	-2.20626e-06
190	-5.59916e-06
190.5	-5.04208e-06
191	-2.63214e-06
191.5	-1.23342e-06
192	-3.58839e-07
192.5	-2.5968e-06
193	-3.8646e-06
193.5	-3.40921e-06
194	-1.82041e-06
194.5	-4.97486e-06
195	-3.41371e-05
195.5	-2.69389e-05
196	-9.51946e-06
196.5	-9.10984e-07
197	3.2979e-06
197.5	-1.62517e-07
198	-1.67625e-06
198.5	-2.02978e-06
199	-1.8887e-06
199.5	-1.64091e-06
200	-1.17618e-06
200.5	-4.88616e-07
201	2.56928e-07
201.5	3.12546e-05
202	4.75639e-05
202.5	3.03272e-05
203	1.00663e-05
203.5	8.89247e-06
204	1.16452e-05
204.5	1.37261e-05
205	1.59877e-05
205.5	1.44482e-05
206	1.21176e-05
206.5	9.77786e-06
207	8.01626e-06
207.5	6.8071e-06
208	4.98043e-06
208.5	3.49445e-06
209	2.86769e-06
209.5	1.87044e-06
210	2.52189e-06
210.5	2.65114e-06
211	1.68972e-06
211.5	1.32452e-06
212	5.13382e-07
212.5	1.01049e-05
213	2.05072e-05
213.5	1.74315e-05
214	1.88253e-05
214.5	2.43169e-05
215	-2.41055e-06
215.5	-2.01749e-05
216	-1.73522e-05
216.5	-2.15409e-05
217	-2.52538e-05
217.5	-2.48364e-05
218	-3.78102e-05
218.5	-0.000119735
219	-5.65088e-05
219.5	-4.38401e-05
220	-3.52068e-05
220.5	-0.000481885
221	7.57785e-05
221.5	-1.67399e-05
222	-0.000252932
222.5	-0.000295395
223	-0.000152733
223.5	-0.00013818
224	-0.000127907
224.5	8.24441e-05
225	0.000194256
225.5	0.000313944
226	8.31748e-06
226.5	-4.04042e-05
227	-6.47296e-05
227.5	-7.34819e-05
228	-4.41558e-05
228.5	1.01702e-05
229	2.32472e-05
229.5	-1.09481e-05
230	-0.000152871
230.5	-0.000159506
231	-0.000159422
231.5	-0.000162617
232	-0.000133436
232.5	-9.10069e-05
233	-6.86971e-05
233.5	-4.85656e-05
234	3.97193e-06
234.5	8.93878e-05
235	0.0001041
235.5	9.7987e-05
236	8.63417e-05
236.5	7.56551e-05
237	6.88352e-05
237.5	6.55297e-05
238	5.94018e-05
238.5	5.38847e-05
239	4.91047e-05
239.5	4.63454e-05
240	4.31722e-05
240.5	3.84486e-05
241	3.47231e-05
241.5	3.05815e-05
242	2.73144e-05
242.5	2.35782e-05
243	2.11324e-05
243.5	1.96729e-05
244	1.77371e-05
244.5	1.21507e-05
245	8.73945e-06
245.5	6.85942e-06
246	5.75584e-06
246.5	4.02984e-06
247	1.66175e-06
247.5	-2.97978e-07
248	-2.44847e-06
248.5	-2.66194e-06
249	-2.10482e-06
249.5	-1.39934e-06
250	-1.10957e-06
250.5	-1.31402e-06
251	-1.52294e-06
251.5	-1.51786e-06
252	-1.64036e-06
252.5	-2.32806e-06
253	-2.35364e-06
253.5	-2.15198e-06
254	-3.06257e-06
254.5	-5.03972e-06
255	-5.87783e-06
255.5	-3.68387e-06
256	-1.26649e-05
256.5	-2.31354e-05
257	-2.09804e-05
257.5	-1.46136e-05
258	-7.78906e-06
258.5	-1.32794e-06
259	9.88756e-06
259.5	8.76203e-06
260	7.32875e-06
260.5	3.68508e-06
261	-5.486e-07
261.5	-1.1359e-06
262	-9.87553e-07
262.5	-1.18558e-06
263	-1.719e-06
263.5	-3.23509e-06
264	-4.0869e-06
264.5	-4.44774e-06
265	-4.32756e-06
265.5	-5.12478e-06
266	-5.53819e-06
266.5	-5.92792e-06
267	-8.74855e-06
267.5	-9.18311e-06
268	-7.20882e-06
268.5	-6.76885e-06
269	-6.76444e-06
269.5	-7.39474e-06
270	-7.51207e-06
270.5	-6.92196e-06
271	-5.33372e-06
271.5	-2.5915e-06
272	-1.09852e-06
272.5	-2.38996e-06
273	-7.78784e-06
273.5	-7.00897e-06
274	9.52624e-06
274.5	7.70216e-05
275	7.49503e-05
275.5	6.15912e-05
276	4.96776e-05
276.5	4.22495e-05
277	3.70236e-05
277.5	3.20522e-05
278	2.66191e-05
278.5	2.19719e-05
279	1.82882e-05
279.5	1.65866e-05
280	9.64326e-06
280.5	-6.23425e-07
281	-1.2462e-07
281.5	-1.79277e-06
282	-7.07016e-06
282.5	-1.25041e-06
283	2.50596e-06
283.5	2.61339e-06
284	-1.62689e-06
284.5	-2.56706e-06
285	-1.20195e-06
285.5	2.8955e-06
286	3.28023e-06
286.5	2.54231e-06
287	1.1647e-06
287.5	1.56533e-06
288	1.25432e-06
288.5	1.1449e-06
289	4.64779e-07
289.5	1.56735e-06
290	2.17441e-06
290.5	2.37387e-06
291	5.3866e-06
291.5	4.76421e-06
292	2.698e-06
292.5	9.7066e-07
293	-4.42577e-07
293.5	-2.81135e-07
294	1.47823e-06
294.5	-1.57655e-05
295	-1.38928e-05
295.5	-9.85806e-06
296	-8.31313e-06
296.5	-6.86437e-06
297	-1.63526e-06
297.5	-4.26905e-05
298	-4.06548e-05
298.5	-2.19673e-05
299	-5.51538e-06
299.5	-1.06586e-07
300	7.97788e-06
300.5	9.30282e-06
301	1.04993e-05
301.5	8.93281e-06
302	1.54271e-05
302.5	1.39639e-05
303	2.02647e-05
303.5	2.75057e-05
304	2.72341e-05
304.5	2.55906e-05
305	2.45188e-05
305.5	2.34879e-05
306	2.22173e-05
306.5	2.07028e-05
307	1.78572e-05
307.5	1.51754e-05
308	1.26925e-05
308.5	1.05057e-05
309	8.82122e-06
309.5	7.86606e-06
310	7.01337e-06
310.5	5.24596e-06
311	2.46995e-06
311.5	1.2834e-06
312	9.88477e-07
312.5	1.00549e-06
313	7.46206e-07
313.5	8.44456e-07
314	1.12445e-06
314.5	8.49833e-07
315	3.66775e-06
315.5	8.13156e-06
316	9.43171e-06
316.5	8.41468e-06
317	5.41217e-06
317.5	2.65555e-06
318	7.10618e-07
318.5	-1.14316e-06
319	-2.03343e-06
319.5	-2.06807e-06
320	-2.58536e-06
320.5	-2.63802e-06
321	-2.91782e-06
321.5	-3.1389e-06
322	-4.10685e-06
322.5	-4.41432e-06
323	-4.05373e-06
323.5	-3.40902e-06
324	-3.84529e-06
324.5	-0.000287745
325	-0.000217505
325.5	-0.000180943
326	-0.00015413
326.5	-0.000131937
327	-0.000110399
327.5	-9.04376e-05
328	-7.12066e-05
328.5	-5.48218e-05
329	-3.5026e-05
329.5	-2.5175e-05
330	-2.26338e-05
330.5	-3.34426e-05
331	-3.27777e-05
331.5	-9.4496e-06
332	-4.84247e-07
332.5	2.74311e-06
333	3.62665e-06
333.5	3.56171e-06
334	3.69536e-06
334.5	4.39437e-06
335	5.07006e-06
335.5	4.94661e-06
336	5.21511e-06
336.5	6.01103e-06
337	6.05946e-06
337.5	6.28726e-06
338	5.40309e-06
338.5	4.67464e-06
339	2.88028e-06
339.5	1.75008e-06
340	1.52564e-06
340.5	1.68107e-06
341	1.32462e-06
341.5	9.81038e-06
342	1.19159e-06
342.5	-1.31282e-06
343	4.091e-07
343.5	-1.34919e-05
344	-7.63465e-06
344.5	-9.25818e-06
345	-1.29565e-05
345.5	-2.13084e-05
346	-3.25369e-05
346.5	-8.01404e-05
347	-8.22879e-05
347.5	-6.45199e-05
348	-2.59356e-05
348.5	-4.43027e-07
349	-7.94648e-06
349.5	-2.05439e-05
350	-1.12338e-05
350.5	1.70592e-06
351	9.54779e-08
351.5	-1.66169e-05
352	3.55762e-05
352.5	0.000193732
353	0.000198041
353.5	0.000218359
354	0.000305049
354.5	6.12899e-05
355	3.86958e-05
355.5	4.69149e-05
356	-4.38693e-05
356.5	-6.20554e-05
357	-8.46434e-05
357.5	-0.000101222
358	-8.51844e-05
358.5	-5.58579e-05
359	-4.0952e-05
359.5	-3.40531e-05
360	-2.47515e-05
360.5	-1.22586e-05
361	-1.08891e-06
361.5	3.12478e-06
362	7.13767e-06
362.5	1.20606e-05
363	1.62125e-05
363.5	1.97196e-05
364	2.23198e-05
364.5	2.46855e-05
365	2.68412e-05
365.5	2.83942e-05
366	2.93781e-05
366.5	2.96404e-05
367	2.92302e-05
367.5	2.9777e-05
368	2.77441e-05
368.5	2.55553e-05
369	2.51163e-05
369.5	2.49338e-05
370	2.38557e-05
370.5	2.24468e-05
371	2.08796e-05
371.5	1.85999e-05
372	1.64843e-05
372.5	1.65894e-05
373	1.54182e-05
373.5	1.46546e-05
374	1.44125e-05
374.5	1.331e-05
375	1.05757e-05
375.5	9.25323e-06
376	8.72211e-06
376.5	-4.23682e-05
377	-7.17575e-05
377.5	-7.37162e-05
378	-6.74391e-05
378.5	-5.88431e-05
379	-5.00192e-05
379.5	-4.11458e-05
380	-3.32264e-05
380.5	-2.6839e-05
381	-2.18941e-05
381.5	-1.55224e-05
382	-1.06537e-05
382.5	-8.81603e-06
383	-6.90532e-06
383.5	-5.78902e-06
384	-1.00206e-05
384.5	-9.91862e-06
385	-7.25587e-06
385.5	-9.20632e-06
386	-5.83775e-06
386.5	-9.44644e-07
387	1.25342e-06
387.5	2.15108e-06
388	2.43051e-06
388.5	2.45357e-06
389	4.14615e-06
389.5	4.98859e-06
390	4.12635e-06
390.5	1.63048e-06
391	-1.92956e-06
391.5	-3.10253e-06
392	-1.9283e-06
392.5	-4.46163e-06
393	-1.22109e-05
393.5	-9.41418e-06
394	-1.51589e-06
394.5	2.24615e-06
395	3.45209e-06
395.5	3.62925e-06
396	2.27902e-06
396.5	1.85078e-06
397	2.56984e-06
397.5	4.24203e-07
398	-1.9802e-07
398.5	-1.16334e-06
399	-3.65374e-08
399.5	1.80464e-06
400	2.03224e-06
400.5	3.02249e-06
401	4.66733e-06
401.5	6.51433e-06
402	7.41138e-06
402.5	1.04586e-05
403	1.17687e-05
403.5	1.12597e-05
404	9.84072e-06
404.5	8.97875e-06
405	8.43462e-06
405.5	8.49952e-06
406	9.19748e-06
406.5	9.15727e-06
407	8.95721e-06
407.5	7.32214e-06
408	6.52378e-06
408.5	5.85511e-06
409	5.88008e-06
409.5	6.39545e-06
410	7.17473e-06
410.5	8.11374e-06
411	4.24223e-06
411.5	1.94509e-06
412	-1.29052e-07
412.5	-1.03749e-06
413	1.68988e-07
413.5	1.65252e-06
414	4.08939e-06
414.5	6.32671e-06
415	3.69802e-06
415.5	4.33885e-06
416	5.71726e-06
416.5	8.0273e-06
417	4.89005e-06
417.5	-1.87091e-06
418	-7.48586e-06
418.5	-6.84883e-06
419	-1.16036e-06
419.5	2.24765e-06
420	2.97287e-06
420.5	-2.33841e-06
421	-6.09187e-06
421.5	-2.4926e-06
422	1.19777e-06
422.5	1.63085e-06
423	1.9241e-06
423.5	-3.90363e-06
424	-3.12148e-05
424.5	-2.0212e-05
425	-5.18039e-06
425.5	-1.78743e-06
426	-9.33772e-07
426.5	-1.22393e-05
427	-1.57539e-05
427.5	-9.74526e-06
428	-1.97034e-06
428.5	1.77046e-06
429	3.20492e-06
429.5	7.00807e-06
430	7.69096e-06
430.5	6.22797e-06
431	7.3431e-06
431.5	6.75765e-06
432	6.43896e-06
432.5	6.51399e-06
433	5.94301e-06
433.5	-1.26566e-05
434	-8.80159e-06
434.5	-6.95272e-06
435	-6.54161e-06
435.5	-6.17777e-06
436	-5.5103e-06
436.5	-5.06853e-06
437	-4.28873e-06
437.5	-3.89371e-06
438	-3.48593e-06
438.5	-2.31066e-06
439	-8.69078e-07
439.5	1.43998e-06
440	7.56109e-08
440.5	-8.24962e-06
441	-1.07279e-05
441.5	-9.30042e-06
442	2.06519e-06
442.5	4.79021e-06
443	8.24384e-06
443.5	1.04992e-05
444	1.12576e-05
444.5	-8.4682e-06
445	-7.43954e-05
445.5	-9.11697e-05
446	-8.33475e-05
446.5	-7.42978e-05
447	-6.08308e-05
447.5	-5.06943e-05
448	-4.5902e-05
448.5	-4.15149e-05
449	-3.50311e-05
449.5	-3.59203e-05
450	-2.92971e-05
450.5	-1.93837e-05
451	-1.44716e-05
451.5	-1.12956e-05
452	-7.60878e-06
452.5	-4.22071e-06
453	-1.71374e-06
453.5	-1.80361e-06
454	-2.75117e-06
454.5	-2.93621e-06
455	-3.15846e-06
455.5	-1.90615e-06
456	-9.89324e-07
456.5	-3.02831e-06
457	-1.78848e-05
457.5	-2.13012e-05
458	-1.87212e-05
458.5	-7.45763e-06
459	-1.08476e-05
459.5	-5.88444e-06
460	-1.05459e-05
460.5	-6.70556e-06
461	-4.35995e-06
461.5	-2.39406e-06
462	-3.70638e-07
462.5	1.20816e-06
463	3.24736e-06
463.5	4.74618e-06
464	5.99962e-06
464.5	7.20416e-06
465	8.22318e-06
465.5	9.04147e-06
466	9.46271e-06
466.5	9.73628e-06
467	9.98347e-06
467.5	1.14841e-05
468	-1.93897e-06
468.5	-2.089e-05
469	-8.5433e-06
469.5	7.3392e-07
470	-7.67349e-07
470.5	2.13351e-05
471	2.62653e-05
471.5	-0.000132701
472	-3.74053e-05
472.5	1.93651e-05
473	7.66104e-05
473.5	0.000209975
474	0.000367463
474.5	0.000557786
475	0.000211771
475.5	4.57169e-06
476	-4.8961e-05
476.5	-3.29742e-05
477	-1.66611e-05
477.5	-1.98423e-05
478	-0.000109085
478.5	-9.51018e-05
479	-5.67041e-05
479.5	-1.91463e-05
480	4.03975e-05
480.5	6.22007e-05
481	-7.44818e-05
481.5	-2.43063e-05
482	-2.99554e-05
482.5	-0.000151193
483	-0.000140441
483.5	-0.00012224
484	-9.85761e-05
484.5	7.3042e-06
485	1.82859e-05
485.5	4.2845e-05
486	4.72749e-05
486.5	3.81853e-05
487	2.78182e-05
487.5	2.54192e-05
488	3.53037e-05
488.5	4.52622e-05
489	4.31956e-05
489.5	3.55376e-05
490	3.06929e-05
490.5	2.71862e-05
491	2.56401e-05
491.5	2.50788e-05
492	2.49152e-05
492.5	2.48925e-05
493	2.53437e-05
493.5	2.56281e-05
494	2.61007e-05
494.5	2.59281e-05
495	2.5621e-05
495.5	2.53217e-05
496	2.37604e-05
496.5	2.14835e-05
497	2.11656e-05
497.5	2.10537e-05
498	2.07443e-05
498.5	1.80457e-05
499	1.64184e-05
499.5	1.59179e-05
500	1.7978e-05
500.5	1.66268e-05
501	1.47408e-05
501.5	1.2593e-05
502	1.18556e-05
502.5	1.10031e-05
503	1.09627e-05
503.5	1.02082e-05
504	1.01406e-05
504.5	1.06366e-05
505	1.03105e-05
505.5	9.53689e-06
506	9.02104e-06
506.5	7.95017e-06
507	6.16968e-06
507.5	4.99936e-06
508	4.94924e-06
508.5	3.86131e-06
509	1.0221e-06
509.5	6.03155e-07
510	1.22046e-06
510.5	1.16941e-06
511	5.89528e-07
511.5	4.4617e-07
512	3.04247e-08
512.5	-1.86516e-07
513	-1.37073e-06
513.5	1.39331e-06
514	1.76797e-06
514.5	2.21584e-06
515	5.778e-06
515.5	7.33822e-06
516	9.81008e-06
516.5	1.05037e-05
517	1.04928e-05
517.5	3.94432e-06
518	-3.33362e-06
518.5	7.83971e-07
519	5.13146e-06
519.5	4.02391e-06
520	2.71028e-06
520.5	2.95555e-06
521	6.51144e-07
521.5	-3.37235e-06
522	-2.01363e-06
522.5	8.78186e-08
523	1.05912e-06
523.5	8.1449e-07
524	-7.0996e-07
524.5	-2.35029e-06
525	-3.36781e-06
525.5	-4.77908e-06
526	-4.67219e-06
526.5	-1.8845e-06
527	-4.2505e-06
527.5	-1.36091e-05
528	-1.05124e-05
528.5	8.28408e-05
529	0.000106436
529.5	0.000106325
530	0.000102395
530.5	9.27284e-05
531	6.93662e-05
531.5	5.62667e-05
532	4.64067e-05
532.5	3.46583e-05
533	2.40379e-05
533.5	1.63299e-05
534	1.37329e-05
534.5	1.11068e-05
535	7.43864e-06
535.5	8.28957e-06
536	9.22783e-06
536.5	9.27737e-06
537	7.94689e-06
537.5	5.9294e-06
538	4.7378e-06
538.5	3.96306e-06
539	1.90676e-06
539.5	-2.42452e-07
540	-1.00557e-06
540.5	-1.6651e-09
541	1.02232e-06
541.5	1.4675e-06
542	1.90369e-06
542.5	3.75247e-06
543	4.02115e-06
543.5	4.02855e-06
544	3.88811e-06
544.5	5.39977e-06
545	5.78814e-06
545.5	4.40857e-06
546	2.91787e-06
546.5	2.38528e-06
547	2.66172e-06
547.5	3.0272e-06
548	3.22311e-06
548.5	3.33602e-06
549	3.40376e-06
549.5	3.25551e-06
550	2.58988e-06
550.5	-2.45231e-06
551	-1.14081e-05
551.5	-8.30926e-06
552	-2.38236e-06
552.5	-7.82375e-08
553	3.05932e-07
553.5	3.15294e-07
554	3.92368e-07
554.5	1.32997e-06
555	-1.8576e-06
555.5	-6.84661e-07
556	6.53861e-06
556.5	4.85854e-06
557	-6.60618e-06
557.5	-3.22397e-06
558	8.31003e-07
558.5	-3.33755e-06
559	-2.52879e-06
559.5	-1.16364e-06
560	-5.0907e-06
560.5	-1.17884e-05
561	-9.91201e-06
561.5	-3.87114e-06
562	-1.09195e-06
562.5	-9.44006e-07
563	1.33367e-07
563.5	1.075e-06
564	1.68018e-06
564.5	-0.000136669
565	-9.99033e-05
565.5	-8.51697e-05
566	-7.51978e-05
566.5	-6.64754e-05
567	-5.87809e-05
567.5	-5.04806e-05
568	-4.18517e-05
568.5	-3.37297e-05
569	-2.46582e-05
569.5	-1.75343e-05
570	-1.12456e-05
570.5	-8.71815e-06
571	-5.8915e-06
571.5	9.25067e-07
572	3.75213e-06
572.5	9.50475e-07
573	1.23442e-06
573.5	3.60544e-06
574	6.61158e-06
574.5	7.6505e-06
575	7.53718e-06
575.5	5.77297e-06
576	6.07747e-06
576.5	-1.03263e-06
577	-1.01331e-05
577.5	-9.82818e-06
578	-8.02413e-06
578.5	-9.20047e-06
579	-8.81034e-06
579.5	-6.48313e-06
580	-3.55064e-06
580.5	-5.67959e-06
581	-1.94485e-05
581.5	-4.03719e-05
582	-2.17057e-05
582.5	-1.16992e-05
583	-9.9738e-06
583.5	-1.0591e-05
584	-1.0131e-05
584.5	-1.17252e-05
585	-7.41249e-06
585.5	-9.97312e-06
586	-1.41292e-05
586.5	-8.05946e-06
587	-9.03786e-06
587.5	-1.00495e-05
588	-1.08571e-05
588.5	-1.03186e-05
589	-1.13932e-05
589.5	-1.13414e-05
590	-1.23768e-05
590.5	-1.30038e-05
591	-1.37697e-05
591.5	-1.32824e-05
592	-1.18335e-05
592.5	-1.19668e-05
593	-1.32427e-05
593.5	5.14439e-07
594	8.14246e-06
594.5	5.73208e-06
595	1.05106e-05
595.5	-4.16558e-05
596	-2.53231e-05
596.5	-1.92131e-05
597	-1.45838e-05
597.5	-8.64128e-06
598	1.36905e-06
598.5	3.7307e-06
599	-5.27721e-06
599.5	-9.3612e-05
600	9.72922e-05
600.5	0.000391711
601	0.000427966
601.5	0.000229049
602	-0.000136013
602.5	-0.000248085
603	-0.000173234
603.5	-0.000179436
604	-0.000121817
604.5	-0.000107154
605	-5.11043e-05
605.5	-4.50191e-05
606	2.45201e-07
606.5	9.52559e-06
607	2.75379e-05
607.5	2.87174e-06
608	-4.8673e-06
608.5	-1.84966e-05
609	-1.83356e-05
609.5	-1.04158e-05
610	-4.44941e-07
610.5	6.75865e-06
611	1.93321e-05
611.5	2.50133e-05
612	2.88841e-05
612.5	3.28231e-05
613	3.47991e-05
613.5	3.67126e-05
614	3.96293e-05
614.5	4.18446e-05
615	4.35682e-05
615.5	4.44257e-05
616	4.4098e-05
616.5	4.3225e-05
617	4.15885e-05
617.5	3.96157e-05
618	3.72348e-05
618.5	3.52607e-05
619	3.35671e-05
619.5	3.14936e-05
620	2.95012e-05
620.5	2.73099e-05
621	2.54326e-05
621.5	2.39834e-05
622	2.36354e-05
622.5	2.12849e-05
623	1.94107e-05
623.5	1.78125e-05
624	1.676e-05
624.5	1.58921e-05
625	1.47598e-05
625.5	1.34675e-05
626	1.26493e-05
626.5	9.62753e-06
627	3.29696e-06
627.5	2.26704e-06
628	5.50004e-06
628.5	6.94079e-06
629	6.35598e-06
629.5	5.62526e-06
630	4.6582e-06
630.5	3.72011e-06
631	2.78074e-06
631.5	1.77829e-06
632	1.00679e-06
632.5	4.72845e-07
633	1.76544e-07
633.5	6.08471e-07
634	6.84669e-07
634.5	8.46421e-07
635	2.48133e-06
635.5	3.19345e-06
636	3.81487e-06
636.5	-5.57322e-07
637	-6.16888e-08
637.5	4.36178e-06
638	5.78006e-06
638.5	6.53108e-06
639	5.55467e-06
639.5	6.30195e-06
640	5.95869e-06
640.5	5.44279e-06
641	4.65416e-06
641.5	4.08141e-06
642	3.89434e-06
642.5	3.89323e-06
643	4.03846e-06
643.5	3.77595e-06
644	3.79432e-06
644.5	2.99567e-06
645	3.06884e-06
645.5	3.87825e-06
646	3.15085e-06
646.5	2.72629e-06
647	2.13855e-06
647.5	2.30683e-06
648	2.06993e-06
648.5	1.84645e-06
649	1.27313e-06
649.5	1.27695e-06
650	1.52342e-06
650.5	2.98819e-06
651	1.43208e-06
651.5	1.27508e-06
652	5.56919e-07
652.5	-4.72452e-06
653	-6.06496e-06
653.5	-1.25619e-06
654	1.75201e-06
654.5	1.95767e-06
655	6.10132e-06
655.5	6.70228e-06
656	6.43066e-06
656.5	6.3601e-06
657	5.53928e-06
657.5	3.35697e-06
658	2.10473e-06
658.5	1.63663e-06
659	1.0045e-06
659.5	-1.07638e-06
660	-1.48525e-06
660.5	-8.91583e-07
661	-4.29544e-07
661.5	-2.86589e-08
662	-1.57755e-06
662.5	-2.75064e-06
663	-3.34801e-06
663.5	-3.24209e-06
664	-3.2589e-06
664.5	-3.1668e-06
665	-2.60284e-06
665.5	-1.92812e-06
666	-1.20581e-06
666.5	-3.00221e-06
667	1.80807e-06
667.5	1.82914e-06
668	2.14484e-06
668.5	3.61674e-06
669	-8.91567e-06
669.5	-1.42965e-05
670	-3.68051e-06
670.5	-4.43278e-07
671	-1.3917e-06
671.5	-2.52928e-06
672	-6.01722e-06
672.5	-9.81193e-06
673	-9.88612e-06
673.5	-1.27034e-05
674	-9.67132e-06
674.5	-1.40271e-05
675	-1.34763e-05
675.5	-9.05718e-06
676	-1.99122e-05
676.5	-1.45374e-05
677	-6.81893e-06
677.5	-1.70825e-06
678	1.62551e-06
678.5	2.89154e-06
679	2.63639e-06
679.5	1.67297e-06
680	1.72388e-06
680.5	1.79346e-06
681	6.33145e-06
681.5	8.15007e-06
682	1.0049e-05
682.5	8.28891e-06
683	4.33253e-06
683.5	2.5332e-06
684	2.38918e-06
684.5	2.94463e-06
685	-1.2709e-05
685.5	-2.08033e-05
686	-1.7334e-05
686.5	-1.34975e-05
687	-1.1174e-05
687.5	-1.20141e-05
688	-1.1613e-05
688.5	-1.05293e-05
689	-9.47613e-06
689.5	-8.26254e-06
690	-6.8201e-06
690.5	-5.24444e-06
691	-4.86062e-06
691.5	-1.51943e-05
692	-1.60795e-05
692.5	-1.65024e-05
693	-1.1606e-05
693.5	-6.62267e-06
694	-7.77594e-06
694.5	-3.60995e-07
695	8.7642e-06
695.5	8.41335e-06
696	1.4761e-06
696.5	-1.14324e-05
697	1.43915e-06
697.5	-1.45841e-05
698	-2.06178e-05
698.5	6.9866e-06
699	1.44809e-05
699.5	2.08845e-05
700	2.19377e-05
700.5	2.16573e-05
701	2.2199e-05
701.5	2.32279e-05
702	2.12435e-05
702.5	2.60565e-05
703	2.73394e-05
703.5	2.62261e-05
704	2.62249e-05
704.5	2.58971e-05
705	2.37836e-05
705.5	1.17705e-05
706	1.36889e-05
706.5	1.20871e-05
707	1.00496e-05
707.5	-8.13947e-06
708	-7.7779e-06
708.5	-6.61579e-06
709	-1.04053e-05
709.5	-2.90172e-05
710	-2.2905e-05
710.5	-5.29618e-05
711	-0.000113773
711.5	8.45559e-06
712	2.39657e-05
712.5	0.000118527
713	0.000153724
713.5	0.000106999
714	3.01585e-05
714.5	-1.34314e-05
715	2.21772e-05
715.5	-1.49962e-05
716	-9.47939e-05
716.5	-0.000128763
717	-0.000108602
717.5	-7.58491e-05
718	-2.22218e-05
718.5	-1.40824e-05
719	-4.65999e-06
719.5	-6.30881e-06
720	-3.21456e-06
720.5	4.7034e-06
721	7.91298e-06
721.5	8.79064e-06
722	1.06123e-05
722.5	1.31253e-05
723	1.58212e-05
723.5	1.8497e-05
724	1.9768e-05
724.5	2.14876e-05
725	2.28972e-05
725.5	2.4178e-05
726	2.3898e-05
726.5	2.29132e-05
727	2.19008e-05
727.5	2.19066e-05
728	2.21003e-05
728.5	2.11848e-05
729	1.88096e-05
729.5	1.60226e-05
730	1.67076e-05
730.5	1.64214e-05
731	1.41203e-05
731.5	1.45342e-05
732	1.49767e-05
732.5	1.92528e-05
733	1.82127e-05
733.5	1.63164e-05
734	1.39719e-05
734.5	1.26508e-05
735	1.20036e-05
735.5	1.1655e-05
736	1.15803e-05
736.5	9.31305e-06
737	6.79938e-06
737.5	5.31452e-06
738	3.0181e-06
738.5	2.50719e-06
739	2.23958e-06
739.5	1.73964e-06
740	1.22099e-06
740.5	5.0085e-07
741	4.97032e-07
741.5	1.2904e-06
742	2.74676e-06
742.5	3.28349e-06
743	3.38536e-06
743.5	3.37025e-06
744	2.49905e-06
744.5	1.94756e-06
745	1.77524e-06
745.5	1.00706e-06
746	-3.86191e-08
746.5	8.26632e-07
747	3.74677e-06
747.5	4.44048e-06
748	3.96061e-06
748.5	5.56163e-06
749	7.60591e-06
749.5	7.65043e-06
750	7.12656e-06
750.5	7.82095e-06
751	7.2552e-06
751.5	1.84081e-06
752	7.30807e-08
752.5	3.27014e-06
753	5.07741e-06
753.5	2.9378e-06
754	2.3401e-06
754.5	2.94349e-06
755	3.66458e-06
755.5	4.08142e-06
756	9.43838e-07
756.5	-9.52045e-07
757	-1.80043e-06
757.5	-1.97666e-06
758	-2.13264e-06
758.5	-1.64463e-06
759	-1.14495e-06
759.5	-1.95602e-06
760	-9.39425e-06
760.5	-1.33443e-05
761	-2.6947e-05
761.5	-2.18105e-05
762	-1.27904e-05
762.5	1.18954e-05
763	1.90239e-06
763.5	-6.83174e-06
764	1.36077e-07
764.5	3.74615e-06
765	1.1538e-05
765.5	1.21306e-05
766	1.13983e-05
766.5	9.47502e-06
767	7.98568e-06
767.5	6.97863e-06
768	5.62235e-06
768.5	4.74284e-06
769	4.43294e-06
769.5	3.86134e-06
770	3.47317e-06
770.5	3.34807e-06
771	3.53317e-06
771.5	4.22434e-06
772	4.67698e-06
772.5	4.52741e-06
773	3.76006e-06
773.5	3.8137e-06
774	4.17617e-06
774.5	4.15249e-06
775	4.58079e-06
775.5	6.35444e-06
776	6.72858e-06
776.5	5.93085e-06
777	3.87671e-06
777.5	2.67124e-06
778	-5.15168e-05
778.5	-8.26945e-05
779	-8.14947e-05
779.5	-7.08241e-05
780	-5.86959e-05
780.5	-5.10382e-05
781	-4.31766e-05
781.5	-4.26716e-05
782	-4.12306e-05
782.5	-3.6476e-05
783	-3.28456e-05
783.5	-2.87442e-05
784	-2.43406e-05
784.5	-2.13978e-05
785	-1.97131e-05
785.5	-1.81439e-05
786	-1.84061e-05
786.5	-1.81948e-05
787	-1.56675e-05
787.5	-1.25841e-05
788	-9.20968e-06
788.5	-1.1519e-05
789	-1.95339e-05
789.5	-1.38157e-05
790	-5.59442e-06
790.5	-3.44122e-06
791	-9.41662e-06
791.5	-4.5766e-06
792	7.92541e-07
792.5	4.18378e-06
793	1.13003e-05
793.5	2.21862e-05
794	1.62515e-05
794.5	-1.21108e-05
795	3.28373e-06
795.5	2.97508e-06
796	5.52076e-07
796.5	-2.21987e-06
797	-2.98275e-06
797.5	-3.82045e-06
798	-3.28064e-06
798.5	-2.46947e-06
799	-1.66276e-06
799.5	-9.35903e-07
800	-7.551e-08
800.5	1.97553e-07
801	3.05939e-07
801.5	6.94158e-07
802	1.52528e-06
802.5	2.16908e-06
803	2.84285e-06
803.5	1.93887e-06
804	-6.3154e-06
804.5	-3.93498e-05
805	-3.02369e-05
805.5	-4.1426e-06
806	5.54358e-06
806.5	1.22104e-05
807	9.41792e-06
807.5	7.34018e-06
808	7.68487e-06
808.5	1.70174e-07
809	-5.70907e-07
809.5	4.23998e-06
810	4.70216e-06
810.5	3.74389e-06
811	3.24201e-06
811.5	3.17095e-06
812	2.01497e-06
812.5	9.92733e-07
813	-4.28598e-06
813.5	-3.98668e-06
814	5.28681e-07
814.5	-1.18319e-06
815	-1.05374e-05
815.5	-1.18585e-05
816	-1.27646e-05
816.5	-9.03894e-06
817	-5.34987e-06
817.5	-3.80306e-06
818	-4.04575e-06
818.5	-4.5636e-06
819	-3.65183e-06
819.5	-3.16848e-06
820	-2.27502e-06
820.5	3.8599e-08
821	3.20121e-06
821.5	-4.83955e-05
822	-3.88276e-05
822.5	-3.60001e-05
823	-3.38785e-05
823.5	-3.01676e-05
824	-2.86898e-05
824.5	-2.37869e-05
825	-1.94695e-05
825.5	-1.5463e-05
826	-1.23309e-05
826.5	-7.93495e-06
827	-9.69563e-06
827.5	-2.24166e-05
828	-1.65452e-05
828.5	-2.55198e-05
829	2.88761e-05
829.5	9.31628e-05
830	0.000171239
830.5	0.000425364
831	0.000170989
831.5	8.92781e-05
832	3.15971e-07
832.5	-0.000243287
833	-0.000417855
833.5	-0.000535863
834	-0.00036759
834.5	-0.000287359
835	-0.000250641
835.5	-0.000142931
836	-0.000109259
836.5	-3.42063e-05
837	3.32174e-05
837.5	3.27322e-06
838	-1.08174e-05
838.5	8.20704e-06
839	-8.58603e-06
839.5	-8.43174e-06
840	-2.31509e-05
840.5	-8.16094e-06
841	4.92521e-05
841.5	6.48977e-05
842	6.47851e-05
842.5	5.45129e-05
843	9.93476e-05
843.5	0.000114294
844	0.000107895
844.5	9.36923e-05
845	8.26815e-05
845.5	7.2846e-05
846	6.44715e-05
846.5	5.65774e-05
847	5.11194e-05
847.5	4.65636e-05
848	4.2212e-05
848.5	3.94439e-05
849	3.70233e-05
849.5	3.49505e-05
850	3.32782e-05
850.5	3.16665e-05
851	3.0528e-05
851.5	2.88151e-05
852	2.84443e-05
852.5	2.59336e-05
853	2.26127e-05
853.5	1.90902e-05
854	1.74199e-05
854.5	1.90744e-05
855	1.74833e-05
855.5	1.61622e-05
856	1.55269e-05
856.5	1.46599e-05
857	1.41514e-05
857.5	1.30901e-05
858	1.25455e-05
858.5	1.1783e-05
859	9.95789e-06
859.5	4.46583e-06
860	2.36246e-06
860.5	9.56944e-07
861	1.01188e-06
861.5	1.64344e-06
862	1.69326e-06
862.5	1.32495e-06
863	-3.45815e-08
863.5	2.54005e-07
864	1.31555e-06
864.5	2.16698e-06
865	3.37315e-06
865.5	2.89943e-06
866	2.31059e-06
866.5	1.44398e-06
867	2.27061e-06
867.5	3.2953e-06
868	3.77796e-06
868.5	4.09569e-06
869	4.37779e-06
869.5	4.35062e-06
870	5.82647e-06
870.5	5.42847e-06
871	1.5269e-06
871.5	-1.95136e-06
872	5.54672e-07
872.5	1.71495e-06
873	1.65513e-06
873.5	1.95645e-06
874	2.65576e-06
874.5	1.65194e-06
875	1.65496e-06
875.5	1.67414e-06
876	1.99241e-06
876.5	1.87091e-06
877	1.14727e-06
877.5	9.91197e-07
878	6.26339e-07
878.5	-2.21842e-06
879	-1.97553e-05
879.5	-2.34266e-05
880	-1.90681e-05
880.5	-1.71322e-05
881	-3.49124e-05
881.5	-2.6747e-05
882	-1.76523e-05
882.5	-1.15172e-05
883	-2.27433e-05
883.5	-2.58287e-05
884	-9.15475e-06
884.5	-9.39723e-07
885	-3.09685e-06
885.5	2.38926e-06
886	4.85968e-06
886.5	5.80734e-06
887	6.33239e-06
887.5	6.38964e-06
888	6.21928e-06
888.5	5.84018e-06
889	5.66021e-06
889.5	5.22636e-06
890	4.95515e-06
890.5	4.04022e-06
891	3.05193e-06
891.5	1.65681e-06
892	9.02708e-07
892.5	-2.61507e-06
893	-4.35561e-06
893.5	-5.42906e-06
894	-7.39278e-05
894.5	-9.70924e-05
895	-9.43851e-05
895.5	-8.22879e-05
896	-6.65383e-05
896.5	-7.73052e-05
897	-6.60631e-05
897.5	-5.0817e-05
898	-3.7295e-05
898.5	-2.84198e-05
899	-2.94566e-05
899.5	-4.19788e-05
900	-3.12874e-05
900.5	-2.17051e-05
901	-1.92803e-05
901.5	-1.92834e-05
902	-1.55083e-05
902.5	-1.1112e-05
903	-7.63057e-06
903.5	-5.15794e-06
904	-2.67838e-06
904.5	-4.6286e-06
905	-1.08868e-05
905.5	-4.89526e-06
906	-1.40539e-06
906.5	-4.31885e-07
907	-1.66674e-07
907.5	7.0422e-07
908	2.19734e-06
908.5	4.33017e-06
909	7.02815e-06
909.5	8.70745e-06
910	8.62218e-06
910.5	7.44109e-06
911	5.6335e-06
911.5	5.24191e-06
912	7.06284e-06
912.5	7.46329e-06
913	7.63945e-06
913.5	7.04954e-06
914	6.34566e-06
914.5	6.5567e-06
915	6.61137e-06
915.5	5.94989e-06
916	5.05721e-06
916.5	4.16958e-06
917	3.46605e-06
917.5	2.83577e-06
918	2.10968e-06
918.5	1.6884e-06
919	1.25337e-06
919.5	1.08837e-06
920	-1.33633e-07
920.5	1.49675e-06
921	1.98517e-06
921.5	2.76843e-06
922	4.66337e-07
922.5	-2.15418e-06
923	-1.05704e-05
923.5	-1.65733e-05
924	-8.22933e-07
924.5	1.85635e-06
925	-5.27339e-06
925.5	-2.83022e-05
926	-5.65899e-06
926.5	1.08698e-05
927	1.50819e-05
927.5	1.29913e-05
928	9.48968e-06
928.5	7.55972e-06
929	6.7182e-06
929.5	5.35581e-06
930	4.9531e-06
930.5	4.21586e-06
931	3.10438e-06
931.5	2.77588e-06
932	2.92321e-06
932.5	3.20845e-06
933	2.09909e-06
933.5	4.07599e-07
934	-1.14584e-06
934.5	-1.67936e-06
935	-1.48111e-06
935.5	-3.1819e-07
936	7.15412e-07
936.5	1.35063e-06
937	1.93813e-06
937.5	1.33933e-06
938	-3.50288e-06
938.5	-3.6289e-06
939	-9.45794e-06
939.5	-1.22613e-05
940	-8.33088e-06
940.5	-5.33233e-06
941	-4.3857e-06
941.5	-4.31902e-06
942	-5.53626e-06
942.5	-5.76078e-06
943	-5.16759e-06
943.5	-5.28268e-06
944	-5.90604e-06
944.5	-6.38274e-06
945	-5.77718e-06
945.5	-6.93942e-06
946	-7.82948e-06
946.5	-1.31458e-05
947	-1.72715e-05
947.5	-1.79961e-05
948	-2.03313e-05
948.5	-2.75978e-05
949	-9.53987e-05
949.5	-6.76513e-05
950	8.65008e-05
950.5	0.000397131
951	0.000316798
951.5	0.000209955
952	0.000133761
952.5	7.99618e-05
953	7.77637e-05
953.5	4.97046e-05
954	-1.98473e-05
954.5	-1.32678e-05
955	2.2994e-06
955.5	7.91046e-06
956	9.87885e-06
956.5	1.07988e-05
957	1.1064e-05
957.5	1.03682e-05
958	1.01486e-05
958.5	1.12099e-05
959	8.82863e-06
959.5	5.68459e-06
960	4.57399e-06
960.5	4.74933e-06
961	7.18606e-06
961.5	4.23718e-06
962	5.13149e-06
962.5	3.94965e-06
963	1.12356e-06
963.5	-4.07723e-06
964	-4.64143e-06
964.5	-8.41972e-06
965	-2.25854e-05
965.5	-2.43116e-05
966	-3.19832e-05
966.5	-2.82354e-05
967	-3.21181e-05
967.5	-0.000150299
968	-7.06268e-05
968.5	5.90825e-05
969	6.36217e-05
969.5	0.000222961
970	0.000427961
970.5	0.00013646
971	3.27876e-06
971.5	2.91829e-05
972	-2.17512e-05
972.5	-0.000119692
973	-0.000100753
973.5	-0.000105881
974	-0.000101234
974.5	-0.000325002
975	-0.000218287
975.5	-0.000179807
976	-0.000188837
976.5	-9.68292e-05
977	-7.62694e-05
977.5	-6.17496e-05
978	-5.20528e-05
978.5	-4.25004e-05
979	1.23259e-05
979.5	3.87634e-05
980	4.68107e-05
980.5	4.76036e-05
981	4.63241e-05
981.5	4.43772e-05
982	4.2012e-05
982.5	3.96148e-05
983	3.72265e-05
983.5	3.41382e-05
984	3.03028e-05
984.5	2.76355e-05
985	2.55003e-05
985.5	2.25625e-05
986	1.98102e-05
986.5	1.77531e-05
987	1.50116e-05
987.5	1.57608e-05
988	1.37029e-05
988.5	1.09224e-05
989	1.01294e-05
989.5	8.45096e-06
990	6.25472e-06
990.5	4.08365e-06
991	4.22367e-06
991.5	4.52496e-06
992	4.26488e-06
992.5	4.11818e-06
993	3.7731e-06
993.5	3.78831e-06
994	3.84209e-06
994.5	2.14651e-06
995	8.90467e-07
995.5	-1.8166e-06
996	-2.61309e-06
996.5	-1.92786e-06
997	-9.47055e-07
997.5	-3.71064e-07
998	-1.35616e-06
998.5	-2.40824e-06
999	-2.59848e-06
999.5	-2.48102e-06
1000	-2.33396e-06
