0	0
0.5	-7.78782e-26
1	-1.91465e-25
1.5	2.22632e-25
2	-1.04796e-25
2.5	-1.09412e-25
3	-8.10888e-26
3.5	-9.67685e-26
4	-1.83415e-07
4.5	-7.58104e-07
5	-1.47063e-06
5.5	-2.54687e-06
6	-3.58114e-06
6.5	-4.52992e-06
7	-5.38088e-06
7.5	-6.02132e-06
8	-6.60905e-06
8.5	-7.46377e-06
9	-8.55772e-06
9.5	-9.34788e-06
10	-1.00463e-05
10.5	-1.04951e-05
11	-1.07856e-05
11.5	-1.08908e-05
12	-1.07296e-05
12.5	-1.03977e-05
13	-9.90051e-06
13.5	-8.90336e-06
14	-7.76484e-06
14.5	-7.15477e-06
15	-6.31971e-06
15.5	-6.4646e-06
16	-6.17475e-06
16.5	-5.67328e-06
17	-5.23798e-06
17.5	-5.21651e-06
18	-5.97122e-06
18.5	-6.63686e-06
19	-7.04657e-06
19.5	-7.39602e-06
20	-7.77956e-06
20.5	-8.18617e-06
21	-8.68396e-06
21.5	-9.674e-06
22	-1.04958e-05
22.5	-1.1354e-05
23	-1.25046e-05
23.5	-1.42795e-05
24	-1.8471e-05
24.5	-0.00011966
25	-0.000287078
25.5	0.000454253
26	-2.26439e-05
26.5	-0.000115847
27	-2.86329e-05
27.5	-1.37185e-05
28	-1.22158e-05
28.5	-1.17309e-05
29	-1.21602e-05
29.5	-1.4603e-05
30	-1.8363e-05
30.5	-1.70706e-05
31	-1.21785e-05
31.5	-9.76575e-06
32	-7.62505e-06
32.5	-7.06608e-06
33	-8.02319e-06
33.5	-9.33356e-06
34	-1.05277e-05
34.5	-1.00604e-05
35	-5.81267e-06
35.5	-3.74723e-06
36	-2.43655e-06
36.5	-1.5896e-06
37	-1.20997e-06
37.5	-1.32739e-06
38	-1.72803e-06
38.5	-2.51584e-06
39	-3.49965e-06
39.5	-4.33419e-06
40	-4.66129e-06
40.5	-4.85588e-06
41	-5.082e-06
41.5	-5.35457e-06
42	-5.64076e-06
42.5	-6.06339e-06
43	-6.78835e-06
43.5	-7.77228e-06
44	-9.87865e-06
44.5	-1.73807e-05
45	-0.000184965
45.5	0.000177066
46	4.20904e-05
46.5	-0.000100315
47	-9.88978e-05
47.5	-1.79258e-05
48	-1.45662e-05
48.5	-1.43939e-05
49	-1.45561e-05
49.5	-1.4728e-05
50	-1.6072e-05
50.5	-1.5733e-05
51	-1.52878e-05
51.5	-1.34704e-05
52	-1.1968e-05
52.5	-1.09983e-05
53	-1.08686e-05
53.5	-1.09441e-05
54	-1.1193e-05
54.5	-1.14082e-05
55	-1.14061e-05
55.5	-1.12556e-05
56	-1.12305e-05
56.5	-1.13582e-05
57	-1.13499e-05
57.5	-1.13661e-05
58	-1.16113e-05
58.5	-1.22492e-05
59	-1.33199e-05
59.5	-1.52594e-05
60	-2.24252e-05
60.5	-0.000183303
61	0.000293729
61.5	0.000139241
62	-9.76948e-05
62.5	-0.000129481
63	-1.92602e-05
63.5	-1.39006e-05
64	-1.29785e-05
64.5	-1.27559e-05
65	-1.12793e-05
65.5	-1.11246e-05
66	-1.09267e-05
66.5	-1.02523e-05
67	-1.0167e-05
67.5	-9.68368e-06
68	-9.30597e-06
68.5	-9.28351e-06
69	-9.38851e-06
69.5	-9.50892e-06
70	-9.80688e-06
70.5	-1.0066e-05
71	-1.03264e-05
71.5	-1.05401e-05
72	-1.06781e-05
72.5	-1.08978e-05
73	-1.11456e-05
73.5	-1.13023e-05
74	-1.1335e-05
74.5	-1.13024e-05
75	-1.108e-05
75.5	-1.08166e-05
76	-1.05673e-05
76.5	-1.03303e-05
77	-1.00929e-05
77.5	-9.94659e-06
78	-9.01294e-06
78.5	-8.42047e-06
79	-8.068e-06
79.5	-9.31159e-06
80	-1.03535e-05
80.5	-1.12714e-05
81	-1.18808e-05
81.5	-1.2672e-05
82	-1.75402e-05
82.5	-0.000120808
83	-0.000367849
83.5	0.000494924
84	-3.37603e-06
84.5	-0.000143756
85	-5.28365e-05
85.5	-2.11806e-05
86	-1.65503e-05
86.5	-1.4511e-05
87	-1.33914e-05
87.5	-1.26771e-05
88	-1.205e-05
88.5	-1.14388e-05
89	-1.10335e-05
89.5	-1.06132e-05
90	-1.01456e-05
90.5	-9.52233e-06
91	-8.93359e-06
91.5	-8.53983e-06
92	-8.22059e-06
92.5	-8.03131e-06
93	-7.84565e-06
93.5	-7.75214e-06
94	-7.64742e-06
94.5	-7.24557e-06
95	-6.9737e-06
95.5	-7.75405e-06
96	-8.14418e-06
96.5	-7.18836e-06
97	-7.23499e-06
97.5	-6.85105e-06
98	-7.2633e-06
98.5	-7.5385e-06
99	-7.53843e-06
99.5	-7.60493e-06
100	-7.60411e-06
100.5	-7.3703e-06
101	-6.91824e-06
101.5	-6.37977e-06
102	-5.93134e-06
102.5	-5.61799e-06
103	-5.41575e-06
103.5	-5.23276e-06
104	-5.11033e-06
104.5	-5.33488e-06
105	-5.8857e-06
105.5	-6.90055e-06
106	-9.60175e-06
106.5	-3.23098e-05
107	-0.000382524
107.5	0.000493578
108	-2.99663e-05
108.5	-0.000138138
109	-2.90058e-05
109.5	-1.42728e-05
110	-1.44248e-05
110.5	-1.75683e-05
111	-1.6018e-05
111.5	-1.42761e-05
112	-1.22954e-05
112.5	-1.0517e-05
113	-9.48977e-06
113.5	-9.02907e-06
114	-9.14603e-06
114.5	-9.23152e-06
115	-9.19731e-06
115.5	-9.32354e-06
116	-9.20633e-06
116.5	-8.92875e-06
117	-8.67692e-06
117.5	-9.21802e-06
118	-1.01993e-05
118.5	-1.05671e-05
119	-9.65612e-06
119.5	-8.73889e-06
120	-8.7725e-06
120.5	-8.92775e-06
121	-9.04475e-06
121.5	-9.22522e-06
122	-9.85826e-06
122.5	-1.05129e-05
123	-9.43273e-06
123.5	-5.63891e-06
124	-2.07367e-06
124.5	-3.59422e-06
125	-5.69147e-06
125.5	-7.27455e-06
126	-8.1884e-06
126.5	-9.62814e-06
127	-1.07814e-05
127.5	-1.14137e-05
128	-9.48388e-06
128.5	-8.46898e-06
129	-8.92101e-06
129.5	-9.06556e-06
130	-8.95087e-06
130.5	-8.94837e-06
131	-9.18513e-06
131.5	-9.58662e-06
132	-9.93801e-06
132.5	-1.02322e-05
133	-1.0784e-05
133.5	-1.13498e-05
134	-1.17422e-05
134.5	-1.20144e-05
135	-1.2355e-05
135.5	-1.29032e-05
136	-1.44868e-05
136.5	-2.07302e-05
137	-0.000138286
137.5	0.000224095
138	0.000165564
138.5	-3.71838e-05
139	-0.00011281
139.5	-2.57118e-05
140	-2.47593e-05
140.5	-2.65103e-05
141	-2.73814e-05
141.5	-2.51847e-05
142	-2.32885e-05
142.5	-2.04042e-05
143	-1.86935e-05
143.5	-1.77672e-05
144	-1.71569e-05
144.5	-1.67495e-05
145	-1.61573e-05
145.5	-1.58099e-05
146	-1.59913e-05
146.5	-1.63927e-05
147	-1.67914e-05
147.5	-1.71778e-05
148	-1.74926e-05
148.5	-1.76808e-05
149	-1.82451e-05
149.5	-1.94472e-05
150	-2.50391e-05
150.5	-0.000144343
151	0.000559566
151.5	0.000293099
152	-6.89227e-05
152.5	-0.000148794
153	-2.52831e-05
153.5	-1.86662e-05
154	-1.85083e-05
154.5	-1.88556e-05
155	-1.88653e-05
155.5	-1.95003e-05
156	-1.92224e-05
156.5	-1.76432e-05
157	-1.58581e-05
157.5	-1.42277e-05
158	-1.29089e-05
158.5	-1.1812e-05
159	-1.14999e-05
159.5	-1.14237e-05
160	-1.19753e-05
160.5	-1.26154e-05
161	-1.31159e-05
161.5	-1.37782e-05
162	-1.45039e-05
162.5	-1.54721e-05
163	-1.65845e-05
163.5	-1.79837e-05
164	-2.0296e-05
164.5	-2.78212e-05
165	-0.000176066
165.5	0.00041763
166	0.000212082
166.5	-8.16677e-05
167	-0.000136652
167.5	-2.10596e-05
168	-1.4852e-05
168.5	-1.40023e-05
169	-1.3785e-05
169.5	-1.38493e-05
170	-1.38669e-05
170.5	-1.36349e-05
171	-1.35782e-05
171.5	-1.24143e-05
172	-1.07526e-05
172.5	-9.86523e-06
173	-9.84617e-06
173.5	-1.00207e-05
174	-1.01239e-05
174.5	-1.02768e-05
175	-1.005e-05
175.5	-9.62622e-06
176	-9.48833e-06
176.5	-9.25536e-06
177	-9.13938e-06
177.5	-9.29326e-06
178	-9.43152e-06
178.5	-9.76502e-06
179	-1.00628e-05
179.5	-1.04312e-05
180	-1.09303e-05
180.5	-1.14426e-05
181	-1.18904e-05
181.5	-1.24023e-05
182	-1.30449e-05
182.5	-1.39772e-05
183	-1.58293e-05
183.5	-2.07132e-05
184	-0.000126115
184.5	-4.06418e-05
185	0.000371285
185.5	2.08166e-06
186	-0.000157829
186.5	-2.9775e-05
187	-1.71698e-05
187.5	-1.34019e-05
188	-1.09521e-05
188.5	-8.99421e-06
189	-7.97873e-06
189.5	-7.40181e-06
190	-7.17266e-06
190.5	-7.14451e-06
191	-7.30884e-06
191.5	-7.59261e-06
192	-7.8878e-06
192.5	-8.44514e-06
193	-8.98959e-06
193.5	-9.2844e-06
194	-9.53009e-06
194.5	-9.66689e-06
195	-9.64864e-06
195.5	-9.65216e-06
196	-9.67142e-06
196.5	-9.51093e-06
197	-8.33249e-06
197.5	-8.05234e-06
198	-8.00362e-06
198.5	-7.99721e-06
199	-1.0533e-05
199.5	-2.50896e-05
200	-0.000275786
200.5	0.000351581
201	5.15762e-05
201.5	-0.000123892
202	-7.69083e-05
202.5	-2.40134e-05
203	-1.73457e-05
203.5	-1.44859e-05
204	-1.33161e-05
204.5	-1.26699e-05
205	-1.21021e-05
205.5	-1.18255e-05
206	-1.16676e-05
206.5	-1.18601e-05
207	-1.23015e-05
207.5	-1.24742e-05
208	-1.23574e-05
208.5	-1.22617e-05
209	-1.23649e-05
209.5	-1.27171e-05
210	-1.32433e-05
210.5	-1.43287e-05
211	-1.71586e-05
211.5	-6.07505e-05
212	-0.00040823
212.5	0.000510538
213	-3.42405e-06
213.5	-0.000144157
214	-4.64574e-05
214.5	-2.35098e-05
215	-1.85325e-05
215.5	-1.58905e-05
216	-1.58288e-05
216.5	-1.40956e-05
217	-1.2771e-05
217.5	-1.25651e-05
218	-1.29002e-05
218.5	-1.32721e-05
219	-1.35985e-05
219.5	-1.38631e-05
220	-1.40653e-05
220.5	-1.43723e-05
221	-1.47497e-05
221.5	-1.40806e-05
222	-1.33351e-05
222.5	-1.30362e-05
223	-1.30629e-05
223.5	-1.34308e-05
224	-1.42167e-05
224.5	-1.57273e-05
225	-1.81662e-05
225.5	-2.49618e-05
226	-0.000160396
226.5	0.000451648
227	0.000232292
227.5	-9.07032e-05
228	-0.000146506
228.5	-3.00766e-05
229	-2.52123e-05
229.5	-2.36653e-05
230	-2.09643e-05
230.5	-1.8874e-05
231	-1.87154e-05
231.5	-1.90187e-05
232	-1.83868e-05
232.5	-1.77385e-05
233	-1.58804e-05
233.5	-1.522e-05
234	-1.55332e-05
234.5	-1.549e-05
235	-1.48283e-05
235.5	-1.35474e-05
236	-1.32268e-05
236.5	-1.14321e-05
237	-8.62653e-06
237.5	-7.45249e-06
238	-6.39963e-06
238.5	-5.64308e-06
239	-5.76282e-06
239.5	-6.17178e-06
240	-6.98516e-06
240.5	-7.15777e-06
241	-7.1153e-06
241.5	-7.445e-06
242	-7.60782e-06
242.5	-7.7773e-06
243	-8.20167e-06
243.5	-8.50561e-06
244	-8.62731e-06
244.5	-8.59183e-06
245	-8.37794e-06
245.5	-8.11924e-06
246	-8.17362e-06
246.5	-8.41886e-06
247	-8.5916e-06
247.5	-8.67785e-06
248	-8.68739e-06
248.5	-8.91259e-06
249	-8.60676e-06
249.5	-7.7611e-06
250	-7.41579e-06
250.5	-7.95834e-06
251	-8.29934e-06
251.5	-7.00719e-06
252	-7.83657e-06
252.5	-1.13916e-05
253	-1.58616e-05
253.5	-3.60045e-05
254	-0.000277251
254.5	0.000247043
255	6.10391e-05
255.5	-9.43777e-05
256	-7.75268e-05
256.5	-2.38642e-05
257	-1.95627e-05
257.5	-1.76487e-05
258	-1.6413e-05
258.5	-1.53295e-05
259	-1.41469e-05
259.5	-1.27753e-05
260	-1.18208e-05
260.5	-1.12903e-05
261	-1.08942e-05
261.5	-1.06602e-05
262	-1.03744e-05
262.5	-9.94016e-06
263	-9.66674e-06
263.5	-9.69706e-06
264	-1.00392e-05
264.5	-1.04951e-05
265	-1.09996e-05
265.5	-1.09583e-05
266	-1.0675e-05
266.5	-1.15299e-05
267	-1.19716e-05
267.5	-1.18193e-05
268	-1.22676e-05
268.5	-1.29427e-05
269	-1.23558e-05
269.5	-1.2751e-05
270	-1.36255e-05
270.5	-1.56147e-05
271	-2.28478e-05
271.5	-0.000169397
272	0.000484951
272.5	0.000182264
273	-9.89283e-05
273.5	-0.000128264
274	-1.97013e-05
274.5	-1.40834e-05
275	-1.31266e-05
275.5	-1.30209e-05
276	-1.33296e-05
276.5	-1.41068e-05
277	-1.4678e-05
277.5	-1.51799e-05
278	-1.53377e-05
278.5	-1.4858e-05
279	-1.43113e-05
279.5	-1.39711e-05
280	-1.35222e-05
280.5	-1.2846e-05
281	-1.33424e-05
281.5	-1.44279e-05
282	-1.54978e-05
282.5	-1.49994e-05
283	-1.53892e-05
283.5	-1.63818e-05
284	-1.74332e-05
284.5	-1.83947e-05
285	-2.15947e-05
285.5	-3.18373e-05
286	-0.000257474
286.5	0.000211873
287	0.000223826
287.5	-6.24921e-05
288	-0.000130539
288.5	-2.91204e-05
289	-2.06769e-05
289.5	-1.67242e-05
290	-1.44158e-05
290.5	-1.29183e-05
291	-1.24584e-05
291.5	-1.13841e-05
292	-1.00674e-05
292.5	-9.09697e-06
293	-8.42924e-06
293.5	-7.79495e-06
294	-7.51587e-06
294.5	-7.20075e-06
295	-7.25618e-06
295.5	-7.02416e-06
296	-6.91059e-06
296.5	-6.60572e-06
297	-6.20361e-06
297.5	-5.82666e-06
298	-5.41897e-06
298.5	-5.63736e-06
299	-6.16538e-06
299.5	-6.77021e-06
300	-7.37361e-06
300.5	-7.87212e-06
301	-8.22489e-06
301.5	-8.71679e-06
302	-9.17307e-06
302.5	-1.03054e-05
303	-1.18091e-05
303.5	-1.36616e-05
304	-1.56867e-05
304.5	-2.36772e-05
305	-0.00019247
305.5	0.000240346
306	9.02574e-05
306.5	-0.000116724
307	-0.000110571
307.5	-1.91871e-05
308	-1.37903e-05
308.5	-1.21445e-05
309	-1.35154e-05
309.5	-1.17812e-05
310	-9.85822e-06
310.5	-8.69095e-06
311	-8.54955e-06
311.5	-9.18701e-06
312	-9.76949e-06
312.5	-1.04693e-05
313	-1.09184e-05
313.5	-1.12936e-05
314	-1.1736e-05
314.5	-1.19463e-05
315	-1.22618e-05
315.5	-1.31744e-05
316	-1.41624e-05
316.5	-1.47209e-05
317	-1.59448e-05
317.5	-1.84907e-05
318	-2.64e-05
318.5	-0.000188702
319	0.000324381
319.5	0.000236368
320	-5.0689e-05
320.5	-0.000141656
321	-3.30027e-05
321.5	-2.35474e-05
322	-1.91754e-05
322.5	-1.63849e-05
323	-1.44965e-05
323.5	-1.31982e-05
324	-1.24203e-05
324.5	-1.19707e-05
325	-1.18179e-05
325.5	-1.1804e-05
326	-1.19186e-05
326.5	-1.20134e-05
327	-1.23348e-05
327.5	-1.31587e-05
328	-1.44398e-05
328.5	-1.64573e-05
329	-2.04035e-05
329.5	-7.05347e-05
330	-0.000398262
330.5	0.000531158
331	-8.77657e-06
331.5	-0.000145845
332	-3.83473e-05
332.5	-2.22108e-05
333	-2.11149e-05
333.5	-2.06944e-05
334	-1.94757e-05
334.5	-1.60118e-05
335	-1.33212e-05
335.5	-1.18179e-05
336	-1.11899e-05
336.5	-1.09582e-05
337	-1.05254e-05
337.5	-1.02453e-05
338	-1.00815e-05
338.5	-9.87212e-06
339	-9.59581e-06
339.5	-9.43641e-06
340	-9.57074e-06
340.5	-1.0155e-05
341	-1.10765e-05
341.5	-1.20889e-05
342	-1.30205e-05
342.5	-1.38686e-05
343	-1.50467e-05
343.5	-1.72478e-05
344	-2.4149e-05
344.5	-0.000172565
345	0.000451408
345.5	0.000189312
346	-9.96381e-05
346.5	-0.000145652
347	-3.12482e-05
347.5	-2.63785e-05
348	-2.40988e-05
348.5	-2.20821e-05
349	-2.07859e-05
349.5	-1.93123e-05
350	-1.84174e-05
350.5	-1.78376e-05
351	-1.75362e-05
351.5	-1.69552e-05
352	-1.64698e-05
352.5	-1.61012e-05
353	-1.59302e-05
353.5	-1.56534e-05
354	-1.53355e-05
354.5	-1.51596e-05
355	-1.487e-05
355.5	-1.43522e-05
356	-1.40763e-05
356.5	-1.35016e-05
357	-1.24861e-05
357.5	-1.19406e-05
358	-1.1699e-05
358.5	-1.06137e-05
359	-8.25928e-06
359.5	-8.72944e-06
360	-9.71923e-06
360.5	-1.06197e-05
361	-1.13831e-05
361.5	-1.21566e-05
362	-1.33442e-05
362.5	-1.11934e-05
363	-9.42135e-06
363.5	-1.01947e-05
364	-1.04504e-05
364.5	-1.09135e-05
365	-1.11341e-05
365.5	-1.25234e-05
366	-1.33997e-05
366.5	-1.26211e-05
367	-1.24475e-05
367.5	-1.02127e-05
368	-8.93216e-06
368.5	-8.11413e-06
369	-7.72559e-06
369.5	-8.12836e-06
370	-8.95096e-06
370.5	-8.96534e-06
371	-8.98973e-06
371.5	-9.25456e-06
372	-9.81457e-06
372.5	-1.06294e-05
373	-1.14281e-05
373.5	-1.24253e-05
374	-1.38207e-05
374.5	-1.5542e-05
375	-1.87199e-05
375.5	-4.63836e-05
376	-0.000371584
376.5	0.000301159
377	3.88974e-06
377.5	-0.000120859
378	-5.61003e-05
378.5	-2.1879e-05
379	-1.86595e-05
379.5	-1.69333e-05
380	-1.60361e-05
380.5	-1.62472e-05
381	-1.63749e-05
381.5	-1.56866e-05
382	-1.46872e-05
382.5	-1.37862e-05
383	-1.28697e-05
383.5	-1.19752e-05
384	-1.14551e-05
384.5	-1.14407e-05
385	-1.14583e-05
385.5	-1.16375e-05
386	-1.16957e-05
386.5	-1.16126e-05
387	-1.15709e-05
387.5	-1.1832e-05
388	-1.24735e-05
388.5	-1.37054e-05
389	-1.5483e-05
389.5	-2.15291e-05
390	-0.00013495
390.5	5.50635e-05
391	0.00039475
391.5	4.99945e-05
392	-0.000146155
392.5	-2.20763e-05
393	-1.68804e-05
393.5	-1.5385e-05
394	-1.40384e-05
394.5	-1.32148e-05
395	-1.2628e-05
395.5	-1.37773e-05
396	-1.51542e-05
396.5	-1.63314e-05
397	-1.69832e-05
397.5	-1.71057e-05
398	-1.67093e-05
398.5	-1.61653e-05
399	-1.52396e-05
399.5	-1.45627e-05
400	-1.40669e-05
400.5	-1.30889e-05
401	-1.26704e-05
401.5	-1.23851e-05
402	-1.21631e-05
402.5	-1.27898e-05
403	-1.35568e-05
403.5	-1.45815e-05
404	-1.55433e-05
404.5	-1.6642e-05
405	-1.85907e-05
405.5	-2.53454e-05
406	-0.000162972
406.5	0.000566416
407	0.000250502
407.5	-8.65049e-05
408	-0.000145051
408.5	-1.98478e-05
409	-1.31871e-05
409.5	-1.2271e-05
410	-1.18589e-05
410.5	-1.1917e-05
411	-1.17589e-05
411.5	-1.13359e-05
412	-1.08401e-05
412.5	-1.03772e-05
413	-1.0038e-05
413.5	-9.60805e-06
414	-9.09206e-06
414.5	-8.38105e-06
415	-7.83152e-06
415.5	-7.69879e-06
416	-7.30167e-06
416.5	-7.12663e-06
417	-6.90776e-06
417.5	-7.07e-06
418	-7.37928e-06
418.5	-7.59591e-06
419	-7.69078e-06
419.5	-7.7473e-06
420	-7.83382e-06
420.5	-8.02926e-06
421	-8.24967e-06
421.5	-8.62284e-06
422	-9.47652e-06
422.5	-1.14449e-05
423	-1.96884e-05
423.5	-0.000226026
424	0.000249181
424.5	2.0123e-05
425	-0.000122694
425.5	-8.50178e-05
426	-1.95714e-05
426.5	-1.63594e-05
427	-1.38007e-05
427.5	-1.07649e-05
428	-8.24098e-06
428.5	-7.20919e-06
429	-6.42222e-06
429.5	-5.83861e-06
430	-5.78482e-06
430.5	-5.80089e-06
431	-5.68354e-06
431.5	-5.45684e-06
432	-5.73171e-06
432.5	-6.50633e-06
433	-7.29811e-06
433.5	-8.04491e-06
434	-8.7998e-06
434.5	-9.60292e-06
435	-1.1588e-05
435.5	-1.74143e-05
436	-0.000153523
436.5	0.000358231
437	0.000143219
437.5	-0.000102519
438	-0.000128919
438.5	-1.67696e-05
439	-1.24401e-05
439.5	-1.26082e-05
440	-1.55027e-05
440.5	-1.66275e-05
441	-1.48557e-05
441.5	-1.18402e-05
442	-9.5507e-06
442.5	-8.25505e-06
443	-7.43597e-06
443.5	-7.0331e-06
444	-6.66008e-06
444.5	-6.44068e-06
445	-6.32961e-06
445.5	-5.64197e-06
446	-5.13582e-06
446.5	-4.7891e-06
447	-4.56815e-06
447.5	-4.43967e-06
448	-4.48667e-06
448.5	-4.64572e-06
449	-4.92268e-06
449.5	-5.1793e-06
450	-5.39287e-06
450.5	-5.46273e-06
451	-5.47148e-06
451.5	-5.7881e-06
452	-6.38138e-06
452.5	-7.40939e-06
453	-8.84694e-06
453.5	-1.11707e-05
454	-1.68695e-05
454.5	-0.000131931
455	0.000399082
455.5	0.000293801
456	-1.84553e-05
456.5	-0.000142327
457	-2.86636e-05
457.5	-1.65751e-05
458	-1.10963e-05
458.5	-8.71734e-06
459	-7.14725e-06
459.5	-6.7963e-06
460	-6.41176e-06
460.5	-6.3008e-06
461	-6.17472e-06
461.5	-6.27084e-06
462	-6.58968e-06
462.5	-6.93632e-06
463	-7.60762e-06
463.5	-8.44268e-06
464	-9.20217e-06
464.5	-9.91038e-06
465	-1.06374e-05
465.5	-1.1294e-05
466	-1.1888e-05
466.5	-1.26476e-05
467	-1.37792e-05
467.5	-1.52969e-05
468	-2.35827e-05
468.5	-0.000202751
469	0.000279866
469.5	0.000135044
470	-0.000133763
470.5	-0.000140382
471	-2.9111e-05
471.5	-2.06594e-05
472	-1.56122e-05
472.5	-1.27953e-05
473	-1.15944e-05
473.5	-1.1514e-05
474	-1.1793e-05
474.5	-1.20807e-05
475	-1.25604e-05
475.5	-1.31792e-05
476	-1.37637e-05
476.5	-1.42328e-05
477	-1.44413e-05
477.5	-1.47153e-05
478	-1.48768e-05
478.5	-1.48661e-05
479	-1.48921e-05
479.5	-1.51609e-05
480	-1.57766e-05
480.5	-1.72377e-05
481	-2.28694e-05
481.5	-0.000153541
482	0.000588597
482.5	0.000324766
483	-7.36895e-05
483.5	-0.000167905
484	-2.68672e-05
484.5	-2.21543e-05
485	-1.8146e-05
485.5	-1.46505e-05
486	-1.3608e-05
486.5	-1.25243e-05
487	-1.19709e-05
487.5	-1.15246e-05
488	-1.12664e-05
488.5	-1.17452e-05
489	-1.16184e-05
489.5	-1.10102e-05
490	-1.03075e-05
490.5	-9.57718e-06
491	-9.29795e-06
491.5	-9.56593e-06
492	-8.78021e-06
492.5	-7.89522e-06
493	-7.64596e-06
493.5	-8.34885e-06
494	-7.37121e-06
494.5	-5.9489e-06
495	-3.42435e-06
495.5	-2.88039e-06
496	-3.70197e-06
496.5	-4.268e-06
497	-4.36211e-06
497.5	-4.33894e-06
498	-3.71178e-06
498.5	-2.83336e-06
499	-1.97756e-06
499.5	-1.60664e-06
500	-1.32345e-06
500.5	-1.20938e-06
501	-1.28616e-06
501.5	-1.49297e-06
502	-1.36183e-06
502.5	-1.83162e-06
503	-3.08871e-06
503.5	-5.2195e-06
504	-9.21467e-06
504.5	-2.67761e-05
505	-0.000498255
505.5	0.000519877
506	5.82591e-05
506.5	-0.000115629
507	-3.00572e-05
507.5	-1.2075e-05
508	-1.21707e-05
508.5	-1.34474e-05
509	-1.2617e-05
509.5	-1.17084e-05
510	-1.13876e-05
510.5	-1.03036e-05
511	-1.0115e-05
511.5	-9.83302e-06
512	-9.76019e-06
512.5	-9.72711e-06
513	-9.6683e-06
513.5	-9.70127e-06
514	-9.9644e-06
514.5	-1.0054e-05
515	-9.77884e-06
515.5	-9.81182e-06
516	-1.00704e-05
516.5	-1.02788e-05
517	-1.03802e-05
517.5	-1.01127e-05
518	-1.00982e-05
518.5	-1.06429e-05
519	-1.12589e-05
519.5	-1.19795e-05
520	-1.30819e-05
520.5	-1.47489e-05
521	-1.80416e-05
521.5	-4.42681e-05
522	-0.000403591
522.5	0.000422639
523	7.74703e-07
523.5	-0.000135745
524	-4.80969e-05
524.5	-2.17078e-05
525	-2.19158e-05
525.5	-2.10653e-05
526	-1.87174e-05
526.5	-1.76501e-05
527	-1.67937e-05
527.5	-1.60781e-05
528	-1.53259e-05
528.5	-1.45247e-05
529	-1.36661e-05
529.5	-1.28216e-05
530	-1.21776e-05
530.5	-1.18854e-05
531	-1.18136e-05
531.5	-1.17065e-05
532	-1.13852e-05
532.5	-1.1367e-05
533	-1.14772e-05
533.5	-1.17824e-05
534	-1.19422e-05
534.5	-1.19803e-05
535	-1.19099e-05
535.5	-1.17838e-05
536	-1.13972e-05
536.5	-1.05558e-05
537	-9.49782e-06
537.5	-9.2366e-06
538	-8.6116e-06
538.5	-7.54206e-06
539	-6.81108e-06
539.5	-6.0612e-06
540	-4.65999e-06
540.5	-3.70443e-06
541	-3.94409e-06
541.5	-4.30098e-06
542	-4.48011e-06
542.5	-4.30498e-06
543	-4.48767e-06
543.5	-4.68285e-06
544	-4.7844e-06
544.5	-5.00619e-06
545	-5.28621e-06
545.5	-5.57568e-06
546	-6.0805e-06
546.5	-6.67162e-06
547	-7.2252e-06
547.5	-8.23767e-06
548	-1.047e-05
548.5	-2.22683e-05
549	-0.000254022
549.5	0.000247011
550	-5.5563e-06
550.5	-0.000111649
551	-5.24723e-05
551.5	-1.34205e-05
552	-1.47327e-05
552.5	-1.35129e-05
553	-1.35018e-05
553.5	-1.06767e-05
554	-9.32955e-06
554.5	-8.14277e-06
555	-6.52102e-06
555.5	-5.39465e-06
556	-4.6732e-06
556.5	-4.57391e-06
557	-4.80075e-06
557.5	-4.87084e-06
558	-4.82402e-06
558.5	-4.92127e-06
559	-5.17522e-06
559.5	-5.55532e-06
560	-5.96272e-06
560.5	-6.59867e-06
561	-7.36318e-06
561.5	-8.01689e-06
562	-8.6086e-06
562.5	-9.40001e-06
563	-1.02805e-05
563.5	-1.11542e-05
564	-1.21803e-05
564.5	-1.36717e-05
565	-1.62705e-05
565.5	-2.98834e-05
566	-0.000277019
566.5	0.000256987
567	2.63975e-05
567.5	-0.000124128
568	-8.652e-05
568.5	-3.20232e-05
569	-2.41563e-05
569.5	-1.88379e-05
570	-1.59754e-05
570.5	-1.46404e-05
571	-1.39573e-05
571.5	-1.35701e-05
572	-1.31747e-05
572.5	-1.26225e-05
573	-1.19426e-05
573.5	-1.13927e-05
574	-1.13099e-05
574.5	-1.16487e-05
575	-1.20859e-05
575.5	-1.22753e-05
576	-1.25928e-05
576.5	-1.3305e-05
577	-1.39427e-05
577.5	-1.43828e-05
578	-1.46359e-05
578.5	-1.48051e-05
579	-1.4718e-05
579.5	-1.46028e-05
580	-1.46806e-05
580.5	-1.48742e-05
581	-1.50794e-05
581.5	-1.62158e-05
582	-2.0223e-05
582.5	-0.000118692
583	5.20867e-05
583.5	0.000396518
584	-1.27174e-05
584.5	-0.000169269
585	-3.56544e-05
585.5	-2.14153e-05
586	-1.59009e-05
586.5	-1.25072e-05
587	-1.02883e-05
587.5	-8.75305e-06
588	-7.729e-06
588.5	-6.97338e-06
589	-6.36442e-06
589.5	-6.053e-06
590	-5.80867e-06
590.5	-5.53184e-06
591	-5.72426e-06
591.5	-6.061e-06
592	-6.48826e-06
592.5	-6.66204e-06
593	-6.74838e-06
593.5	-6.8422e-06
594	-6.82691e-06
594.5	-6.84052e-06
595	-7.16809e-06
595.5	-7.53709e-06
596	-7.32242e-06
596.5	-6.441e-06
597	-6.53776e-06
597.5	-7.24655e-06
598	-6.322e-06
598.5	-6.40572e-06
599	-6.38951e-06
599.5	-5.9985e-06
600	-6.00643e-06
600.5	-5.86689e-06
601	-5.60489e-06
601.5	-4.91647e-06
602	-3.98167e-06
602.5	-3.5136e-06
603	-2.21406e-06
603.5	-4.43711e-07
604	-6.68844e-07
604.5	-8.94973e-07
605	-1.25213e-06
605.5	-1.57314e-06
606	-2.32894e-06
606.5	-2.9612e-06
607	-4.14448e-06
607.5	-5.2927e-06
608	-6.61287e-06
608.5	-7.82304e-06
609	-8.51663e-06
609.5	-8.43596e-06
610	-8.31333e-06
610.5	-8.32019e-06
611	-8.75743e-06
611.5	-7.50985e-06
612	-6.13818e-06
612.5	-6.35909e-06
613	-8.92647e-06
613.5	-1.02285e-05
614	-9.61389e-06
614.5	-1.11735e-05
615	-1.121e-05
615.5	-9.7803e-06
616	-7.98681e-06
616.5	-6.80779e-06
617	-6.02381e-06
617.5	-6.00448e-06
618	-6.50037e-06
618.5	-6.03577e-06
619	-6.34479e-06
619.5	-6.87819e-06
620	-7.35279e-06
620.5	-7.76091e-06
621	-8.32246e-06
621.5	-9.30088e-06
622	-1.15884e-05
622.5	-2.46839e-05
623	-0.000292954
623.5	0.000241283
624	-5.11731e-06
624.5	-0.000106622
625	-4.91893e-05
625.5	-1.55625e-05
626	-1.48885e-05
626.5	-1.41684e-05
627	-1.31667e-05
627.5	-1.2163e-05
628	-1.23871e-05
628.5	-1.15499e-05
629	-1.02832e-05
629.5	-9.31965e-06
630	-8.66878e-06
630.5	-8.20348e-06
631	-7.92334e-06
631.5	-7.86812e-06
632	-7.84694e-06
632.5	-7.81801e-06
633	-7.77456e-06
633.5	-7.69185e-06
634	-7.42272e-06
634.5	-7.05783e-06
635	-6.81602e-06
635.5	-6.71571e-06
636	-6.62251e-06
636.5	-6.5516e-06
637	-6.67438e-06
637.5	-6.55573e-06
638	-7.03144e-06
638.5	-7.93495e-06
639	-9.2918e-06
639.5	-1.20045e-05
640	-2.25068e-05
640.5	-0.000282687
641	0.000256837
641.5	4.86821e-05
642	-7.69711e-05
642.5	-6.68093e-05
643	-2.02543e-05
643.5	-1.52456e-05
644	-1.43143e-05
644.5	-1.10476e-05
645	-8.45791e-06
645.5	-7.42105e-06
646	-6.92511e-06
646.5	-6.58787e-06
647	-6.14316e-06
647.5	-5.70753e-06
648	-5.43399e-06
648.5	-5.25547e-06
649	-5.20439e-06
649.5	-5.22488e-06
650	-5.23142e-06
650.5	-5.29706e-06
651	-5.50405e-06
651.5	-5.71723e-06
652	-6.07352e-06
652.5	-6.87491e-06
653	-7.74617e-06
653.5	-1.10555e-05
654	-2.51531e-05
654.5	-0.000306786
655	0.000305243
655.5	5.43546e-05
656	-8.42621e-05
656.5	-5.93564e-05
657	-1.99188e-05
657.5	-1.64614e-05
658	-1.30667e-05
658.5	-1.03859e-05
659	-9.0497e-06
659.5	-8.50994e-06
660	-8.22741e-06
660.5	-7.91223e-06
661	-7.33534e-06
661.5	-6.73361e-06
662	-6.48865e-06
662.5	-6.68833e-06
663	-6.82893e-06
663.5	-6.82519e-06
664	-6.82398e-06
664.5	-6.68484e-06
665	-6.58784e-06
665.5	-6.23911e-06
666	-5.76829e-06
666.5	-6.06923e-06
667	-6.72787e-06
667.5	-6.77538e-06
668	-7.26186e-06
668.5	-7.71945e-06
669	-7.52617e-06
669.5	-7.7813e-06
670	-8.35513e-06
670.5	-7.70714e-06
671	-8.16491e-06
671.5	-9.24998e-06
672	-1.06816e-05
672.5	-1.23728e-05
673	-1.48264e-05
673.5	-2.04542e-05
674	-0.000120836
674.5	0.000342629
675	0.000301268
675.5	-6.10961e-05
676	-0.000147985
676.5	-2.39268e-05
677	-1.80982e-05
677.5	-1.78791e-05
678	-1.72615e-05
678.5	-1.66697e-05
679	-1.60438e-05
679.5	-1.53296e-05
680	-1.52576e-05
680.5	-1.47154e-05
681	-1.46321e-05
681.5	-1.43024e-05
682	-1.38507e-05
682.5	-1.35367e-05
683	-1.31676e-05
683.5	-1.27637e-05
684	-1.25881e-05
684.5	-1.2672e-05
685	-1.32604e-05
685.5	-1.40848e-05
686	-1.47595e-05
686.5	-1.51434e-05
687	-1.66657e-05
687.5	-2.0941e-05
688	-0.000120603
688.5	-0.000238677
689	0.000513284
689.5	-1.70462e-05
690	-0.000171523
690.5	-3.69523e-05
691	-2.03731e-05
691.5	-1.80386e-05
692	-1.69359e-05
692.5	-1.63022e-05
693	-1.55393e-05
693.5	-1.49157e-05
694	-1.36451e-05
694.5	-1.21361e-05
695	-1.01142e-05
695.5	-8.04338e-06
696	-6.5427e-06
696.5	-5.41581e-06
697	-5.14965e-06
697.5	-5.17622e-06
698	-4.7686e-06
698.5	-4.81067e-06
699	-5.50443e-06
699.5	-6.46937e-06
700	-7.45606e-06
700.5	-7.99908e-06
701	-8.81319e-06
701.5	-1.05829e-05
702	-1.25021e-05
702.5	-1.54106e-05
703	-2.81977e-05
703.5	-0.000252001
704	0.000269756
704.5	2.90656e-05
705	-0.000130875
705.5	-8.73608e-05
706	-1.78938e-05
706.5	-1.51397e-05
707	-1.50187e-05
707.5	-1.5144e-05
708	-1.65433e-05
708.5	-1.65846e-05
709	-1.75114e-05
709.5	-1.62935e-05
710	-1.3692e-05
710.5	-1.13962e-05
711	-1.02206e-05
711.5	-1.03201e-05
712	-1.08446e-05
712.5	-1.21591e-05
713	-1.30631e-05
713.5	-1.30704e-05
714	-1.20235e-05
714.5	-1.11612e-05
715	-1.03658e-05
715.5	-1.25558e-05
716	-1.24137e-05
716.5	-1.15177e-05
717	-1.25957e-05
717.5	-1.31745e-05
718	-1.32878e-05
718.5	-1.28195e-05
719	-1.1338e-05
719.5	-1.02351e-05
720	-1.02285e-05
720.5	-1.02842e-05
721	-9.64083e-06
721.5	-9.00282e-06
722	-8.77425e-06
722.5	-8.61098e-06
723	-8.51836e-06
723.5	-8.44079e-06
724	-8.45793e-06
724.5	-8.45449e-06
725	-8.8406e-06
725.5	-9.32857e-06
726	-1.00573e-05
726.5	-1.14284e-05
727	-1.45047e-05
727.5	-3.78332e-05
728	-0.000415668
728.5	0.000474222
729	-2.37347e-06
729.5	-0.000124346
730	-3.23631e-05
730.5	-1.28563e-05
731	-1.23141e-05
731.5	-1.26155e-05
732	-1.36211e-05
732.5	-1.5867e-05
733	-1.73069e-05
733.5	-1.70852e-05
734	-1.53834e-05
734.5	-1.32626e-05
735	-1.1726e-05
735.5	-1.09851e-05
736	-1.08835e-05
736.5	-1.10219e-05
737	-1.13843e-05
737.5	-1.16811e-05
738	-1.20899e-05
738.5	-1.26151e-05
739	-1.33827e-05
739.5	-1.47031e-05
740	-1.7774e-05
740.5	-4.58737e-05
741	-0.000374212
741.5	0.000337665
742	1.33123e-05
742.5	-0.000115836
743	-5.25393e-05
743.5	-1.67532e-05
744	-1.43558e-05
744.5	-1.36092e-05
745	-1.32612e-05
745.5	-1.2587e-05
746	-1.21013e-05
746.5	-1.15848e-05
747	-1.1097e-05
747.5	-1.00079e-05
748	-8.95945e-06
748.5	-7.95968e-06
749	-7.29691e-06
749.5	-7.00798e-06
750	-7.61496e-06
750.5	-8.29025e-06
751	-8.75297e-06
751.5	-9.02648e-06
752	-9.10756e-06
752.5	-9.16049e-06
753	-9.12897e-06
753.5	-9.09791e-06
754	-8.90662e-06
754.5	-8.62523e-06
755	-8.29673e-06
755.5	-8.13957e-06
756	-7.91816e-06
756.5	-7.68884e-06
757	-7.56577e-06
757.5	-7.63471e-06
758	-8.08053e-06
758.5	-8.81527e-06
759	-1.00377e-05
759.5	-1.26495e-05
760	-3.45171e-05
760.5	-0.000376821
761	0.000431735
761.5	-5.48857e-06
762	-0.000137801
762.5	-4.30335e-05
763	-1.93323e-05
763.5	-1.3953e-05
764	-1.1713e-05
764.5	-1.02854e-05
765	-1.06139e-05
765.5	-1.07579e-05
766	-1.07055e-05
766.5	-1.0749e-05
767	-1.09341e-05
767.5	-1.11044e-05
768	-1.11388e-05
768.5	-1.09374e-05
769	-1.06295e-05
769.5	-1.04599e-05
770	-1.03474e-05
770.5	-1.01295e-05
771	-9.89559e-06
771.5	-9.5976e-06
772	-9.41982e-06
772.5	-9.2383e-06
773	-9.03559e-06
773.5	-8.89305e-06
774	-8.62008e-06
774.5	-8.08232e-06
775	-7.47668e-06
775.5	-6.92799e-06
776	-5.27917e-06
776.5	-5.24799e-06
777	-5.9534e-06
777.5	-4.83483e-06
778	-4.57707e-06
778.5	-4.75012e-06
779	-6.15137e-06
779.5	-7.07063e-06
780	-6.7412e-06
780.5	-6.23642e-06
781	-5.94929e-06
781.5	-5.81514e-06
782	-5.66172e-06
782.5	-5.65688e-06
783	-5.81753e-06
783.5	-6.34914e-06
784	-7.0274e-06
784.5	-8.07074e-06
785	-9.44112e-06
785.5	-1.12358e-05
786	-1.39523e-05
786.5	-1.95281e-05
787	-0.000119069
787.5	0.000260002
788	0.000319782
788.5	-5.46707e-05
789	-0.000152427
789.5	-2.51602e-05
790	-1.82165e-05
790.5	-1.77206e-05
791	-1.70092e-05
791.5	-1.64598e-05
792	-1.63745e-05
792.5	-1.48953e-05
793	-1.39106e-05
793.5	-1.28711e-05
794	-1.19235e-05
794.5	-1.13904e-05
795	-1.13508e-05
795.5	-1.13189e-05
796	-1.12666e-05
796.5	-1.09208e-05
797	-1.04447e-05
797.5	-1.0042e-05
798	-9.58508e-06
798.5	-9.26401e-06
799	-9.0009e-06
799.5	-8.79259e-06
800	-8.61061e-06
800.5	-8.33664e-06
801	-7.50725e-06
801.5	-7.46981e-06
802	-7.46703e-06
802.5	-7.55191e-06
803	-7.54041e-06
803.5	-7.64483e-06
804	-7.93343e-06
804.5	-7.97653e-06
805	-7.63348e-06
805.5	-7.45276e-06
806	-6.79411e-06
806.5	-6.3567e-06
807	-5.85792e-06
807.5	-7.03991e-06
808	-8.34013e-06
808.5	-9.02208e-06
809	-8.31181e-06
809.5	-7.78245e-06
810	-7.37257e-06
810.5	-7.25726e-06
811	-7.58122e-06
811.5	-8.28457e-06
812	-8.98333e-06
812.5	-9.52469e-06
813	-1.01878e-05
813.5	-1.08177e-05
814	-1.16575e-05
814.5	-1.25138e-05
815	-1.3845e-05
815.5	-1.74349e-05
816	-0.000118407
816.5	-0.000307882
817	0.00050876
817.5	-3.07527e-05
818	-0.000162458
818.5	-2.90109e-05
819	-1.35061e-05
819.5	-1.2478e-05
820	-1.22887e-05
820.5	-1.13523e-05
821	-1.11008e-05
821.5	-1.07612e-05
822	-9.27286e-06
822.5	-8.17419e-06
823	-7.80325e-06
823.5	-7.70911e-06
824	-7.89802e-06
824.5	-8.21552e-06
825	-8.31872e-06
825.5	-8.16877e-06
826	-8.13167e-06
826.5	-8.11775e-06
827	-8.03567e-06
827.5	-7.80336e-06
828	-6.43443e-06
828.5	-4.8202e-06
829	-4.26531e-06
829.5	-4.00443e-06
830	-3.52256e-06
830.5	-3.47823e-06
831	-3.37988e-06
831.5	-3.65048e-06
832	-3.98024e-06
832.5	-4.16235e-06
833	-3.14945e-06
833.5	-4.2328e-06
834	-5.85905e-06
834.5	-7.45204e-06
835	-1.70289e-05
835.5	-0.000186286
836	0.000217107
836.5	0.000121401
837	-9.80938e-05
837.5	-0.000120756
838	-4.05072e-05
838.5	-3.05067e-05
839	-2.50368e-05
839.5	-2.21628e-05
840	-1.83422e-05
840.5	-1.37996e-05
841	-1.10571e-05
841.5	-9.15873e-06
842	-7.22386e-06
842.5	-6.31139e-06
843	-4.13381e-06
843.5	-3.22153e-06
844	-3.04654e-06
844.5	-2.81895e-06
845	-2.76613e-06
845.5	-2.8533e-06
846	-3.04023e-06
846.5	-3.26228e-06
847	-3.4549e-06
847.5	-3.78759e-06
848	-4.27965e-06
848.5	-4.79679e-06
849	-5.21596e-06
849.5	-5.65347e-06
850	-6.39547e-06
850.5	-7.88848e-06
851	-1.06763e-05
851.5	-2.08397e-05
852	-0.0003073
852.5	0.000285741
853	6.32288e-05
853.5	-7.98939e-05
854	-5.61896e-05
854.5	-1.49467e-05
855	-1.36965e-05
855.5	-1.73201e-05
856	-1.66603e-05
856.5	-1.33594e-05
857	-1.08198e-05
857.5	-9.5789e-06
858	-7.84626e-06
858.5	-6.7008e-06
859	-6.05382e-06
859.5	-5.59057e-06
860	-5.3128e-06
860.5	-5.12482e-06
861	-4.81914e-06
861.5	-4.44443e-06
862	-4.06667e-06
862.5	-3.77914e-06
863	-3.57367e-06
863.5	-3.4658e-06
864	-3.50303e-06
864.5	-3.62115e-06
865	-3.68793e-06
865.5	-3.75938e-06
866	-3.98362e-06
866.5	-4.28185e-06
867	-4.52402e-06
867.5	-4.58168e-06
868	-4.58944e-06
868.5	-4.70327e-06
869	-5.07418e-06
869.5	-5.49563e-06
870	-5.85431e-06
870.5	-6.21289e-06
871	-6.77746e-06
871.5	-7.4077e-06
872	-8.74589e-06
872.5	-1.0447e-05
873	-0.000149375
873.5	0.000519543
874	0.000256362
874.5	-7.61864e-05
875	-0.000141378
875.5	-2.48343e-05
876	-1.53983e-05
876.5	-1.25881e-05
877	-1.18734e-05
877.5	-1.20059e-05
878	-1.23691e-05
878.5	-1.27519e-05
879	-1.29613e-05
879.5	-1.32327e-05
880	-1.33696e-05
880.5	-1.35789e-05
881	-1.36516e-05
881.5	-1.36091e-05
882	-1.34522e-05
882.5	-1.33664e-05
883	-1.34193e-05
883.5	-1.35487e-05
884	-1.39337e-05
884.5	-1.47517e-05
885	-1.73472e-05
885.5	-5.35202e-05
886	-0.000416631
886.5	0.000476165
887	-1.80216e-05
887.5	-0.000138136
888	-4.05896e-05
888.5	-2.16702e-05
889	-1.81479e-05
889.5	-1.51079e-05
890	-1.28636e-05
890.5	-1.16874e-05
891	-1.1347e-05
891.5	-1.13084e-05
892	-1.11827e-05
892.5	-1.08896e-05
893	-1.05423e-05
893.5	-1.01434e-05
894	-9.7087e-06
894.5	-9.26766e-06
895	-8.97595e-06
895.5	-8.8567e-06
896	-8.7338e-06
896.5	-8.80173e-06
897	-9.00351e-06
897.5	-9.19358e-06
898	-9.26448e-06
898.5	-9.1731e-06
899	-9.06017e-06
899.5	-8.92345e-06
900	-9.11227e-06
900.5	-8.11932e-06
901	-7.27025e-06
901.5	-7.28133e-06
902	-8.00462e-06
902.5	-7.95701e-06
903	-7.58224e-06
903.5	-7.19966e-06
904	-7.78648e-06
904.5	-9.53023e-06
905	-1.22431e-05
905.5	-1.73423e-05
906	-0.000120212
906.5	-0.00032549
907	0.000569996
907.5	-1.84172e-05
908	-0.000167803
908.5	-3.75113e-05
909	-1.96892e-05
909.5	-1.8117e-05
910	-1.75459e-05
910.5	-1.69444e-05
911	-1.62941e-05
911.5	-1.56831e-05
912	-1.53286e-05
912.5	-1.48827e-05
913	-1.4252e-05
913.5	-1.34152e-05
914	-1.27586e-05
914.5	-1.23369e-05
915	-1.22064e-05
915.5	-1.2282e-05
916	-1.17289e-05
916.5	-1.14379e-05
917	-1.12025e-05
917.5	-1.06222e-05
918	-1.02769e-05
918.5	-1.05568e-05
919	-1.07214e-05
919.5	-1.06338e-05
920	-1.03115e-05
920.5	-9.86728e-06
921	-9.30298e-06
921.5	-8.9485e-06
922	-8.50821e-06
922.5	-8.17261e-06
923	-7.8587e-06
923.5	-7.62963e-06
924	-7.35087e-06
924.5	-7.24872e-06
925	-7.29804e-06
925.5	-7.50755e-06
926	-8.13812e-06
926.5	-9.72834e-06
927	-1.40947e-05
927.5	-0.000115138
928	0.000455604
928.5	0.000295366
929	-6.77391e-05
929.5	-0.000154189
930	-2.54153e-05
930.5	-1.57204e-05
931	-1.25832e-05
931.5	-9.80386e-06
932	-8.13692e-06
932.5	-7.9986e-06
933	-8.13724e-06
933.5	-8.57449e-06
934	-8.72407e-06
934.5	-8.76339e-06
935	-8.83648e-06
935.5	-8.96755e-06
936	-9.04113e-06
936.5	-9.22512e-06
937	-9.51955e-06
937.5	-9.78764e-06
938	-9.97359e-06
938.5	-1.01737e-05
939	-1.0307e-05
939.5	-1.03179e-05
940	-1.02455e-05
940.5	-1.04015e-05
941	-1.06786e-05
941.5	-1.0491e-05
942	-1.06898e-05
942.5	-9.41263e-06
943	-9.9967e-06
943.5	-1.07034e-05
944	-1.09398e-05
944.5	-1.07329e-05
945	-9.85558e-06
945.5	-1.07867e-05
946	-1.11946e-05
946.5	-1.05146e-05
947	-9.71824e-06
947.5	-9.23674e-06
948	-8.84043e-06
948.5	-8.4278e-06
949	-8.10887e-06
949.5	-8.19174e-06
950	-8.59688e-06
950.5	-9.41067e-06
951	-1.03835e-05
951.5	-1.12091e-05
952	-1.2279e-05
952.5	-1.3464e-05
953	-1.48875e-05
953.5	-1.66766e-05
954	-2.14624e-05
954.5	-0.000103821
955	-0.000420736
955.5	0.00056824
956	3.35667e-05
956.5	-0.000144343
957	-3.75223e-05
957.5	-2.36737e-05
958	-1.98337e-05
958.5	-1.60472e-05
959	-1.29747e-05
959.5	-1.0664e-05
960	-9.69713e-06
960.5	-9.31018e-06
961	-9.15276e-06
961.5	-9.07057e-06
962	-8.87248e-06
962.5	-8.78051e-06
963	-8.83985e-06
963.5	-8.93891e-06
964	-8.89252e-06
964.5	-8.87351e-06
965	-8.84397e-06
965.5	-8.83865e-06
966	-8.89638e-06
966.5	-8.85001e-06
967	-8.50214e-06
967.5	-7.79991e-06
968	-8.079e-06
968.5	-8.56637e-06
969	-9.1657e-06
969.5	-9.24495e-06
970	-8.83791e-06
970.5	-1.01344e-05
971	-9.97489e-06
971.5	-1.23046e-05
972	-2.03498e-05
972.5	-0.000174607
973	0.000652045
973.5	0.000332486
974	-8.04331e-05
974.5	-0.000164458
975	-3.32638e-05
975.5	-2.20106e-05
976	-1.88494e-05
976.5	-1.80454e-05
977	-1.61963e-05
977.5	-1.42186e-05
978	-1.35109e-05
978.5	-1.53156e-05
979	-1.54882e-05
979.5	-1.51348e-05
980	-1.27185e-05
980.5	-1.23373e-05
981	-1.1774e-05
981.5	-9.46178e-06
982	-7.93514e-06
982.5	-6.9845e-06
983	-6.1131e-06
983.5	-5.25967e-06
984	-5.37009e-06
984.5	-6.06254e-06
985	-6.92419e-06
985.5	-7.17212e-06
986	-7.28515e-06
986.5	-7.36186e-06
987	-7.31443e-06
987.5	-7.74283e-06
988	-8.21979e-06
988.5	-8.42561e-06
989	-8.57169e-06
989.5	-8.85846e-06
990	-8.88337e-06
990.5	-9.48295e-06
991	-1.0668e-05
991.5	-1.16981e-05
992	-1.38625e-05
992.5	-2.07063e-05
993	-0.000139404
993.5	0.000313103
994	0.000182433
994.5	-3.84318e-05
995	-0.00011164
995.5	-2.41109e-05
996	-2.24843e-05
996.5	-1.95026e-05
997	-1.6683e-05
997.5	-1.47769e-05
998	-1.42938e-05
998.5	-1.3199e-05
999	-1.22859e-05
999.5	-1.15861e-05
1000	-1.11547e-05
