0.513 429735
0.748 620497
1.305 425783
1.585 605045
1.698 446008
2.109 439126
2.341 362781
2.821 374993
3.268 398776
3.380 410971
3.550 343336
3.556 347657
3.644 367635
4.334 433984
4.478 454414
4.815 546669
4.848 343263
5.376 524898
5.380 500200
5.571 475159
6.284 375615
6.328 343263
6.399 449338
6.638 406246
6.676 405559
7.039 426172
7.129 436128
7.471 339873
7.915 381965
8.189 402131
9.303 489316
10.275 4507
10.400 4689
10.450 449716
10.800 4611
10.869 399270
10.950 4535
11.021 416123
11.275 334306
11.314 340893
11.350 16996
11.350 4663
11.425 4718
11.725 4509
11.726 460328
11.999 417658
12.046 436264
12.325 4613
12.420 474214
12.500 4637
12.675 17038
12.875 338444
12.927 439971
12.958 415152
12.975 432836
13.050 334304
13.050 4716
13.057 397173
13.175 334187
13.275 403717
13.482 516643
13.775 4223
13.800 334124
13.800 4609
13.850 334096
14.050 334247
14.055 511316
14.075 333976
14.106 344402
14.135 376710
14.175 334243
14.290 368937
14.304 463131
14.400 334188
14.500 334336
14.550 334517
14.600 99412
14.965 436985
15.100 333949
15.178 460949
15.325 98322
15.400 333889
15.450 334063
15.568 359245
15.726 626063
15.741 439016
15.953 474792
16.100 16878
16.141 478107
16.450 16923
17.095 406653
17.274 433672
17.375 16765
17.849 373097
17.875 108679
17.950 16809
18.017 414656
18.575 16996
18.894 356181
18.950 17038
19.277 489127
19.431 406016
20.646 427964
20.825 102874
20.900 109270
21.025 92574
21.050 16889
21.159 392123
21.275 16688
21.313 692119
21.333 383730
21.431 353305
21.775 101178
21.925 16968
22.125 112077
22.125 97753
22.230 353800
22.577 440131
22.675 16765
22.688 342991
22.700 16923
22.997 388975
23.025 86268
23.048 465269
23.425 87392
23.455 379930
23.769 654166
23.925 437926
24.125 98296
24.150 110386
24.489 509487
24.575 16809
24.675 90243
24.681 427760
25.016 399698
25.050 92010
25.156 384220
25.175 83984
25.243 420571
25.350 334065
25.507 433514
25.575 16878
25.648 459800
25.650 100611
25.650 101723
25.675 90294
25.725 91439
25.746 423016
25.850 90810
25.925 91411
26.013 339771
26.102 389926
26.150 4223
26.150 96628
26.200 100027
26.250 4535
26.300 103911
26.300 20037
26.375 111470
26.375 2062
26.375 92535
26.400 97206
26.400 98337
26.425 109124
26.425 88532
26.450 20021
26.450 2015
26.450 90843
26.525 107488
26.525 20004
26.525 20036
26.550 338444
26.575 1909
26.575 19984
26.575 4611
26.625 96631
26.650 1945
26.650 94296
26.677 476117
26.697 447632
26.700 20053
26.725 91429
26.750 20100
26.750 2039
26.775 110397
26.775 1975
26.800 104078
26.825 1972
26.825 1994
26.900 1997
26.925 20005
26.925 85007
26.950 106981
26.975 4718
27.000 112115
27.000 2063
27.000 92528
27.125 4507
27.175 103483
27.200 2040
27.224 399406
27.225 89147
27.250 2059
27.250 4716
25.000 360
27.275 91435
27.350 92523
27.400 2016
27.625 104039
27.625 130541
27.625 4613
27.625 87873
27.635 478107
27.650 102319
27.650 112691
27.675 1883
27.800 4663
27.950 110971
27.950 2085
27.975 101737
27.975 87411
28.000 334185
28.000 84538
28.025 97148
28.025 98322
28.075 106396
28.075 106963
28.075 92499
28.075 96565
28.094 416060
28.150 88516
28.275 100633
28.375 104091
28.450 84536
28.472 458206
28.475 104658
28.475 89678
28.500 101166
28.525 4509
28.550 4637
28.575 1931
28.600 100632
28.600 74674
28.625 17038
28.650 106330
28.696 516996
28.725 103441
28.750 110376
28.750 79212
28.819 598212
28.825 87976
28.900 97711
28.925 333735
28.950 103467
29.000 86805
29.005 528875
29.025 105215
29.075 109270
29.100 102374
29.100 90248
29.200 96576
29.200 97145
29.275 94315
29.325 16765
29.350 109235
29.375 4609
29.375 98922
29.400 93688
29.425 98843
29.475 98336
29.483 416641
29.500 108072
29.525 102292
29.550 94864
29.575 104088
29.625 99441
29.650 100649
29.650 106922
29.750 103504
29.775 89701
29.800 109254
29.800 75319
29.800 88518
29.825 91970
29.850 109232
29.850 90827
29.900 109828
29.900 98315
29.975 90854
30.000 100631
30.100 99412
30.108 343925
30.125 101150
30.150 105633
30.150 95457
30.150 98332
30.175 89661
30.200 101208
30.200 334097
30.250 129951
30.250 86159
30.250 89118
30.250 93701
30.275 74715
30.275 86656
30.275 89715
30.275 93712
30.300 93713
30.325 16889
30.325 334036
30.325 334096
30.350 127075
30.350 334339
30.378 416000
30.400 102923
30.425 90238
30.475 113284
30.475 96544
30.500 333945
30.525 333769
30.525 334336
30.550 334068
30.550 334129
30.575 334395
30.586 343412
30.600 334095
30.600 334187
30.600 334243
30.625 334368
30.625 92543
30.700 104083
30.700 111959
30.700 96584
30.725 101764
30.725 333887
30.750 97131
30.775 333949
30.775 334063
30.800 333976
30.800 334517
30.825 105747
30.825 334037
30.825 88575
30.875 85041
30.900 101178
30.900 109796
30.900 333940
30.925 108074
30.925 2015
30.925 334304
30.950 108679
30.975 112122
30.975 334069
30.975 96054
30.975 98275
31.000 112077
31.000 90263
31.025 334213
31.025 89130
31.075 114446
31.125 2039
31.125 333889
31.125 334005
31.175 1909
31.200 334158
31.250 334245
31.275 104611
31.275 2062
31.300 84546
31.300 86823
31.300 98260
31.400 112715
31.400 1945
31.400 1975
31.400 334247
31.425 112130
31.425 113307
31.425 118958
31.450 102874
31.450 94882
31.475 1997
31.500 334306
31.500 94312
31.525 126354
31.525 1994
31.552 413845
31.575 89131
31.575 91977
31.625 1972
31.625 2063
31.650 2040
31.700 89087
31.750 334124
31.750 334188
31.775 91377
31.850 114455
31.850 91973
31.900 2059
31.944 442447
31.950 334366
31.950 91964
31.961 346750
32.025 1883
32.100 122998
32.204 457804
32.300 2016
32.663 353833
33.200 2085
33.250 97753
33.416 342336
33.753 391684
33.932 374226
34.012 368943
34.134 387417
34.190 460883
34.384 348116
34.785 414694
34.813 362670
34.879 340408
34.975 334065
34.975 334219
35.072 368422
35.202 392019
35.222 647224
35.510 537029
35.625 334036
35.650 334243
35.750 333735
35.830 390352
35.870 436407
35.875 334339
35.925 333769
35.925 334336
36.037 366914
36.170 365948
36.250 334063
36.458 473139
36.525 334306
36.550 334368
36.775 334096
36.800 334395
37.025 333940
37.218 538913
37.502 425098
37.865 385920
38.743 463390
39.152 625928
39.504 433418
39.850 16968
40.464 365540
40.571 430760
40.730 574013
41.083 355201
42.152 460399
42.363 462502
42.624 397356
42.719 451583
42.774 637954
42.816 382049
42.943 440862
43.234 347782
43.507 604907
44.178 384313
44.855 450579
45.080 487505
45.601 519979
45.620 412902
45.812 408530
46.321 637858
46.550 4663
46.575 4507
46.951 639156
46.975 16996
47.150 4689
47.450 4535
47.525 4611
47.552 363025
47.600 4613
47.675 4609
47.850 4509
47.863 376178
47.875 338444
48.246 478107
48.324 464226
48.625 2085
48.859 392821
48.998 603491
49.013 464155
49.025 4718
49.479 529156
49.796 345817
50.354 346884
50.512 383984
50.811 485382
50.975 16968
51.649 467849
51.892 538546
52.068 522813
52.497 344454
52.618 390381
52.629 475116
53.300 16878
53.319 352068
53.363 467022
54.455 462698
54.472 354003
54.875 389441
55.058 434075
55.519 343263
55.576 347628
55.646 344454
45.275 360
55.830 429002
56.244 519302
57.038 453280
58.519 374116
58.675 17038
59.543 437926
59.568 402642
59.886 446181
60.050 16996
60.175 4507
60.675 4223
60.848 375931
60.954 341946
61.013 422525
61.025 4637
61.263 400516
61.383 446941
61.505 418598
61.775 334124
61.843 413504
61.969 367354
62.050 4663
62.122 531822
62.350 4689
62.447 503229
62.596 368445
62.725 4716
62.820 464925
62.825 333945
63.019 439971
63.143 364297
63.202 462350
63.575 334005
63.625 334245
63.625 4609
63.625 4718
63.825 338444
64.000 333976
64.126 430631
64.289 363824
64.642 538583
64.650 4611
64.700 16878
64.862 463836
65.425 16688
65.925 334129
66.107 422690
66.345 388411
67.498 348178
68.790 501088
69.126 444753
69.412 356307
69.726 491891
70.525 16809
70.852 400772
71.700 16996
71.712 390341
71.759 466560
71.967 453600
74.025 16889
74.025 496806
74.310 340402
74.589 346693
74.675 4613
74.777 436226
75.245 346104
75.275 4535
75.350 578370
75.525 4509
75.544 646722
75.933 459473
76.061 354924
76.572 342499
76.658 386528
76.850 4507
77.241 439895
77.257 476282
77.327 414117
77.449 590313
77.516 524520
77.525 4716
77.540 376839
78.000 4689
78.025 4223
78.025 4609
78.225 333945
78.324 558950
78.450 4718
78.600 334065
78.710 373100
78.725 9445
78.782 390392
79.025 333940
79.169 575248
79.376 446008
79.463 414192
79.494 418675
79.621 626711
79.638 423322
79.798 414728
79.825 334366
80.500 401028
60.825 360
80.741 381927
80.800 4611
80.835 464226
81.248 553921
81.275 333889
81.470 343836
81.773 620740
81.839 383747
83.046 439980
83.515 438471
83.558 361377
83.698 392403
85.438 357615
85.554 413943
85.930 395678
87.003 357845
87.356 404397
87.752 452053
88.219 351182
88.732 459879
89.016 593317
89.789 371894
90.132 365334
90.775 4611
90.795 600811
91.075 4613
91.300 462202
91.396 355675
91.550 4716
91.581 647224
92.131 516459
92.281 403060
92.407 470516
92.417 356441
92.625 4223
92.720 424690
92.875 4535
92.901 341029
93.000 334247
93.025 4507
93.134 339873
93.150 4689
93.300 355506
93.525 333940
93.525 338444
93.600 334368
93.711 643936
93.747 403126
93.825 4718
94.000 4609
94.273 418467
94.400 4637
94.406 397137
94.844 680191
94.950 4509
95.133 406874
95.400 4663
95.546 448084
95.730 531600
95.731 382572
96.194 391372
96.343 575820
96.384 407136
96.537 460210
96.567 375190
96.677 343268
97.000 17038
97.224 533800
97.625 9305
97.748 430916
98.143 343836
98.659 348801
98.892 375956
99.318 344241
99.803 345579
99.857 514139
100.288 391943
100.785 391747
100.963 373369
101.101 470995
101.215 645374
101.897 425254
102.214 381425
102.352 374491
102.409 391277
102.468 350500
102.565 431549
103.658 444703
103.774 425218
104.124 648152
104.464 594143
104.475 103504
104.708 571871
104.772 446457
105.410 353800
105.475 362916
105.553 458171
106.250 4535
106.850 4509
107.125 4689
107.150 4609
107.200 4613
83.100 360
107.075 360
107.265 358683
107.473 359946
107.875 4716
107.952 394114
108.050 334187
108.150 4663
108.450 4718
108.475 334368
108.574 394922
108.675 334308
108.900 90294
109.025 4223
109.124 391684
109.375 4611
109.412 376525
109.454 389312
109.508 469006
109.550 89087
109.672 380776
109.968 643140
110.022 413589
110.050 4637
110.200 4507
110.225 334124
110.393 345891
110.475 112122
110.484 413862
110.575 100027
110.750 91411
111.250 92543
111.334 481221
111.696 375520
111.800 96054
111.953 453249
111.997 367822
112.129 447817
112.645 364626
112.864 369157
113.032 442990
113.229 344485
113.758 567826
113.800 98260
113.975 112115
114.175 581924
114.325 130541
114.425 74674
114.644 424271
115.068 348116
115.100 112130
115.500 2040
115.700 2039
116.188 491322
116.200 102374
116.250 92528
116.375 401887
116.671 431025
117.200 105215
117.375 105633
117.475 98332
117.495 371060
118.435 417325
118.474 471756
118.625 97206
118.631 448214
118.700 105747
118.800 107488
119.075 1945
119.075 86805
119.125 87411
119.225 96631
119.400 100027
119.475 2062
119.475 96054
119.525 2059
119.600 106922
119.625 90243
119.675 90238
119.700 101208
119.775 1883
119.775 19984
119.800 111959
119.800 20005
119.850 109124
119.850 342000
119.875 89678
119.900 102874
119.900 104083
119.925 20036
119.944 503171
119.950 104088
119.950 1975
119.950 90248
119.975 20053
120.050 103441
120.050 90810
120.075 109828
120.100 20037
120.125 1994
120.125 20004
120.125 20100
120.150 91970
120.200 111470
120.200 20021
120.200 2085
120.200 87392
120.200 87873
120.200 96576
120.200 96584
120.225 101166
120.225 89661
120.239 371550
120.250 97145
120.300 1909
120.300 1931
120.350 85041
120.350 90843
120.375 74715
120.400 1972
120.400 2016
120.425 1997
120.450 91973
120.500 98337
120.575 75319
120.625 122998
120.650 2063
120.650 93688
120.675 113307
120.675 90263
120.675 96628
120.750 103504
120.775 104611
120.850 126354
120.875 110376
120.900 86159
120.925 100611
120.925 108072
120.950 98336
121.000 99441
121.025 106963
121.050 109232
121.100 100632
121.100 103467
121.200 100649
121.200 106330
121.225 103911
121.250 97131
121.300 85007
121.300 93701
121.325 338444
121.325 91439
121.350 109270
121.375 104039
121.400 94315
121.425 2015
121.475 103483
121.525 109796
121.526 421017
121.593 414694
121.625 100633
121.650 113284
121.671 648567
121.725 91977
121.725 97711
121.825 108679
121.825 91411
121.825 98922
121.850 106396
121.900 109235
121.900 2040
121.950 89130
122.075 109254
122.099 399276
122.200 101150
122.200 88532
122.225 91429
122.275 84538
122.300 92010
122.350 96544
122.425 104091
122.525 90827
122.575 94864
122.600 112122
122.650 334395
122.675 92523
122.675 96565
122.725 334158
122.750 102923
122.800 110386
122.825 86656
122.850 112691
122.888 397170
122.900 94312
122.975 97148
123.050 89715
123.075 106981
123.075 4637
123.075 88575
123.075 89118
123.125 98843
123.150 461690
123.150 98275
123.250 333940
123.275 86268
123.325 334095
123.375 129951
123.379 341946
123.381 432204
123.400 114455
123.425 101723
123.425 2039
123.475 92543
123.550 88518
123.575 97753
123.650 108074
123.650 84536
123.700 92499
123.725 91435
123.750 334129
123.750 334306
123.775 118958
123.775 74674
123.775 98315
123.825 102292
123.825 334517
123.844 389785
123.850 93713
123.875 1945
123.875 98296
123.925 92574
123.950 110397
123.950 334245
123.950 94882
123.975 334037
123.975 334243
124.000 104078
124.000 334036
124.071 586731
124.075 90294
124.100 93712
124.100 99412
124.125 91377
124.125 98322
124.143 359728
124.150 101178
124.150 89131
124.175 102319
124.200 2062
124.200 334366
124.200 4535
124.225 112077
124.228 346734
124.250 333735
124.250 83984
124.250 90854
124.275 112715
124.275 2059
124.308 566473
124.325 101737
124.326 443815
124.350 1883
124.350 89147
124.400 2085
124.425 334304
124.425 334308
124.425 91964
124.500 110971
124.500 84546
124.500 89701
124.522 345645
124.525 112130
124.525 1994
124.550 79212
124.550 98260
124.575 1972
124.575 94296
124.576 411552
124.600 333976
124.600 88516
124.625 112115
124.625 92535
124.650 1931
124.650 334065
124.675 100631
124.675 87976
124.700 334005
124.750 127075
124.750 1975
124.750 333769
124.775 2063
124.800 1909
124.800 2016
124.886 381910
124.925 333949
124.925 92528
124.950 89087
124.975 1997
125.150 104658
125.200 334096
125.275 102374
125.425 86823
125.469 375150
125.500 114446
125.575 101764
125.625 333945
125.900 95457
126.000 334247
126.045 524800
126.070 448627
126.150 333887
126.150 334339
126.162 412752
126.300 334097
126.325 334063
126.400 334185
126.404 488057
126.522 374993
126.525 333889
126.564 407631
126.581 360525
126.617 414396
126.628 361377
126.710 373855
126.875 334219
126.950 334368
127.075 334187
127.172 346198
127.361 344402
127.600 334158
127.600 334244
127.740 607525
127.750 334213
127.800 334068
127.991 414624
128.000 334188
128.075 334336
128.125 334069
128.431 397041
128.537 388696
128.800 334124
129.030 474051
129.033 427670
129.182 403331
129.250 334037
129.300 334036
129.450 334243
129.700 334306
129.850 334308
129.925 333769
129.975 333735
130.031 463100
130.327 348520
130.350 333949
130.953 356565
131.186 533800
131.336 344519
132.488 616388
132.654 383033
132.878 472034
132.883 352191
132.994 606512
133.131 469968
133.246 356746
133.309 415909
133.424 388838
133.611 374975
133.755 375366
134.207 415511
134.372 571051
134.584 418164
134.683 390688
135.136 495560
135.141 399949
135.408 438522
135.598 371864
135.758 369630
135.851 342297
136.284 360103
136.576 404566
136.598 399523
136.875 4716
137.110 355890
137.199 397383
137.268 370160
137.550 4689
137.775 4637
138.468 430945
138.525 4663
138.600 4535
138.650 4611
138.675 338444
138.888 388411
139.125 4509
139.141 572607
139.288 580598
139.302 415621
139.348 566473
139.484 429502
139.675 4223
139.753 427786
139.815 410971
139.975 4718
140.250 9760
141.625 9019
141.700 17038
141.725 4507
141.809 395931
141.957 343412
141.978 343668
137.350 360
142.208 376648
142.344 473245
142.471 566965
142.500 9866
142.566 395704
142.647 394676
142.844 466792
144.160 344778
144.162 367899
144.836 409606
145.250 406246
145.562 343201
146.161 342686
146.470 578485
146.509 359469
146.584 342582
146.739 424238
146.794 416123
146.844 467647
147.098 461229
147.112 410429
147.370 382649
147.671 415535
147.750 9191
147.779 427567
148.300 17038
148.603 364288
149.051 613329
149.211 443246
149.342 528875
149.412 651533
149.521 652854
149.637 419769
150.073 367447
150.339 375270
150.503 396549
150.664 389916
150.837 387417
151.124 367825
151.775 334188
151.938 386039
151.975 4613
152.401 474484
152.650 4507
152.675 4663
152.925 4223
152.942 377297
153.128 376525
153.425 4716
153.997 435781
154.407 466052
154.425 4689
154.625 4609
154.950 4535
155.100 334213
155.250 334005
155.506 348408
155.611 384601
155.634 343264
155.665 587498
155.725 334368
156.025 4637
156.027 592639
156.093 378606
156.100 334339
156.350 334158
156.375 364577
156.592 346198
156.932 414785
157.031 354816
157.400 334187
157.523 463100
157.529 478320
157.735 558950
157.847 461718
158.325 9412
158.560 343263
158.660 414043
158.948 416503
159.693 429081
160.042 428801
160.075 374806
160.364 398742
160.997 392845
162.153 485218
162.472 450579
162.531 356748
162.592 426267
162.748 364626
162.753 339320
162.853 396216
162.973 465905
163.174 343412
163.618 471030
163.711 516218
164.361 394289
164.749 461986
164.884 493388
165.549 381722
165.643 469089
165.952 370124
165.961 558993
150.900 360
165.350 360
166.033 359102
166.084 503162
166.869 342686
166.875 4611
167.200 4689
167.575 4609
167.600 4663
167.786 414244
167.850 4613
167.850 4718
167.950 338444
168.300 4535
168.425 4716
168.450 4509
168.588 583239
168.723 424247
169.250 333889
169.355 639293
169.787 371106
169.824 368304
170.575 334095
170.701 350132
170.725 4223
170.960 370278
171.487 438329
171.575 4637
171.665 353798
172.025 4507
172.350 9729
172.887 444919
173.127 407228
173.365 461986
173.913 421436
174.019 351898
174.061 385732
174.073 370151
174.675 9513
174.736 416311
174.826 361798
174.934 369994
175.100 399523
175.513 469317
175.639 407449
176.209 370817
176.322 397797
176.453 405860
176.576 437926
176.719 399675
178.124 378104
179.532 379489
179.590 379449
180.328 413781
180.825 334096
182.199 432350
182.299 384601
182.325 4613
182.350 4663
182.358 652801
182.425 4611
182.474 493619
182.638 399482
182.700 334005
182.750 4507
182.906 373097
183.276 351304
183.650 376416
183.725 4223
184.075 334368
184.175 338444
184.193 449103
184.250 4689
184.304 509354
184.396 405114
184.525 333769
184.800 334095
184.950 334158
185.325 90238
185.375 393153
185.581 363630
185.784 429502
186.050 333735
186.162 434043
186.223 428866
186.756 503162
186.779 340293
186.863 404138
187.415 632358
187.500 9341
187.839 579841
188.191 433193
188.774 371267
188.854 607212
189.325 369965
189.330 425592
189.512 437652
189.630 385920
189.738 427892
189.792 374861
190.386 578419
190.527 364626
190.614 470833
190.779 460210
184.450 360
191.274 382475
191.326 371729
191.523 469408
191.610 439029
192.097 362262
193.128 473074
193.329 416415
193.675 4716
193.725 439968
193.858 446415
194.365 354626
194.385 627271
194.545 436642
194.625 4535
194.975 4609
195.150 478348
195.250 4509
195.400 4637
195.546 401262
195.787 433275
195.819 444683
195.885 405114
195.913 401558
196.200 385869
196.306 499164
196.364 392019
196.405 346141
196.491 440996
196.700 4718
196.729 710606
196.925 334124
197.000 4611
197.100 4613
197.100 4663
197.165 374597
197.250 4689
197.271 420996
197.350 4223
197.450 334005
197.636 525000
197.675 334308
197.694 581348
199.037 427414
199.125 334368
199.350 94315
199.611 491640
199.868 451908
200.031 553921
200.183 464032
200.291 469089
200.322 364682
201.446 356257
201.701 485996
201.794 574600
201.893 345546
202.762 532068
202.878 462350
202.990 349241
203.116 498517
203.375 597524
203.460 385740
203.467 562250
203.678 638393
203.771 339839
204.473 399440
204.596 361532
205.017 426275
205.326 596031
205.523 343747
205.598 372017
205.681 439194
205.808 357277
206.804 425765
207.297 401536
207.308 389290
207.517 422407
207.711 439390
207.885 475564
208.825 4535
209.075 4507
209.151 352275
209.457 361275
209.500 4509
209.775 338444
209.860 482190
210.150 4609
210.450 4689
210.461 409019
210.625 4613
210.775 4637
211.097 376825
211.129 615401
211.410 346850
211.650 91411
211.976 355736
212.325 4223
212.575 4716
212.611 588906
212.775 4663
212.775 4718
212.777 436429
212.900 4611
200.225 360
212.075 360
213.022 387328
213.130 346423
213.671 454981
213.821 418410
213.851 403293
214.498 391653
214.566 345546
214.688 458358
214.750 102874
214.871 378097
215.200 86159
215.302 343668
215.543 386341
215.830 373078
215.894 484323
216.575 370700
216.635 365915
216.698 454867
216.724 428451
216.844 370138
217.180 438642
217.664 365379
217.900 104078
217.910 360686
217.925 1909
218.050 1883
218.125 84538
218.712 376787
218.732 389743
218.828 390341
219.600 397137
219.837 387139
219.867 446008
220.195 414392
220.299 370617
220.937 457292
221.125 98337
221.376 496806
221.748 435699
222.011 346042
222.437 381677
222.789 411287
223.057 475368
223.650 96576
223.663 434881
223.675 4611
224.025 111959
224.175 4507
224.349 363580
224.575 118958
224.579 504531
224.775 4718
224.900 101166
224.925 426941
225.150 4535
225.175 93701
225.250 112115
225.250 4689
225.275 4509
225.525 1945
225.750 4609
225.775 112077
225.775 4613
225.909 373735
225.925 98260
225.935 370610
225.950 129951
225.950 1972
225.975 92543
226.025 4716
226.050 1883
226.100 20005
226.200 92499
226.250 89147
226.275 75319
226.425 19984
226.487 392040
226.613 567826
226.627 346595
226.675 4663
226.700 4637
226.800 99441
226.825 1909
226.837 472989
226.854 355626
226.909 421147
226.975 98275
227.050 20004
227.075 74715
227.100 83984
227.150 96054
227.276 399153
227.283 617724
227.325 333735
227.325 87392
227.350 79212
227.375 91977
227.425 89701
227.426 381007
227.450 96565
227.475 84536
227.550 90854
226.350 360
227.575 101178
227.674 462385
227.825 20021
227.925 101737
227.950 2016
228.025 74674
228.050 103911
228.050 1931
228.050 333769
228.150 104078
228.175 1975
228.175 88518
228.200 90843
228.225 106922
228.225 20037
228.225 89130
228.275 20036
228.275 90243
228.350 106330
228.350 1997
228.354 406987
228.450 1994
228.475 91973
228.525 110376
228.525 91429
228.550 96544
228.675 104083
228.710 353640
228.725 333887
228.800 111470
228.800 89715
228.825 85041
228.825 90294
228.850 94296
228.897 531698
228.900 96584
228.925 2040
228.950 100632
228.975 20053
229.000 103441
229.000 2062
229.025 334005
229.025 87411
229.075 86656
229.100 98296
229.144 491878
229.175 102874
229.225 2015
229.225 2039
229.225 91439
229.250 87976
229.325 100027
229.325 20100
229.350 93712
229.375 84546
229.450 86268
229.550 333976
229.550 86159
229.647 412791
229.700 84538
229.725 92523
229.775 87873
229.775 91377
229.800 92574
229.825 2059
229.825 357992
229.900 90827
229.925 89661
229.950 90238
229.975 97148
230.025 333949
230.050 94315
230.100 2063
230.100 97131
230.200 91970
230.250 105633
230.250 109232
230.250 88532
230.300 90810
230.325 89118
230.350 98922
230.375 101150
230.375 104091
230.400 103504
230.400 85007
230.467 388411
230.475 100649
230.475 99412
230.500 86805
230.500 94864
230.525 334097
230.550 333945
230.575 2085
230.600 98315
230.625 89678
230.650 100611
230.650 90248
230.675 1972
230.700 1945
230.700 334124
230.700 94882
230.775 89131
230.800 334129
230.800 88575
230.850 91435
230.850 98843
230.875 334037
230.886 438162
230.900 103483
230.900 97145
230.975 92010
231.000 334095
231.050 89087
231.050 98336
231.100 334158
231.100 93688
231.125 100633
231.125 101208
231.175 93713
231.225 102292
231.225 97711
231.275 92535
231.300 90263
231.325 91411
231.325 97206
231.365 441006
231.400 98332
231.425 102374
231.425 106981
231.425 333889
231.475 109796
231.475 1909
231.675 334185
231.675 92528
231.725 109235
231.725 86823
231.750 109124
231.775 91964
231.825 104088
231.850 95457
231.950 334065
232.025 110397
232.175 334245
232.225 96631
232.250 334304
232.275 100631
232.325 109254
232.350 334187
232.425 104611
232.450 109270
232.500 110971
232.525 97753
232.550 102923
232.625 102319
232.625 105747
232.625 96628
232.700 113284
232.700 334243
232.725 110386
232.725 98337
232.775 2016
232.850 106396
232.850 108074
232.900 105215
232.925 94312
233.000 98322
233.025 122998
233.050 1975
233.050 88516
233.150 334036
233.200 1994
233.250 334096
233.300 334213
233.425 334219
233.550 1997
233.604 356080
233.675 101723
233.675 2062
233.700 101764
233.701 585762
233.725 334368
233.775 107488
233.775 2040
233.775 334068
233.800 2015
233.825 112122
233.825 2039
233.875 112715
233.950 104658
233.975 104039
234.050 108679
234.125 114455
234.150 113307
234.175 108072
234.200 103467
234.225 333940
234.275 106963
234.275 112130
234.400 334306
234.450 112691
234.525 2059
234.750 334517
234.825 109828
234.825 118958
234.825 2063
235.000 334247
235.050 127075
235.075 333976
235.075 334188
235.175 334395
235.275 2085
235.400 114446
235.460 463109
235.481 459871
235.500 334244
235.650 334308
235.909 380077
236.050 334366
236.300 126354
236.350 111959
236.350 129951
236.400 334158
236.439 447331
236.688 458358
236.725 334339
237.600 334304
237.825 334336
237.975 130541
238.050 334185
238.084 528935
238.425 334129
238.797 422813
239.000 334219
239.075 334517
239.139 464609
239.155 564968
239.225 334187
239.425 334306
239.586 389721
239.587 355888
240.100 16923
240.894 375956
240.993 405250
241.126 466404
241.379 369480
241.402 387213
241.717 356257
242.313 546992
242.379 370610
242.618 384105
242.679 510740
243.115 339938
243.442 368704
243.478 344716
245.075 589373
245.298 521309
245.325 338444
245.394 355626
245.722 411429
246.250 4535
246.519 617505
246.615 418225
246.730 599692
247.118 382507
247.139 418654
247.636 358784
247.662 374894
247.800 4507
248.025 4689
248.300 4716
248.326 397826
248.400 4637
248.520 601145
248.610 442817
248.703 588123
249.179 413067
249.407 379604
249.875 4718
249.900 4663
250.045 423295
250.367 348536
250.378 443326
250.455 634570
250.503 438655
250.839 360411
250.872 423727
250.895 409899
251.613 426748
252.628 607586
253.278 427279
253.458 449232
253.903 376416
253.928 463900
253.965 488423
254.253 574765
254.285 420152
254.420 381007
254.641 415561
254.756 404028
255.235 482330
255.425 4223
255.460 410745
255.559 375545
255.910 408882
256.069 385618
256.571 613064
254.225 360
256.847 513397
256.850 333940
257.728 378686
258.500 515422
258.543 355096
259.059 420152
259.225 4609
259.420 397447
259.729 406215
259.892 635647
260.249 638328
260.477 370755
260.606 370852
260.650 9515
260.696 435794
260.958 408557
261.324 360597
261.598 355683
262.025 4611
262.275 4509
262.600 9341
262.700 4663
262.799 381425
262.942 690547
263.275 334219
263.725 4718
263.754 397078
263.847 343747
263.861 372222
263.933 358038
264.130 528970
264.250 4689
264.725 334213
264.725 334339
265.328 470389
265.500 4716
265.650 334185
265.675 334065
266.449 404913
266.515 428837
266.613 345973
266.877 363952
266.949 638474
267.025 334097
267.619 455182
268.048 346850
268.446 420877
268.455 445547
268.879 428566
269.101 430842
269.151 501604
269.275 438121
270.040 350387
270.070 346104
270.724 366968
270.798 434904
271.019 475740
271.137 391160
271.261 438635
271.761 423193
271.894 412382
272.076 428976
272.188 351318
272.349 433356
272.614 347105
272.842 352068
273.325 4507
273.373 348116
273.622 645961
273.624 473534
273.944 495915
273.950 9551
274.250 4637
274.339 509395
274.448 523395
274.650 338444
274.819 399482
274.950 458396
275.075 4611
275.593 354117
275.810 473534
276.100 9191
276.175 4689
276.568 526563
276.800 4535
277.025 449043
277.090 422274
277.150 4609
277.325 334068
277.412 587498
277.446 352980
277.453 439762
277.492 538918
277.524 502222
277.553 376181
277.774 415535
277.828 470205
278.441 441338
278.689 345817
278.975 4663
279.175 4718
279.758 407449
271.850 360
280.196 376613
280.251 367996
280.310 340878
280.409 347206
280.447 446575
280.559 428437
280.608 342950
280.645 523797
280.900 4716
280.937 372792
281.266 469107
281.668 469247
281.956 356110
282.296 423132
282.389 393751
282.841 466368
282.913 444229
283.369 455176
283.460 479034
283.725 4223
283.801 409899
284.175 473908
284.589 453153
284.671 509487
285.194 401609
285.275 333949
285.512 393864
285.989 377616
286.424 424271
287.450 4613
287.501 466206
287.950 4509
288.330 420670
288.725 4611
288.895 376839
288.956 343787
289.475 4609
289.552 454888
289.950 4535
290.215 430398
290.238 395678
290.277 378036
290.850 4718
291.538 356452
291.611 525000
291.950 4689
292.139 344409
292.148 533974
293.063 358198
293.250 429709
293.859 398405
293.861 353305
293.911 457337
294.037 436507
294.400 4663
294.492 584521
294.703 421727
294.745 438121
294.840 354991
295.068 535066
295.113 460543
295.217 370443
295.250 4637
295.658 453153
296.329 347679
296.511 401435
297.954 648152
298.017 384534
298.671 439007
298.700 4223
299.176 344519
299.265 449306
299.710 435228
299.963 615953
300.137 469321
300.694 348001
300.750 4507
301.102 539436
301.573 386561
301.635 367139
301.965 589626
302.508 491001
302.511 406331
302.650 4535
302.702 464155
303.150 9019
303.719 348279
303.925 9167
304.087 394500
304.413 479311
304.572 433418
304.762 446457
305.396 382521
305.500 4716
305.573 369070
305.650 4689
306.084 367852
306.520 369757
306.525 365259
306.825 334368
306.973 409166
307.427 451724
286.275 360
305.300 360
307.461 617301
307.489 616108
307.608 363863
307.646 389727
307.673 410941
308.019 515282
308.426 349535
308.467 367857
308.577 399949
308.682 409644
308.762 354016
308.877 340835
309.809 591326
309.871 369838
310.006 464522
310.417 373453
311.165 419906
311.244 419798
311.350 4223
311.438 383080
311.705 390769
311.769 643140
311.901 390964
312.616 341799
313.141 531368
313.196 519979
313.250 4613
313.350 363444
313.725 333889
313.815 363976
313.883 458358
314.000 4535
314.038 456660
314.052 405759
314.200 338444
314.278 473213
314.605 414117
314.775 4509
314.800 333945
314.898 408136
314.957 430599
315.000 333949
315.050 4611
315.105 368217
315.175 334304
315.201 448364
315.423 482330
315.475 4637
315.538 650196
315.550 4663
315.650 4609
315.766 388753
316.003 441609
316.334 372792
316.450 334095
316.452 366792
316.490 344173
316.509 386295
316.552 345835
316.900 334069
316.941 383059
317.225 4507
317.405 386958
317.425 9688
317.853 414847
318.038 342686
318.120 355736
318.174 489127
318.314 440393
318.600 501056
318.859 360145
319.209 433912
320.021 437042
320.454 362292
320.673 719902
320.851 413781
320.902 413862
321.021 385481
321.277 532068
321.299 389312
322.018 343778
322.304 343250
322.945 398564
323.446 342177
323.799 377156
324.041 575649
324.711 467598
324.916 600437
325.617 425333
327.338 620911
327.350 4223
327.577 438417
327.700 333949
327.875 4535
328.250 4509
328.468 357613
328.475 4507
328.566 454414
328.825 334095
328.854 455880
328.975 4613
329.406 590868
318.850 360
329.425 338444
329.500 4663
330.000 4716
330.125 16923
330.375 4689
330.420 339221
330.425 4718
330.650 4637
330.948 381772
331.225 4611
331.230 516845
331.367 419479
331.511 482330
331.541 357294
331.578 342707
331.778 495141
332.039 472989
332.456 339176
332.555 433208
332.675 4609
332.850 113284
332.930 431614
333.872 372521
333.984 610913
334.687 457337
334.724 471484
335.023 386528
335.485 519214
336.189 467552
336.377 437136
336.492 355423
336.660 651533
336.816 375983
336.920 433912
337.084 457625
337.217 637814
338.064 388454
338.073 357189
338.459 413303
339.349 390128
339.479 594306
339.621 577326
339.723 444161
340.386 341916
340.709 435825
340.850 416060
341.950 396321
341.954 356830
342.100 4535
342.323 586723
342.350 4223
342.555 344716
342.575 4509
342.601 359728
342.650 4637
342.762 578485
342.794 630459
342.880 460938
343.100 96576
343.400 4663
343.725 4507
343.917 345279
343.950 4609
344.149 346051
344.275 4613
344.617 513638
344.650 334244
344.675 334069
344.691 355502
344.775 333976
344.850 4689
345.325 4718
345.460 455168
345.629 377110
345.725 4716
345.770 446457
346.174 429916
346.589 363364
346.641 390234
346.725 91377
346.830 436537
347.130 634956
347.300 97206
347.874 454569
348.040 510146
348.448 425706
348.611 429735
349.195 524551
349.361 634293
349.434 488218
350.422 345164
350.875 79212
351.307 444340
351.775 1945
351.900 86656
352.161 403932
352.275 106330
353.150 74674
353.295 395704
353.325 19984
353.561 402955
353.800 93701
330.050 360
344.850 360
353.853 347189
353.935 399174
353.945 444919
354.225 1883
354.350 75319
354.440 580598
354.600 85041
354.650 94296
354.662 488795
355.000 1909
355.000 97148
355.017 352842
355.100 87873
355.172 419021
355.225 1994
355.225 74715
355.250 86805
355.300 1975
355.325 333735
355.350 20004
355.507 456190
355.625 4613
355.625 93688
355.650 105633
355.750 87976
355.750 93713
355.775 1931
355.805 346423
355.825 90248
355.850 4611
355.850 91977
355.900 92523
356.050 90854
356.100 84536
356.175 86268
356.200 101178
356.200 20005
356.328 436097
356.452 355155
356.572 390601
356.650 86823
356.652 592960
356.700 87392
356.775 86159
357.025 20036
357.125 98275
357.150 1945
357.161 615401
357.200 87411
357.200 96631
357.275 97711
357.294 500642
357.325 20021
357.325 333769
357.375 89678
357.400 84546
357.475 1972
357.475 20037
357.625 465578
357.625 98337
357.650 91435
357.700 84538
357.725 97145
357.800 96054
357.900 94882
357.925 2015
357.936 406215
357.950 90843
357.975 88532
357.975 91429
357.975 98296
358.000 91970
358.049 374728
358.075 100632
358.087 375544
358.125 2016
358.150 89147
358.175 89701
358.200 333976
358.200 334158
358.200 90810
358.225 333887
358.225 4507
358.250 97131
358.263 511622
358.275 88575
358.300 90238
358.350 333940
358.350 92010
358.358 355888
358.400 91411
358.500 1997
358.550 20053
358.550 333945
358.550 338444
358.575 94864
358.600 101737
358.600 89130
358.600 90827
358.600 99412
358.625 83984
358.650 96565
358.675 89087
358.700 333949
358.725 85007
358.750 89661
358.825 1883
358.850 334005
358.875 90243
358.886 384008
358.925 89131
358.925 92528
358.950 334124
358.975 90294
359.000 4718
359.025 2059
359.050 92535
359.075 334095
359.075 92499
359.100 4689
359.125 102874
359.125 334037
359.150 98260
359.175 97206
359.200 2039
359.250 20100
359.250 90263
359.325 88518
359.350 334065
359.400 91964
359.425 89118
359.475 1909
359.575 100631
359.575 2063
359.575 334036
359.575 98336
359.600 103483
359.625 4637
359.696 470795
359.700 103911
359.700 91439
359.725 109235
359.750 4663
359.750 91973
359.775 98322
359.800 100649
359.800 98843
359.825 102292
359.850 103504
359.850 98332
359.875 91377
359.900 88516
359.900 94315
359.925 104611
359.950 98922
359.975 92574
359.983 623886
360.050 95457
360.075 101166
360.075 1931
360.100 102319
360.125 1994
360.125 93712
360.150 2040
360.175 2085
360.200 89715
360.225 1975
360.275 108074
360.275 2062
360.279 339317
360.325 334096
360.350 333889
360.375 100633
360.375 96584
360.425 96576
360.450 101208
360.475 111959
360.600 334097
360.625 334063
360.645 475368
360.646 501724
360.650 100611
360.650 109796
360.675 334129
360.775 92543
360.825 103441
360.925 106981
360.950 96628
361.050 100027
361.050 334187
361.075 334069
361.075 334243
361.125 101150
361.175 105215
361.175 113307
361.254 354972
361.300 104083
361.325 97753
361.400 109232
361.425 334185
361.700 104658
361.700 109254
361.725 129951
361.800 334304
361.825 334213
361.825 99441
361.875 334219
361.925 103467
361.950 111470
361.950 334247
361.975 102374
361.975 96544
362.025 104039
362.025 105747
362.047 406873
362.050 109124
362.075 112077
362.200 104091
362.200 98315
362.225 101723
362.225 104078
362.225 94312
362.350 112715
362.400 101764
362.425 106922
362.450 108679
362.475 110397
362.525 102923
362.700 104088
362.700 112691
362.800 334339
362.900 334244
362.925 334366
362.975 106963
363.003 359791
363.050 118958
363.050 334336
363.075 109270
363.078 442100
363.225 109828
363.289 608252
363.300 112130
363.450 110386
363.525 110971
363.525 334068
363.575 106396
363.588 436636
363.750 334306
363.800 2059
363.900 334395
363.950 107488
364.120 393698
364.125 2063
364.200 2039
364.325 112122
364.399 601775
364.575 108072
364.710 409648
364.725 334245
364.725 334517
364.775 112115
364.825 110376
364.950 334188
364.975 334368
365.025 334308
365.100 334095
365.175 2085
365.273 470349
365.443 354073
365.575 334158
365.625 114455
365.750 122998
366.086 371246
366.200 130541
366.216 387088
366.375 114446
366.400 113284
366.400 127075
366.589 384718
366.804 402977
366.970 408882
367.607 372557
367.625 334304
368.025 334247
368.263 366034
368.400 376211
369.175 126354
369.254 396286
369.752 469378
370.042 410574
370.050 334339
370.158 494397
370.218 377452
370.350 334517
370.421 472876
370.575 334366
371.273 340627
371.666 395737
371.875 4223
372.031 381899
372.538 395666
372.796 371104
373.450 4509
373.504 397942
373.552 557346
373.986 342981
374.075 4507
374.148 348040
374.520 347112
374.648 373735
374.725 4535
375.993 368945
376.170 370625
376.505 561144
376.758 595139
376.925 4609
376.978 492850
377.080 418675
377.449 388679
377.547 363529
377.568 414106
377.625 4689
377.700 338444
377.776 359102
377.977 343787
378.176 368704
378.588 608363
378.866 614510
378.916 444890
378.969 344526
379.165 348767
379.325 4716
379.831 464198
379.926 420483
380.056 345693
380.150 334243
380.156 373097
380.342 379625
380.593 454121
380.761 361078
381.002 373449
381.106 384179
381.642 363630
381.852 526294
381.883 437544
382.825 334036
383.165 419750
383.432 498129
384.157 419562
384.424 407364
384.520 340580
384.697 581924
384.708 405207
384.924 380632
385.600 4223
385.623 419417
385.892 541761
386.050 334124
386.164 575258
386.562 467849
386.971 412910
386.979 372990
387.075 333976
388.125 334005
388.543 438284
388.725 334097
389.550 4613
389.740 605062
390.347 402343
390.373 412403
390.573 358232
390.892 353604
391.049 382115
391.742 608160
391.746 595246
391.825 338444
391.862 341934
391.891 601116
391.944 353833
392.093 341331
392.567 498573
392.725 334243
392.944 415878
393.136 362051
393.241 484396
393.592 405138
393.775 9019
393.950 4609
394.475 4535
394.855 358756
394.950 4689
394.954 377118
395.027 355787
395.125 334304
395.375 437240
395.400 4637
395.400 4716
395.427 426334
395.576 416768
395.725 333889
395.986 449483
396.119 343262
396.177 363523
396.328 451220
396.500 360553
397.025 4718
397.453 392762
397.606 447772
376.150 360
390.425 360
397.725 9309
397.968 453640
397.988 346946
398.230 384105
398.475 4223
398.512 387285
398.655 569403
398.818 595514
399.361 456840
399.592 352622
399.700 4611
399.950 333949
400.600 333945
400.750 9517
401.016 366048
401.022 588275
401.225 9829
401.235 419750
401.293 453582
401.652 356649
401.735 412753
401.994 395931
402.125 334069
402.200 334368
402.500 334336
403.630 411564
403.838 365334
404.000 397137
404.185 417812
405.390 389898
405.783 385869
405.808 516845
406.200 9481
406.403 437347
406.607 350177
406.746 446774
406.844 388848
407.226 450070
408.240 461423
409.064 426684
409.187 378635
409.751 362432
409.792 537900
409.989 427567
410.300 4509
410.559 373086
410.575 4637
410.578 348453
410.625 4507
410.866 371231
411.063 465733
411.125 4716
411.793 489127
411.945 385732
412.061 374957
412.476 385349
412.600 4223
412.863 387604
412.875 334368
413.302 419120
413.346 380119
413.550 4535
413.879 617060
414.352 470389
414.653 440061
414.733 345155
414.890 468466
415.310 474163
415.965 458121
416.417 488681
416.455 383686
416.465 345078
416.494 443128
416.544 370296
416.650 334339
416.926 484234
417.162 432557
417.275 411552
417.483 485996
418.242 361146
419.025 450218
419.081 601145
419.175 9515
419.384 356418
419.534 487182
419.834 408145
420.394 350015
420.446 356963
420.575 4663
420.879 365375
421.127 355078
421.475 4609
421.625 4718
421.629 343420
422.623 441053
422.800 4613
422.875 4716
423.120 425567
423.417 357727
423.641 428801
423.750 4637
423.825 4689
406.375 360
423.750 360
424.028 421877
424.415 408566
424.467 482328
424.539 463352
424.621 343839
424.753 447416
425.064 461097
425.111 446415
425.175 4507
425.199 433984
425.299 341545
425.475 4509
425.578 618221
425.601 616388
425.607 362262
425.678 383256
426.179 413612
426.630 371583
426.775 4611
426.887 434410
426.965 396617
427.160 461097
427.475 338444
427.507 404636
427.923 342516
428.041 387187
428.332 384786
428.359 397173
428.418 453679
428.502 626136
428.566 384199
428.775 333945
428.816 391879
428.952 450070
429.218 446183
429.221 354626
429.422 358796
429.458 396354
430.133 359000
430.490 374625
430.646 385891
431.331 378392
431.475 107488
431.570 407449
431.752 461056
432.073 460883
433.116 368304
433.398 507530
433.402 466792
433.655 370613
434.565 377275
435.329 382572
435.330 377616
435.506 493207
435.557 355379
435.560 401496
435.980 376084
436.199 379335
436.333 370755
436.462 540631
436.523 600811
436.650 4716
436.680 473139
436.775 4663
436.925 4689
437.120 355216
437.125 4637
437.148 369480
437.465 452463
437.575 4613
437.582 422145
437.775 4609
438.175 334517
438.256 441380
438.325 4611
438.925 4509
439.325 4535
439.813 511366
439.950 334063
440.325 4507
440.688 342804
440.699 359287
440.725 380625
440.901 517234
441.200 4223
441.300 90854
441.496 405024
441.550 338444
441.597 431691
441.946 575820
442.291 376449
442.466 510656
442.870 626711
444.253 436985
444.886 362292
445.393 418675
445.672 340785
445.799 369965
445.870 519214
446.744 417168
447.200 459414
447.285 367221
436.350 360
447.512 392480
447.762 361018
448.213 428976
448.433 482190
448.895 557784
448.925 370138
449.131 396186
449.974 450996
450.027 469294
450.174 380625
450.268 343235
450.270 407651
450.800 4716
450.807 381722
450.822 378056
451.076 365540
451.250 9551
451.368 346715
451.574 406615
451.600 4637
451.600 4663
451.600 4718
451.700 4535
452.011 405832
452.100 4689
452.116 468329
452.550 4611
452.700 129951
452.823 630853
452.865 348453
452.900 4509
453.150 4609
453.637 409022
454.220 473599
454.550 334037
454.650 334368
454.722 374491
454.781 368075
454.850 4223
454.915 517234
455.275 4507
455.354 481394
455.508 417026
455.975 409489
456.075 4613
456.391 365434
456.566 437136
456.975 88532
457.561 637954
457.726 356538
458.117 464198
458.329 438468
458.394 406211
459.330 622007
459.405 451096
459.455 488218
459.593 483301
460.194 355502
460.908 395420
461.508 376042
462.017 455081
462.177 469126
462.225 364735
462.757 351844
462.817 389676
463.665 448627
464.175 4689
464.250 338444
464.413 365375
464.475 4718
464.555 563675
464.932 424271
465.145 398567
465.575 4716
465.744 344778
465.825 334517
465.825 4609
465.842 438417
465.892 359630
466.200 334036
466.225 370625
466.296 408566
466.300 4637
466.475 4535
466.750 4509
467.050 4611
467.315 395420
467.334 420541
467.575 4223
467.731 457930
467.750 334188
467.775 4507
467.899 399090
468.025 371864
468.050 4613
468.130 595375
468.321 354536
468.325 334395
469.060 400797
469.216 390692
469.463 352580
469.526 387604
454.875 360
468.800 360
469.685 395869
469.935 433144
471.340 653539
472.002 454981
472.006 491577
472.502 348116
472.541 448171
473.445 420507
473.533 432350
473.686 398611
473.737 511599
473.746 466832
474.097 373562
474.608 488176
475.446 375863
477.484 386332
477.739 387443
477.850 74715
478.529 632358
478.541 413847
478.675 4609
479.100 4716
479.162 349211
479.225 79212
479.409 379625
479.457 379930
479.575 4663
479.600 4718
479.605 388978
480.129 656958
480.300 4611
480.600 1883
480.646 626370
480.925 4613
480.975 75319
481.025 4509
481.025 4535
481.175 4507
481.400 19984
481.400 4689
481.525 104658
481.550 491878
481.816 384192
482.100 86268
482.189 391047
482.225 91977
482.294 380970
482.350 334245
482.400 100631
482.500 2016
482.650 104611
482.700 1945
482.775 87873
482.925 74674
483.079 338792
483.200 334065
483.227 402067
483.325 103504
483.475 91377
483.750 84546
483.911 393701
484.000 1909
484.175 20004
484.252 377746
484.325 20005
484.328 515007
484.625 1972
484.675 88516
484.750 92523
484.812 423295
484.825 391684
484.850 86159
484.900 333735
484.975 88518
485.075 85041
485.100 1931
485.150 84538
485.175 84536
485.200 98275
485.225 333887
485.275 20036
485.287 423492
485.350 89678
485.380 433611
485.450 88532
485.625 20021
485.625 2015
485.650 1883
485.650 20037
485.689 460077
485.800 333976
485.825 92574
485.875 86656
485.925 1975
485.925 333769
485.950 102874
485.950 87976
486.025 89715
486.100 90810
486.225 1994
486.277 370035
486.300 91411
481.900 360
486.375 98843
486.400 333945
486.425 86805
486.450 90843
486.475 83984
486.550 97145
486.600 87392
486.625 87411
486.625 94315
486.650 92535
486.700 2059
486.709 342603
486.725 91435
486.800 1997
486.800 2062
486.800 96544
486.839 431829
486.875 334005
486.925 86823
486.975 90243
487.025 89087
487.050 91439
487.125 90827
487.150 90238
487.175 109235
487.175 333889
487.225 90263
487.225 98296
487.250 89131
487.250 89147
487.250 93688
487.254 340580
487.300 92499
487.325 1945
487.375 2039
487.400 85007
487.400 89701
487.425 334037
487.450 101178
487.475 99412
487.500 92010
487.525 91429
487.575 2040
487.575 2063
487.600 89661
487.625 89130
487.625 90248
487.625 94296
487.675 93701
487.675 93713
487.675 98315
487.743 392534
487.750 89118
487.775 90854
487.791 359124
487.800 100632
487.925 105633
487.940 442254
487.950 98922
487.975 334124
488.075 108679
488.075 90294
488.100 91973
488.150 102292
488.175 94312
488.200 88575
488.225 94882
488.275 96628
488.375 97131
488.400 91964
488.450 91970
488.525 96631
488.575 333940
488.625 94864
488.800 98260
488.816 342608
488.875 111959
488.900 98332
488.925 97148
488.950 92528
488.950 96576
488.975 100633
488.991 421814
489.000 1909
489.000 97206
489.050 101723
489.075 2016
489.125 100611
489.125 1972
489.150 102374
489.150 93712
489.225 334096
489.250 98337
489.275 108072
489.300 92543
489.400 97711
489.500 106922
489.500 333949
489.510 443252
489.600 334097
489.625 98322
489.675 334129
489.700 334036
489.700 334069
489.725 334063
489.750 100027
489.750 334065
489.750 96565
489.800 104083
489.825 97753
489.850 104039
489.925 98336
489.975 103911
490.050 101208
490.075 106330
490.100 96054
490.125 95457
490.166 366312
490.175 101764
490.225 101737
490.225 96584
490.296 347541
490.300 99441
490.325 103441
490.350 334095
490.400 101166
490.475 1975
490.500 100649
490.525 102923
490.550 2085
490.600 101150
490.600 112077
490.650 103483
490.650 112691
490.650 2015
490.675 1994
490.690 346853
490.725 334185
490.850 104078
490.850 104091
491.025 334158
491.050 334068
491.100 334243
491.125 334219
491.175 105747
491.325 106396
491.325 110376
491.325 334304
491.375 1997
491.425 112130
491.450 105215
491.475 2059
491.525 2039
491.525 334213
491.550 102319
491.625 334247
491.650 110397
491.650 112115
491.675 106963
491.775 334244
491.800 104088
491.800 113307
491.875 2062
491.950 109254
491.979 349827
492.000 333976
492.025 109232
492.025 334306
492.075 103467
492.075 106981
492.075 110386
492.075 334187
492.092 354626
492.125 2063
492.175 2040
492.225 334336
492.250 109124
492.375 334245
492.404 398742
492.425 334308
492.450 109270
492.475 104658
492.475 109828
492.475 111470
492.525 334037
492.525 334366
492.625 344708
492.700 118958
492.700 334395
492.710 599050
492.725 334339
492.775 108074
492.950 334368
493.125 107488
493.248 420602
493.256 382870
493.325 110971
493.350 334188
493.505 370552
493.539 406924
493.577 359809
493.650 109796
493.700 112122
493.925 113284
493.925 129951
493.973 339354
494.025 114455
494.066 339266
494.140 424781
494.175 122998
494.250 334124
494.322 467801
494.350 334129
494.575 334096
494.707 379657
494.750 114446
494.850 112715
494.875 334097
494.900 334517
495.136 398333
495.215 421307
495.225 127075
495.825 126354
495.875 130541
495.905 373179
495.992 478349
496.082 370625
496.202 471916
496.350 334158
496.400 334219
496.800 334304
497.025 512275
497.035 394558
497.050 334243
497.225 334213
497.275 334244
497.325 334306
497.351 464669
497.368 615436
497.475 334336
497.550 334247
497.750 334339
498.025 334366
498.675 4223
499.213 605045
499.562 418851
500.055 417994
500.137 541395
500.322 629071
500.352 340565
501.075 428602
501.178 384852
501.778 452402
501.970 410941
502.055 345999
502.350 9019
502.477 390850
502.599 354477
503.117 376648
504.069 582032
504.354 361259
504.775 338444
504.850 4611
504.875 4507
505.148 465340
505.350 4609
505.404 418309
505.812 346595
505.819 458121
505.925 4535
506.475 4613
506.587 409070
506.844 366863
507.323 385264
507.498 360103
507.539 409131
507.675 4716
507.809 427670
508.109 459185
508.365 394414
508.400 4718
508.528 521576
509.150 4689
509.971 438448
510.099 452964
510.624 533827
510.712 373086
511.325 4223
511.403 476117
511.626 638393
511.687 360894
512.049 377368
512.107 404617
512.137 343684
512.273 368445
512.391 395116
512.550 384087
513.239 482328
513.771 577875
513.923 512848
514.009 496806
514.275 399604
514.281 456862
514.300 4509
514.705 524207
514.766 443217
505.100 360
515.700 649317
516.160 408557
516.355 441654
516.531 520905
516.572 382115
517.027 620063
517.802 438642
518.225 4637
518.423 397078
518.435 363691
519.115 595139
519.221 366968
519.750 4609
519.900 4613
519.966 412382
520.217 414695
520.550 334068
520.986 415561
521.191 340161
521.200 4611
521.295 655492
521.475 4663
521.543 447331
521.675 4716
521.925 334219
521.975 4718
522.491 405768
523.100 4507
523.625 334304
523.675 4689
523.800 603006
523.848 475831
523.967 425308
524.430 581836
524.475 9760
524.525 9341
524.634 355888
524.800 334069
524.925 334517
525.025 4223
525.725 334188
526.042 543101
526.300 370625
526.550 333889
526.651 366614
526.775 334336
526.796 638496
527.225 9762
527.339 523395
527.571 437042
527.650 334065
527.675 9551
528.092 369842
528.881 355497
528.985 586628
529.680 351089
529.764 421097
529.766 371246
530.058 342981
530.348 408810
530.664 416629
530.738 411044
531.661 478349
531.853 441470
532.047 383253
532.072 376416
532.550 338444
532.698 378686
532.875 334245
533.507 457500
533.553 341904
533.600 4609
533.760 608694
534.001 433593
534.159 366413
534.300 334219
534.575 4535
535.215 347102
535.225 4613
535.910 350307
535.993 415928
536.200 9729
536.275 4718
536.650 4663
536.732 539247
536.777 391747
536.796 461188
536.871 522930
537.075 4507
537.400 100631
537.630 369676
537.653 458195
537.680 621995
537.989 457044
538.441 414436
539.175 4223
539.364 378635
539.375 9479
539.842 431369
540.710 509734
540.815 424140
541.399 373855
522.100 360
541.533 644673
541.897 441739
542.557 368445
542.625 388838
542.991 431822
543.042 388411
543.301 380625
543.634 401044
543.738 617859
544.266 467531
544.584 604192
544.787 413418
544.805 418675
544.949 633665
545.064 539181
545.112 346423
545.466 436256
545.640 387914
545.749 571871
545.775 16923
545.797 443682
546.295 433275
546.623 370822
547.180 346463
547.200 4637
548.193 449786
548.388 446950
548.453 475107
548.475 4718
548.625 4509
548.926 434491
549.297 350015
549.575 4689
549.600 4611
549.650 4716
550.550 4535
550.800 4507
550.815 405064
550.850 4663
550.920 393986
550.925 4613
550.975 9517
551.090 356746
551.775 4609
552.257 479225
552.300 334096
552.325 4223
553.025 100633
553.126 609910
553.181 487980
553.507 415196
553.790 348689
554.943 454625
555.150 690547
555.653 387129
555.935 354477
556.081 541761
556.165 431996
556.714 346198
556.718 524482
556.825 656958
557.104 491424
557.460 370810
557.503 453921
557.791 455299
558.574 407865
558.756 421814
558.841 641045
559.027 347966
559.693 525000
560.128 491322
560.271 501217
560.627 347337
560.718 395946
560.819 343235
561.077 387914
561.375 85007
561.566 385576
561.863 576015
561.957 411078
562.425 338444
562.602 644541
562.692 348225
563.269 431829
563.325 4613
563.331 381260
563.454 413847
563.500 4716
563.725 4609
563.773 403862
563.865 452452
564.025 4637
564.125 462126
564.175 4718
564.275 4535
564.330 444382
564.625 4689
564.825 4663
564.900 4507
565.038 418675
565.085 449306
565.288 562250
549.200 360
565.573 617724
565.775 4611
566.208 342112
566.235 412406
566.448 367479
566.970 364301
567.021 353378
567.076 382115
568.070 396899
568.375 334245
568.738 470389
569.045 385963
570.093 596817
570.330 395420
570.494 441609
570.582 639047
571.282 342981
571.464 384689
571.803 361710
572.187 355160
572.586 546992
572.671 610733
572.867 473186
574.938 339317
575.661 441233
576.119 362746
576.813 425319
577.043 360999
577.150 438121
577.350 4609
577.375 601041
577.591 438264
577.875 4716
578.246 377156
578.475 355082
578.586 399482
578.600 420602
578.700 4663
578.725 4509
578.754 412551
578.875 4611
578.950 4223
579.000 4535
579.420 421930
579.450 334245
579.546 352275
579.650 4637
579.675 4507
579.971 340918
580.000 334366
580.150 4613
580.286 390128
580.700 4689
580.750 4718
580.803 354098
581.410 390466
581.500 338444
581.600 96584
581.685 521261
582.766 449103
582.800 334158
582.900 575258
582.920 343204
582.955 441006
583.347 386561
584.275 384573
584.616 520871
584.747 446837
585.765 431614
586.028 402656
586.598 511623
587.418 524800
587.459 603006
587.466 425319
587.582 441654
587.872 377287
588.111 394016
588.350 88532
588.418 451704
588.581 447172
589.700 96544
589.908 442856
590.511 404483
591.570 375520
591.584 431462
591.631 425783
591.701 410927
591.741 463352
592.683 353869
592.725 4611
592.825 4609
592.931 408136
592.975 4535
593.150 4637
593.650 4716
594.125 333976
594.300 334096
594.303 362916
594.400 333949
594.425 4507
594.525 334368
594.525 4223
566.200 360
582.975 360
594.525 4613
594.575 112115
594.825 110386
594.831 531368
594.900 4718
595.050 334306
595.171 498628
595.175 4663
595.495 398816
595.775 4509
595.789 444161
595.900 333945
596.025 4689
596.650 334247
596.708 440131
596.746 523395
596.844 499574
597.100 334158
597.350 90294
597.627 387089
597.800 88516
598.150 2016
598.290 475622
598.811 345973
598.830 406970
599.000 96054
599.003 355211
599.200 2039
599.550 103441
599.625 1909
599.700 2040
599.975 2062
600.085 429326
600.100 1931
600.175 1994
600.175 2063
600.388 435131
600.450 92523
600.482 429916
600.568 387285
600.675 1975
600.725 2059
600.725 97145
600.750 75319
600.800 102874
600.800 103504
600.829 429002
600.850 84546
600.873 516444
600.885 408053
600.903 347637
601.169 479311
601.235 560939
601.275 100027
601.355 551362
601.494 438408
601.525 112077
601.525 92535
601.573 412839
602.134 608706
602.225 104091
602.275 1883
602.325 87873
602.400 83984
602.475 98922
602.600 89118
602.730 408279
602.856 534308
602.891 563073
603.650 74674
603.675 84538
603.750 100633
603.800 101208
603.900 108072
603.928 402641
603.971 652801
604.003 450920
604.050 97131
604.075 2085
604.092 484323
604.120 406985
604.275 97206
604.275 99412
604.875 92010
605.050 74715
605.200 92499
605.300 101178
605.325 90243
605.350 20005
605.391 441764
605.418 524898
605.425 20004
605.475 20036
605.475 333769
605.500 89661
605.506 520871
605.550 20021
605.550 2015
605.600 90238
605.625 92543
605.700 111470
605.750 91429
605.800 109235
605.800 333735
605.825 79212
605.850 91411
605.925 98336
605.950 98332
605.975 20037
606.000 1997
606.000 90827
606.025 1972
606.025 85041
606.075 100632
606.150 90854
606.165 399087
606.225 86823
606.275 1945
606.275 20100
606.275 89678
606.275 90248
606.325 91435
606.325 91977
606.375 114455
606.450 20053
606.600 86268
606.650 90263
606.675 85007
606.750 333887
606.875 1931
606.875 88518
606.900 90810
606.900 96584
606.959 371006
606.975 1909
606.975 94864
607.000 98322
607.050 104088
607.100 100611
607.100 1883
607.125 333940
607.125 93688
607.125 95457
607.150 91439
607.241 445519
607.250 99441
607.325 87392
607.375 89715
607.389 418654
607.400 91973
607.450 102374
607.450 109254
607.450 97753
607.475 92574
607.550 89147
607.575 2016
607.575 94882
607.600 334005
607.618 387417
607.775 1975
607.775 2040
607.775 84536
607.776 623466
607.800 108679
607.825 110397
607.850 90294
607.850 96631
607.875 86656
607.900 89130
607.925 97711
607.950 90843
607.975 4716
607.975 96576
608.175 333976
608.175 98260
608.292 428415
608.300 110386
608.300 87976
608.300 91964
608.325 103911
608.325 107488
608.350 112122
608.375 88575
608.375 94315
608.375 98843
608.450 2062
608.451 464098
608.475 91970
608.493 439762
608.500 1994
608.550 105633
608.550 2063
608.550 333945
608.575 98275
608.600 2039
608.600 88532
608.625 334037
608.625 87411
608.675 94296
608.725 88516
608.775 333949
608.850 93701
608.899 384313
608.900 86805
608.975 101723
608.975 2059
608.977 399604
609.025 109796
609.100 89701
609.125 100649
609.125 333889
609.200 334095
609.250 110971
609.294 469838
609.300 89131
609.300 98296
609.325 93713
609.350 102874
609.350 334097
609.425 334068
609.425 334124
609.425 334185
609.425 97148
609.437 605877
609.450 101764
609.450 106922
609.450 334096
609.450 91377
609.475 130541
609.500 334063
609.600 334069
609.675 103483
609.675 104083
609.750 105215
609.750 112130
609.763 602846
609.775 101150
609.800 106330
609.800 96544
609.825 113307
609.825 334065
609.875 109270
609.875 92528
609.950 334219
609.950 98337
609.975 104658
609.975 96565
610.005 525188
610.075 100027
610.075 106981
610.075 112691
610.075 2015
610.075 333769
610.075 86159
610.125 2085
610.125 97145
610.175 103467
610.175 334129
610.200 334213
610.300 1972
610.325 103504
610.350 108074
610.350 1997
610.375 105747
610.375 89087
610.400 94312
610.425 122998
610.425 96628
610.450 112115
610.450 118958
610.450 4689
610.475 102319
610.475 4613
610.500 103441
610.500 104039
610.500 110376
610.550 100631
610.550 102923
610.550 106963
610.575 109828
610.575 111959
610.625 101737
610.625 334247
610.625 406118
610.651 380077
610.675 333735
610.700 101166
610.725 334158
610.775 334036
610.800 102292
610.800 334187
610.825 92535
610.850 334304
610.925 96054
610.941 377118
610.965 413847
610.975 109232
611.025 113284
611.050 104078
611.050 93712
611.125 109124
611.150 334368
611.243 356463
611.248 387463
611.250 98315
611.350 104611
611.350 127075
611.425 334244
611.432 390352
611.458 381875
611.475 104091
611.600 129951
611.625 334517
611.627 402312
611.656 376175
611.659 462202
611.700 334366
611.700 98922
611.750 334395
611.825 106396
611.880 380079
611.975 112715
612.000 2016
612.075 114446
612.100 112077
612.325 334308
612.414 397531
612.575 333887
612.600 2040
612.728 562342
612.889 348104
613.046 538546
613.300 334243
613.370 433854
613.400 2063
613.575 334188
613.575 334306
613.803 370481
613.850 2062
613.981 422684
614.000 334245
614.409 369507
614.450 334005
614.600 126354
614.797 449110
614.825 334339
614.876 389239
614.950 2085
615.008 430398
615.325 334336
615.900 334063
615.950 334219
615.950 334304
616.000 334158
616.325 334247
616.577 464193
616.768 408799
616.825 334517
617.600 390951
618.977 411429
619.249 385819
619.400 639647
619.689 465344
619.830 401678
619.881 446008
619.930 445234
620.181 355236
620.324 430631
620.980 374653
621.249 342804
621.482 495560
622.200 4535
623.875 9271
624.224 576639
624.717 368532
624.725 4509
624.775 4609
624.943 420621
625.590 499647
625.660 403228
626.675 9513
626.723 351766
627.574 438048
627.750 4613
627.814 427670
627.817 466182
627.984 484608
628.125 4718
628.358 385265
628.617 452417
628.705 475622
628.866 522930
629.619 383256
629.678 470995
630.080 371670
630.101 388624
630.393 537900
630.583 415650
630.966 669007
631.076 535395
631.096 651573
631.307 495482
631.941 343204
631.959 485866
632.364 470505
632.810 521261
633.173 354191
633.999 342686
623.175 360
634.000 4223
634.075 413847
634.129 369507
634.196 362916
634.528 355683
634.567 428526
634.769 464155
635.042 405950
635.065 376839
635.643 348225
635.902 364495
636.045 395575
636.128 530906
636.171 347461
636.575 4507
636.899 420541
637.142 623986
637.215 340239
637.277 387897
637.482 571871
637.575 338444
638.125 4611
638.295 338924
638.379 477614
638.595 354816
638.615 355626
639.125 4663
639.294 342707
639.550 4637
639.557 491322
639.659 428870
639.850 4609
639.888 345710
640.475 388712
640.500 4716
640.625 4718
640.750 4689
640.970 381677
641.212 345771
641.241 656043
641.741 573055
641.874 386059
642.174 435134
642.229 423182
642.279 350015
642.487 342069
642.647 497283
643.556 488176
643.603 451957
643.797 462161
643.925 447817
644.000 567222
644.316 429326
644.477 542050
644.766 396216
645.050 9445
645.125 631396
646.582 534593
647.409 447632
647.500 16889
648.316 354014
648.503 407228
648.956 431691
649.016 417823
649.057 387544
649.247 451059
649.375 364142
649.400 4509
649.617 441338
650.273 605286
650.682 424881
650.775 4535
651.007 399604
651.025 4507
651.222 464226
651.293 449232
651.993 390804
652.425 87392
652.500 4609
652.725 334005
652.751 467849
653.023 496542
653.120 412257
653.495 403669
653.525 4613
653.860 354969
654.075 4718
654.094 452364
654.425 9309
654.520 368422
654.888 436880
655.118 466060
655.239 612669
655.348 380101
655.417 605834
655.907 429036
656.092 434706
656.635 449716
656.874 345035
657.183 372947
657.761 420079
658.261 359146
640.700 360
654.700 360
658.541 363759
658.611 428602
658.809 523395
659.149 363049
659.206 391471
659.378 340408
659.625 16878
660.469 412644
661.432 546992
661.670 372814
661.807 358577
661.950 4223
662.044 353443
662.259 354159
662.550 4637
663.101 394220
663.326 390723
663.394 346104
663.425 334005
664.250 4509
664.375 4611
664.550 338444
664.675 333949
664.819 450303
664.830 453847
665.203 376613
665.386 504028
665.561 428976
665.675 4507
666.284 401358
666.329 409605
666.398 382470
666.550 9866
666.675 334096
667.050 4613
667.194 395152
667.425 334304
667.473 613329
667.492 629071
667.656 409131
667.893 643049
667.924 421874
667.924 512414
668.033 359692
668.500 447478
668.582 584474
668.648 352944
669.288 621508
669.301 416629
670.110 390815
670.178 454121
670.296 363307
670.486 370025
670.955 434730
670.964 373845
671.072 370852
671.087 631004
671.122 344408
671.411 398926
671.775 525895
672.219 368704
672.259 349619
672.930 438630
673.114 344365
673.675 94315
673.822 415701
673.893 610564
674.878 414368
674.979 422145
675.162 381425
675.724 414217
676.488 633169
676.550 4689
676.643 418891
677.500 4609
677.637 571051
677.650 103441
677.651 432881
677.675 4507
677.725 4718
678.036 350544
678.175 4663
678.243 518590
678.375 4223
678.893 430379
678.913 358975
679.200 4535
679.340 366399
679.437 645023
679.485 378431
679.675 4611
679.695 522930
679.809 393036
679.924 635916
680.000 4613
680.037 405591
680.064 474924
680.484 360686
680.532 384334
680.571 465905
680.775 4716
680.850 4509
674.425 360
680.907 510656
681.000 354731
681.018 369495
681.300 17038
681.359 398943
681.555 474675
681.731 692119
681.761 438151
681.900 107488
682.529 406211
682.726 484323
682.950 4637
683.323 409296
683.652 379895
683.672 438261
683.950 9517
684.257 399875
684.850 413067
684.880 477481
684.974 340893
685.180 356631
686.339 387197
686.452 346270
686.564 369630
686.824 361186
686.849 361934
687.368 359396
687.883 349361
688.425 383747
688.770 413944
688.841 342844
689.094 443128
689.162 368853
689.171 352898
689.348 452299
689.715 359946
689.975 4507
690.186 366000
690.550 4637
690.562 613727
690.624 381466
690.662 338994
691.025 4718
691.200 338444
691.223 356463
691.317 446223
691.375 4689
691.408 348104
691.650 4716
691.800 393698
691.825 4509
691.975 88518
692.150 4663
692.500 487505
692.890 466139
693.100 4609
693.225 91973
693.275 4223
693.373 342679
693.375 333887
693.380 376825
693.396 580489
693.748 404607
694.061 583124
694.175 334005
694.275 17038
694.475 91435
694.650 4613
694.875 334124
695.200 4611
695.211 616388
695.425 9305
695.542 370541
695.754 370613
695.850 91970
696.091 532199
696.190 604903
696.215 344743
696.425 96631
696.635 453811
696.643 373562
696.710 376957
696.948 344408
697.345 452053
697.577 605286
697.620 420776
698.025 97148
698.078 395719
698.750 110386
699.624 379917
700.087 429558
700.200 612501
700.673 380632
701.097 400250
701.125 422223
701.606 477481
701.950 106396
702.081 464522
702.400 90248
702.916 381927
703.261 474163
703.425 88532
688.500 360
703.750 360
703.761 503261
704.013 382233
704.301 348881
704.400 4637
704.525 4718
704.900 92523
704.957 351089
705.025 90854
705.025 92574
705.124 630994
705.175 2040
705.271 497283
705.275 4535
705.292 353487
705.400 87392
705.550 2016
705.550 4716
705.575 96576
705.775 98260
705.800 4613
705.825 88518
705.925 86805
705.950 1945
706.125 4507
706.125 98922
706.325 4609
706.367 642485
706.425 84538
706.439 349725
706.500 74715
706.625 100649
706.650 89678
706.661 412681
706.678 385693
706.725 91970
706.750 4611
706.825 1997
707.100 2015
707.110 339381
707.175 104088
707.275 112077
707.326 355552
707.426 605834
707.450 2063
707.550 4509
707.591 351708
707.680 357206
707.708 470205
707.750 90294
707.775 4223
707.853 637814
707.898 446955
708.000 9341
708.075 1909
708.125 96631
708.147 487182
708.154 645905
708.325 85007
708.525 4663
708.825 93713
709.050 75319
709.150 20004
709.175 20036
709.200 91429
709.225 20037
709.300 20021
709.300 85041
709.375 20053
709.475 20005
709.525 19984
709.575 1994
709.625 1972
709.707 490060
709.725 91977
709.750 104039
709.775 91411
709.775 96054
709.800 84536
709.850 105215
709.925 20100
709.925 83984
709.950 100631
709.975 2039
709.975 92535
710.000 89715
710.050 1883
710.050 1975
710.200 2059
710.250 1931
710.250 88575
710.250 90263
710.255 353872
710.343 421090
710.350 94882
710.375 100611
710.375 100633
710.400 2062
710.425 97206
710.450 98332
710.577 339026
710.600 101178
710.625 101208
710.625 96584
710.669 734450
710.675 90843
710.700 89118
710.750 98337
710.900 90243
710.925 103467
710.925 2085
710.950 108074
711.005 396657
711.050 87873
711.150 74674
711.225 89087
711.232 370892
711.250 91964
711.275 86823
711.275 89701
711.375 97711
711.400 103441
711.425 104078
711.425 333887
711.450 333889
711.475 90827
711.500 2016
711.550 102874
711.550 93688
711.550 97753
711.650 105747
711.695 651533
711.750 107488
711.825 334037
711.875 89147
711.875 91973
711.900 104091
711.925 100632
711.925 333769
711.950 334065
711.950 93712
711.951 455926
711.994 340785
712.000 79212
712.025 96565
712.050 89130
712.125 103504
712.125 110397
712.125 112130
712.125 334129
712.150 104611
712.175 102374
712.175 86656
712.175 97145
712.175 97148
712.200 1945
712.200 333949
712.225 98336
712.300 94315
712.325 334124
712.325 86159
712.475 1997
712.475 94864
712.525 2015
712.525 91435
712.550 92543
712.600 333940
712.600 333976
712.600 334188
712.625 2040
712.625 96544
712.700 334096
712.850 98322
712.925 333735
713.100 98275
713.125 334219
713.150 104658
713.275 101150
713.275 106981
713.275 334005
713.300 87411
713.325 86268
713.361 388978
713.375 109270
713.375 92528
713.450 91377
713.479 389441
713.500 92010
713.550 90238
713.550 97131
713.600 100027
713.600 109796
713.650 102923
713.725 334036
713.750 89661
713.800 101737
713.800 1909
713.825 92499
713.850 111470
713.925 333945
713.950 94296
714.000 112715
714.025 334063
714.025 87976
714.125 90810
714.150 101723
714.150 93701
714.175 96628
714.200 110386
714.225 98315
714.250 88516
714.300 98296
714.325 101764
714.350 94312
714.375 2063
714.375 334158
714.392 452957
714.425 109235
714.425 109828
714.425 95457
714.475 98843
714.575 103911
714.575 99412
714.600 1972
714.600 2039
714.600 334097
714.650 113307
714.650 1994
714.750 106963
714.750 112122
714.775 101166
714.800 1883
714.900 104083
714.900 109254
714.950 84546
714.973 422274
714.975 1975
715.000 106330
715.050 105633
715.050 1931
715.075 102319
715.075 2059
715.100 89131
715.150 109232
715.175 102292
715.200 103483
715.225 108072
715.300 334304
715.309 379219
715.325 112115
715.375 2062
715.400 334185
715.475 109124
715.475 2085
715.500 91439
715.525 106922
715.617 453582
715.622 410679
715.650 334095
715.683 405284
715.800 2016
715.871 356086
715.875 334517
715.908 450109
715.950 106396
715.975 88532
716.000 112691
716.025 108679
716.026 512041
716.209 463473
716.275 110376
716.275 113284
716.275 334069
716.300 122998
716.450 334368
716.475 129951
716.475 334247
716.500 114455
716.500 334037
716.650 111959
716.650 334308
716.650 334336
716.658 507103
716.700 334068
716.771 404550
716.775 334395
716.825 334187
716.850 110971
716.875 114446
717.050 100649
717.075 334306
717.100 333889
717.125 334245
717.126 431373
717.200 127075
717.225 333949
717.252 364103
717.275 334243
717.420 390101
717.450 334366
717.550 333769
717.650 334129
717.700 334339
717.999 472810
718.075 333887
718.275 130541
718.479 472876
718.538 369148
718.625 118958
718.917 395425
718.950 333976
719.050 126354
719.350 334244
719.370 355205
719.493 479225
719.550 334063
719.550 334219
720.150 334096
720.150 334158
720.334 417271
720.400 334304
720.500 334517
720.650 334124
720.975 334097
721.182 340565
721.296 419997
721.397 343684
721.550 334368
721.559 444097
721.571 374039
722.240 356748
722.407 389415
722.656 638328
722.659 373855
723.648 377287
724.148 442545
724.538 433356
724.736 464098
725.160 527871
725.231 419061
725.246 446155
725.809 371421
726.000 449120
726.035 568989
726.723 577326
726.864 407420
726.977 628680
727.314 379219
727.427 524551
727.743 445234
727.779 354495
727.934 467801
728.045 442100
728.299 500642
728.702 418806
728.775 338444
728.799 356458
728.825 4718
728.841 453966
728.922 357986
728.987 389288
729.025 517234
729.325 4535
729.351 606562
729.359 417370
729.359 443889
729.609 432766
729.775 4613
729.850 4689
730.125 4223
730.225 4507
730.237 503512
730.333 412845
730.518 512041
730.593 374894
730.675 4637
730.700 4609
730.705 470960
730.775 4509
731.033 404913
731.058 431549
731.075 4663
731.218 367053
731.225 392767
731.525 4716
732.432 429735
732.493 463201
732.705 449786
732.975 4611
733.161 390850
733.629 430916
733.763 379895
733.836 387128
733.880 438326
734.057 453582
734.169 471250
734.215 366171
734.379 392811
736.407 623037
736.499 449507
737.048 439861
737.241 401065
737.277 382430
737.440 461056
737.445 594029
737.549 343668
737.791 366312
739.625 16968
739.988 418467
728.075 360
740.263 386727
740.561 402369
740.588 381148
740.621 434800
740.637 389929
741.321 448214
741.347 617445
741.678 376416
742.172 433275
742.225 334129
742.249 526563
742.407 431244
742.430 474748
742.439 538310
742.800 520905
742.825 4611
743.150 4223
743.183 353662
743.373 482328
743.400 4509
743.575 4637
743.875 4609
744.107 424784
744.300 4535
744.400 4689
744.450 4613
744.564 469126
744.650 338444
744.712 451097
744.900 334069
745.171 453200
745.675 334339
745.925 4716
745.977 406864
746.057 628320
746.257 508709
746.295 436636
746.407 359521
746.500 334187
747.079 378844
747.125 333940
747.375 333949
747.675 334096
747.713 349102
749.044 383747
749.870 402278
749.875 413814
751.819 395732
751.996 362137
752.248 470960
752.367 402183
752.416 435781
752.504 395152
753.031 357189
753.129 431671
753.443 423016
753.871 465472
754.252 628320
755.289 422588
755.365 588810
755.464 409166
755.666 436305
755.692 460037
756.422 397431
756.499 357198
756.557 405521
757.425 4663
757.482 377590
757.700 4718
757.872 401631
758.525 4507
758.574 501604
758.931 488795
759.213 598474
759.225 4613
759.288 417658
759.412 399143
759.541 452438
759.550 4611
759.800 334306
760.550 4637
760.929 524207
761.000 338444
761.021 561765
761.050 334036
761.325 334244
761.364 431036
761.400 334069
761.450 4689
761.503 430854
761.594 373449
761.675 334219
761.975 4509
762.141 376825
762.168 343371
762.222 433081
762.252 451824
763.247 385366
763.675 333949
764.772 503761
765.401 598474
765.503 408145
741.150 360
760.600 360
765.520 385919
765.853 343263
766.365 381744
767.483 500200
767.580 343054
767.775 387541
768.077 451735
768.472 413840
768.477 367001
769.883 355502
770.136 373078
770.361 426817
771.171 409606
771.327 414656
771.643 374584
772.273 414656
772.338 498475
772.340 404699
772.444 454625
772.575 4507
772.625 4609
772.900 4223
773.367 345164
773.525 334213
773.865 613064
773.875 4509
773.950 4663
773.994 389470
774.075 4637
774.230 366566
774.488 413269
774.625 4535
774.711 570429
774.800 601710
774.825 98275
774.850 4613
774.875 4716
775.002 401889
775.188 390365
775.525 334366
775.648 362499
776.300 338444
776.557 406653
776.800 334187
778.017 462126
778.287 416741
778.444 351860
778.560 443376
778.762 348071
778.818 397594
779.198 377643
779.330 391991
779.681 383481
779.774 379224
780.534 347105
780.794 346423
780.982 626370
781.871 374728
782.056 360525
782.116 395386
782.274 446155
782.557 355787
782.654 344519
782.998 351089
783.412 465924
784.334 385919
784.409 469478
784.665 470959
784.800 4718
784.879 349364
785.604 409070
785.744 454121
786.150 4609
786.224 376787
786.235 358205
786.275 4689
786.325 363187
786.404 587834
786.634 579363
786.774 561711
786.926 466206
787.089 446457
787.275 4611
787.350 4509
787.380 360999
787.505 668536
787.950 4535
788.100 333940
788.175 361934
788.350 4637
788.525 4716
788.675 4507
789.200 93688
789.350 338444
789.800 4613
790.000 4663
790.125 334129
790.251 481941
790.483 420573
790.550 334185
790.913 453200
791.100 9271
787.425 360
791.303 343668
791.409 379327
791.506 425294
791.903 385786
792.000 9729
792.203 489451
792.221 604962
792.658 349619
792.719 374584
793.897 498887
794.983 387907
795.470 591601
796.002 394865
796.068 362262
796.650 89678
797.390 421090
797.500 1972
797.763 338994
797.775 344851
797.881 388624
798.191 605277
798.418 629071
798.859 575208
798.951 355502
799.208 462579
799.469 504240
799.690 392019
800.092 348071
800.409 496036
800.708 437075
800.743 343668
801.075 4223
801.186 357923
801.575 4718
802.075 4689
802.550 4613
802.675 98322
802.700 4609
802.793 491891
803.100 4507
803.100 4663
803.450 334037
803.475 4716
803.650 4637
803.775 4535
804.250 4611
804.580 398564
805.141 445935
805.290 526794
805.375 338444
805.433 365921
805.500 4509
805.661 512041
805.675 93713
805.759 384572
805.965 537900
806.166 372222
806.175 16968
806.344 416503
806.575 17038
806.617 501088
807.019 423405
807.300 89087
807.301 599390
807.323 394757
807.373 446575
807.674 423605
807.816 414056
807.960 357294
808.090 398943
808.272 405914
808.273 420088
808.475 16923
808.839 469493
809.038 409660
809.051 359304
809.321 367949
809.770 404328
809.812 459269
810.625 96565
810.737 387907
813.177 396286
813.399 357277
813.413 603895
814.497 358226
814.846 522942
814.981 340402
815.143 471756
815.317 396354
815.626 367221
816.200 4609
816.350 92543
816.521 416641
816.750 4716
816.764 411044
816.975 83984
816.995 411370
817.084 399007
817.339 364647
817.425 4223
817.625 4689
817.750 91411
816.525 360
817.775 4535
817.950 4718
818.011 599373
818.250 4507
818.276 357938
818.400 4637
818.467 384624
818.616 574765
818.620 363691
818.923 358487
819.575 338444
819.625 4611
819.700 333735
819.954 538913
820.030 390769
820.817 447331
821.075 16889
821.178 435134
821.200 4509
821.205 388593
821.248 469247
821.475 103441
821.519 475752
821.599 354817
821.757 434969
821.879 461088
822.331 458854
822.441 393965
822.908 383130
823.046 349827
823.812 534593
824.116 366399
824.275 1994
824.363 465562
824.450 1883
824.475 482832
824.520 465562
824.700 2059
825.081 504028
825.491 356704
825.972 424400
826.038 363309
826.298 528970
826.325 2063
826.420 341545
826.569 385732
826.603 355135
826.956 367899
827.447 343714
827.462 372521
827.768 459928
828.301 427991
828.428 411467
828.473 473074
828.743 474042
828.873 348477
829.575 4613
829.596 399270
829.775 75319
830.100 96565
830.125 97148
830.125 97206
830.355 374384
830.677 358949
830.776 343262
830.900 20021
830.900 90810
830.950 4718
831.014 368008
831.125 4609
831.208 625277
831.250 1931
831.250 20036
831.300 109232
831.350 2062
831.351 414728
831.398 361779
831.400 20004
831.450 84538
831.450 94864
831.500 20053
831.527 396575
831.550 97131
831.575 1997
831.675 105215
831.725 20005
831.750 20037
831.825 109796
831.975 95457
832.050 2040
832.052 389785
832.075 2085
832.100 106330
832.125 1972
832.125 85041
832.275 100632
832.325 334124
832.400 4611
832.400 4663
832.450 89715
832.475 113307
832.525 94312
832.575 4223
832.590 430577
832.625 89701
832.641 350132
832.641 391755
832.675 99441
832.766 448364
832.900 103467
832.900 4637
832.950 435228
832.975 19984
833.050 96631
833.114 404300
833.150 338444
833.175 1909
833.175 1975
833.180 397942
833.300 2039
833.323 433912
833.350 4535
833.375 101764
833.375 2016
833.430 469838
833.475 102374
833.475 102923
833.525 98260
833.552 359692
833.600 4716
833.625 86823
833.650 109828
833.700 4509
833.700 89087
833.775 74674
833.775 89130
833.850 112115
833.850 4507
833.875 105747
833.900 92543
833.910 345710
833.950 96628
834.000 100027
834.066 406891
834.074 417521
834.225 109254
834.250 20100
834.325 96584
834.375 89118
834.425 2015
834.450 109235
834.450 97145
834.475 88518
834.496 372026
834.511 431873
834.525 89131
834.550 102874
834.550 93701
834.600 104611
834.600 87873
834.620 406833
834.625 100633
834.625 91429
834.650 101723
834.675 104039
834.700 101178
834.750 108074
834.750 2059
834.750 98275
834.825 1994
834.875 94296
834.950 106981
834.975 91377
835.000 1883
835.000 1945
835.100 101208
835.100 89678
835.150 86268
835.150 91435
835.175 2063
835.175 90263
835.175 98922
835.225 90294
835.225 92574
835.250 91970
835.275 86159
835.275 92010
835.425 101737
835.425 110386
835.425 334037
835.425 87392
835.450 103504
835.450 91439
835.475 112077
835.493 390341
835.499 582433
835.500 90827
835.625 103483
835.625 93688
835.625 96054
835.625 97711
835.646 378930
835.650 101150
835.650 91964
835.675 105633
835.675 334097
835.675 334187
835.675 96576
835.725 91411
835.725 99412
835.775 91973
835.800 92499
835.825 92523
835.870 618888
835.875 104083
835.875 88516
835.900 94882
835.925 93713
835.975 90843
836.000 334304
836.025 89147
836.075 100631
836.125 334063
836.150 91977
836.175 1931
836.175 98336
836.200 102292
836.225 97753
836.250 87411
836.275 333949
836.300 104091
836.325 88532
836.350 103911
836.350 333887
836.350 334036
836.400 110376
836.400 334068
836.475 98332
836.500 334243
836.525 103441
836.525 334096
836.525 334244
836.525 74715
836.575 113284
836.575 334005
836.575 86805
836.600 84546
836.625 333769
836.650 106922
836.650 96544
836.675 83984
836.675 89661
836.700 334158
836.700 92528
836.750 104088
836.750 1997
836.800 334185
836.800 94315
836.825 1972
836.850 127075
836.875 334219
836.882 444340
836.925 114455
836.950 101166
836.950 102319
836.975 2062
837.025 334308
837.075 112691
837.115 361779
837.125 88575
837.150 100611
837.150 334368
837.158 396186
837.175 108072
837.175 122998
837.175 90243
837.200 111470
837.250 334366
837.250 92535
837.300 2040
837.400 118958
837.430 343684
837.450 333940
837.475 90248
837.500 100649
837.564 346141
837.566 354931
837.575 334395
837.625 98337
837.650 106963
837.659 454981
837.675 90854
837.700 87976
837.725 111959
837.750 2085
837.795 399495
837.950 104078
837.975 98315
838.050 333735
838.050 98296
838.075 106396
838.125 110971
838.150 334517
838.175 606855
838.192 400797
838.259 501645
835.800 360
838.375 86656
838.450 79212
838.475 107488
838.475 1909
838.650 109270
838.650 84536
838.675 2016
838.675 93712
838.682 358756
838.703 377897
838.725 104658
838.750 333945
839.150 109124
839.250 108679
839.275 98322
839.475 1994
839.500 1883
839.500 2015
839.500 90238
839.500 98843
839.550 1975
839.575 85007
839.600 2059
839.625 2039
839.750 110397
839.750 2063
839.775 114446
839.775 130541
839.800 112715
839.809 355996
839.977 455081
840.025 112130
840.025 1945
840.055 438329
840.100 126354
840.125 129951
840.209 451911
840.223 402768
840.325 334095
840.350 112122
840.350 333889
840.375 333976
840.425 454415
840.450 334245
840.482 345907
840.525 334188
840.550 334306
840.650 334247
840.875 334065
840.900 334129
840.913 474127
840.925 334124
841.025 334339
841.100 334069
841.125 334213
841.200 334063
841.250 334158
841.275 334037
841.275 334097
841.300 334336
841.325 334096
841.650 334036
841.700 334005
841.700 334304
841.750 333887
841.775 333949
841.775 334068
841.925 334187
842.200 333769
842.200 334219
842.275 334185
842.575 334366
842.575 464657
842.700 334244
842.825 334243
843.903 417091
843.983 435825
844.075 333735
844.118 464369
844.350 404699
844.398 366399
844.708 351243
844.846 345889
844.938 358377
844.970 430008
845.238 408810
845.850 461586
846.358 367996
846.393 399087
846.545 529156
846.692 339059
846.730 384572
846.740 488019
847.561 341476
848.413 396286
848.525 496969
849.580 477614
850.162 370613
850.205 372814
850.278 620740
850.279 431420
850.655 433784
850.770 467984
850.843 480055
851.039 639605
851.129 461229
851.297 357938
851.650 338444
851.718 582433
851.875 4507
851.933 352818
852.200 4663
852.275 4637
852.350 4609
852.475 4223
852.774 354019
852.875 4716
853.196 392792
853.394 452313
853.700 4718
854.025 4613
854.125 4535
854.250 4509
854.288 369842
854.783 654200
855.175 4689
855.701 397804
855.850 1945
856.900 334037
857.380 434969
857.561 353870
858.794 355742
859.694 533800
859.804 401073
860.486 494221
860.802 439980
860.918 341934
861.168 413753
861.559 352622
862.228 409489
862.269 431614
862.794 349867
863.104 451735
863.313 364771
864.170 438326
864.375 16889
864.409 396808
864.489 424690
865.166 367139
865.268 403293
865.305 436010
866.377 397934
866.582 459033
866.940 359657
867.028 417101
867.380 436006
867.526 359000
867.817 436816
868.135 452463
868.213 443831
868.407 437670
868.587 436880
868.825 333887
868.925 4689
868.975 4507
869.020 442096
869.050 4718
869.086 384901
869.300 334247
869.325 4716
869.341 342801
869.375 334308
869.425 4609
869.425 4611
869.715 384720
869.780 562250
870.225 4535
870.350 334158
870.603 400374
870.725 4509
870.747 433999
870.828 421646
870.850 334219
871.150 334036
871.150 334069
871.397 410938
871.417 586723
871.469 418257
871.550 4663
871.730 385178
871.775 334304
871.850 334339
872.075 334368
872.230 403669
872.256 631396
872.381 378688
872.468 347029
872.691 428837
872.838 443782
873.092 400516
873.206 441068
873.977 364682
874.441 438468
874.961 402343
852.175 360
873.375 360
875.913 349827
876.015 438981
876.072 373394
876.656 638328
876.945 343445
877.221 434881
877.235 593317
877.350 339181
878.039 410217
878.175 428803
878.238 463612
878.744 369936
879.137 402536
879.526 487060
880.187 425218
880.593 451972
881.174 406474
881.300 378047
881.388 700224
881.698 388679
881.948 395632
882.448 443682
882.657 345356
882.775 334304
883.202 417994
883.300 338444
883.363 440055
883.961 369495
884.054 416164
884.200 4223
884.375 4611
884.450 4663
884.508 353291
884.700 4689
884.716 351766
884.950 4509
884.974 380099
884.975 4535
885.012 424920
885.025 4718
885.175 334368
885.200 334243
885.280 562342
885.500 334339
885.525 334244
885.525 4716
885.775 334036
885.776 453780
885.879 612557
886.150 4637
886.175 334213
886.192 597630
887.583 438655
887.782 401558
888.777 387488
888.841 381571
891.273 467580
891.591 595375
892.012 441704
892.391 347153
892.769 462579
892.906 430008
893.012 620063
893.055 338755
893.180 454132
893.284 376178
893.506 390341
893.625 9866
893.755 563005
893.823 451826
895.195 360085
895.444 430914
896.073 366312
896.074 415482
896.233 451824
896.395 434904
896.583 352504
897.125 4613
897.200 334124
897.326 368445
897.413 353174
897.425 4509
897.643 424663
897.899 461120
897.900 4663
897.941 390804
898.867 342058
898.929 441782
899.125 4637
899.425 4535
899.675 4689
899.725 338444
899.732 371130
900.000 4716
900.150 334065
900.624 451583
900.725 4718
900.887 599373
901.139 613329
901.167 435349
902.070 407631
902.199 414694
886.075 360
902.519 413847
902.680 562434
902.744 350327
902.805 390234
903.464 451911
904.367 634570
904.747 467849
904.775 16889
904.960 411929
905.446 438981
905.643 488748
905.701 360226
906.176 409644
906.214 360622
906.397 477525
906.511 438335
906.977 445077
907.556 626063
907.817 356110
908.068 349577
908.085 401887
908.247 422525
908.452 415270
908.615 374597
909.400 4223
910.273 354924
910.525 4507
910.675 4609
910.743 350177
910.929 442416
911.076 420483
911.268 426172
911.275 17038
911.558 587247
911.700 4611
912.220 476649
912.400 4509
912.650 4613
912.790 349036
912.825 4663
912.876 368304
913.485 449259
913.575 4637
913.758 390538
914.125 16765
914.200 4716
914.250 4689
914.400 4718
914.594 360145
915.106 397137
915.305 348346
915.474 421814
915.496 349725
915.883 349241
916.050 334517
916.916 351773
916.980 438612
917.497 464685
917.515 611236
917.987 381954
918.112 455168
918.783 535066
919.846 354924
919.946 503912
920.023 442545
920.100 17038
920.240 373395
920.678 348134
920.719 482833
920.727 408053
921.777 525895
922.480 403836
922.835 349229
922.856 356541
922.868 346463
922.921 371940
923.055 403171
923.383 423322
923.663 527616
923.725 4223
923.852 345035
924.525 4535
924.586 343839
924.600 334339
924.874 424690
925.199 496000
925.370 470952
925.625 4637
925.725 432836
925.825 334036
925.854 445344
925.881 571885
926.046 339059
926.075 4507
926.350 4613
926.511 376211
927.125 4509
927.222 498129
927.329 432766
927.376 351347
927.475 4611
927.625 4689
906.550 360
927.725 334219
927.875 4716
928.025 86656
928.038 571052
928.077 557658
928.417 384431
928.425 338444
928.577 412185
929.075 4718
929.113 347782
929.125 4609
929.173 416060
929.271 373564
929.458 401435
929.501 441016
929.650 92499
929.800 375520
929.833 449507
930.225 17038
931.414 475405
932.613 509734
932.843 483301
932.961 387897
933.451 353143
934.277 420898
934.739 584415
935.164 639293
935.413 470389
936.562 346141
936.579 429104
936.870 452364
936.956 613329
937.264 367207
937.681 404017
938.100 4223
938.229 378104
938.385 450921
938.918 451729
939.050 4509
939.100 4507
939.319 461986
939.599 470505
939.875 417101
939.940 408476
940.176 502515
940.300 4535
940.492 492464
940.575 4611
940.596 448471
940.775 4718
941.103 394420
941.125 4613
941.248 342694
941.400 4716
941.475 4637
941.580 463266
941.650 106963
941.750 4663
942.445 364128
942.448 405416
942.562 401929
942.925 4689
943.252 495560
943.675 4609
943.969 346134
944.321 402312
944.829 437046
945.087 424090
945.240 345809
945.320 453467
945.561 623466
945.664 416629
946.113 379878
946.250 451852
947.021 420483
947.032 546181
947.166 426500
947.262 377464
948.425 614046
948.675 398362
949.569 383130
949.853 349036
949.975 74715
950.050 4223
950.515 623986
950.609 491598
950.996 346543
951.140 398012
951.404 408476
951.482 428837
952.425 4507
952.575 338444
952.625 4716
952.753 521261
953.048 358038
953.725 400146
953.747 428208
953.900 4637
954.000 4535
954.044 439971
954.050 334185
954.143 405598
927.925 360
954.325 4609
954.675 4689
955.300 4718
955.401 376416
955.700 334129
956.075 436429
956.347 599692
956.396 599050
956.739 415621
957.615 579566
957.675 359396
958.508 436404
958.750 9515
958.804 345164
958.950 428601
959.170 364668
959.313 528837
959.506 430683
959.669 450502
959.673 438612
959.701 354191
959.713 459026
959.722 457959
959.773 417020
960.750 438408
961.702 623986
962.029 367835
962.233 340239
962.540 378056
963.559 368217
963.700 4223
964.100 4509
964.311 465093
964.489 387177
964.838 357923
965.615 346021
965.621 414077
965.661 373086
965.675 100633
965.832 374402
965.850 98922
966.200 4611
966.271 421646
966.325 4613
966.475 4535
966.695 343250
966.978 388753
967.124 481515
967.266 615832
967.500 4663
967.500 97711
967.575 102874
967.600 4716
967.725 96576
967.775 334096
967.800 97145
967.825 93713
967.850 334245
967.950 91435
968.325 4637
968.400 379489
968.477 430045
968.525 87873
968.575 1883
968.776 370613
968.825 4689
968.850 4718
969.225 338444
969.276 422666
969.536 416164
969.675 1945
969.700 74715
969.725 99412
969.960 372017
970.000 1909
970.050 1931
970.175 85041
970.250 1975
970.352 487060
970.398 404039
970.450 110376
970.500 75319
970.509 349036
970.700 98260
970.799 368206
970.878 415511
970.998 394500
971.050 74674
971.075 90243
971.125 92535
971.228 519662
971.300 85007
971.302 389018
971.309 407107
971.325 109235
971.350 94315
971.425 89661
971.500 113284
971.800 1972
971.925 91970
972.075 104083
972.125 96584
955.050 360
972.175 86268
972.175 92523
972.250 87392
972.300 101764
972.309 615964
972.475 2016
972.675 100611
972.800 101208
972.800 97148
972.900 98275
972.950 91411
972.975 100632
973.025 2040
973.050 2059
973.125 86656
973.125 87976
973.149 354969
973.175 2039
973.300 93712
973.325 1997
973.400 92528
973.450 102374
973.450 96628
973.550 89118
973.575 87411
973.675 96631
973.700 101178
973.700 94296
973.725 95457
973.750 92010
973.891 342499
973.925 2015
973.925 88575
973.935 393712
974.025 86805
974.075 1994
974.200 100027
974.200 419267
974.200 89131
974.250 88532
974.275 89087
974.300 1883
974.300 333735
974.325 333769
974.325 83984
974.325 90294
974.350 84546
974.450 106981
974.450 89715
974.450 91377
974.450 97753
974.525 79212
974.550 20100
974.650 89130
974.700 90827
974.725 109254
974.725 84538
974.750 88518
974.842 577202
974.850 333940
974.900 106922
974.900 109270
974.925 1945
974.950 103911
974.950 92574
974.975 92499
974.988 358208
975.000 105633
975.050 110397
975.050 91973
975.075 2063
975.100 111470
975.125 96565
975.150 91429
975.175 96054
975.200 1909
975.225 86159
975.250 333887
975.275 97131
975.325 93688
975.350 98337
975.400 94882
975.425 104088
975.425 333945
975.425 89678
975.450 107488
975.500 98296
975.525 90238
975.550 1931
975.575 333889
975.575 334005
975.575 89701
975.575 90843
975.700 103441
975.700 334063
975.725 106330
975.725 90248
975.732 342357
975.775 333976
975.800 91964
975.825 88516
975.825 94864
972.900 360
975.850 105215
975.875 103483
975.875 109828
975.900 334065
975.900 98922
975.925 109124
975.927 533800
975.950 1975
976.000 2085
976.000 334124
976.000 98336
976.003 391047
976.025 102923
976.025 86823
976.075 334036
976.100 334037
976.100 334097
976.100 84536
976.150 104091
976.150 333949
976.150 90263
976.175 90810
976.200 102292
976.225 334095
976.225 89147
976.275 91977
976.300 2062
976.350 91439
976.425 102319
976.425 334158
976.425 334213
976.450 334188
976.475 104039
976.475 108072
976.475 334068
976.475 334069
976.475 334129
976.475 98315
976.525 1972
976.550 334306
976.575 334185
976.599 461288
976.650 104611
976.650 92543
976.675 334243
976.690 419997
976.775 97206
976.775 98843
976.800 334096
976.800 334244
976.850 101723
976.850 108679
976.912 463131
976.925 98332
976.950 101737
976.950 334336
976.950 93701
977.000 110386
977.050 100649
977.050 334187
977.075 104658
977.113 430577
977.125 99441
977.150 100631
977.150 97145
977.175 96544
977.192 418527
977.225 104078
977.325 334368
977.375 105747
977.400 112691
977.425 334245
977.450 106396
977.450 113307
977.575 103504
977.575 111959
977.575 2039
977.625 2016
977.625 334304
977.650 109796
977.700 109232
977.750 103467
977.800 94312
977.850 2059
977.875 90854
977.900 334219
977.925 91435
977.944 376171
977.975 1997
978.025 112122
978.075 2040
978.075 334366
978.100 110971
978.175 101150
978.200 101166
978.250 334395
978.275 334308
978.350 98322
978.400 96576
978.421 431614
978.425 100633
978.529 397657
978.546 436201
978.570 408279
978.575 118958
978.600 2015
978.750 112077
978.800 333769
978.850 334247
978.850 334339
978.925 106963
978.950 112115
979.150 108074
979.200 114446
979.250 1994
979.450 112130
979.497 374883
979.845 406873
979.975 2063
979.998 576654
980.000 333940
980.025 129951
980.025 333887
980.200 333976
980.200 334063
980.200 334517
980.300 2085
980.300 333945
980.400 333735
980.425 334037
980.453 430070
980.525 114455
980.575 334036
980.600 122998
980.600 334065
980.602 469326
980.775 334005
980.875 334185
980.950 334069
980.950 334188
980.975 334306
981.000 333949
981.025 112715
981.025 334097
981.025 412138
981.100 334158
981.225 130541
981.275 334095
981.284 376393
981.300 334244
981.424 470505
981.475 334187
981.475 334336
981.525 334124
981.550 334068
981.650 127075
981.650 334096
981.650 334243
981.875 334129
981.898 443134
981.925 334245
981.950 334213
981.986 420152
982.375 334304
982.575 126354
982.625 334368
982.969 405914
983.050 334219
983.401 453780
983.831 617060
983.851 614689
983.868 348767
984.300 334395
984.325 334339
984.450 334366
984.735 462357
985.275 334517
985.746 436264
986.064 363658
986.510 433611
986.750 4223
986.758 390815
986.784 382552
987.075 440534
987.572 438977
988.127 377464
988.246 361172
988.275 4535
988.321 364978
989.390 369965
989.575 4509
989.581 389926
989.800 464611
990.221 431975
990.248 592960
990.356 476577
990.625 4507
990.650 338444
990.952 340553
991.344 412154
992.375 4689
992.625 4663
992.825 4611
992.875 535413
992.897 510656
993.087 475925
993.410 415327
993.505 438048
994.359 464657
994.550 4716
994.553 455451
994.716 440534
994.766 386169
994.815 630122
994.817 390126
994.930 421544
995.041 367996
995.260 399949
995.689 352491
995.749 451107
995.800 454569
995.995 459033
996.097 448756
996.136 478633
996.360 469996
996.800 348134
997.025 17038
997.271 397201
997.500 474042
998.594 571203
999.088 386341
999.121 516643
999.555 401435
999.956 537900
1000.614 396657
1001.025 4223
1001.288 351089
1001.383 345789
1001.443 360002
1001.475 4535
1001.562 574575
1001.575 4509
1002.350 4507
1002.493 345693
1002.501 374226
1002.529 447772
1002.691 420095
1002.900 4613
1002.938 347344
1003.132 453640
1003.206 430842
1003.507 359521
1003.625 4609
1003.757 363658
1004.026 415836
1004.082 344708
1004.175 334244
1004.190 603026
1005.218 374744
1005.255 620063
1005.350 4663
1005.891 374773
1006.047 340565
1006.325 4689
1006.391 355423
1007.238 442100
1007.685 369676
1007.875 334185
1007.878 358226
1008.071 630853
1008.469 597156
1009.369 381930
1009.375 4716
1009.495 440996
1009.565 456840
1009.917 452779
1010.754 429538
1010.887 346734
1011.199 467702
1011.507 450218
1012.340 377405
1012.485 406873
1012.790 383130
1013.456 369858
1013.503 358784
1013.662 370397
1014.656 452313
1014.790 539436
1015.475 367881
1015.711 364647
1015.787 453921
1015.818 340140
1016.325 4611
1016.450 334187
1016.696 345973
1016.925 4223
1016.975 4609
1017.067 366217
1017.100 4507
1017.270 408818
1017.350 338444
1017.365 395931
1017.700 4509
1017.756 581365
1017.825 4535
1017.908 589274
993.350 360
