0	0
0.5	5.32756e-06
1	5.32814e-06
1.5	5.3282e-06
2	5.32808e-06
2.5	5.32787e-06
3	5.3276e-06
3.5	4.57578e-06
4	2.61456e-06
4.5	3.45696e-07
5	-7.11814e-07
5.5	-9.61213e-07
6	-9.93676e-07
6.5	-1.18162e-06
7	-2.23431e-06
7.5	-3.77729e-06
8	-6.2882e-06
8.5	-9.33719e-06
9	-1.24213e-05
9.5	-1.77853e-05
10	-2.06167e-05
10.5	-2.18958e-05
11	-2.59555e-05
11.5	-2.67616e-05
12	-2.54668e-05
12.5	-2.27027e-05
13	-2.12572e-05
13.5	-2.12425e-05
14	-1.29274e-05
14.5	-1.11355e-05
15	-8.48821e-06
15.5	3.21391e-06
16	4.96568e-06
16.5	5.36649e-06
17	3.4611e-06
17.5	3.76042e-06
18	1.05906e-05
18.5	-4.78005e-05
19	-3.66233e-05
19.5	-2.02995e-05
20	-1.14664e-05
20.5	5.59881e-05
21	0.000105167
21.5	0.000145206
22	0.00021531
22.5	0.000638539
23	0.00043734
23.5	0.000260869
24	8.8533e-05
24.5	-1.76927e-05
25	-0.000115469
25.5	-0.000109603
26	-6.64756e-05
26.5	-4.52327e-05
27	-3.81019e-05
27.5	-3.3441e-05
28	-3.26928e-05
28.5	-1.6206e-05
29	2.92062e-05
29.5	-0.00174772
30	-0.000644075
30.5	-0.000385492
31	-0.000428202
31.5	-0.000180768
32	-0.000252647
32.5	-0.00047434
33	-0.000541138
33.5	-0.000285533
34	-0.000389318
34.5	-0.000362458
35	-0.000191201
35.5	-0.000159878
36	-0.000189453
36.5	-0.000203296
37	-0.000211467
37.5	-0.000215128
38	-0.000212321
38.5	-0.000189255
39	-0.000171761
39.5	-0.000150767
40	-0.000135559
40.5	-0.00012155
41	-0.000104557
41.5	-9.01505e-05
42	-7.57457e-05
42.5	-6.2607e-05
43	-5.07613e-05
43.5	-4.05799e-05
44	-3.30183e-05
44.5	-2.82894e-05
45	-2.32428e-05
45.5	-1.78634e-05
46	-1.32743e-05
46.5	-1.06704e-05
47	-9.86872e-06
47.5	-1.01121e-05
48	-1.11392e-05
48.5	-1.20083e-05
49	-1.24163e-05
49.5	-1.44566e-05
50	-1.46727e-05
50.5	-1.24347e-05
51	-4.53797e-06
51.5	-5.9466e-06
52	-9.52242e-06
52.5	-1.10635e-05
53	-1.20273e-05
53.5	-1.38962e-05
54	-1.55545e-05
54.5	-1.54734e-05
55	-1.47465e-05
55.5	-1.53364e-05
56	-1.8539e-05
56.5	-1.98393e-05
57	-1.98936e-05
57.5	-2.00065e-05
58	-1.91856e-05
58.5	-2.09423e-05
59	-2.1528e-05
59.5	-2.23749e-05
60	-2.21205e-05
60.5	-2.13058e-05
61	-2.1775e-05
61.5	-2.12194e-05
62	-2.19407e-05
62.5	-2.18387e-05
63	-2.17362e-05
63.5	-2.09188e-05
64	-2.0827e-05
64.5	-1.77488e-05
65	-1.9622e-05
65.5	-2.17119e-05
66	-2.10501e-05
66.5	-1.84571e-05
67	-1.37534e-05
67.5	-5.90044e-07
68	3.14533e-06
68.5	1.20847e-06
69	-1.81881e-06
69.5	-2.61153e-06
70	-3.15197e-06
70.5	-5.0714e-06
71	-9.47873e-06
71.5	-1.15374e-05
72	-1.42597e-05
72.5	-1.52614e-05
73	-1.53489e-05
73.5	-1.51025e-05
74	-1.44867e-05
74.5	-1.50241e-05
75	-1.51206e-05
75.5	-1.46412e-05
76	-1.44051e-05
76.5	-1.38268e-05
77	-1.59896e-05
77.5	-2.05713e-05
78	-2.14843e-05
78.5	-2.06145e-05
79	-1.9518e-05
79.5	-2.04401e-05
80	-1.8936e-05
80.5	-2.03095e-05
81	-1.74845e-05
81.5	2.8551e-06
82	2.07082e-06
82.5	-2.08258e-06
83	-6.74091e-06
83.5	-7.62645e-06
84	-7.72936e-06
84.5	-7.92401e-06
85	-8.58131e-06
85.5	-1.04971e-05
86	-1.20001e-05
86.5	-1.31339e-05
87	-1.3742e-05
87.5	-1.37608e-05
88	-1.42214e-05
88.5	-1.43367e-05
89	-1.50768e-05
89.5	-1.70758e-05
90	-1.78074e-05
90.5	-2.01625e-05
91	-2.13484e-05
91.5	-2.06111e-05
92	-1.89254e-05
92.5	-1.82089e-05
93	-1.87993e-05
93.5	-1.76837e-05
94	-1.25747e-05
94.5	-1.20353e-05
95	-9.03593e-06
95.5	-7.04595e-06
96	-1.02575e-05
96.5	-1.93958e-05
97	-1.7051e-05
97.5	-1.72106e-05
98	-1.86528e-05
98.5	-1.83421e-05
99	-1.6755e-05
99.5	-1.61405e-05
100	-2.15827e-05
100.5	-2.23735e-05
101	-2.12196e-05
101.5	-2.01449e-05
102	-2.08333e-05
102.5	-2.37782e-05
103	-2.14489e-05
103.5	-1.96967e-05
104	-1.38355e-05
104.5	-9.55681e-05
105	-8.90571e-05
105.5	-7.35021e-05
106	-6.20238e-05
106.5	-5.55662e-05
107	-5.19122e-05
107.5	-4.72575e-05
108	-4.07408e-05
108.5	-4.77269e-05
109	-5.75354e-05
109.5	-0.000138631
110	-9.11811e-05
110.5	-3.5264e-05
111	-2.51463e-05
111.5	-4.36008e-05
112	-3.19e-05
112.5	-1.78119e-05
113	-1.83996e-05
113.5	-3.79767e-05
114	-3.98239e-05
114.5	-0.000122422
115	-9.39256e-05
115.5	-8.05387e-05
116	-0.000102985
116.5	-0.000109273
117	-9.92841e-05
117.5	-8.88294e-05
118	-0.000105318
118.5	-0.000188959
119	-0.000397988
119.5	-0.000352031
120	-0.00182547
120.5	-0.000806462
121	-0.000170749
121.5	1.95697e-05
122	-0.000411307
122.5	-0.000534734
123	-0.000721225
123.5	-0.000607467
124	-0.000449871
124.5	-0.000372627
125	-0.000391315
125.5	-0.000361834
126	-0.000267064
126.5	-0.000250626
127	-0.000284899
127.5	-0.00024044
128	-0.000257675
128.5	-0.000266916
129	-0.00032245
129.5	-0.000288359
130	-0.000275459
130.5	-0.000257589
131	-0.00024221
131.5	-0.000225989
132	-0.000208067
132.5	-0.00018874
133	-0.000163359
133.5	-0.000141539
134	-0.000122762
134.5	-0.000103974
135	-8.72868e-05
135.5	-7.27278e-05
136	-5.98218e-05
136.5	-4.87607e-05
137	-3.94229e-05
137.5	-3.12403e-05
138	-2.67752e-05
138.5	-2.21738e-05
139	-1.79902e-05
139.5	-1.65633e-05
140	-1.66847e-05
140.5	-1.90385e-05
141	-1.6331e-05
141.5	3.0059e-07
142	-1.12024e-06
142.5	-3.39229e-06
143	-4.95479e-06
143.5	-5.46557e-06
144	-6.82279e-06
144.5	-9.85495e-06
145	-1.29013e-05
145.5	-1.42599e-05
146	-1.63352e-05
146.5	-1.73692e-05
147	-1.73084e-05
147.5	-1.69662e-05
148	-1.6076e-05
148.5	-1.55701e-05
149	-1.65763e-05
149.5	-1.68207e-05
150	-1.7137e-05
150.5	-2.22885e-05
151	-2.31596e-05
151.5	-2.23668e-05
152	-2.18828e-05
152.5	-2.17134e-05
153	-2.10393e-05
153.5	-2.00005e-05
154	-1.89237e-05
154.5	-1.67262e-05
155	-1.53267e-05
155.5	-1.80577e-05
156	-1.96557e-05
156.5	-1.91373e-05
157	-1.81184e-05
157.5	-4.38655e-06
158	-2.06618e-06
158.5	-2.53246e-06
159	-1.53662e-06
159.5	4.85873e-07
160	-4.69975e-07
160.5	-2.21892e-06
161	-2.87068e-06
161.5	-4.52509e-06
162	-6.35422e-06
162.5	-2.79431e-06
163	-1.38583e-05
163.5	-2.46733e-05
164	-2.06107e-05
164.5	-1.46398e-05
165	-1.39775e-05
165.5	-1.35254e-05
166	-1.27812e-05
166.5	-1.22485e-05
167	-1.25182e-05
167.5	-1.56579e-05
168	-1.48816e-05
168.5	-1.41831e-05
169	-2.06335e-05
169.5	-2.65489e-05
170	-2.30444e-05
170.5	-1.49035e-05
171	-1.15922e-05
171.5	-1.04795e-05
172	-5.30976e-06
172.5	-1.00807e-05
173	-1.51199e-05
173.5	-1.10434e-05
174	-7.95136e-06
174.5	-5.65667e-06
175	-4.83587e-06
175.5	-4.55581e-06
176	-4.27881e-06
176.5	-4.34086e-06
177	-4.15994e-06
177.5	-6.04178e-06
178	-8.99516e-06
178.5	-9.51921e-06
179	-1.07194e-05
179.5	-1.10356e-05
180	-1.02598e-05
180.5	-1.00022e-05
181	-1.01275e-05
181.5	-1.11717e-05
182	-1.07742e-05
182.5	-1.28639e-05
183	-1.6489e-05
183.5	-1.76925e-05
184	-1.14613e-05
184.5	4.70347e-06
185	4.7541e-06
185.5	8.94045e-06
186	8.98539e-06
186.5	4.38584e-06
187	2.86119e-06
187.5	3.25065e-06
188	-7.38509e-05
188.5	-8.9849e-05
189	-0.000100738
189.5	-9.56076e-05
190	-7.92635e-05
190.5	-6.82232e-05
191	-5.71156e-05
191.5	-5.3802e-05
192	-5.61893e-05
192.5	-4.47956e-05
193	-3.33862e-05
193.5	-2.60342e-05
194	-2.1654e-05
194.5	-1.8678e-05
195	-1.66096e-05
195.5	-1.5592e-05
196	-1.52884e-05
196.5	-1.45864e-05
197	-1.38126e-05
197.5	-1.27893e-05
198	-1.24908e-05
198.5	-1.30479e-05
199	-1.13948e-05
199.5	-1.48383e-05
200	-1.41439e-05
200.5	-1.54412e-05
201	-1.00312e-05
201.5	-4.92444e-06
202	-3.57827e-06
202.5	-6.04063e-06
203	-6.27508e-06
203.5	-6.06822e-06
204	-6.86433e-06
204.5	-7.23487e-06
205	-7.79234e-06
205.5	-8.06252e-06
206	-7.69956e-06
206.5	-9.55851e-06
207	-1.0933e-05
207.5	-1.15794e-05
208	-1.42889e-05
208.5	-1.66349e-05
209	-1.88819e-05
209.5	-2.14387e-05
210	-2.36947e-05
210.5	-2.34296e-05
211	-2.6902e-05
211.5	-2.56975e-05
212	-2.37754e-05
212.5	-2.18929e-05
213	-1.73007e-05
213.5	-1.57939e-05
214	-3.05495e-05
214.5	-2.75592e-05
215	-2.72187e-05
215.5	-2.54086e-05
216	-1.50416e-05
216.5	-1.4383e-05
217	-1.39141e-05
217.5	-1.38519e-05
218	-1.34355e-05
218.5	-1.36096e-05
219	-1.35892e-05
219.5	-1.37763e-05
220	-1.36397e-05
220.5	-1.3938e-05
221	-1.36118e-05
221.5	-1.35165e-05
222	-1.33137e-05
222.5	-1.31632e-05
223	-1.2981e-05
223.5	-1.30322e-05
224	-1.33987e-05
224.5	-6.8129e-06
225	-1.60548e-05
225.5	-2.15553e-05
226	-3.84606e-05
226.5	-6.15201e-05
227	-7.06106e-05
227.5	-4.65872e-05
228	-3.33432e-05
228.5	-2.71572e-05
229	-0.000122713
229.5	-0.000178694
230	-0.000140204
230.5	-0.000120992
231	-2.10329e-05
231.5	-0.000225548
232	-0.000194485
232.5	-0.000185279
233	-0.000140446
233.5	-3.83019e-05
234	9.49167e-05
234.5	0.000278052
235	0.000161548
235.5	-0.000217203
236	-0.000217942
236.5	-0.000416191
237	-0.000428936
237.5	-0.000396699
238	-0.000290177
238.5	-0.000292984
239	-0.000436455
239.5	-0.000386866
240	-0.000423267
240.5	-0.000384221
241	-0.000363527
241.5	-0.000315776
242	-0.000285756
242.5	-0.000258301
243	-0.000233765
243.5	-0.000207302
244	-0.000178342
244.5	-0.000149968
245	-0.000124121
245.5	-0.000101409
246	-8.41072e-05
246.5	-6.83354e-05
247	-5.56617e-05
247.5	-4.37025e-05
248	-3.41903e-05
248.5	-2.68193e-05
249	-2.08937e-05
249.5	-1.69663e-05
250	-1.11127e-05
250.5	-8.00185e-06
251	7.67382e-06
251.5	6.71491e-06
252	4.11416e-06
252.5	9.94588e-07
253	-1.26946e-06
253.5	-2.96941e-06
254	-4.48185e-06
254.5	-8.48195e-06
255	-8.38465e-06
255.5	-9.47082e-06
256	-1.11145e-05
256.5	-1.17731e-05
257	-1.15695e-05
257.5	-1.19334e-05
258	-1.20775e-05
258.5	-1.17179e-05
259	-1.25612e-05
259.5	-1.35931e-05
260	-1.32037e-05
260.5	-1.27699e-05
261	-1.19727e-05
261.5	-1.42732e-05
262	-2.50606e-05
262.5	-2.8792e-05
263	-2.39745e-05
263.5	-1.97964e-05
264	-3.29713e-06
264.5	-7.81433e-07
265	-2.00662e-06
265.5	1.89112e-06
266	1.70081e-06
266.5	-1.68952e-06
267	-3.83605e-06
267.5	-2.75369e-06
268	-3.35513e-06
268.5	-2.5329e-06
269	-1.20983e-06
269.5	-8.57835e-06
270	-2.83109e-05
270.5	-4.11235e-05
271	-3.41196e-05
271.5	-6.41992e-05
272	-6.35347e-05
272.5	-2.77024e-05
273	-1.18493e-05
273.5	-8.66714e-06
274	-7.72224e-06
274.5	-7.2479e-06
275	-6.75859e-06
275.5	-3.71417e-06
276	1.16699e-05
276.5	1.10589e-05
277	9.69746e-06
277.5	7.07463e-06
278	5.37575e-06
278.5	4.57196e-06
279	1.98919e-06
279.5	8.85868e-07
280	6.25656e-07
280.5	4.09772e-06
281	4.92236e-06
281.5	3.14629e-06
282	3.61661e-07
282.5	-1.81352e-06
283	-1.48763e-06
283.5	-1.95837e-06
284	-2.99744e-06
284.5	-3.75567e-06
285	-3.74434e-06
285.5	-4.36374e-06
286	-4.9184e-06
286.5	-4.91456e-06
287	-5.364e-06
287.5	-6.7252e-06
288	-8.45277e-06
288.5	-9.18315e-06
289	-9.62448e-06
289.5	-9.85673e-06
290	-8.31234e-06
290.5	-6.78999e-06
291	-3.52197e-06
291.5	1.24994e-05
292	8.85288e-06
292.5	5.4387e-06
293	4.1159e-06
293.5	1.18874e-06
294	-2.45631e-06
294.5	-4.30009e-06
295	-5.39551e-06
295.5	-5.88418e-06
296	-8.79293e-06
296.5	-5.17145e-06
297	-2.40776e-05
297.5	-3.72106e-05
298	-3.02177e-05
298.5	-2.05278e-05
299	-1.48565e-05
299.5	-1.01417e-05
300	-8.63453e-06
300.5	-7.73299e-05
301	-0.000137891
301.5	-0.000143423
302	-0.000131033
302.5	-0.000114599
303	-0.000100187
303.5	-8.71185e-05
304	-7.37821e-05
304.5	-6.45513e-05
305	-5.64776e-05
305.5	-4.98511e-05
306	-4.42047e-05
306.5	-3.85141e-05
307	-3.31037e-05
307.5	-2.9253e-05
308	-2.6147e-05
308.5	-2.13738e-05
309	-2.38298e-05
309.5	-2.39092e-05
310	-1.71651e-05
310.5	-1.5514e-05
311	-1.41404e-05
311.5	-1.32175e-05
312	-1.03316e-05
312.5	-1.56848e-05
313	-4.60956e-05
313.5	-4.56161e-05
314	-2.52363e-05
314.5	-1.7987e-05
315	-1.9756e-05
315.5	-2.0204e-05
316	-2.18244e-05
316.5	-2.88416e-06
317	-4.96286e-07
317.5	1.30381e-06
318	2.91158e-06
318.5	6.19434e-06
319	-4.16395e-06
319.5	-1.13514e-05
320	-8.25589e-06
320.5	-6.97779e-06
321	-7.81837e-06
321.5	-8.17158e-06
322	-8.45157e-06
322.5	-1.20127e-05
323	-1.38102e-05
323.5	-1.36638e-05
324	-1.254e-05
324.5	-1.08687e-05
325	-7.52628e-06
325.5	-7.96664e-06
326	-8.49458e-06
326.5	-8.40254e-06
327	-3.74632e-06
327.5	-3.18605e-05
328	-3.95103e-05
328.5	-5.83639e-05
329	-6.93785e-05
329.5	-6.26536e-05
330	-4.32154e-05
330.5	-2.41915e-05
331	-1.1936e-05
331.5	-6.18353e-06
332	-1.49661e-05
332.5	-9.26457e-06
333	-7.71889e-06
333.5	-1.90551e-06
334	-1.67727e-06
334.5	-2.58386e-06
335	-1.98244e-06
335.5	-2.11967e-06
336	-3.38848e-06
336.5	-4.63917e-06
337	-2.85847e-05
337.5	-2.52034e-05
338	-2.29245e-05
338.5	-2.02335e-05
339	-1.93087e-05
339.5	-1.76514e-05
340	-1.76446e-05
340.5	-1.65111e-05
341	-1.52058e-05
341.5	-1.46011e-05
342	-1.47798e-05
342.5	-1.52909e-05
343	-1.54402e-05
343.5	-1.51858e-05
344	-1.5947e-05
344.5	-1.67159e-05
345	-1.59455e-05
345.5	-1.60714e-05
346	-1.641e-05
346.5	-4.3965e-05
347	-5.10506e-05
347.5	-6.40587e-05
348	1.84931e-05
348.5	3.72065e-05
349	-1.81889e-05
349.5	-1.41897e-05
350	-9.24613e-06
350.5	-6.28152e-06
351	-4.74438e-06
351.5	-5.58243e-06
352	-5.32516e-06
352.5	-4.9996e-06
353	-5.10761e-06
353.5	-5.37489e-06
354	-4.76997e-06
354.5	-4.81226e-05
355	-4.83057e-05
355.5	-4.59826e-05
356	-4.35234e-05
356.5	-4.05837e-05
357	-3.80366e-05
357.5	-3.53324e-05
358	-3.24219e-05
358.5	-8.71121e-05
359	-8.32535e-05
359.5	-7.25867e-05
360	-5.91985e-05
360.5	-7.12043e-05
361	-1.60319e-05
361.5	4.80934e-06
362	0.000154675
362.5	0.000120102
363	5.89766e-05
363.5	8.12984e-06
364	0.000168267
364.5	-9.72989e-05
365	-0.000239502
365.5	-0.000250061
366	-0.000386997
366.5	-0.000404882
367	-0.00047845
367.5	-0.000429353
368	-0.000402512
368.5	-0.000444653
369	-0.000246944
369.5	-0.000237563
370	-0.000255013
370.5	-0.000301356
371	-0.000476422
371.5	-0.000423115
372	-0.000398768
372.5	-0.00037283
373	-0.000340248
373.5	-0.000295848
374	-0.000258635
374.5	-0.000219219
375	-0.000182466
375.5	-0.00015175
376	-0.000124447
376.5	-0.00010012
377	-7.93741e-05
377.5	-6.28433e-05
378	-4.95145e-05
378.5	-3.78266e-05
379	-2.83891e-05
379.5	-2.18272e-05
380	-1.59784e-05
380.5	-9.79991e-06
381	-6.51953e-06
381.5	-5.33577e-06
382	-6.04069e-06
382.5	-1.02732e-05
383	-1.26182e-05
383.5	-8.1794e-06
384	-8.09786e-06
384.5	-9.13672e-06
385	-9.36152e-06
385.5	-8.52261e-06
386	-8.79912e-06
386.5	-8.70029e-06
387	-8.84189e-06
387.5	-8.71959e-06
388	-8.80023e-06
388.5	-9.98016e-06
389	-1.25591e-05
389.5	-1.45868e-05
390	-1.38839e-05
390.5	-1.7124e-06
391	-4.05248e-06
391.5	-6.20204e-06
392	-6.42748e-06
392.5	-6.0735e-06
393	-4.01096e-06
393.5	-4.06911e-06
394	-6.03661e-06
394.5	-6.15661e-06
395	-5.81239e-06
395.5	-4.47654e-06
396	-4.23511e-06
396.5	-5.66187e-06
397	-7.12078e-06
397.5	-7.05329e-06
398	-6.16795e-06
398.5	-6.46978e-06
399	-3.16242e-05
399.5	-3.02872e-05
400	-2.93061e-05
400.5	-1.93188e-05
401	-1.3361e-05
401.5	-9.21668e-06
402	-1.0565e-05
402.5	-1.27496e-05
403	-1.34044e-05
403.5	-1.44344e-05
404	-1.70682e-05
404.5	-1.78888e-05
405	-1.81238e-05
405.5	-1.74875e-05
406	-1.71052e-05
406.5	-1.68157e-05
407	-1.71204e-05
407.5	-1.67787e-05
408	-1.54674e-05
408.5	-1.45868e-05
409	-1.37586e-05
409.5	-1.12891e-05
410	-1.03523e-05
410.5	-1.04034e-05
411	-1.05582e-05
411.5	-1.02796e-05
412	-8.52844e-06
412.5	-1.02445e-05
413	-1.14912e-05
413.5	-9.29288e-06
414	-7.97956e-06
414.5	5.09748e-06
415	5.52731e-06
415.5	4.51764e-06
416	3.79912e-06
416.5	3.47205e-06
417	7.77929e-07
417.5	-2.0553e-07
418	-4.67109e-07
418.5	-1.44473e-06
419	-4.1885e-06
419.5	-7.47279e-06
420	-8.1357e-06
420.5	-8.06597e-06
421	-7.24431e-06
421.5	-8.74166e-06
422	-1.11913e-05
422.5	-1.24309e-05
423	-1.37841e-05
423.5	-1.55941e-05
424	-1.63864e-05
424.5	-1.65576e-05
425	-1.74297e-05
425.5	-1.70785e-05
426	-1.81101e-05
426.5	-1.68423e-05
427	-1.3802e-05
427.5	-7.21206e-06
428	-2.61628e-06
428.5	-2.80549e-06
429	-3.4555e-06
429.5	-3.81779e-06
430	-3.07358e-06
430.5	-1.84486e-06
431	-1.05102e-06
431.5	1.05516e-05
432	9.761e-06
432.5	6.26369e-06
433	3.91699e-06
433.5	3.25967e-07
434	-1.09059e-06
434.5	-2.99874e-06
435	-4.11739e-06
435.5	-5.3738e-06
436	-7.26957e-06
436.5	-8.86287e-06
437	-9.53725e-06
437.5	-9.37652e-06
438	-8.52374e-06
438.5	-4.1343e-05
439	-5.27242e-05
439.5	-4.26752e-05
440	-2.32927e-05
440.5	-5.3578e-06
441	1.27271e-06
441.5	3.18782e-06
442	2.55819e-06
442.5	-1.37016e-07
443	-2.15691e-06
443.5	-5.65897e-06
444	-9.04364e-06
444.5	-1.0046e-05
445	-9.91084e-06
445.5	-9.90281e-06
446	-9.11841e-06
446.5	-8.48316e-06
447	-7.59306e-06
447.5	-6.4937e-06
448	-6.3535e-06
448.5	-6.28978e-06
449	-6.21541e-06
449.5	-5.92603e-06
450	-5.76825e-06
450.5	-7.0133e-06
451	-8.01057e-06
451.5	-8.87255e-06
452	-1.07991e-05
452.5	-8.83763e-06
453	-8.13142e-06
453.5	-1.55989e-05
454	-2.00118e-05
454.5	-1.21727e-05
455	-5.23928e-06
455.5	4.67985e-06
456	1.96829e-05
456.5	1.60242e-05
457	9.99316e-06
457.5	5.5127e-07
458	-5.85431e-06
458.5	-9.01929e-06
459	-9.4899e-06
459.5	-8.06615e-06
460	5.52109e-06
460.5	-3.69445e-05
461	-5.12999e-05
461.5	-5.16165e-05
462	-3.76801e-05
462.5	-4.12128e-05
463	-5.39828e-05
463.5	-3.57296e-05
464	-2.33131e-05
464.5	-2.02201e-05
465	-2.74871e-05
465.5	-3.59854e-05
466	-4.85805e-05
466.5	-5.86322e-05
467	-7.68718e-05
467.5	-5.33857e-05
468	-1.01064e-05
468.5	5.53374e-07
469	-3.26943e-06
469.5	2.13219e-05
470	1.70738e-05
470.5	1.07191e-05
471	5.23088e-06
471.5	-1.47423e-06
472	-5.13818e-06
472.5	-6.84506e-06
473	-9.39413e-06
473.5	-1.08065e-05
474	-1.07407e-05
474.5	-1.05072e-05
475	-9.76738e-06
475.5	-1.0835e-05
476	-1.43397e-05
476.5	-2.33894e-05
477	-2.79581e-05
477.5	-2.07136e-05
478	-1.62316e-05
478.5	-2.41721e-05
479	-3.02616e-05
479.5	-3.01186e-05
480	-3.89045e-05
480.5	-3.13563e-05
481	-2.24313e-05
481.5	-2.10843e-05
482	-1.74019e-05
482.5	-1.26831e-05
483	-6.10875e-06
483.5	-5.78351e-06
484	-1.26853e-05
484.5	-1.98224e-05
485	-9.65509e-06
485.5	-1.18729e-05
486	-2.79715e-05
486.5	-2.73617e-05
487	-2.15083e-05
487.5	-1.94307e-05
488	-5.136e-06
488.5	2.50371e-05
489	-1.27302e-05
489.5	-2.50241e-05
490	-0.000100015
490.5	-6.97177e-05
491	-1.71801e-05
491.5	0.000219749
492	0.000716083
492.5	0.000256168
493	-0.000162414
493.5	-0.000427167
494	-0.000400973
494.5	-0.000398728
495	-0.000291562
495.5	-0.000351905
496	-0.000276506
496.5	-0.000255968
497	-0.00022822
497.5	-0.000230741
498	-0.000338171
498.5	-0.000399602
499	-0.000413753
499.5	-0.000387958
500	-0.000355392
500.5	-0.00032738
501	-0.000302504
501.5	-0.000271947
502	-0.000243144
502.5	-0.000213367
503	-0.000184794
503.5	-0.000157242
504	-0.00013019
504.5	-0.00010696
505	-8.74891e-05
505.5	-7.01881e-05
506	-5.54481e-05
506.5	-4.31598e-05
507	-1.89139e-05
507.5	-1.49024e-05
508	-1.27933e-05
508.5	-8.0877e-06
509	-6.17754e-06
509.5	-7.22771e-06
510	-9.05764e-06
510.5	-9.80466e-06
511	-1.16847e-05
511.5	-1.29855e-05
512	-1.26221e-05
512.5	-1.29089e-05
513	-1.30134e-05
513.5	-1.35362e-05
514	-1.31748e-05
514.5	-1.19524e-05
515	-1.07075e-05
515.5	-1.19668e-05
516	-1.22237e-05
516.5	-7.89546e-06
517	-3.81944e-05
517.5	-4.30997e-05
518	-4.27386e-05
518.5	-4.07143e-05
519	-3.26223e-05
519.5	-2.34558e-05
520	-1.98175e-05
520.5	-1.74803e-05
521	-2.34224e-05
521.5	-3.17587e-05
522	-2.55019e-05
522.5	-1.76875e-05
523	-1.42885e-05
523.5	1.97781e-06
524	2.97303e-06
524.5	2.75895e-07
525	-3.76519e-06
525.5	-1.51302e-05
526	-1.88323e-05
526.5	-1.81384e-05
527	-1.77251e-05
527.5	-1.72539e-05
528	-1.55445e-05
528.5	-1.48168e-05
529	-1.46173e-05
529.5	-1.27959e-05
530	-1.27841e-05
530.5	-1.0243e-05
531	-8.15468e-06
531.5	-8.67464e-06
532	-8.73113e-06
532.5	-9.63592e-06
533	-1.19335e-05
533.5	-2.30978e-05
534	-2.37473e-05
534.5	-1.66709e-05
535	-1.31942e-05
535.5	-1.25794e-05
536	-1.26605e-05
536.5	-1.16385e-05
537	-9.82858e-06
537.5	-9.0228e-06
538	-7.47267e-06
538.5	-4.0479e-06
539	-2.66877e-06
539.5	-3.31789e-06
540	-4.50426e-06
540.5	-4.59321e-06
541	-1.03047e-05
541.5	-2.69874e-05
542	-2.60099e-05
542.5	-2.50284e-05
543	-2.45212e-05
543.5	-2.29833e-05
544	-2.36222e-05
544.5	-4.50492e-05
545	-5.7755e-05
545.5	-3.01051e-05
546	-2.13876e-05
546.5	-2.53606e-05
547	-2.72171e-05
547.5	-2.6067e-05
548	-2.35803e-05
548.5	-2.08686e-05
549	-2.39678e-05
549.5	-2.34502e-05
550	-2.96372e-05
550.5	-1.08974e-05
551	-3.83754e-05
551.5	-3.39985e-05
552	-2.7515e-05
552.5	-1.66243e-05
553	-3.5038e-06
553.5	-1.57394e-06
554	-9.04884e-06
554.5	-1.49945e-05
555	-7.34356e-06
555.5	-1.47498e-05
556	-1.69204e-05
556.5	-1.31964e-05
557	-1.02395e-05
557.5	-5.55075e-06
558	-3.40559e-05
558.5	-3.41381e-05
559	-3.29699e-05
559.5	-2.31433e-05
560	-1.72707e-05
560.5	-1.37789e-05
561	-1.05814e-05
561.5	-8.64635e-06
562	-7.70073e-06
562.5	-7.39972e-06
563	-6.31731e-06
563.5	-5.64662e-06
564	-5.32708e-06
564.5	-5.40841e-06
565	-6.5554e-06
565.5	-6.92665e-06
566	7.72102e-06
566.5	7.52082e-06
567	1.12273e-05
567.5	7.10964e-06
568	5.29143e-06
568.5	1.56693e-06
569	7.95235e-07
569.5	-2.36726e-06
570	-5.42273e-06
570.5	-6.45633e-06
571	-6.40011e-06
571.5	-6.48632e-06
572	-5.27206e-06
572.5	-7.30567e-06
573	-7.49836e-06
573.5	-7.21922e-06
574	-7.44458e-06
574.5	-9.02859e-06
575	-1.81369e-05
575.5	-1.57719e-05
576	-1.73495e-05
576.5	-1.80438e-05
577	-1.815e-05
577.5	-1.89923e-05
578	-2.43728e-05
578.5	-2.55686e-05
579	-2.50585e-05
579.5	-2.3595e-05
580	-2.30437e-05
580.5	-2.52723e-05
581	-2.32491e-05
581.5	-2.74181e-05
582	-2.5277e-05
582.5	-1.07319e-05
583	-9.36875e-06
583.5	-9.86554e-06
584	-1.25102e-05
584.5	-1.22386e-05
585	2.64172e-05
585.5	2.89943e-07
586	-8.18562e-06
586.5	-1.10485e-05
587	-1.13209e-05
587.5	-1.36295e-05
588	-1.50375e-05
588.5	-1.43897e-05
589	-1.3474e-05
589.5	-1.45962e-05
590	-1.60998e-05
590.5	-1.59853e-05
591	-1.68437e-05
591.5	-1.59588e-05
592	-1.77107e-05
592.5	-2.8966e-05
593	-4.46846e-05
593.5	-4.81119e-05
594	4.82324e-05
594.5	-7.51786e-06
595	-1.06482e-05
595.5	-1.045e-05
596	-1.91426e-05
596.5	-7.24766e-05
597	-9.24265e-05
597.5	-7.97486e-05
598	-3.51115e-05
598.5	-1.78616e-05
599	-1.38277e-05
599.5	-6.05928e-06
600	-2.39169e-06
600.5	-1.21852e-05
601	-2.71068e-05
601.5	-2.11846e-05
602	-1.33275e-05
602.5	-1.557e-05
603	-1.71233e-05
603.5	-1.71171e-05
604	-1.5974e-05
604.5	-1.58692e-05
605	-7.54261e-05
605.5	-2.79899e-05
606	-3.28727e-05
606.5	-0.000229985
607	-0.000193756
607.5	-0.000182235
608	-0.000167036
608.5	-0.000194295
609	-0.00015688
609.5	0.000173211
610	0.000230556
610.5	0.000138651
611	-0.00182619
611.5	-0.000995993
612	-0.000880616
612.5	-0.00071414
613	-0.000560417
613.5	-0.000351949
614	-0.00031272
614.5	-0.000290284
615	-0.000239906
615.5	-0.000174171
616	-0.000140488
616.5	-0.000134825
617	-0.000264158
617.5	-0.000273581
618	-0.000242133
618.5	-0.000173358
619	-0.000184824
619.5	-0.000160519
620	-0.000145346
620.5	-0.000133892
621	-0.000123885
621.5	-0.000109598
622	-9.58862e-05
622.5	-8.28296e-05
623	-7.16349e-05
623.5	-6.12228e-05
624	-5.16601e-05
624.5	-4.32978e-05
625	-3.33937e-05
625.5	-2.8397e-05
626	-2.50538e-05
626.5	-2.29837e-05
627	-2.14823e-05
627.5	-1.64108e-05
628	3.54457e-06
628.5	1.70587e-06
629	2.278e-06
629.5	8.35694e-07
630	-9.7979e-07
630.5	-3.27988e-06
631	-4.96417e-06
631.5	-6.90421e-06
632	-9.7685e-06
632.5	-1.16947e-05
633	-1.24356e-05
633.5	-1.42202e-05
634	-1.28732e-05
634.5	-1.22364e-05
635	-1.16592e-05
635.5	-1.20363e-05
636	-1.24623e-05
636.5	-1.39919e-05
637	-1.52865e-05
637.5	-1.69493e-05
638	-1.91501e-05
638.5	-1.92976e-05
639	-1.89142e-05
639.5	-1.85382e-05
640	-1.87753e-05
640.5	-1.78949e-05
641	-1.92314e-05
641.5	-2.29022e-05
642	-2.63805e-05
642.5	-2.47459e-05
643	-2.36548e-05
643.5	-2.43156e-05
644	-2.19301e-05
644.5	-1.80345e-05
645	-1.70641e-05
645.5	-1.72511e-05
646	-1.78864e-05
646.5	-1.69801e-05
647	-1.77104e-05
647.5	-1.7579e-05
648	-1.90423e-05
648.5	-2.3673e-05
649	-2.75463e-05
649.5	-2.82715e-05
650	-2.69714e-05
650.5	-2.59436e-05
651	-2.4281e-05
651.5	-2.22637e-05
652	-2.00289e-05
652.5	-1.56183e-06
653	-1.3033e-06
653.5	-1.66383e-06
654	-3.5065e-06
654.5	-7.63779e-06
655	-2.95444e-06
655.5	-3.10179e-06
656	-4.83355e-06
656.5	-6.46442e-06
657	-7.15835e-06
657.5	-9.78107e-06
658	-1.42481e-05
658.5	-1.65056e-05
659	-1.57712e-05
659.5	-1.32429e-05
660	-1.24696e-05
660.5	-1.05671e-05
661	-8.93133e-06
661.5	-8.10753e-06
662	-8.44252e-06
662.5	-9.37499e-06
663	-9.51156e-06
663.5	-1.01132e-05
664	-9.5477e-06
664.5	-8.66334e-06
665	-8.19131e-06
665.5	-9.66964e-06
666	-9.83857e-06
666.5	-9.60647e-06
667	-1.12737e-05
667.5	-1.47203e-05
668	-1.5234e-05
668.5	-1.66245e-05
669	-3.44353e-05
669.5	-7.3023e-05
670	-5.72677e-05
670.5	-4.28023e-05
671	-3.98268e-05
671.5	-3.87702e-05
672	-3.05282e-05
672.5	-3.17039e-05
673	-3.26056e-05
673.5	-2.63247e-05
674	-2.09265e-05
674.5	-1.57701e-05
675	-1.4774e-05
675.5	-5.13243e-05
676	-4.61904e-05
676.5	-3.45719e-05
677	-2.48748e-05
677.5	-1.92327e-05
678	-1.66036e-05
678.5	-1.54671e-05
679	-1.60593e-05
679.5	-1.72422e-05
680	-1.77085e-05
680.5	-6.54122e-06
681	7.00797e-06
681.5	6.94513e-06
682	4.61594e-06
682.5	6.50427e-06
683	3.56571e-06
683.5	1.38158e-06
684	2.27936e-06
684.5	2.64075e-06
685	1.67381e-06
685.5	-9.30578e-08
686	-3.37694e-06
686.5	-1.60219e-05
687	-2.00219e-05
687.5	-1.46153e-05
688	-1.10666e-05
688.5	-1.06378e-05
689	-1.1678e-05
689.5	-1.26869e-05
690	-1.28267e-05
690.5	-1.43536e-05
691	-0.000315659
691.5	-0.000223128
692	-0.000184097
692.5	-0.000162412
693	-0.000146061
693.5	-0.00013021
694	-0.000110135
694.5	-9.32419e-05
695	-8.03853e-05
695.5	-5.65659e-05
696	-3.97429e-05
696.5	-6.0739e-05
697	-4.8976e-05
697.5	-3.20329e-05
698	-2.32689e-05
698.5	-1.6755e-05
699	-1.23842e-05
699.5	-1.22282e-05
700	-1.13529e-05
700.5	-1.0932e-05
701	-1.09092e-05
701.5	-1.03501e-05
702	-8.95922e-06
702.5	-7.96552e-06
703	-5.95126e-06
703.5	-9.5203e-06
704	-1.13909e-05
704.5	-5.22317e-05
705	-4.95271e-05
705.5	-4.76901e-05
706	-4.46601e-05
706.5	-4.17258e-05
707	-3.60298e-05
707.5	-6.23824e-05
708	-5.45887e-05
708.5	-5.12717e-05
709	-0.000116562
709.5	-7.66159e-05
710	-2.56937e-05
710.5	-4.83873e-05
711	8.81595e-05
711.5	0.000188108
712	0.000219596
712.5	0.000272781
713	0.000168566
713.5	-0.000133795
714	-0.000158349
714.5	-0.000154923
715	-0.000151358
715.5	-0.000281558
716	-0.000288235
716.5	-0.000256175
717	-0.000149701
717.5	-0.000156192
718	-0.000140102
718.5	-0.000173475
719	-0.000138677
719.5	-0.00013192
720	-0.000259094
720.5	-0.000387948
721	-0.000397562
721.5	-0.000368958
722	-0.000352574
722.5	-0.000309055
723	-0.000301292
723.5	-0.00028127
724	-0.000258311
724.5	-0.000229333
725	-0.00022143
725.5	-0.000190295
726	-0.000151144
726.5	-0.000128429
727	-0.000112201
727.5	-9.90185e-05
728	-8.70809e-05
728.5	-7.62683e-05
729	-6.44765e-05
729.5	-5.3355e-05
730	-3.83451e-05
730.5	-3.27815e-05
731	-3.00589e-05
731.5	-2.76562e-05
732	-3.43198e-05
732.5	-5.96587e-05
733	-2.45206e-05
733.5	-2.02985e-06
734	1.04726e-05
734.5	7.54336e-06
735	4.19722e-06
735.5	2.01191e-06
736	6.01588e-08
736.5	-2.43025e-06
737	-3.15504e-06
737.5	-3.22731e-06
738	-3.58972e-06
738.5	-4.21713e-06
739	-5.61804e-06
739.5	-8.23697e-06
740	-9.64355e-06
740.5	-9.30782e-06
741	-8.90117e-06
741.5	-8.87294e-06
742	-8.96834e-06
742.5	-9.60075e-06
743	-9.29207e-06
743.5	-8.58505e-06
744	-8.04104e-06
744.5	-7.55834e-06
745	-8.38821e-06
745.5	-7.00479e-06
746	-6.46194e-06
746.5	-7.1536e-06
747	-8.91136e-06
747.5	-8.02655e-06
748	-7.02363e-06
748.5	-7.63584e-06
749	-7.28373e-06
749.5	-3.07317e-06
750	-3.36289e-06
750.5	-3.05614e-06
751	-3.66866e-06
751.5	-5.4064e-06
752	-5.94698e-06
752.5	-6.13714e-06
753	-5.44831e-06
753.5	-5.48862e-06
754	-6.0879e-06
754.5	-6.79189e-06
755	-7.65843e-06
755.5	-7.92411e-06
756	-8.01136e-06
756.5	-7.48795e-06
757	-6.88933e-06
757.5	-8.99756e-06
758	-1.13085e-05
758.5	-1.34209e-05
759	-1.52841e-05
759.5	-1.70309e-05
760	-1.9442e-05
760.5	-2.01087e-05
761	-1.95406e-05
761.5	-1.58644e-05
762	-1.17359e-05
762.5	-1.28768e-05
763	-2.65465e-05
763.5	-2.94054e-05
764	-5.26525e-05
764.5	-4.94665e-05
765	6.49839e-05
765.5	2.12608e-05
766	6.42617e-05
766.5	5.64375e-05
767	3.11807e-05
767.5	1.18871e-05
768	-4.09597e-06
768.5	1.7857e-06
769	5.39977e-06
769.5	3.75218e-06
770	7.05202e-07
770.5	-3.01115e-06
771	-7.38099e-06
771.5	-1.13045e-05
772	-2.81349e-05
772.5	-2.99324e-05
773	-2.3422e-05
773.5	-1.89329e-05
774	-1.52239e-05
774.5	-4.88245e-06
775	-8.78498e-06
775.5	-1.35516e-05
776	-1.70508e-05
776.5	-9.09108e-07
777	-1.40715e-06
777.5	-2.5466e-06
778	-5.11085e-06
778.5	-1.36567e-05
779	-1.00708e-05
779.5	-3.96017e-05
780	-5.2897e-05
780.5	-4.71445e-05
781	-3.69724e-05
781.5	-3.28009e-05
782	-4.35047e-05
782.5	-4.35588e-05
783	-3.68272e-05
783.5	-3.73053e-05
784	-3.40526e-05
784.5	-2.67514e-05
785	-2.32033e-05
785.5	-2.14488e-05
786	-1.95869e-05
786.5	-1.84629e-05
787	-1.67532e-05
787.5	-1.58857e-05
788	-1.58333e-05
788.5	-1.57745e-05
789	-1.5975e-05
789.5	-1.42779e-05
790	-1.2131e-05
790.5	2.33286e-05
791	3.32036e-05
791.5	2.65214e-05
792	2.33419e-05
792.5	1.67428e-05
793	9.73153e-06
793.5	8.44014e-06
794	1.03158e-05
794.5	-3.10067e-05
795	-2.8232e-05
795.5	-1.86175e-05
796	-1.1269e-05
796.5	-7.00819e-06
797	-0.000109537
797.5	-3.68154e-05
798	-1.613e-05
798.5	-3.25073e-05
799	-2.87853e-05
799.5	-1.72956e-05
800	-1.06789e-05
800.5	-7.26489e-06
801	-5.48858e-06
801.5	-4.83973e-06
802	-4.35184e-06
802.5	-3.69101e-06
803	-1.0644e-06
803.5	-8.45298e-07
804	5.36558e-06
804.5	-3.36476e-06
805	-4.85602e-05
805.5	-5.6443e-05
806	-4.69508e-06
806.5	2.08529e-05
807	1.16691e-05
807.5	-3.74225e-06
808	2.12013e-06
808.5	3.08559e-06
809	1.90855e-06
809.5	-6.47856e-07
810	-2.0627e-06
810.5	-2.72213e-06
811	-2.75196e-06
811.5	-2.19201e-06
812	-4.47614e-06
812.5	-6.05258e-06
813	-1.46033e-05
813.5	-2.54301e-05
814	-2.18742e-05
814.5	-1.63305e-05
815	-1.51314e-05
815.5	-1.60069e-05
816	-1.51513e-05
816.5	-1.49146e-05
817	-1.4456e-05
817.5	-1.48529e-05
818	-1.71878e-05
818.5	-1.73524e-05
819	-1.75135e-05
819.5	-0.000144141
820	-0.000105211
820.5	-8.77864e-05
821	-7.81932e-05
821.5	-6.9368e-05
822	-5.58822e-05
822.5	-4.58618e-05
823	-4.4444e-05
823.5	-4.20362e-05
824	-3.82052e-05
824.5	-2.99007e-05
825	9.19974e-05
825.5	0.000139075
826	0.00013632
826.5	0.000111875
827	8.11439e-05
827.5	4.02582e-05
828	2.04567e-05
828.5	4.96933e-06
829	-6.85871e-06
829.5	-1.31851e-05
830	-2.0301e-05
830.5	-3.33533e-05
831	-5.32638e-05
831.5	-5.41833e-05
832	-7.35602e-05
832.5	-0.000106282
833	-8.01894e-05
833.5	-9.9121e-05
834	-4.24212e-06
834.5	0.000206096
835	0.00025533
835.5	0.000412706
836	0.000251035
836.5	-5.39701e-05
837	-0.000180489
837.5	-6.90345e-05
838	-2.29603e-05
838.5	-6.3132e-05
839	-0.00166689
839.5	-0.000618807
840	-0.000531095
840.5	-0.000450931
841	-0.000366476
841.5	-0.000366782
842	-0.000240116
842.5	-0.000263121
843	-0.000235353
843.5	-0.00021528
844	-0.000217579
844.5	-0.000201812
845	-0.000182169
845.5	-0.000165225
846	-0.000149849
846.5	-0.000134826
847	-0.000118424
847.5	-0.000101032
848	-7.67828e-05
848.5	-6.3228e-05
849	-5.17048e-05
849.5	-4.10275e-05
850	-3.11053e-05
850.5	-2.35014e-05
851	-1.64775e-05
851.5	-1.06897e-05
852	-6.45536e-06
852.5	-3.01176e-06
853	-1.41769e-06
853.5	-5.36056e-07
854	-3.19697e-06
854.5	-3.83544e-06
855	-2.0929e-06
855.5	-2.34726e-06
856	7.19439e-06
856.5	5.95637e-06
857	3.00394e-06
857.5	1.61032e-06
858	-1.25842e-06
858.5	-4.61873e-06
859	-4.27417e-06
859.5	-5.31879e-06
860	-5.4354e-06
860.5	-6.63264e-06
861	-7.66647e-06
861.5	-8.18416e-06
862	-7.97571e-06
862.5	-9.16612e-06
863	-1.02249e-05
863.5	-1.37731e-05
864	-1.7491e-05
864.5	-1.9619e-05
865	-2.02721e-05
865.5	-2.12358e-05
866	-2.17523e-05
866.5	-2.30034e-05
867	-2.26468e-05
867.5	-2.3036e-05
868	-2.50328e-05
868.5	-3.05963e-05
869	-7.3033e-05
869.5	-8.06977e-05
870	-6.8254e-05
870.5	-5.69356e-05
871	-2.74004e-05
871.5	-2.08097e-05
872	-6.45923e-06
872.5	2.38621e-06
873	1.20222e-06
873.5	-5.61964e-06
874	7.50028e-06
874.5	7.01942e-06
875	5.48749e-06
875.5	4.46373e-06
876	-1.11163e-06
876.5	-5.59388e-06
877	-6.57208e-06
877.5	-5.98972e-06
878	-1.20194e-05
878.5	-1.36211e-05
879	-1.26224e-05
879.5	-1.06609e-05
880	-8.90275e-06
880.5	-7.9748e-06
881	-7.89392e-06
881.5	-1.64545e-05
882	-6.02485e-05
882.5	-7.94962e-05
883	-5.09999e-05
883.5	-2.36371e-05
884	-1.87155e-05
884.5	-3.06543e-05
885	-2.62295e-05
885.5	-2.23053e-05
886	-2.30176e-05
886.5	-2.27267e-05
887	-2.12814e-05
887.5	-1.33148e-05
888	-1.1677e-05
888.5	-3.66923e-05
889	-2.54242e-05
889.5	-1.25469e-05
890	-5.69787e-06
890.5	-2.44321e-06
891	-1.8384e-06
891.5	-1.74325e-06
892	-1.33739e-06
892.5	-9.0834e-07
893	-1.4258e-06
893.5	-2.20626e-06
894	-2.8612e-06
894.5	-2.25942e-06
895	-2.73783e-06
895.5	-7.5318e-06
896	-9.00044e-06
896.5	-9.48232e-06
897	-1.01131e-05
897.5	-1.08361e-05
898	-1.09842e-05
898.5	-1.14478e-05
899	-1.39178e-05
899.5	-1.65624e-05
900	-1.53321e-05
900.5	-1.36612e-05
901	-7.03385e-06
901.5	-1.83985e-06
902	5.11303e-06
902.5	6.03044e-06
903	-1.47145e-06
903.5	-5.44419e-06
904	-2.15222e-05
904.5	-1.45398e-05
905	-1.26232e-05
905.5	-1.20893e-05
906	-1.1391e-05
906.5	-1.17473e-05
907	-1.15353e-05
907.5	-1.12027e-05
908	-1.00779e-05
908.5	-8.92655e-06
909	-8.2125e-06
909.5	-8.09271e-06
910	-5.87776e-06
910.5	-1.35046e-05
911	-2.81777e-05
911.5	-2.33716e-05
912	-1.47015e-05
912.5	-1.63809e-05
913	-1.76289e-05
913.5	-1.6753e-05
914	-4.90049e-06
914.5	-4.62939e-05
915	-4.14029e-05
915.5	-2.30289e-05
916	8.02092e-06
916.5	8.39892e-06
917	5.27763e-06
917.5	7.71581e-06
918	4.28501e-06
918.5	1.76191e-06
919	-8.39939e-07
919.5	-4.00516e-06
920	-6.02617e-06
920.5	-6.66114e-06
921	-6.21494e-06
921.5	-6.15902e-06
922	-6.31666e-06
922.5	-5.91735e-06
923	-5.4008e-06
923.5	-4.92077e-06
924	-6.56739e-06
924.5	-8.35945e-06
925	-8.25754e-06
925.5	-8.51155e-06
926	-9.53151e-06
926.5	-4.45496e-06
927	-9.52931e-06
927.5	-1.13059e-05
928	-1.03219e-05
928.5	-1.71876e-05
929	3.37249e-05
929.5	3.18081e-05
930	1.83157e-05
930.5	7.88328e-06
931	9.44495e-06
931.5	5.98658e-06
932	6.25151e-06
932.5	5.22061e-06
933	9.15011e-07
933.5	-1.81991e-06
934	-3.39018e-06
934.5	-4.12848e-06
935	-4.8687e-06
935.5	-5.95282e-06
936	-5.77399e-06
936.5	-6.15878e-06
937	-6.47735e-06
937.5	-6.83667e-06
938	-7.29818e-06
938.5	-7.12279e-06
939	-6.74973e-06
939.5	-8.80689e-06
940	-1.60458e-05
940.5	-2.21591e-05
941	-1.41793e-05
941.5	-9.37962e-06
942	-7.99017e-06
942.5	-8.3362e-06
943	-6.99012e-06
943.5	-7.5975e-06
944	-8.81612e-06
944.5	-8.6915e-06
945	-5.66893e-06
945.5	-1.93691e-06
946	-2.28177e-06
946.5	-4.38527e-07
947	5.63539e-07
947.5	-2.29473e-06
948	-3.63397e-06
948.5	2.4903e-07
949	-5.11323e-06
949.5	-1.76665e-05
950	-2.44626e-05
950.5	-1.71237e-05
951	-1.42045e-05
951.5	-1.52049e-05
952	-1.50329e-05
952.5	-1.44436e-05
953	-1.55114e-05
953.5	-1.4429e-05
954	-1.26095e-05
954.5	-1.04787e-05
955	5.69323e-06
955.5	5.75971e-06
956	3.68301e-06
956.5	2.94858e-06
957	3.67056e-06
957.5	4.78985e-06
958	4.90061e-06
958.5	4.79032e-06
959	4.19047e-06
959.5	2.09209e-06
960	-3.72062e-06
960.5	-5.78792e-06
961	-5.73873e-06
961.5	-4.64037e-06
962	-5.38093e-06
962.5	-6.53863e-06
963	-6.25693e-06
963.5	-7.7242e-06
964	-9.67067e-06
964.5	-1.86206e-05
965	-2.06068e-05
965.5	-1.30681e-05
966	-8.69356e-05
966.5	-8.70404e-05
967	-9.82058e-05
967.5	-0.000126795
968	-8.86586e-05
968.5	-5.98877e-05
969	-4.77892e-05
969.5	-3.68824e-05
970	-3.99302e-05
970.5	-5.55291e-05
971	-6.95489e-05
971.5	-0.000121748
972	-0.000105161
972.5	-7.62875e-05
973	-0.000115686
973.5	-0.000101116
974	-9.38746e-05
974.5	-7.93889e-05
975	2.77442e-05
975.5	0.000118934
976	0.000204136
976.5	9.19357e-05
977	0.000229334
977.5	0.00013476
978	-0.000177041
978.5	-0.000285103
979	-0.000277102
979.5	-0.000155862
980	-0.000150818
980.5	-0.000195749
981	-0.000252642
981.5	-0.000253808
982	-0.000173425
982.5	-0.0004923
983	-0.000540373
983.5	-0.000427322
984	-0.000378223
984.5	-0.00041219
985	-0.00039932
985.5	-0.000384093
986	-0.000367914
986.5	-0.000347338
987	-0.000315859
987.5	-0.000281013
988	-0.000246292
988.5	-0.000215894
989	-0.000186486
989.5	-0.000157029
990	-0.000131748
990.5	-0.000106982
991	-8.54547e-05
991.5	-6.90182e-05
992	-5.43028e-05
992.5	-4.28425e-05
993	-1.8175e-05
993.5	-1.17353e-05
994	-8.84594e-06
994.5	-6.29274e-06
995	-4.06276e-06
995.5	-1.52393e-06
996	-6.32571e-07
996.5	-2.00355e-07
997	-9.8425e-07
997.5	-1.6995e-06
998	-2.39343e-06
998.5	-1.41217e-06
999	-1.01045e-06
999.5	-2.4775e-06
1000	-5.05952e-06
