secname	pos	x	y	z	dist	diam	cm	Ra	gmax_ch_CavL	gmax_ch_CavN	gmax_ch_HCN	gmax_ch_HCNolm	gmax_ch_HCNp	gmax_ch_KCaS	gmax_ch_Kdrfast	gmax_ch_Kdrfastngf	gmax_ch_Kdrp	gmax_ch_Kdrslow	gmax_ch_KvAdistp	gmax_ch_KvA	gmax_ch_KvAngf	gmax_ch_KvAolm	gmax_ch_KvAproxp	gmax_ch_KvCaB	gmax_ch_KvGroup	gmax_ch_KvM	gmax_ch_leak	gmax_ch_Navaxonp	gmax_ch_Navbis	gmax_ch_Navcck	gmax_ch_Nav	gmax_ch_Navngf	gmax_ch_Navp
axoaxoniccell[0].soma[0]	0	1911.33	909	125	0	10	1.4	100	0.005	0.0008	0	0	0	2e-06	0.013	0	0	0	0	0.00015	0	0	0	2e-07	0	0	0.000180018	0	0	0	0.15	0	0
axoaxoniccell[0].soma[0]	0.5	1911.33	909	125	10	10	1.4	100	0.005	0.0008	0	0	0	2e-06	0.013	0	0	0	0	0.00015	0	0	0	2e-07	0	0	0.000180018	0	0	0	0.15	0	0
axoaxoniccell[0].soma[0]	1	1911.33	909	125	20	10	1.4	100	0.005	0.0008	0	0	0	2e-06	0.013	0	0	0	0	0.00015	0	0	0	2e-07	0	0	0.000180018	0	0	0	0.15	0	0
axoaxoniccell[0].dend[0]	0	1911.33	929	125	20	4	1.4	100	0.005	0.0008	0	0	0	2e-06	0.013	0	0	0	0	0.00015	0	0	0	2e-07	0	0	0.000180018	0	0	0	0.15	0	0
axoaxoniccell[0].dend[0]	0.5	1911.33	929	125	70	4	1.4	100	0.005	0.0008	0	0	0	2e-06	0.013	0	0	0	0	0.00015	0	0	0	2e-07	0	0	0.000180018	0	0	0	0.15	0	0
axoaxoniccell[0].dend[0]	1	1911.33	929	125	120	4	1.4	100	0.005	0.0008	0	0	0	2e-06	0.013	0	0	0	0	0.00015	0	0	0	2e-07	0	0	0.000180018	0	0	0	0.15	0	0
axoaxoniccell[0].dend[1]	0	1950.28	1021.11	125	120	3	1.4	100	0.005	0.0008	0	0	0	2e-06	0.013	0	0	0	0	0.00015	0	0	0	2e-07	0	0	0.000180018	0	0	0	0.15	0	0
axoaxoniccell[0].dend[1]	0.166667	1950.28	1021.11	125	136.667	3	1.4	100	0.005	0.0008	0	0	0	2e-06	0.013	0	0	0	0	0.00015	0	0	0	2e-07	0	0	0.000180018	0	0	0	0.15	0	0
axoaxoniccell[0].dend[1]	0.5	1950.28	1021.11	125	170	3	1.4	100	0.005	0.0008	0	0	0	2e-06	0.013	0	0	0	0	0.00015	0	0	0	2e-07	0	0	0.000180018	0	0	0	0.15	0	0
axoaxoniccell[0].dend[1]	0.833333	1950.28	1021.11	125	203.333	3	1.4	100	0.005	0.0008	0	0	0	2e-06	0.013	0	0	0	0	0.00015	0	0	0	2e-07	0	0	0.000180018	0	0	0	0.15	0	0
axoaxoniccell[0].dend[1]	1	1950.28	1021.11	125	220	3	1.4	100	0.005	0.0008	0	0	0	2e-06	0.013	0	0	0	0	0.00015	0	0	0	2e-07	0	0	0.000180018	0	0	0	0.15	0	0
axoaxoniccell[0].dend[2]	0	1989.22	1113.21	125	220	2	1.4	100	0.005	0.0008	0	0	0	2e-06	0.013	0	0	0	0	0.00015	0	0	0	2e-07	0	0	0.000180018	0	0	0	0.15	0	0
axoaxoniccell[0].dend[2]	0.166667	1989.22	1113.21	125	253.333	2	1.4	100	0.005	0.0008	0	0	0	2e-06	0.013	0	0	0	0	0.00015	0	0	0	2e-07	0	0	0.000180018	0	0	0	0.15	0	0
axoaxoniccell[0].dend[2]	0.5	1989.22	1113.21	125	320	2	1.4	100	0.005	0.0008	0	0	0	2e-06	0.013	0	0	0	0	0.00015	0	0	0	2e-07	0	0	0.000180018	0	0	0	0.15	0	0
axoaxoniccell[0].dend[2]	0.833333	1989.22	1113.21	125	386.666	2	1.4	100	0.005	0.0008	0	0	0	2e-06	0.013	0	0	0	0	0.00015	0	0	0	2e-07	0	0	0.000180018	0	0	0	0.15	0	0
axoaxoniccell[0].dend[2]	1	1989.22	1113.21	125	420	2	1.4	100	0.005	0.0008	0	0	0	2e-06	0.013	0	0	0	0	0.00015	0	0	0	2e-07	0	0	0.000180018	0	0	0	0.15	0	0
axoaxoniccell[0].dend[3]	0	2067.1	1297.42	125	420	1.5	1.4	100	0.005	0.0008	0	0	0	2e-06	0.013	0	0	0	0	0.00015	0	0	0	2e-07	0	0	0.000180018	0	0	0	0.15	0	0
axoaxoniccell[0].dend[3]	0.166667	2067.1	1297.42	125	436.666	1.5	1.4	100	0.005	0.0008	0	0	0	2e-06	0.013	0	0	0	0	0.00015	0	0	0	2e-07	0	0	0.000180018	0	0	0	0.15	0	0
axoaxoniccell[0].dend[3]	0.5	2067.1	1297.42	125	470	1.5	1.4	100	0.005	0.0008	0	0	0	2e-06	0.013	0	0	0	0	0.00015	0	0	0	2e-07	0	0	0.000180018	0	0	0	0.15	0	0
axoaxoniccell[0].dend[3]	0.833333	2067.1	1297.42	125	503.334	1.5	1.4	100	0.005	0.0008	0	0	0	2e-06	0.013	0	0	0	0	0.00015	0	0	0	2e-07	0	0	0.000180018	0	0	0	0.15	0	0
axoaxoniccell[0].dend[3]	1	2067.1	1297.42	125	520	1.5	1.4	100	0.005	0.0008	0	0	0	2e-06	0.013	0	0	0	0	0.00015	0	0	0	2e-07	0	0	0.000180018	0	0	0	0.15	0	0
axoaxoniccell[0].dend[4]	0	2106.04	1389.53	125	520	1	1.4	100	0.005	0.0008	0	0	0	2e-06	0.013	0	0	0	0	0.00015	0	0	0	2e-07	0	0	0.000180018	0	0	0	0.15	0	0
axoaxoniccell[0].dend[4]	0.166667	2106.04	1389.53	125	536.667	1	1.4	100	0.005	0.0008	0	0	0	2e-06	0.013	0	0	0	0	0.00015	0	0	0	2e-07	0	0	0.000180018	0	0	0	0.15	0	0
axoaxoniccell[0].dend[4]	0.5	2106.04	1389.53	125	570	1	1.4	100	0.005	0.0008	0	0	0	2e-06	0.013	0	0	0	0	0.00015	0	0	0	2e-07	0	0	0.000180018	0	0	0	0.15	0	0
axoaxoniccell[0].dend[4]	0.833333	2106.04	1389.53	125	603.334	1	1.4	100	0.005	0.0008	0	0	0	2e-06	0.013	0	0	0	0	0.00015	0	0	0	2e-07	0	0	0.000180018	0	0	0	0.15	0	0
axoaxoniccell[0].dend[4]	1	2106.04	1389.53	125	620	1	1.4	100	0.005	0.0008	0	0	0	2e-06	0.013	0	0	0	0	0.00015	0	0	0	2e-07	0	0	0.000180018	0	0	0	0.15	0	0
axoaxoniccell[0].dend[5]	0	1911.33	929	125	20	4	1.4	100	0.005	0.0008	0	0	0	2e-06	0.013	0	0	0	0	0.00015	0	0	0	2e-07	0	0	0.000180018	0	0	0	0.15	0	0
axoaxoniccell[0].dend[5]	0.5	1911.33	929	125	70	4	1.4	100	0.005	0.0008	0	0	0	2e-06	0.013	0	0	0	0	0.00015	0	0	0	2e-07	0	0	0.000180018	0	0	0	0.15	0	0
axoaxoniccell[0].dend[5]	1	1911.33	929	125	120	4	1.4	100	0.005	0.0008	0	0	0	2e-06	0.013	0	0	0	0	0.00015	0	0	0	2e-07	0	0	0.000180018	0	0	0	0.15	0	0
axoaxoniccell[0].dend[6]	0	1872.39	1021.11	125	120	3	1.4	100	0.005	0.0008	0	0	0	2e-06	0.013	0	0	0	0	0.00015	0	0	0	2e-07	0	0	0.000180018	0	0	0	0.15	0	0
axoaxoniccell[0].dend[6]	0.166667	1872.39	1021.11	125	136.667	3	1.4	100	0.005	0.0008	0	0	0	2e-06	0.013	0	0	0	0	0.00015	0	0	0	2e-07	0	0	0.000180018	0	0	0	0.15	0	0
axoaxoniccell[0].dend[6]	0.5	1872.39	1021.11	125	170	3	1.4	100	0.005	0.0008	0	0	0	2e-06	0.013	0	0	0	0	0.00015	0	0	0	2e-07	0	0	0.000180018	0	0	0	0.15	0	0
axoaxoniccell[0].dend[6]	0.833333	1872.39	1021.11	125	203.333	3	1.4	100	0.005	0.0008	0	0	0	2e-06	0.013	0	0	0	0	0.00015	0	0	0	2e-07	0	0	0.000180018	0	0	0	0.15	0	0
axoaxoniccell[0].dend[6]	1	1872.39	1021.11	125	220	3	1.4	100	0.005	0.0008	0	0	0	2e-06	0.013	0	0	0	0	0.00015	0	0	0	2e-07	0	0	0.000180018	0	0	0	0.15	0	0
axoaxoniccell[0].dend[7]	0	1833.45	1113.21	125	220	2	1.4	100	0.005	0.0008	0	0	0	2e-06	0.013	0	0	0	0	0.00015	0	0	0	2e-07	0	0	0.000180018	0	0	0	0.15	0	0
axoaxoniccell[0].dend[7]	0.166667	1833.45	1113.21	125	253.333	2	1.4	100	0.005	0.0008	0	0	0	2e-06	0.013	0	0	0	0	0.00015	0	0	0	2e-07	0	0	0.000180018	0	0	0	0.15	0	0
axoaxoniccell[0].dend[7]	0.5	1833.45	1113.21	125	320	2	1.4	100	0.005	0.0008	0	0	0	2e-06	0.013	0	0	0	0	0.00015	0	0	0	2e-07	0	0	0.000180018	0	0	0	0.15	0	0
axoaxoniccell[0].dend[7]	0.833333	1833.45	1113.21	125	386.666	2	1.4	100	0.005	0.0008	0	0	0	2e-06	0.013	0	0	0	0	0.00015	0	0	0	2e-07	0	0	0.000180018	0	0	0	0.15	0	0
axoaxoniccell[0].dend[7]	1	1833.45	1113.21	125	420	2	1.4	100	0.005	0.0008	0	0	0	2e-06	0.013	0	0	0	0	0.00015	0	0	0	2e-07	0	0	0.000180018	0	0	0	0.15	0	0
axoaxoniccell[0].dend[8]	0	1755.57	1297.42	125	420	1.5	1.4	100	0.005	0.0008	0	0	0	2e-06	0.013	0	0	0	0	0.00015	0	0	0	2e-07	0	0	0.000180018	0	0	0	0.15	0	0
axoaxoniccell[0].dend[8]	0.166667	1755.57	1297.42	125	436.666	1.5	1.4	100	0.005	0.0008	0	0	0	2e-06	0.013	0	0	0	0	0.00015	0	0	0	2e-07	0	0	0.000180018	0	0	0	0.15	0	0
axoaxoniccell[0].dend[8]	0.5	1755.57	1297.42	125	470	1.5	1.4	100	0.005	0.0008	0	0	0	2e-06	0.013	0	0	0	0	0.00015	0	0	0	2e-07	0	0	0.000180018	0	0	0	0.15	0	0
axoaxoniccell[0].dend[8]	0.833333	1755.57	1297.42	125	503.334	1.5	1.4	100	0.005	0.0008	0	0	0	2e-06	0.013	0	0	0	0	0.00015	0	0	0	2e-07	0	0	0.000180018	0	0	0	0.15	0	0
axoaxoniccell[0].dend[8]	1	1755.57	1297.42	125	520	1.5	1.4	100	0.005	0.0008	0	0	0	2e-06	0.013	0	0	0	0	0.00015	0	0	0	2e-07	0	0	0.000180018	0	0	0	0.15	0	0
axoaxoniccell[0].dend[9]	0	1716.62	1389.53	125	520	1	1.4	100	0.005	0.0008	0	0	0	2e-06	0.013	0	0	0	0	0.00015	0	0	0	2e-07	0	0	0.000180018	0	0	0	0.15	0	0
axoaxoniccell[0].dend[9]	0.166667	1716.62	1389.53	125	536.667	1	1.4	100	0.005	0.0008	0	0	0	2e-06	0.013	0	0	0	0	0.00015	0	0	0	2e-07	0	0	0.000180018	0	0	0	0.15	0	0
axoaxoniccell[0].dend[9]	0.5	1716.62	1389.53	125	570	1	1.4	100	0.005	0.0008	0	0	0	2e-06	0.013	0	0	0	0	0.00015	0	0	0	2e-07	0	0	0.000180018	0	0	0	0.15	0	0
axoaxoniccell[0].dend[9]	0.833333	1716.62	1389.53	125	603.334	1	1.4	100	0.005	0.0008	0	0	0	2e-06	0.013	0	0	0	0	0.00015	0	0	0	2e-07	0	0	0.000180018	0	0	0	0.15	0	0
axoaxoniccell[0].dend[9]	1	1716.62	1389.53	125	620	1	1.4	100	0.005	0.0008	0	0	0	2e-06	0.013	0	0	0	0	0.00015	0	0	0	2e-07	0	0	0.000180018	0	0	0	0.15	0	0
axoaxoniccell[0].dend[10]	0	1911.33	909	125	0	2	1.4	100	0.005	0.0008	0	0	0	2e-06	0.013	0	0	0	0	0.00015	0	0	0	2e-07	0	0	0.000180018	0	0	0	0.15	0	0
axoaxoniccell[0].dend[10]	0.166667	1911.33	909	125	16.6667	2	1.4	100	0.005	0.0008	0	0	0	2e-06	0.013	0	0	0	0	0.00015	0	0	0	2e-07	0	0	0.000180018	0	0	0	0.15	0	0
axoaxoniccell[0].dend[10]	0.5	1911.33	909	125	50	2	1.4	100	0.005	0.0008	0	0	0	2e-06	0.013	0	0	0	0	0.00015	0	0	0	2e-07	0	0	0.000180018	0	0	0	0.15	0	0
axoaxoniccell[0].dend[10]	0.833333	1911.33	909	125	83.3333	2	1.4	100	0.005	0.0008	0	0	0	2e-06	0.013	0	0	0	0	0.00015	0	0	0	2e-07	0	0	0.000180018	0	0	0	0.15	0	0
axoaxoniccell[0].dend[10]	1	1911.33	909	125	100	2	1.4	100	0.005	0.0008	0	0	0	2e-06	0.013	0	0	0	0	0.00015	0	0	0	2e-07	0	0	0.000180018	0	0	0	0.15	0	0
axoaxoniccell[0].dend[11]	0	1872.39	816.894	125	100	1.5	1.4	100	0.005	0.0008	0	0	0	2e-06	0.013	0	0	0	0	0.00015	0	0	0	2e-07	0	0	0.000180018	0	0	0	0.15	0	0
axoaxoniccell[0].dend[11]	0.166667	1872.39	816.894	125	116.667	1.5	1.4	100	0.005	0.0008	0	0	0	2e-06	0.013	0	0	0	0	0.00015	0	0	0	2e-07	0	0	0.000180018	0	0	0	0.15	0	0
axoaxoniccell[0].dend[11]	0.5	1872.39	816.894	125	150	1.5	1.4	100	0.005	0.0008	0	0	0	2e-06	0.013	0	0	0	0	0.00015	0	0	0	2e-07	0	0	0.000180018	0	0	0	0.15	0	0
axoaxoniccell[0].dend[11]	0.833333	1872.39	816.894	125	183.333	1.5	1.4	100	0.005	0.0008	0	0	0	2e-06	0.013	0	0	0	0	0.00015	0	0	0	2e-07	0	0	0.000180018	0	0	0	0.15	0	0
axoaxoniccell[0].dend[11]	1	1872.39	816.894	125	200	1.5	1.4	100	0.005	0.0008	0	0	0	2e-06	0.013	0	0	0	0	0.00015	0	0	0	2e-07	0	0	0.000180018	0	0	0	0.15	0	0
axoaxoniccell[0].dend[12]	0	1833.45	724.788	125	200	1	1.4	100	0.005	0.0008	0	0	0	2e-06	0.013	0	0	0	0	0.00015	0	0	0	2e-07	0	0	0.000180018	0	0	0	0.15	0	0
axoaxoniccell[0].dend[12]	0.166667	1833.45	724.788	125	216.667	1	1.4	100	0.005	0.0008	0	0	0	2e-06	0.013	0	0	0	0	0.00015	0	0	0	2e-07	0	0	0.000180018	0	0	0	0.15	0	0
axoaxoniccell[0].dend[12]	0.5	1833.45	724.788	125	250	1	1.4	100	0.005	0.0008	0	0	0	2e-06	0.013	0	0	0	0	0.00015	0	0	0	2e-07	0	0	0.000180018	0	0	0	0.15	0	0
axoaxoniccell[0].dend[12]	0.833333	1833.45	724.788	125	283.333	1	1.4	100	0.005	0.0008	0	0	0	2e-06	0.013	0	0	0	0	0.00015	0	0	0	2e-07	0	0	0.000180018	0	0	0	0.15	0	0
axoaxoniccell[0].dend[12]	1	1833.45	724.788	125	300	1	1.4	100	0.005	0.0008	0	0	0	2e-06	0.013	0	0	0	0	0.00015	0	0	0	2e-07	0	0	0.000180018	0	0	0	0.15	0	0
axoaxoniccell[0].dend[13]	0	1911.33	909	125	0	2	1.4	100	0.005	0.0008	0	0	0	2e-06	0.013	0	0	0	0	0.00015	0	0	0	2e-07	0	0	0.000180018	0	0	0	0.15	0	0
axoaxoniccell[0].dend[13]	0.166667	1911.33	909	125	16.6667	2	1.4	100	0.005	0.0008	0	0	0	2e-06	0.013	0	0	0	0	0.00015	0	0	0	2e-07	0	0	0.000180018	0	0	0	0.15	0	0
axoaxoniccell[0].dend[13]	0.5	1911.33	909	125	50	2	1.4	100	0.005	0.0008	0	0	0	2e-06	0.013	0	0	0	0	0.00015	0	0	0	2e-07	0	0	0.000180018	0	0	0	0.15	0	0
axoaxoniccell[0].dend[13]	0.833333	1911.33	909	125	83.3333	2	1.4	100	0.005	0.0008	0	0	0	2e-06	0.013	0	0	0	0	0.00015	0	0	0	2e-07	0	0	0.000180018	0	0	0	0.15	0	0
axoaxoniccell[0].dend[13]	1	1911.33	909	125	100	2	1.4	100	0.005	0.0008	0	0	0	2e-06	0.013	0	0	0	0	0.00015	0	0	0	2e-07	0	0	0.000180018	0	0	0	0.15	0	0
axoaxoniccell[0].dend[14]	0	1950.28	816.894	125	100	1.5	1.4	100	0.005	0.0008	0	0	0	2e-06	0.013	0	0	0	0	0.00015	0	0	0	2e-07	0	0	0.000180018	0	0	0	0.15	0	0
axoaxoniccell[0].dend[14]	0.166667	1950.28	816.894	125	116.667	1.5	1.4	100	0.005	0.0008	0	0	0	2e-06	0.013	0	0	0	0	0.00015	0	0	0	2e-07	0	0	0.000180018	0	0	0	0.15	0	0
axoaxoniccell[0].dend[14]	0.5	1950.28	816.894	125	150	1.5	1.4	100	0.005	0.0008	0	0	0	2e-06	0.013	0	0	0	0	0.00015	0	0	0	2e-07	0	0	0.000180018	0	0	0	0.15	0	0
axoaxoniccell[0].dend[14]	0.833333	1950.28	816.894	125	183.333	1.5	1.4	100	0.005	0.0008	0	0	0	2e-06	0.013	0	0	0	0	0.00015	0	0	0	2e-07	0	0	0.000180018	0	0	0	0.15	0	0
axoaxoniccell[0].dend[14]	1	1950.28	816.894	125	200	1.5	1.4	100	0.005	0.0008	0	0	0	2e-06	0.013	0	0	0	0	0.00015	0	0	0	2e-07	0	0	0.000180018	0	0	0	0.15	0	0
axoaxoniccell[0].dend[15]	0	1989.22	724.788	125	200	1	1.4	100	0.005	0.0008	0	0	0	2e-06	0.013	0	0	0	0	0.00015	0	0	0	2e-07	0	0	0.000180018	0	0	0	0.15	0	0
axoaxoniccell[0].dend[15]	0.166667	1989.22	724.788	125	216.667	1	1.4	100	0.005	0.0008	0	0	0	2e-06	0.013	0	0	0	0	0.00015	0	0	0	2e-07	0	0	0.000180018	0	0	0	0.15	0	0
axoaxoniccell[0].dend[15]	0.5	1989.22	724.788	125	250	1	1.4	100	0.005	0.0008	0	0	0	2e-06	0.013	0	0	0	0	0.00015	0	0	0	2e-07	0	0	0.000180018	0	0	0	0.15	0	0
axoaxoniccell[0].dend[15]	0.833333	1989.22	724.788	125	283.333	1	1.4	100	0.005	0.0008	0	0	0	2e-06	0.013	0	0	0	0	0.00015	0	0	0	2e-07	0	0	0.000180018	0	0	0	0.15	0	0
axoaxoniccell[0].dend[15]	1	1989.22	724.788	125	300	1	1.4	100	0.005	0.0008	0	0	0	2e-06	0.013	0	0	0	0	0.00015	0	0	0	2e-07	0	0	0.000180018	0	0	0	0.15	0	0
