0	0
0.5	5.32231e-25
1	7.35256e-26
1.5	3.86931e-25
2	6.73932e-25
2.5	7.26875e-25
3	-1.37312e-25
3.5	6.07123e-26
4	-1.94021e-09
4.5	1.13706e-07
5	7.02814e-07
5.5	3.15288e-07
6	-1.48694e-06
6.5	-4.0731e-06
7	-7.38447e-06
7.5	-1.01377e-05
8	-1.22998e-05
8.5	-1.33067e-05
9	-1.37211e-05
9.5	-1.45497e-05
10	-1.71837e-05
10.5	-2.08763e-05
11	-2.38617e-05
11.5	-2.66415e-05
12	-2.94467e-05
12.5	-3.13439e-05
13	-3.34906e-05
13.5	-3.47064e-05
14	-3.63264e-05
14.5	-3.68046e-05
15	-3.84767e-05
15.5	-3.68638e-05
16	-3.69244e-05
16.5	-3.58009e-05
17	-3.66459e-05
17.5	-3.92001e-05
18	-4.00104e-05
18.5	-3.9546e-05
19	-3.97433e-05
19.5	-3.97322e-05
20	-3.94964e-05
20.5	-3.8782e-05
21	-3.75407e-05
21.5	-3.83083e-05
22	-4.03525e-05
22.5	-4.34331e-05
23	-4.88392e-05
23.5	-5.88887e-05
24	-9.87239e-05
24.5	-0.000937834
25	0.00125871
25.5	0.00067114
26	-0.000476741
26.5	-0.000606457
27	-8.83102e-05
27.5	-5.93648e-05
28	-5.15489e-05
28.5	-4.90283e-05
29	-5.34785e-05
29.5	-6.01101e-05
30	-6.53539e-05
30.5	-6.37618e-05
31	-5.34914e-05
31.5	-4.49445e-05
32	-3.64287e-05
32.5	-4.01106e-05
33	-4.97412e-05
33.5	-6.03071e-05
34	-7.0816e-05
34.5	-6.70194e-05
35	-5.45554e-05
35.5	-5.04698e-05
36	-5.04087e-05
36.5	-4.72711e-05
37	-4.47314e-05
37.5	-4.49386e-05
38	-4.61654e-05
38.5	-4.82304e-05
39	-5.0917e-05
39.5	-5.4196e-05
40	-5.77113e-05
40.5	-6.02707e-05
41	-6.2005e-05
41.5	-6.33498e-05
42	-6.49485e-05
42.5	-6.75535e-05
43	-7.2308e-05
43.5	-8.58977e-05
44	-0.000231264
44.5	-0.00189007
45	0.00192176
45.5	-0.000125076
46	-0.000537568
46.5	-0.000229037
47	-8.19802e-05
47.5	-6.90513e-05
48	-6.57444e-05
48.5	-6.58289e-05
49	-7.00759e-05
49.5	-6.89362e-05
50	-6.48213e-05
50.5	-5.90077e-05
51	-5.186e-05
51.5	-4.6544e-05
52	-4.20091e-05
52.5	-3.97216e-05
53	-3.99335e-05
53.5	-4.19702e-05
54	-4.37741e-05
54.5	-4.53384e-05
55	-4.66976e-05
55.5	-4.78495e-05
56	-4.99171e-05
56.5	-5.14238e-05
57	-5.22289e-05
57.5	-5.27218e-05
58	-5.44606e-05
58.5	-5.64224e-05
59	-5.86957e-05
59.5	-6.25378e-05
60	-7.29308e-05
60.5	-0.000140484
61	-0.00141188
61.5	0.00135632
62	0.000124245
62.5	-0.000657227
63	-0.00047875
63.5	-7.9584e-05
64	-5.63123e-05
64.5	-5.17242e-05
65	-5.0063e-05
65.5	-5.20305e-05
66	-5.11852e-05
66.5	-4.76746e-05
67	-4.12849e-05
67.5	-3.86729e-05
68	-4.04678e-05
68.5	-4.46996e-05
69	-4.77873e-05
69.5	-4.98378e-05
70	-5.17753e-05
70.5	-5.35881e-05
71	-5.5694e-05
71.5	-5.82782e-05
72	-6.26896e-05
72.5	-6.91648e-05
73	-7.63751e-05
73.5	-8.58322e-05
74	-0.000105209
74.5	-0.000272451
75	-0.00181683
75.5	0.00170442
76	6.03545e-05
76.5	-0.000484184
77	-0.000303705
77.5	-9.49083e-05
78	-8.37692e-05
78.5	-8.24331e-05
79	-8.24831e-05
79.5	-7.90861e-05
80	-7.51065e-05
80.5	-7.20193e-05
81	-7.07795e-05
81.5	-6.92515e-05
82	-6.47813e-05
82.5	-5.88291e-05
83	-5.48068e-05
83.5	-5.21208e-05
84	-5.08203e-05
84.5	-4.97864e-05
85	-4.82138e-05
85.5	-4.63666e-05
86	-4.4617e-05
86.5	-4.32262e-05
87	-4.17483e-05
87.5	-4.00914e-05
88	-3.89429e-05
88.5	-3.95884e-05
89	-3.93911e-05
89.5	-3.88316e-05
90	-3.76424e-05
90.5	-3.64847e-05
91	-3.57555e-05
91.5	-3.57981e-05
92	-3.74195e-05
92.5	-3.91588e-05
93	-4.03176e-05
93.5	-4.13661e-05
94	-3.7254e-05
94.5	-3.55704e-05
95	-3.92771e-05
95.5	-4.15096e-05
96	-4.25079e-05
96.5	-4.33945e-05
97	-4.36342e-05
97.5	-4.31074e-05
98	-4.30174e-05
98.5	-4.27239e-05
99	-4.16502e-05
99.5	-4.00242e-05
100	-3.82713e-05
100.5	-3.46597e-05
101	-2.90397e-05
101.5	-2.63683e-05
102	-2.48978e-05
102.5	-2.45715e-05
103	-2.49072e-05
103.5	-2.51199e-05
104	-2.55372e-05
104.5	-2.63321e-05
105	-2.88849e-05
105.5	-3.1602e-05
106	-3.38393e-05
106.5	-3.60469e-05
107	-3.76367e-05
107.5	-3.92232e-05
108	-3.57299e-05
108.5	-3.23561e-05
109	-3.15437e-05
109.5	-3.69605e-05
110	-3.40966e-05
110.5	-3.52665e-05
111	-4.08033e-05
111.5	-4.33727e-05
112	-4.39528e-05
112.5	-4.5237e-05
113	-4.64654e-05
113.5	-4.5117e-05
114	-4.41279e-05
114.5	-3.91678e-05
115	-3.71906e-05
115.5	-3.64431e-05
116	-3.62825e-05
116.5	-3.75476e-05
117	-3.65814e-05
117.5	-3.07308e-05
118	-2.90119e-05
118.5	-3.34805e-05
119	-3.77099e-05
119.5	-3.74864e-05
120	-3.73551e-05
120.5	-3.84249e-05
121	-4.14516e-05
121.5	-4.36297e-05
122	-4.22635e-05
122.5	-4.49313e-05
123	-4.73686e-05
123.5	-4.30927e-05
124	-4.77337e-05
124.5	-5.62905e-05
125	-5.72661e-05
125.5	-5.29309e-05
126	-4.70491e-05
126.5	-4.51024e-05
127	-4.05568e-05
127.5	-3.86831e-05
128	-3.70286e-05
128.5	-3.71768e-05
129	-3.90028e-05
129.5	-4.11009e-05
130	-4.31117e-05
130.5	-4.39807e-05
131	-4.34485e-05
131.5	-4.24218e-05
132	-4.12279e-05
132.5	-4.00572e-05
133	-3.8925e-05
133.5	-3.818e-05
134	-3.77634e-05
134.5	-3.96158e-05
135	-4.20815e-05
135.5	-4.65617e-05
136	-5.39352e-05
136.5	-7.67051e-05
137	-0.000604009
137.5	0.00259494
138	0.00112461
138.5	-0.000401772
139	-0.00071348
139.5	-0.000130941
140	-8.29326e-05
140.5	-5.94767e-05
141	-4.51725e-05
141.5	-4.02477e-05
142	-4.03299e-05
142.5	-3.97563e-05
143	-3.95986e-05
143.5	-3.94556e-05
144	-3.92324e-05
144.5	-3.94378e-05
145	-4.08847e-05
145.5	-4.22538e-05
146	-4.25406e-05
146.5	-4.24105e-05
147	-4.24196e-05
147.5	-4.11157e-05
148	-3.91699e-05
148.5	-3.73058e-05
149	-3.59757e-05
149.5	-3.41509e-05
150	-3.27816e-05
150.5	-3.14667e-05
151	-3.02812e-05
151.5	-2.92867e-05
152	-3.00773e-05
152.5	-3.17755e-05
153	-3.45603e-05
153.5	-3.81194e-05
154	-3.78635e-05
154.5	-4.04453e-05
155	-4.52554e-05
155.5	-5.36366e-05
156	-5.94269e-05
156.5	-6.4646e-05
157	-8.01326e-05
157.5	-0.000146432
158	-0.00110892
158.5	0.00135412
159	0.000808536
159.5	-0.000558837
160	-0.000596973
160.5	-0.000105721
161	-7.72542e-05
161.5	-7.33318e-05
162	-7.43248e-05
162.5	-7.53738e-05
163	-7.56664e-05
163.5	-7.57402e-05
164	-7.42089e-05
164.5	-7.27189e-05
165	-7.27016e-05
165.5	-7.2367e-05
166	-7.10384e-05
166.5	-6.90713e-05
167	-6.76245e-05
167.5	-6.6456e-05
168	-6.62762e-05
168.5	-6.66002e-05
169	-6.28563e-05
169.5	-6.02832e-05
170	-5.72275e-05
170.5	-6.37331e-05
171	-6.93091e-05
171.5	-6.66999e-05
172	-6.37015e-05
172.5	-6.58915e-05
173	-7.07128e-05
173.5	-7.28e-05
174	-7.39199e-05
174.5	-7.61919e-05
175	-7.82829e-05
175.5	-8.06784e-05
176	-8.33223e-05
176.5	-8.78466e-05
177	-9.67622e-05
177.5	-0.000116356
178	-0.000241799
178.5	-0.00223778
179	0.00218451
179.5	0.000359768
180	-0.00051798
180.5	-0.0002424
181	-9.54952e-05
181.5	-7.59049e-05
182	-6.65861e-05
182.5	-6.1121e-05
183	-5.90163e-05
183.5	-5.56109e-05
184	-5.38044e-05
184.5	-5.24293e-05
185	-4.97778e-05
185.5	-4.61608e-05
186	-4.25422e-05
186.5	-4.08731e-05
187	-4.1413e-05
187.5	-4.45275e-05
188	-4.69775e-05
188.5	-5.00281e-05
189	-5.2612e-05
189.5	-5.65381e-05
190	-6.0225e-05
190.5	-6.32967e-05
191	-6.51834e-05
191.5	-6.73257e-05
192	-7.00093e-05
192.5	-7.4611e-05
193	-8.04778e-05
193.5	-8.91436e-05
194	-0.000105977
194.5	-0.00024398
195	-0.00183743
195.5	0.00168574
196	3.60729e-05
196.5	-0.00054117
197	-0.000261325
197.5	-7.66262e-05
198	-6.7454e-05
198.5	-6.64598e-05
199	-6.57252e-05
199.5	-7.254e-05
200	-6.94539e-05
200.5	-6.44212e-05
201	-5.68395e-05
201.5	-5.23619e-05
202	-4.8455e-05
202.5	-4.58533e-05
203	-4.45971e-05
203.5	-4.54028e-05
204	-4.6319e-05
204.5	-4.65964e-05
205	-4.61508e-05
205.5	-4.55361e-05
206	-4.50138e-05
206.5	-4.47288e-05
207	-4.53365e-05
207.5	-4.66092e-05
208	-4.74613e-05
208.5	-4.77702e-05
209	-4.90633e-05
209.5	-5.07404e-05
210	-5.41874e-05
210.5	-5.91161e-05
211	-6.72309e-05
211.5	-8.52988e-05
212	-0.000134128
212.5	-0.00122943
213	0.000791791
213.5	0.000631881
214	-0.0003103
214.5	-0.000464589
215	-0.000127958
215.5	-0.000110141
216	-8.79004e-05
216.5	-6.85715e-05
217	-6.16484e-05
217.5	-5.74178e-05
218	-5.66671e-05
218.5	-5.75952e-05
219	-5.8631e-05
219.5	-5.91891e-05
220	-6.10755e-05
220.5	-6.49079e-05
221	-6.915e-05
221.5	-7.21674e-05
222	-7.38255e-05
222.5	-7.42269e-05
223	-7.53264e-05
223.5	-7.61937e-05
224	-7.73373e-05
224.5	-7.96811e-05
225	-8.3163e-05
225.5	-8.90984e-05
226	-9.55455e-05
226.5	-0.000111521
227	-0.000475933
227.5	-0.00180618
228	0.00245884
228.5	-0.000125362
229	-0.000742426
229.5	-0.00016848
230	-8.68039e-05
230.5	-8.46925e-05
231	-6.6763e-05
231.5	-4.9515e-05
232	-3.64639e-05
232.5	-3.44481e-05
233	-4.11895e-05
233.5	-4.25527e-05
234	-4.54089e-05
234.5	-4.41294e-05
235	-4.7216e-05
235.5	-4.72263e-05
236	-4.37377e-05
236.5	-4.6177e-05
237	-4.82834e-05
237.5	-4.95004e-05
238	-4.86677e-05
238.5	-4.4516e-05
239	-4.00233e-05
239.5	-4.02356e-05
240	-4.41827e-05
240.5	-4.61482e-05
241	-5.3455e-05
241.5	-6.24117e-05
242	-6.17841e-05
242.5	-5.64124e-05
243	-5.14805e-05
243.5	-4.48798e-05
244	-3.80228e-05
244.5	-3.49128e-05
245	-3.35874e-05
245.5	-2.98187e-05
246	-2.94922e-05
246.5	-3.27535e-05
247	-3.80214e-05
247.5	-4.30533e-05
248	-4.71615e-05
248.5	-5.04738e-05
249	-5.37922e-05
249.5	-5.64525e-05
250	-5.96192e-05
250.5	-6.4552e-05
251	-7.53885e-05
251.5	-0.000113199
252	-0.00120032
252.5	0.00107984
253	0.000349947
253.5	-0.000328389
254	-0.000370914
254.5	-0.000131986
255	-0.000113959
255.5	-9.55655e-05
256	-8.13581e-05
256.5	-7.35396e-05
257	-6.64914e-05
257.5	-6.21611e-05
258	-6.07532e-05
258.5	-6.06324e-05
259	-5.99474e-05
259.5	-5.85264e-05
260	-5.6931e-05
260.5	-5.53341e-05
261	-5.50316e-05
261.5	-5.55976e-05
262	-5.6076e-05
262.5	-5.72302e-05
263	-5.89761e-05
263.5	-6.12088e-05
264	-6.52228e-05
264.5	-7.16134e-05
265	-8.46219e-05
265.5	-0.000137134
266	-0.00126293
266.5	0.000875551
267	0.000211699
267.5	-0.000540276
268	-0.000437679
268.5	-9.35203e-05
269	-8.60832e-05
269.5	-0.000102695
270	-9.81377e-05
270.5	-8.43468e-05
271	-7.02766e-05
271.5	-6.29923e-05
272	-6.02231e-05
272.5	-5.90354e-05
273	-5.84402e-05
273.5	-5.88436e-05
274	-6.01464e-05
274.5	-6.18671e-05
275	-6.31981e-05
275.5	-6.45005e-05
276	-6.71453e-05
276.5	-7.21524e-05
277	-8.02425e-05
277.5	-0.000104216
278	-0.000629527
278.5	0.00116219
279	0.00174681
279.5	-0.000298628
280	-0.000845944
280.5	-0.000128187
281	-7.4723e-05
281.5	-6.98231e-05
282	-6.36773e-05
282.5	-5.84321e-05
283	-5.05431e-05
283.5	-4.52115e-05
284	-4.41228e-05
284.5	-4.0419e-05
285	-3.73324e-05
285.5	-3.63891e-05
286	-3.85145e-05
286.5	-4.06002e-05
287	-4.19161e-05
287.5	-4.35705e-05
288	-4.45314e-05
288.5	-4.47613e-05
289	-4.50248e-05
289.5	-4.50995e-05
290	-4.46463e-05
290.5	-4.4577e-05
291	-4.48002e-05
291.5	-4.55551e-05
292	-4.72502e-05
292.5	-5.05689e-05
293	-5.9068e-05
293.5	-9.35106e-05
294	-0.000913059
294.5	0.00101933
295	0.000226444
295.5	-0.000309558
296	-0.000307957
296.5	-7.47112e-05
297	-6.00993e-05
297.5	-5.99376e-05
298	-5.91001e-05
298.5	-5.17252e-05
299	-4.65081e-05
299.5	-4.58839e-05
300	-4.6364e-05
300.5	-4.69965e-05
301	-4.72589e-05
301.5	-4.82167e-05
302	-4.99099e-05
302.5	-5.24512e-05
303	-5.54721e-05
303.5	-5.98224e-05
304	-6.34046e-05
304.5	-6.67048e-05
305	-6.98197e-05
305.5	-7.13847e-05
306	-7.13914e-05
306.5	-7.08533e-05
307	-7.04008e-05
307.5	-7.10902e-05
308	-7.19653e-05
308.5	-7.35767e-05
309	-7.60975e-05
309.5	-8.26792e-05
310	-0.000103325
310.5	-0.000347416
311	-0.00280255
311.5	0.00247541
312	0.00042472
312.5	-0.000784793
313	-0.000175047
313.5	-0.000102488
314	-6.30208e-05
314.5	-4.5015e-05
315	-3.41968e-05
315.5	-3.07854e-05
316	-3.04374e-05
316.5	-3.10142e-05
317	-3.23377e-05
317.5	-3.37555e-05
318	-3.55049e-05
318.5	-3.67069e-05
319	-3.80052e-05
319.5	-4.00147e-05
320	-4.26e-05
320.5	-4.4933e-05
321	-4.58218e-05
321.5	-4.56999e-05
322	-4.51415e-05
322.5	-4.50554e-05
323	-4.619e-05
323.5	-5.02652e-05
324	-5.44831e-05
324.5	-5.88054e-05
325	-6.68142e-05
325.5	-7.5677e-05
326	-9.67761e-05
326.5	-0.000618334
327	-0.000961484
327.5	0.0026266
328	-5.45785e-05
328.5	-0.00088455
329	-0.000187535
329.5	-9.28342e-05
330	-7.28083e-05
330.5	-6.18101e-05
331	-5.71453e-05
331.5	-5.51922e-05
332	-5.49937e-05
332.5	-5.48689e-05
333	-5.49477e-05
333.5	-5.45371e-05
334	-5.54251e-05
334.5	-5.59655e-05
335	-5.47634e-05
335.5	-5.41491e-05
336	-5.38769e-05
336.5	-5.46518e-05
337	-5.71437e-05
337.5	-6.14731e-05
338	-6.89539e-05
338.5	-8.6516e-05
339	-0.00039429
339.5	-0.0017446
340	0.00257925
340.5	-2.89107e-06
341	-0.000822294
341.5	-0.000227345
342	-9.19465e-05
342.5	-6.06457e-05
343	-4.26621e-05
343.5	-3.39055e-05
344	-3.07455e-05
344.5	-3.0276e-05
345	-3.16113e-05
345.5	-3.35195e-05
346	-3.503e-05
346.5	-3.59007e-05
347	-3.42722e-05
347.5	-3.10785e-05
348	-3.03735e-05
348.5	-3.06721e-05
349	-3.14675e-05
349.5	-3.20304e-05
350	-3.20732e-05
350.5	-3.32581e-05
351	-3.30102e-05
351.5	-3.35069e-05
352	-3.62769e-05
352.5	-3.98585e-05
353	-4.62134e-05
353.5	-5.44754e-05
354	-5.88372e-05
354.5	-4.5121e-05
355	-2.94399e-05
355.5	-2.17038e-05
356	-1.67158e-05
356.5	-2.13168e-05
357	-3.03293e-05
357.5	-3.03689e-05
358	-3.40446e-05
358.5	-4.4975e-05
359	-4.97221e-05
359.5	-5.09563e-05
360	-5.2438e-05
360.5	-5.34575e-05
361	-4.95511e-05
361.5	-4.77083e-05
362	-4.65966e-05
362.5	-4.17588e-05
363	-3.55906e-05
363.5	-3.2741e-05
364	-2.99375e-05
364.5	-2.75553e-05
365	-2.37158e-05
365.5	-2.31582e-05
366	-2.51761e-05
366.5	-2.80905e-05
367	-3.12451e-05
367.5	-3.61479e-05
368	-4.18562e-05
368.5	-4.83973e-05
369	-5.40911e-05
369.5	-5.84386e-05
370	-6.18841e-05
370.5	-6.5048e-05
371	-6.89509e-05
371.5	-7.69484e-05
372	-0.000105875
372.5	-0.000651022
373	0.00290063
373.5	0.00132325
374	-0.000476257
374.5	-0.000750491
375	-8.73758e-05
375.5	-5.30611e-05
376	-5.39432e-05
376.5	-5.90225e-05
377	-5.64124e-05
377.5	-5.81673e-05
378	-5.14712e-05
378.5	-4.40063e-05
379	-3.96394e-05
379.5	-3.66934e-05
380	-3.45372e-05
380.5	-3.34793e-05
381	-3.54152e-05
381.5	-3.85555e-05
382	-4.23446e-05
382.5	-4.68813e-05
383	-5.11958e-05
383.5	-5.53826e-05
384	-6.0692e-05
384.5	-6.58784e-05
385	-7.07891e-05
385.5	-7.69879e-05
386	-8.52564e-05
386.5	-0.000100741
387	-0.000151184
387.5	-0.00107935
388	0.000660819
388.5	0.00107344
389	-0.000302973
389.5	-0.000617683
390	-0.000105983
390.5	-7.95487e-05
391	-7.49178e-05
391.5	-6.43992e-05
392	-5.89032e-05
392.5	-5.12272e-05
393	-4.7137e-05
393.5	-4.32685e-05
394	-3.95365e-05
394.5	-3.78596e-05
395	-3.77554e-05
395.5	-3.77211e-05
396	-3.89247e-05
396.5	-4.21334e-05
397	-4.58632e-05
397.5	-4.89281e-05
398	-5.06775e-05
398.5	-5.19731e-05
399	-5.26939e-05
399.5	-5.33337e-05
400	-5.49762e-05
400.5	-5.7612e-05
401	-6.27396e-05
401.5	-7.9318e-05
402	-0.000462574
402.5	-0.00183272
403	0.00244574
403.5	-0.000127103
404	-0.000767601
404.5	-0.000166358
405	-4.67543e-05
405.5	-3.66963e-05
406	-3.33824e-05
406.5	-3.66902e-05
407	-4.50555e-05
407.5	-4.52379e-05
408	-3.97922e-05
408.5	-3.64751e-05
409	-3.37695e-05
409.5	-3.16026e-05
410	-3.17564e-05
410.5	-3.32201e-05
411	-3.5116e-05
411.5	-3.64625e-05
412	-3.78381e-05
412.5	-3.79495e-05
413	-3.79938e-05
413.5	-3.76588e-05
414	-3.66658e-05
414.5	-3.50967e-05
415	-3.26144e-05
415.5	-3.01313e-05
416	-2.78485e-05
416.5	-2.56792e-05
417	-2.44292e-05
417.5	-2.4392e-05
418	-2.57702e-05
418.5	-2.76485e-05
419	-2.87264e-05
419.5	-2.9875e-05
420	-3.11863e-05
420.5	-3.24741e-05
421	-3.39403e-05
421.5	-3.6461e-05
422	-3.44079e-05
422.5	-3.83914e-05
423	-4.27223e-05
423.5	-4.3294e-05
424	-4.62469e-05
424.5	-5.21736e-05
425	-5.40936e-05
425.5	-5.11119e-05
426	-4.79104e-05
426.5	-4.55159e-05
427	-4.07454e-05
427.5	-4.02583e-05
428	-4.04088e-05
428.5	-4.09733e-05
429	-4.07482e-05
429.5	-4.14719e-05
430	-4.39723e-05
430.5	-4.69886e-05
431	-5.13305e-05
431.5	-5.60916e-05
432	-6.34821e-05
432.5	-8.25318e-05
433	-0.000462073
433.5	-0.00113214
434	0.00218537
434.5	-9.87364e-05
435	-0.000772019
435.5	-0.000121523
436	-6.07836e-05
436.5	-5.16392e-05
437	-4.39126e-05
437.5	-4.48783e-05
438	-4.19544e-05
438.5	-4.02505e-05
439	-3.81992e-05
439.5	-3.75827e-05
440	-3.87958e-05
440.5	-4.17548e-05
441	-4.57572e-05
441.5	-4.95181e-05
442	-5.25772e-05
442.5	-5.5414e-05
443	-5.78795e-05
443.5	-5.91201e-05
444	-5.95366e-05
444.5	-6.03934e-05
445	-6.10674e-05
445.5	-6.09595e-05
446	-5.9803e-05
446.5	-5.83245e-05
447	-5.70606e-05
447.5	-5.58128e-05
448	-5.39766e-05
448.5	-5.18376e-05
449	-5.03143e-05
449.5	-4.85832e-05
450	-4.70917e-05
450.5	-4.69309e-05
451	-4.87492e-05
451.5	-5.56397e-05
452	-0.000123146
452.5	-0.0014592
453	0.00179945
453.5	2.77896e-05
454	-0.000705574
454.5	-0.00032008
455	-8.60086e-05
455.5	-5.25297e-05
456	-3.8678e-05
456.5	-3.49156e-05
457	-3.49452e-05
457.5	-3.61839e-05
458	-3.81807e-05
458.5	-3.92785e-05
459	-3.92783e-05
459.5	-3.89352e-05
460	-3.91175e-05
460.5	-4.00631e-05
461	-4.15234e-05
461.5	-4.19651e-05
462	-4.28974e-05
462.5	-4.46207e-05
463	-4.70326e-05
463.5	-5.09464e-05
464	-5.54934e-05
464.5	-6.06722e-05
465	-6.98146e-05
465.5	-8.07676e-05
466	-0.000123371
466.5	-0.00114826
467	0.000829297
467.5	0.000361576
468	-0.000454779
468.5	-0.000485234
469	-0.000123319
469.5	-7.64644e-05
470	-5.46654e-05
470.5	-4.55612e-05
471	-4.24469e-05
471.5	-4.36122e-05
472	-4.69216e-05
472.5	-5.19398e-05
473	-5.68006e-05
473.5	-6.06028e-05
474	-6.42263e-05
474.5	-6.77578e-05
475	-7.07008e-05
475.5	-7.26084e-05
476	-7.44603e-05
476.5	-7.80561e-05
477	-8.22298e-05
477.5	-8.6307e-05
478	-9.10332e-05
478.5	-9.90422e-05
479	-0.000122487
479.5	-0.00064545
480	0.000575776
480.5	0.00176855
481	-0.000216084
481.5	-0.000848106
482	-0.000174665
482.5	-0.00010859
483	-8.82971e-05
483.5	-7.12779e-05
484	-6.20418e-05
484.5	-5.79518e-05
485	-5.40758e-05
485.5	-5.15869e-05
486	-5.04545e-05
486.5	-4.8985e-05
487	-4.58263e-05
487.5	-4.24029e-05
488	-3.83354e-05
488.5	-3.60793e-05
489	-3.67755e-05
489.5	-3.8905e-05
490	-4.10138e-05
490.5	-4.45078e-05
491	-4.95537e-05
491.5	-5.27263e-05
492	-5.61189e-05
492.5	-6.0985e-05
493	-6.57046e-05
493.5	-7.06817e-05
494	-7.30508e-05
494.5	-7.78802e-05
495	-9.83807e-05
495.5	-0.000614546
496	0.00180548
496.5	0.00154407
497	-0.000286918
497.5	-0.00082614
498	-0.000172631
498.5	-0.000124493
499	-0.000103209
499.5	-8.3664e-05
500	-6.72428e-05
500.5	-5.44503e-05
501	-5.38315e-05
501.5	-5.49405e-05
502	-5.12915e-05
502.5	-4.91656e-05
503	-4.70593e-05
503.5	-3.94931e-05
504	-2.65453e-05
504.5	-1.76133e-05
505	-1.22776e-05
505.5	-9.14868e-06
506	-6.84354e-06
506.5	-4.26348e-06
507	-2.73289e-06
507.5	-2.00513e-06
508	-3.12775e-06
508.5	-6.29832e-06
509	-9.28113e-06
509.5	-1.26898e-05
510	-1.52454e-05
510.5	-1.78682e-05
511	-2.13883e-05
511.5	-2.58388e-05
512	-3.12316e-05
512.5	-3.85805e-05
513	-5.2646e-05
513.5	-0.000121914
514	-0.00176431
514.5	0.00197366
515	-0.000111754
515.5	-0.000636544
516	-0.000157127
516.5	-6.85005e-05
517	-7.47495e-05
517.5	-7.60191e-05
518	-8.79826e-05
518.5	-8.40278e-05
519	-7.99086e-05
519.5	-7.75896e-05
520	-7.19179e-05
520.5	-6.70013e-05
521	-6.53071e-05
521.5	-6.40718e-05
522	-6.5211e-05
522.5	-6.74923e-05
523	-7.00856e-05
523.5	-7.23844e-05
524	-7.62666e-05
524.5	-8.04121e-05
525	-8.40309e-05
525.5	-8.74575e-05
526	-9.24486e-05
526.5	-0.000100802
527	-0.000121341
527.5	-0.000510071
528	-0.00181687
528.5	0.00252235
529	-7.30748e-05
529.5	-0.000727543
530	-0.000176104
530.5	-8.98759e-05
531	-8.39667e-05
531.5	-8.17663e-05
532	-8.20564e-05
532.5	-8.35307e-05
533	-8.11628e-05
533.5	-7.50264e-05
534	-7.2785e-05
534.5	-6.77427e-05
535	-6.25586e-05
535.5	-6.00198e-05
536	-5.99323e-05
536.5	-6.1985e-05
537	-6.32966e-05
537.5	-6.46094e-05
538	-6.62754e-05
538.5	-6.71049e-05
539	-6.69988e-05
539.5	-6.76981e-05
540	-6.8203e-05
540.5	-6.9317e-05
541	-7.153e-05
541.5	-7.60574e-05
542	-8.29945e-05
542.5	-9.70133e-05
543	-0.000154686
543.5	-0.00147615
544	0.00121385
544.5	0.00036589
545	-0.000382731
545.5	-0.00041323
546	-9.66367e-05
546.5	-7.97045e-05
547	-8.76077e-05
547.5	-7.90157e-05
548	-6.62687e-05
548.5	-5.96329e-05
549	-5.85174e-05
549.5	-5.14113e-05
550	-4.704e-05
550.5	-4.67657e-05
551	-4.90096e-05
551.5	-5.09631e-05
552	-5.324e-05
552.5	-5.51554e-05
553	-5.6108e-05
553.5	-5.65393e-05
554	-5.63863e-05
554.5	-5.59657e-05
555	-5.52368e-05
555.5	-5.38152e-05
556	-5.26105e-05
556.5	-5.09728e-05
557	-4.93792e-05
557.5	-4.8917e-05
558	-5.08104e-05
558.5	-5.54216e-05
559	-6.48948e-05
559.5	-8.96868e-05
560	-0.000438898
560.5	-0.00232463
561	0.00250367
561.5	0.000314994
562	-0.000777427
562.5	-0.00013646
563	-7.9166e-05
563.5	-7.44553e-05
564	-6.3965e-05
564.5	-4.44907e-05
565	-3.44689e-05
565.5	-2.90556e-05
566	-2.90448e-05
566.5	-3.42168e-05
567	-4.25104e-05
567.5	-5.00944e-05
568	-5.60245e-05
568.5	-6.05256e-05
569	-6.35641e-05
569.5	-6.54085e-05
570	-6.60131e-05
570.5	-6.66226e-05
571	-6.66062e-05
571.5	-6.72992e-05
572	-6.94891e-05
572.5	-7.23722e-05
573	-7.59747e-05
573.5	-8.16083e-05
574	-9.36981e-05
574.5	-0.000127925
575	-0.000731032
575.5	0.00161333
576	0.00113808
576.5	-0.000119797
577	-0.000614257
577.5	-0.000110942
578	-8.47235e-05
578.5	-6.99994e-05
579	-5.09129e-05
579.5	-3.56598e-05
580	-2.92478e-05
580.5	-2.94471e-05
581	-3.23044e-05
581.5	-3.57365e-05
582	-3.82396e-05
582.5	-3.91191e-05
583	-3.80474e-05
583.5	-3.82226e-05
584	-4.0261e-05
584.5	-4.21246e-05
585	-4.46435e-05
585.5	-4.72015e-05
586	-4.93198e-05
586.5	-5.02104e-05
587	-5.12505e-05
587.5	-5.35602e-05
588	-5.78793e-05
588.5	-6.52046e-05
589	-8.31732e-05
589.5	-0.000512228
590	-0.000827188
590.5	0.0018732
591	-0.000172974
591.5	-0.000807557
592	-0.000146329
592.5	-9.29206e-05
593	-6.80505e-05
593.5	-5.32507e-05
594	-4.67618e-05
594.5	-4.82128e-05
595	-4.89189e-05
595.5	-4.9416e-05
596	-5.12379e-05
596.5	-5.32574e-05
597	-5.45506e-05
597.5	-5.51995e-05
598	-5.59038e-05
598.5	-5.49584e-05
599	-5.32711e-05
599.5	-5.16209e-05
600	-5.04469e-05
600.5	-4.88752e-05
601	-4.79392e-05
601.5	-4.91108e-05
602	-5.25725e-05
602.5	-5.55967e-05
603	-5.76967e-05
603.5	-6.02165e-05
604	-6.30775e-05
604.5	-6.57012e-05
605	-6.98921e-05
605.5	-7.36507e-05
606	-8.09302e-05
606.5	-9.79364e-05
607	-0.00054048
607.5	-0.00173635
608	0.00276674
608.5	0.000194051
609	-0.000720359
609.5	-0.000177013
610	-9.15812e-05
610.5	-6.9548e-05
611	-5.72542e-05
611.5	-5.11573e-05
612	-4.91396e-05
612.5	-4.96111e-05
613	-5.04871e-05
613.5	-5.00254e-05
614	-4.96652e-05
614.5	-4.94018e-05
615	-4.92202e-05
615.5	-4.9598e-05
616	-5.17205e-05
616.5	-5.3892e-05
617	-5.70619e-05
617.5	-5.89813e-05
618	-5.93097e-05
618.5	-6.19496e-05
619	-6.68852e-05
619.5	-6.79599e-05
620	-6.32494e-05
620.5	-4.31346e-05
621	-3.41532e-05
621.5	-4.08545e-05
622	-3.81885e-05
622.5	-4.13943e-05
623	-4.54666e-05
623.5	-5.16113e-05
624	-5.90838e-05
624.5	-6.90761e-05
625	-6.59783e-05
625.5	-5.57599e-05
626	-4.75548e-05
626.5	-3.56657e-05
627	-2.50909e-05
627.5	-2.06403e-05
628	-1.89166e-05
628.5	-1.73088e-05
629	-1.62236e-05
629.5	-1.6547e-05
630	-1.74676e-05
630.5	-1.91528e-05
631	-2.14524e-05
631.5	-2.47784e-05
632	-2.92188e-05
632.5	-3.31477e-05
633	-3.66591e-05
633.5	-3.89164e-05
634	-4.09283e-05
634.5	-4.22909e-05
635	-4.34063e-05
635.5	-4.50438e-05
636	-4.64648e-05
636.5	-4.71887e-05
637	-5.00958e-05
637.5	-5.32699e-05
638	-6.66756e-05
638.5	-0.000600029
639	-0.00134531
639.5	0.00231374
640	0.000246969
640.5	-0.000798313
641	-0.000147585
641.5	-7.9421e-05
642	-5.4174e-05
642.5	-4.11004e-05
643	-3.48553e-05
643.5	-3.20271e-05
644	-3.25302e-05
644.5	-3.41715e-05
645	-3.62788e-05
645.5	-3.79963e-05
646	-3.9185e-05
646.5	-3.92658e-05
647	-3.91473e-05
647.5	-3.90116e-05
648	-3.83229e-05
648.5	-3.73632e-05
649	-3.70041e-05
649.5	-3.65262e-05
650	-3.64518e-05
650.5	-3.77422e-05
651	-4.09667e-05
651.5	-4.4175e-05
652	-4.49247e-05
652.5	-5.06614e-05
653	-6.07409e-05
653.5	-8.33448e-05
654	-0.000606032
654.5	0.00098818
655	0.0018512
655.5	-0.000245639
656	-0.000844005
656.5	-0.000131193
657	-6.92354e-05
657.5	-5.67316e-05
658	-4.82738e-05
658.5	-4.56702e-05
659	-4.33471e-05
659.5	-4.0949e-05
660	-3.86816e-05
660.5	-3.65163e-05
661	-3.58093e-05
661.5	-3.72782e-05
662	-4.03658e-05
662.5	-4.28199e-05
663	-4.41931e-05
663.5	-4.65166e-05
664	-4.8688e-05
664.5	-5.06722e-05
665	-5.41309e-05
665.5	-5.7115e-05
666	-5.92091e-05
666.5	-5.9407e-05
667	-6.16473e-05
667.5	-6.74676e-05
668	-9.09025e-05
668.5	-0.000607365
669	0.000199032
669.5	0.00199674
670	-0.000221445
670.5	-0.000867408
671	-0.000148961
671.5	-7.47115e-05
672	-5.14228e-05
672.5	-3.7346e-05
673	-3.20071e-05
673.5	-3.09137e-05
674	-3.11931e-05
674.5	-3.17964e-05
675	-3.17836e-05
675.5	-3.18802e-05
676	-3.3701e-05
676.5	-3.50553e-05
677	-3.55355e-05
677.5	-3.43792e-05
678	-3.20837e-05
678.5	-2.9756e-05
679	-2.74333e-05
679.5	-2.56681e-05
680	-2.4718e-05
680.5	-2.16292e-05
681	-2.2026e-05
681.5	-2.56477e-05
682	-2.79355e-05
682.5	-2.77087e-05
683	-2.89075e-05
683.5	-2.7368e-05
684	-2.57689e-05
684.5	-2.543e-05
685	-2.49698e-05
685.5	-2.52835e-05
686	-2.76379e-05
686.5	-2.87684e-05
687	-2.8772e-05
687.5	-2.74844e-05
688	-2.64125e-05
688.5	-2.52371e-05
689	-2.41138e-05
689.5	-2.3839e-05
690	-2.40494e-05
690.5	-2.51043e-05
691	-2.66529e-05
691.5	-2.79124e-05
692	-2.88018e-05
692.5	-2.99926e-05
693	-3.03137e-05
693.5	-3.07136e-05
694	-3.13982e-05
694.5	-3.28127e-05
695	-3.51754e-05
695.5	-3.31623e-05
696	-3.48086e-05
696.5	-3.96429e-05
697	-4.42132e-05
697.5	-4.84058e-05
698	-5.14089e-05
698.5	-5.73052e-05
699	-6.41802e-05
699.5	-7.19295e-05
700	-7.56826e-05
700.5	-7.97488e-05
701	-8.38719e-05
701.5	-8.6572e-05
702	-8.7958e-05
702.5	-8.78626e-05
703	-8.67322e-05
703.5	-8.52963e-05
704	-8.34664e-05
704.5	-8.11969e-05
705	-7.94354e-05
705.5	-7.93413e-05
706	-7.95814e-05
706.5	-8.3449e-05
707	-0.000102469
707.5	-0.000558849
708	-0.000211653
708.5	0.00167192
709	-0.000173089
709.5	-0.000753187
710	-0.000143114
710.5	-9.68759e-05
711	-8.44018e-05
711.5	-8.11267e-05
712	-7.61718e-05
712.5	-7.53376e-05
713	-7.37572e-05
713.5	-7.29587e-05
714	-7.26531e-05
714.5	-7.12642e-05
715	-7.03343e-05
715.5	-6.92496e-05
716	-6.79054e-05
716.5	-6.57254e-05
717	-6.31756e-05
717.5	-6.03489e-05
718	-5.88002e-05
718.5	-5.80423e-05
719	-5.81251e-05
719.5	-5.95723e-05
720	-6.25485e-05
720.5	-6.7903e-05
721	-7.90026e-05
721.5	-0.000112775
722	-0.00068312
722.5	0.00166024
723	0.0011026
723.5	-0.00018208
724	-0.000649357
724.5	-0.000146537
725	-0.000118074
725.5	-9.32857e-05
726	-7.85446e-05
726.5	-6.30392e-05
727	-5.38204e-05
727.5	-5.02627e-05
728	-4.76561e-05
728.5	-4.92203e-05
729	-5.49855e-05
729.5	-5.82717e-05
730	-5.9139e-05
730.5	-5.96053e-05
731	-6.178e-05
731.5	-5.6726e-05
732	-5.55401e-05
732.5	-5.8227e-05
733	-5.65688e-05
733.5	-5.81361e-05
734	-6.53142e-05
734.5	-7.04016e-05
735	-6.62513e-05
735.5	-6.1611e-05
736	-5.36992e-05
736.5	-4.46117e-05
737	-3.91854e-05
737.5	-3.5459e-05
738	-3.64279e-05
738.5	-3.75186e-05
739	-3.35213e-05
739.5	-2.799e-05
740	-2.46048e-05
740.5	-2.39509e-05
741	-2.2435e-05
741.5	-1.99352e-05
742	-2.00891e-05
742.5	-2.13522e-05
743	-2.28723e-05
743.5	-2.52929e-05
744	-2.92287e-05
744.5	-3.64324e-05
745	-4.92916e-05
745.5	-0.000101894
746	-0.00232367
746.5	0.0025877
747	0.00021177
747.5	-0.000665037
748	-0.000153384
748.5	-9.09288e-05
749	-8.91237e-05
749.5	-7.8173e-05
750	-6.57592e-05
750.5	-5.5924e-05
751	-5.0762e-05
751.5	-4.99384e-05
752	-5.02704e-05
752.5	-5.11662e-05
753	-5.22037e-05
753.5	-5.35122e-05
754	-5.5464e-05
754.5	-5.71343e-05
755	-5.79753e-05
755.5	-5.85742e-05
756	-5.79627e-05
756.5	-5.70562e-05
757	-5.61293e-05
757.5	-5.57602e-05
758	-5.58733e-05
758.5	-5.73092e-05
759	-6.10298e-05
759.5	-6.65262e-05
760	-7.52977e-05
760.5	-9.06436e-05
761	-0.000155675
761.5	-0.00149842
762	0.00137566
762.5	0.000242432
763	-0.000411538
763.5	-0.000320192
764	-7.80218e-05
764.5	-5.74072e-05
765	-4.6902e-05
765.5	-5.26446e-05
766	-5.2044e-05
766.5	-4.66676e-05
767	-4.4794e-05
767.5	-4.54838e-05
768	-4.70353e-05
768.5	-4.76871e-05
769	-4.90458e-05
769.5	-5.11843e-05
770	-5.27291e-05
770.5	-5.31244e-05
771	-5.45833e-05
771.5	-5.74315e-05
772	-5.96311e-05
772.5	-6.32628e-05
773	-6.87288e-05
773.5	-7.39683e-05
774	-7.96396e-05
774.5	-8.98253e-05
775	-0.000138302
775.5	-0.00115977
776	0.000915383
776.5	0.000601835
777	-0.000688667
777.5	-0.000602036
778	-9.93546e-05
778.5	-8.32754e-05
779	-7.70427e-05
779.5	-6.79658e-05
780	-6.15675e-05
780.5	-5.76241e-05
781	-5.51187e-05
781.5	-5.24942e-05
782	-4.92509e-05
782.5	-4.64153e-05
783	-4.303e-05
783.5	-3.86417e-05
784	-3.70727e-05
784.5	-3.66954e-05
785	-3.59098e-05
785.5	-3.50923e-05
786	-3.37702e-05
786.5	-3.38974e-05
787	-3.34314e-05
787.5	-3.20453e-05
788	-3.08975e-05
788.5	-2.72263e-05
789	-2.71154e-05
789.5	-2.90309e-05
790	-3.35062e-05
790.5	-3.71169e-05
791	-4.28345e-05
791.5	-4.90736e-05
792	-5.44983e-05
792.5	-5.90904e-05
793	-6.40455e-05
793.5	-7.14482e-05
794	-8.44545e-05
794.5	-0.000124592
795	-0.00105905
795.5	0.000731911
796	0.000785441
796.5	-0.000278252
797	-0.000471724
797.5	-0.000110587
798	-8.91018e-05
798.5	-6.99429e-05
799	-5.7081e-05
799.5	-5.25939e-05
800	-5.65882e-05
800.5	-5.79342e-05
801	-5.8616e-05
801.5	-5.97558e-05
802	-6.10204e-05
802.5	-6.06152e-05
803	-5.97802e-05
803.5	-5.83672e-05
804	-5.69201e-05
804.5	-5.54532e-05
805	-5.11503e-05
805.5	-4.71163e-05
806	-4.63463e-05
806.5	-4.65591e-05
807	-4.68638e-05
807.5	-4.80588e-05
808	-4.94394e-05
808.5	-5.15231e-05
809	-5.48589e-05
809.5	-5.97572e-05
810	-6.63154e-05
810.5	-7.28566e-05
811	-0.000114491
811.5	-0.00107169
812	0.0010216
812.5	0.00050995
813	-0.000678839
813.5	-0.000567475
814	-0.000104673
814.5	-6.78638e-05
815	-5.24617e-05
815.5	-4.02604e-05
816	-3.46024e-05
816.5	-3.37272e-05
817	-3.38636e-05
817.5	-3.42991e-05
818	-3.44338e-05
818.5	-3.55568e-05
819	-3.59231e-05
819.5	-3.82717e-05
820	-4.17223e-05
820.5	-4.50245e-05
821	-4.79695e-05
821.5	-5.0767e-05
822	-5.28889e-05
822.5	-5.42944e-05
823	-5.55912e-05
823.5	-5.47525e-05
824	-5.35453e-05
824.5	-5.3846e-05
825	-5.62676e-05
825.5	-6.36987e-05
826	-9.88388e-05
826.5	-0.000915068
827	0.000952734
827.5	0.000322806
828	-0.000623355
828.5	-0.00050684
829	-9.81974e-05
829.5	-5.53822e-05
830	-4.3618e-05
830.5	-3.1412e-05
831	-2.39546e-05
831.5	-2.47053e-05
832	-3.0295e-05
832.5	-3.62346e-05
833	-4.05204e-05
833.5	-4.48509e-05
834	-4.88792e-05
834.5	-5.29163e-05
835	-5.55484e-05
835.5	-5.82499e-05
836	-6.04005e-05
836.5	-6.23791e-05
837	-6.52174e-05
837.5	-6.97272e-05
838	-7.67981e-05
838.5	-9.05564e-05
839	-0.000173583
839.5	-0.00165802
840	0.00143867
840.5	-8.87847e-06
841	-0.00059926
841.5	-0.000297123
842	-7.10807e-05
842.5	-6.40718e-05
843	-6.71497e-05
843.5	-7.01334e-05
844	-5.75307e-05
844.5	-5.1624e-05
845	-4.54602e-05
845.5	-3.89418e-05
846	-3.31355e-05
846.5	-3.47629e-05
847	-3.8375e-05
847.5	-4.31662e-05
848	-4.09297e-05
848.5	-3.46106e-05
849	-3.47269e-05
849.5	-4.19987e-05
850	-4.92592e-05
850.5	-4.62801e-05
851	-3.72578e-05
851.5	-3.72622e-05
852	-3.6741e-05
852.5	-3.60968e-05
853	-3.71511e-05
853.5	-3.09386e-05
854	-2.96666e-05
854.5	-2.97009e-05
855	-3.06582e-05
855.5	-3.0699e-05
856	-3.03417e-05
856.5	-3.10198e-05
857	-3.16378e-05
857.5	-3.29355e-05
858	-3.55052e-05
858.5	-4.01559e-05
859	-5.05104e-05
859.5	-9.61666e-05
860	-0.00116233
860.5	0.00106838
861	-2.39263e-05
861.5	-0.000551741
862	-0.000287766
862.5	-7.62595e-05
863	-7.80337e-05
863.5	-7.75446e-05
864	-7.47079e-05
864.5	-7.20985e-05
865	-7.206e-05
865.5	-7.03272e-05
866	-6.84976e-05
866.5	-6.37486e-05
867	-5.88527e-05
867.5	-5.44419e-05
868	-5.23802e-05
868.5	-5.27318e-05
869	-5.61291e-05
869.5	-6.00468e-05
870	-6.27103e-05
870.5	-6.65099e-05
871	-7.16774e-05
871.5	-7.76458e-05
872	-8.41233e-05
872.5	-9.06078e-05
873	-9.70492e-05
873.5	-0.000103696
874	-0.000111537
874.5	-0.000123493
875	-0.000154967
875.5	-0.000704816
876	0.00153288
876.5	0.0018041
877	-9.99934e-06
877.5	-0.000779809
878	-0.000142137
878.5	-9.90553e-05
879	-8.80074e-05
879.5	-8.01752e-05
880	-7.4437e-05
880.5	-7.29346e-05
881	-7.39467e-05
881.5	-7.44775e-05
882	-7.43207e-05
882.5	-7.41209e-05
883	-7.33758e-05
883.5	-7.27206e-05
884	-7.08257e-05
884.5	-6.79035e-05
885	-6.50607e-05
885.5	-6.16416e-05
886	-5.64675e-05
886.5	-5.36516e-05
887	-5.27391e-05
887.5	-5.08003e-05
888	-5.07739e-05
888.5	-4.8261e-05
889	-3.94401e-05
889.5	-3.71341e-05
890	-3.82437e-05
890.5	-3.85887e-05
891	-3.91045e-05
891.5	-3.67878e-05
892	-3.41841e-05
892.5	-4.08314e-05
893	-5.89584e-05
893.5	-0.000184509
894	-0.00159517
894.5	0.00187558
895	-1.04058e-05
895.5	-0.000689092
896	-0.000266807
896.5	-6.24836e-05
897	-3.96596e-05
897.5	-3.0034e-05
898	-2.4603e-05
898.5	-2.18947e-05
899	-2.03413e-05
899.5	-1.89603e-05
900	-1.84961e-05
900.5	-1.74286e-05
901	-1.99777e-05
901.5	-2.21784e-05
902	-2.38185e-05
902.5	-2.4427e-05
903	-2.48166e-05
903.5	-2.5968e-05
904	-2.86538e-05
904.5	-3.23111e-05
905	-3.59434e-05
905.5	-3.9229e-05
906	-4.18983e-05
906.5	-4.46538e-05
907	-4.6858e-05
907.5	-4.79903e-05
908	-4.82186e-05
908.5	-4.87213e-05
909	-4.91468e-05
909.5	-4.95005e-05
910	-5.04903e-05
910.5	-5.21135e-05
911	-5.48912e-05
911.5	-5.95945e-05
912	-6.92735e-05
912.5	-9.81794e-05
913	-0.000659484
913.5	0.00198426
914	0.00160539
914.5	-1.30782e-05
915	-0.000732659
915.5	-0.000125396
916	-8.29649e-05
916.5	-5.94934e-05
917	-4.11573e-05
917.5	-3.34026e-05
918	-3.0736e-05
918.5	-3.19865e-05
919	-3.37912e-05
919.5	-3.6232e-05
920	-3.91409e-05
920.5	-4.26978e-05
921	-4.58599e-05
921.5	-4.82649e-05
922	-5.10699e-05
922.5	-5.41597e-05
923	-5.6506e-05
923.5	-5.8262e-05
924	-5.89901e-05
924.5	-5.89768e-05
925	-5.8746e-05
925.5	-5.81065e-05
926	-5.7287e-05
926.5	-5.64825e-05
927	-5.62622e-05
927.5	-5.63468e-05
928	-5.41897e-05
928.5	-5.51235e-05
929	-5.96109e-05
929.5	-6.54948e-05
930	-6.45585e-05
930.5	-7.31493e-05
931	-0.000129113
931.5	-0.00112019
932	0.00238286
932.5	0.00106708
933	-0.000653765
933.5	-0.000718753
934	-0.000128027
934.5	-8.29008e-05
935	-6.71237e-05
935.5	-5.9104e-05
936	-5.51092e-05
936.5	-5.22135e-05
937	-4.96295e-05
937.5	-4.73466e-05
938	-4.52257e-05
938.5	-4.35138e-05
939	-4.19691e-05
939.5	-4.11645e-05
940	-4.13798e-05
940.5	-4.27128e-05
941	-4.49776e-05
941.5	-4.65162e-05
942	-4.79568e-05
942.5	-4.97623e-05
943	-5.24226e-05
943.5	-4.85506e-05
944	-5.03642e-05
944.5	-5.60746e-05
945	-6.22167e-05
945.5	-7.04759e-05
946	-7.55833e-05
946.5	-7.51339e-05
947	-7.44777e-05
947.5	-7.26177e-05
948	-7.1395e-05
948.5	-7.20319e-05
949	-7.1686e-05
949.5	-7.09928e-05
950	-7.01789e-05
950.5	-6.95747e-05
951	-7.00544e-05
951.5	-7.47835e-05
952	-8.86658e-05
952.5	-0.000306295
953	-0.00177883
953.5	0.00210282
954	-9.98755e-05
954.5	-0.000717028
955	-0.000171981
955.5	-5.54261e-05
956	-4.84453e-05
956.5	-5.05897e-05
957	-5.39173e-05
957.5	-5.66239e-05
958	-6.26368e-05
958.5	-5.58926e-05
959	-4.90254e-05
959.5	-4.55955e-05
960	-4.49798e-05
960.5	-4.37098e-05
961	-4.34464e-05
961.5	-4.39834e-05
962	-4.41161e-05
962.5	-4.36692e-05
963	-4.28262e-05
963.5	-4.24528e-05
964	-4.24867e-05
964.5	-4.26171e-05
965	-4.23116e-05
965.5	-4.15922e-05
966	-4.04007e-05
966.5	-4.16275e-05
967	-4.40661e-05
967.5	-4.54936e-05
968	-4.57289e-05
968.5	-4.57259e-05
969	-4.5313e-05
969.5	-4.54375e-05
970	-4.64022e-05
970.5	-4.69513e-05
971	-4.40657e-05
971.5	-4.41445e-05
972	-4.6956e-05
972.5	-4.8894e-05
973	-5.6726e-05
973.5	-6.39413e-05
974	-5.5466e-05
974.5	-4.98996e-05
975	-5.37159e-05
975.5	-5.08779e-05
976	-4.39151e-05
976.5	-4.00284e-05
977	-3.99789e-05
977.5	-3.64e-05
978	-3.38406e-05
978.5	-3.90496e-05
979	-3.66318e-05
979.5	-3.83827e-05
980	-4.11436e-05
980.5	-3.42379e-05
981	-2.97906e-05
981.5	-2.5751e-05
982	-2.12553e-05
982.5	-1.97408e-05
983	-2.26218e-05
983.5	-2.47102e-05
984	-2.40362e-05
984.5	-2.20824e-05
985	-2.01029e-05
985.5	-1.76317e-05
986	-1.76177e-05
986.5	-1.91649e-05
987	-1.71091e-05
987.5	-1.74535e-05
988	-1.96927e-05
988.5	-2.27217e-05
989	-2.67875e-05
989.5	-3.15242e-05
990	-3.63495e-05
990.5	-4.07507e-05
991	-4.534e-05
991.5	-5.12343e-05
992	-5.67259e-05
992.5	-6.27731e-05
993	-7.08348e-05
993.5	-8.75234e-05
994	-0.000488418
994.5	-0.00137032
995	0.00229479
995.5	-0.000189837
996	-0.000804794
996.5	-0.000171177
997	-9.38154e-05
997.5	-7.46259e-05
998	-7.26659e-05
998.5	-6.55543e-05
999	-6.09954e-05
999.5	-5.84937e-05
1000	-5.78739e-05
