0.950 510295
1.014 367218
1.016 647351
1.310 476338
1.570 514483
2.202 430749
2.358 410414
2.439 675696
2.632 441026
2.705 463959
2.781 397846
2.855 449485
3.261 372921
3.536 452032
3.729 389988
4.306 359793
4.574 464739
5.619 465700
6.248 494199
6.348 629557
6.592 504323
6.733 457958
7.995 397846
8.144 475002
8.524 426918
9.399 404185
9.441 410345
9.855 448436
9.855 519512
10.100 5340
10.588 375942
10.738 464364
11.025 5473
11.149 355633
11.225 5499
11.236 365453
11.372 402995
11.380 683788
11.425 5392
11.563 412268
11.950 17969
12.050 335413
12.050 5496
12.175 5389
12.240 492888
12.250 5390
12.380 421154
12.525 5343
12.575 18049
12.780 359095
13.102 429424
13.150 5495
13.175 5518
13.300 5209
13.475 5626
13.483 371711
13.701 457037
13.833 467418
13.950 335863
14.025 335449
14.078 474080
14.100 335087
14.100 335567
14.175 18048
14.417 385898
14.675 17721
14.925 335295
15.325 335440
15.350 335353
15.392 361521
15.515 517284
15.678 536684
15.875 17729
16.051 515200
16.350 336106
16.673 441588
16.898 386669
17.036 472754
17.318 455005
17.449 426320
17.475 193196
17.650 17969
17.840 517604
17.849 373097
18.176 353718
18.547 509840
18.650 18049
19.174 758191
19.320 361713
19.600 180472
20.459 486856
20.525 17721
20.649 425411
20.713 344137
20.925 186850
21.125 171881
21.161 456235
21.275 171354
21.400 18048
21.431 353305
21.598 435949
21.624 425124
21.763 511349
21.828 462643
22.300 167358
22.336 364857
22.395 380829
22.446 513517
22.480 419195
22.489 472798
23.050 184495
23.066 450883
23.350 17964
23.356 465976
23.575 372135
23.700 163850
23.750 451452
23.825 17969
23.975 183431
24.050 167771
24.375 176535
24.375 192622
24.695 349249
24.793 460290
25.100 166783
25.250 173675
25.275 182223
25.350 173430
25.400 172486
25.400 186857
25.400 189203
25.650 186872
25.675 338528
25.725 168444
25.775 194321
25.843 454493
25.970 604979
25.987 452124
26.050 193121
26.125 5473
26.150 5495
26.175 167894
26.225 170731
26.275 166076
26.275 185651
26.300 192635
26.300 20533
26.319 375790
26.350 164985
26.375 2656
26.450 2587
26.475 168470
26.475 2524
26.500 174190
26.500 20500
26.550 2565
26.575 171329
26.575 174130
26.575 2497
26.650 168457
26.650 173051
26.650 197205
26.675 176540
26.675 190330
26.700 2655
26.725 179952
26.750 192640
26.750 20452
26.825 2457
26.900 2590
26.912 453422
26.925 20421
26.925 5390
26.959 505258
26.975 176445
27.000 20450
27.008 499400
27.050 194362
27.050 5343
27.075 187389
27.125 335353
27.150 172509
27.150 2545
27.175 148148
27.175 182273
27.175 20485
27.200 177702
27.211 414949
27.225 17841
27.275 182230
27.275 20496
27.275 5518
27.300 335863
27.375 165031
27.375 2458
27.400 172478
27.475 186312
27.475 20437
27.500 2613
27.525 169010
27.525 5392
27.542 398181
27.575 193223
27.662 420953
24.825 720
27.700 174721
27.700 5389
27.725 185726
27.750 5496
27.775 192608
27.850 186895
27.850 2477
27.900 186727
27.925 5209
27.950 171919
27.975 182803
27.975 5626
28.000 2610
28.075 188627
28.075 2500
28.075 335567
28.250 179893
28.250 2389
28.300 172419
28.300 173564
28.325 167918
28.345 367116
28.350 2568
28.350 335412
28.441 493566
28.528 475639
28.575 167332
28.600 179204
28.625 177615
28.650 335417
28.675 175916
28.745 479223
28.750 5499
28.850 170774
28.900 5340
28.975 177094
29.005 528875
29.011 358439
29.025 177065
29.050 155801
29.100 173090
29.100 182209
29.100 190325
29.125 186277
29.150 335837
29.200 169524
29.200 335443
29.225 170152
29.225 189123
29.250 191477
29.300 188615
29.425 169051
29.450 169655
29.450 335569
29.475 167924
29.475 174740
29.475 181122
29.525 181078
29.575 163860
29.575 17729
29.600 166761
29.600 17643
29.600 182811
29.625 177669
29.625 182141
29.650 170122
29.750 168405
29.775 193196
29.800 171348
29.825 153521
29.825 171873
29.825 178230
29.875 166199
29.900 180567
29.900 185066
29.950 175404
30.000 164480
30.000 197164
30.000 335415
30.000 335652
30.050 162742
30.050 175363
30.050 335775
30.075 187427
30.125 192081
30.125 193789
30.150 174158
30.150 190880
30.175 174212
30.200 169605
30.200 176499
30.200 181042
30.275 186837
30.300 335324
30.325 170809
30.325 174825
30.350 335358
30.356 449647
30.375 335533
30.375 335656
30.392 500160
30.400 335564
30.425 187964
30.475 177707
30.475 180472
30.475 335717
30.550 169053
30.550 186850
30.550 199460
30.550 335685
30.575 168429
30.600 193759
30.600 335505
30.625 172532
30.650 335087
30.700 176450
30.725 169574
30.725 173009
30.725 186322
30.725 190915
30.750 164922
30.750 194947
30.750 335474
30.750 335535
30.800 163784
30.800 172500
30.800 194866
30.825 335688
30.850 179363
30.850 335295
30.850 335442
30.875 171314
30.900 168461
30.900 335383
30.900 335503
30.900 335563
30.925 163317
30.925 186899
30.925 2565
30.925 335387
31.000 335413
31.000 335440
31.025 184596
31.025 193674
31.050 335449
31.054 712403
31.075 185081
31.075 2524
31.100 188581
31.100 2656
31.125 173642
31.175 202898
31.175 2587
31.175 335326
31.223 451143
31.225 172455
31.225 335416
31.250 2655
31.275 335473
31.275 335683
31.300 170202
31.312 389320
31.375 2590
31.425 167304
31.425 2497
31.450 336106
31.500 170154
31.550 186334
31.750 169648
31.775 2457
31.900 171951
31.925 336076
31.950 183405
31.973 439052
31.975 335472
32.000 2458
32.025 186311
32.025 190925
32.075 164431
32.100 167300
32.175 165596
32.175 2545
32.211 394945
32.229 413837
32.350 182815
32.475 2613
32.525 163771
32.600 191486
32.685 528605
32.803 489681
32.972 365912
33.157 440727
33.240 395030
33.342 363545
33.616 434222
33.669 736488
33.715 359177
34.366 393206
34.625 472959
34.785 414694
34.875 335353
35.025 17841
35.025 335443
35.250 335863
35.450 335505
35.475 335295
35.550 335567
35.625 335569
35.625 335652
35.663 525980
35.750 335387
35.755 663323
35.825 335449
35.875 335656
36.250 335087
36.375 335535
36.425 335564
36.440 360076
36.450 335563
36.450 335685
36.486 496508
36.610 443546
36.625 335324
36.657 418301
36.675 335383
37.075 335503
37.100 335358
37.125 517902
37.140 365525
37.234 380005
37.275 335442
38.408 502193
38.453 515611
39.117 354213
39.599 491213
40.037 419422
40.139 361109
40.308 386187
40.321 482819
40.571 430760
40.589 430950
40.875 18049
41.083 439052
41.235 404432
41.534 451677
41.658 360076
42.601 507047
43.448 358194
43.896 394178
44.139 346280
44.397 395069
44.496 474093
44.642 372739
44.836 569931
44.950 454379
45.082 518830
45.338 444132
45.675 5389
45.750 5496
45.780 369109
45.838 380258
46.375 5626
46.675 338528
46.750 5518
46.872 520307
46.975 5495
47.251 367946
47.275 5473
47.475 5390
47.875 5499
48.125 5209
48.450 5392
48.525 5340
48.825 5343
48.927 458160
49.065 464240
49.426 365391
49.648 403319
49.733 353139
49.768 400110
49.936 418301
49.962 402515
50.050 335688
50.568 443213
50.750 335440
50.963 453615
51.725 17719
52.068 522813
52.116 352971
52.142 403948
52.614 542859
52.733 373955
53.918 472958
54.075 510414
54.496 512703
54.653 460295
55.861 476914
56.120 469491
56.136 387295
56.256 426734
56.343 440290
56.536 405850
56.654 446929
56.845 410048
57.383 479230
57.676 427819
44.600 720
57.979 439539
58.398 384327
58.698 473138
58.757 389586
59.003 493054
59.135 529794
59.149 401725
59.169 428688
59.398 412333
59.495 486384
59.863 420844
60.286 362000
60.393 427152
60.554 357586
60.594 344108
61.009 475832
61.216 399200
61.232 458008
61.250 18049
61.500 335087
61.716 365600
62.000 5343
62.138 462015
62.383 538670
62.650 5209
62.725 424041
62.800 335535
62.825 5496
63.051 508863
63.225 5390
63.250 5389
63.300 335413
63.400 5473
63.650 5340
63.676 630567
63.709 562462
63.722 472532
63.750 5499
63.850 5626
64.200 335474
64.325 335652
64.490 418656
64.617 409364
64.804 527916
65.074 466599
65.275 335473
65.290 390830
65.318 367914
65.367 699975
65.402 389385
65.425 338528
65.592 385226
65.725 5495
65.750 12667
67.035 438041
67.554 478166
67.589 449212
67.901 412436
68.077 445243
68.367 369821
68.560 419682
68.616 406419
68.900 17964
68.900 374347
69.004 395765
69.242 410575
69.749 362896
70.050 388394
70.166 399577
70.370 365453
70.926 651463
71.228 414816
71.603 626352
72.067 379448
72.597 474395
73.005 707270
73.175 490979
74.494 635193
74.570 367436
74.677 515244
74.963 428609
75.478 362633
75.661 363154
75.800 5389
76.205 415986
76.512 339038
77.304 390923
77.775 5392
78.100 5209
78.115 412830
78.150 5518
78.450 5340
78.575 5343
78.625 5626
78.750 335383
78.800 17964
79.173 354046
79.275 5499
79.345 374081
79.750 5473
79.825 17729
80.175 335417
61.225 720
75.150 720
80.422 390923
81.460 441574
82.546 430693
83.975 18049
84.627 476946
84.687 384791
84.925 185066
85.098 469706
85.200 194321
85.579 458008
85.817 501285
86.080 513934
86.803 361042
86.886 424762
87.345 347422
87.687 341267
88.004 456342
88.114 413325
88.657 646483
89.551 438248
89.751 539086
89.855 388800
89.985 393729
90.103 505035
90.250 17964
90.350 5496
90.725 5390
90.800 5340
91.000 335443
91.025 5343
91.208 425641
91.311 426580
91.321 399085
91.550 5626
91.777 458157
92.164 488928
92.200 5518
92.207 523526
92.281 403060
92.485 423091
92.515 765663
92.693 643994
92.800 5495
92.875 335503
93.087 425339
93.417 385898
93.700 5499
94.225 5389
94.550 335652
94.950 335567
95.079 366135
96.150 335442
96.693 349249
97.225 2655
97.524 434222
98.630 351752
99.000 478673
99.107 723517
99.154 388768
99.812 446836
100.052 426344
100.461 486128
100.488 662103
101.340 387326
101.340 524994
101.500 439121
101.678 448855
102.312 467776
102.735 434661
102.887 394040
104.208 403419
104.395 488429
104.585 438825
104.600 5340
104.816 360293
104.825 5209
105.054 387950
105.184 351941
105.200 338528
105.225 5496
105.400 187964
105.518 475608
105.548 485972
105.550 5473
105.575 11646
105.725 5499
106.218 454230
106.372 410967
106.425 5392
106.575 181078
106.725 5518
106.800 5343
106.825 5495
106.901 422583
107.150 335474
107.200 5390
107.354 365858
107.650 335837
107.700 11755
108.117 453891
108.250 335472
108.333 401211
108.408 470986
108.574 394922
108.909 515091
108.950 335358
109.050 477318
109.075 167894
109.100 335383
109.276 689997
109.525 12212
109.650 181122
109.750 190330
109.814 479049
109.845 488820
110.278 361825
110.425 182803
110.850 2587
110.900 174721
110.991 366736
111.017 411844
111.785 415964
111.950 193196
112.050 188627
112.800 173090
112.973 759751
113.025 192640
113.050 186312
113.125 2568
113.250 171951
113.250 191486
113.583 454511
113.657 479349
113.735 382822
113.750 192608
113.975 2655
113.989 399341
114.000 2545
114.025 176535
114.200 186837
114.224 391742
114.300 2565
114.400 177094
114.600 191477
114.675 183431
114.775 202898
114.825 185081
114.825 197205
114.875 174825
114.875 2610
114.950 190325
115.081 432788
115.125 172419
115.125 174158
115.300 173642
115.300 187427
115.325 179363
115.475 180567
115.500 171314
115.500 186872
115.575 169574
115.850 174740
115.850 186899
116.075 187964
116.125 2590
116.150 186277
116.175 181078
116.225 172486
116.600 192635
116.700 171873
116.800 2656
116.825 193674
116.875 194866
116.900 163317
116.925 194321
116.973 499659
117.000 172532
117.125 193789
117.150 2524
117.275 2477
117.325 182141
117.450 182811
117.450 186850
117.600 176445
117.600 381551
117.625 192081
117.650 20496
117.700 171348
117.700 186334
117.725 354797
117.800 186311
117.800 2613
117.804 382230
117.850 169524
117.850 177065
117.900 20452
118.125 20450
118.150 185066
118.200 2500
118.225 188615
118.227 398228
118.250 20421
118.250 20437
118.271 377941
118.325 180472
118.345 446878
118.400 169010
118.475 169648
118.475 186857
118.525 2587
118.530 512855
118.575 172455
118.575 175363
118.625 170202
118.650 185726
118.775 179204
118.800 163771
118.850 193121
118.875 167300
118.875 169655
118.875 2568
118.900 184596
118.900 190925
118.925 2458
118.950 175404
118.950 179952
118.975 169053
118.975 190880
118.975 2497
119.000 173009
119.000 184495
119.050 335688
119.075 335837
119.100 182209
119.150 186895
119.200 193759
119.275 174212
119.275 181122
119.275 194947
119.275 335564
119.300 168461
119.300 177615
119.300 192622
119.325 182230
119.325 190915
119.325 194362
119.350 177669
119.375 177702
119.375 189203
119.400 168405
119.400 335717
119.400 335863
119.425 172500
119.425 178230
119.425 189123
119.425 193223
119.425 199460
119.425 335683
119.475 164922
119.500 190330
119.500 2655
119.525 167304
119.550 170774
119.575 187389
119.575 2565
119.600 163860
119.600 176450
119.675 153521
119.675 335535
119.725 174190
119.725 185651
119.775 167924
119.775 186727
119.800 176499
119.800 335563
119.800 335567
119.800 335775
119.825 166076
119.850 335417
119.850 335443
119.850 335685
119.875 2389
119.900 183405
119.925 335569
119.950 188581
119.975 2457
119.975 335472
120.000 168429
120.000 182273
120.025 2545
120.026 430149
120.050 167358
120.050 170731
120.100 182223
120.225 171329
120.250 170122
120.250 335326
120.250 335503
120.275 166783
120.325 335449
120.375 148148
120.375 179893
120.375 335656
120.425 2610
120.450 175916
120.450 182815
120.475 173051
120.525 166199
120.546 350721
120.550 162742
120.575 169605
120.600 335652
120.625 186322
120.625 197164
120.650 171919
120.700 167918
120.700 193196
120.725 163784
120.725 177707
120.750 336076
120.775 172478
120.800 173675
120.850 171881
120.850 182803
120.875 165031
120.875 335416
120.975 181042
121.000 335474
121.025 174130
121.075 170154
121.100 172509
121.125 168457
121.125 173564
121.200 336106
121.225 2590
121.250 167771
121.250 335415
121.250 335473
121.375 163850
121.400 335440
121.500 335387
121.575 335505
121.593 414694
121.700 164985
121.725 2656
121.750 167332
121.825 176540
121.850 335358
121.850 501474
121.875 173430
121.925 335383
121.950 335353
121.975 335412
122.025 335413
122.150 170809
122.200 188627
122.275 2613
122.350 166761
122.425 5209
122.450 2477
122.485 632921
122.500 171354
122.500 2524
122.537 372247
122.550 168470
122.550 169051
122.600 164431
122.600 164480
122.750 335087
122.775 177094
122.825 2587
122.850 2500
122.875 168444
122.875 17964
122.875 341979
122.950 186312
123.050 170152
123.209 449260
123.334 642435
123.425 173090
123.475 2497
123.500 2458
123.525 167894
123.625 2568
123.633 449596
123.965 388729
124.100 192640
124.217 445113
124.225 165596
124.325 155801
124.325 2389
124.475 335837
124.550 335688
124.625 335533
124.725 174721
124.750 335717
124.917 637947
124.950 335442
124.950 335656
125.000 335775
125.002 344322
125.025 335685
125.125 335564
125.150 335417
125.225 335295
125.228 533323
125.392 431159
125.400 335443
125.400 335569
125.513 515306
125.575 335563
125.638 362174
125.750 335535
125.825 335324
125.925 335416
125.929 707195
125.975 335503
126.075 335474
126.250 335683
126.532 457555
126.550 335449
126.624 436883
126.814 541131
127.025 335863
127.095 410859
127.375 335353
128.025 335383
128.075 335412
128.218 386963
128.232 359805
128.236 487609
128.250 335358
128.621 500946
128.725 335413
128.832 517537
129.721 372783
130.437 369254
130.523 493022
130.741 479326
130.747 500498
130.890 408260
131.714 452262
131.789 384464
131.958 405166
132.738 509874
132.935 421600
133.318 368435
133.328 709049
133.819 442061
134.126 478303
134.296 433881
134.650 338528
134.875 5392
134.875 5626
135.076 456235
135.525 5499
135.575 5390
135.800 5209
135.812 345482
135.875 5496
135.911 522114
135.925 5389
136.275 5495
136.300 5473
136.675 5518
136.717 418769
136.723 587269
136.850 5340
136.864 423113
138.138 346645
138.425 5343
138.750 11721
140.716 440203
141.064 672064
141.423 536870
141.657 457079
141.929 342941
142.246 659704
142.373 417536
142.795 434077
143.317 367118
143.525 387164
143.732 413695
143.967 438505
144.170 418645
145.271 477596
145.740 353780
145.994 677342
146.785 442413
146.797 432498
147.112 410429
148.311 529319
148.415 376843
148.560 380740
149.073 506332
149.080 456667
149.342 528875
149.920 419087
150.084 394159
150.438 511839
150.600 5626
150.738 348194
150.825 5343
151.103 696355
151.119 365603
151.325 435562
151.550 5392
151.649 461959
151.699 382981
151.925 335775
137.375 720
151.983 375750
152.034 366590
152.534 340673
152.556 533040
152.775 5340
152.900 335473
152.975 335449
153.325 5209
153.325 5518
153.450 335683
153.482 466146
153.575 5499
153.661 349115
154.167 665458
154.225 335324
154.400 335416
154.449 419336
154.583 402515
154.696 388213
154.700 335413
155.250 5473
155.831 359618
155.872 339628
155.882 434965
155.906 473099
156.038 649036
156.442 373418
156.512 660054
156.608 395030
156.613 420273
156.810 364022
157.529 478320
157.541 533989
157.542 466179
157.599 432693
158.395 426542
158.615 362894
158.932 441326
158.950 11506
159.544 396139
159.607 734694
159.950 390788
160.452 354241
160.834 396866
161.286 348062
161.292 359184
161.478 401804
161.620 483241
161.697 438823
163.025 11755
163.412 349164
163.535 480834
163.979 438816
164.052 703177
164.093 506677
164.197 425257
164.291 492659
164.620 435070
165.494 382996
165.550 11371
165.675 5496
165.925 5626
166.525 5389
166.550 5390
166.650 5392
167.043 349790
167.091 372738
167.316 349476
167.384 500677
167.583 507275
167.672 457555
167.875 338528
167.900 5495
168.050 335472
168.375 336106
168.391 423656
168.450 5209
168.577 636247
168.620 368882
168.675 335415
168.827 387304
169.100 5499
169.137 398173
169.260 369947
169.771 417354
169.779 429432
169.799 458295
169.825 335535
169.859 515203
170.071 462935
170.300 335656
170.300 5340
170.875 335563
171.017 495875
171.050 335383
171.496 425876
171.837 464515
171.902 491780
172.273 467251
172.618 387045
172.792 465183
173.039 346885
158.325 720
173.342 660121
173.999 439550
174.373 345302
175.357 416436
175.446 417584
175.555 445304
175.686 473099
175.740 399115
178.012 415322
178.283 339072
178.342 385472
178.766 375733
178.926 395668
179.264 536014
179.313 400977
179.433 473277
179.494 443656
179.628 487129
179.850 5473
180.700 5626
180.848 419087
180.859 389038
180.900 5518
181.400 5496
181.621 358315
181.625 5389
181.925 5343
182.119 491065
182.325 5390
182.775 5392
182.876 530643
182.906 373097
183.183 380977
183.218 360529
183.225 5495
183.525 335535
183.738 353801
183.750 5499
183.950 486230
184.025 194866
184.295 492888
184.375 335442
184.450 354974
184.750 5209
184.775 335326
184.822 441812
184.895 346003
185.000 335564
185.101 696036
185.198 339072
185.666 365603
185.745 490358
185.898 652205
186.646 482402
186.882 365453
187.419 712135
187.645 498027
188.038 382213
188.445 449826
188.449 392202
188.485 483254
188.525 417427
189.007 456573
189.013 452351
189.049 387606
189.237 677701
189.333 409005
189.834 500354
190.561 462617
190.804 678007
191.588 468008
192.854 480119
192.871 643972
193.123 435949
193.195 660976
193.275 430964
193.857 442989
194.565 503828
194.605 525836
194.702 538564
194.715 409005
194.797 369799
195.050 11688
195.575 5473
195.607 660011
195.883 394845
195.960 444226
195.975 5496
196.250 335473
196.250 5343
196.725 338528
196.800 5389
197.000 5390
197.088 443546
197.165 374597
197.275 5518
197.347 510334
197.642 430455
197.690 514028
197.750 5626
197.775 194866
197.825 174825
178.625 720
195.150 720
197.848 500197
198.008 418072
198.276 397846
198.425 5495
198.450 5499
198.825 335683
198.950 5392
198.977 722818
199.200 5209
199.275 335440
199.625 5340
199.657 376639
199.750 335563
200.107 484163
201.175 335387
201.803 491316
201.859 531652
201.968 421429
202.362 364674
202.476 458886
202.678 465825
202.795 417003
202.803 389616
202.950 17964
203.157 520221
203.315 456936
203.678 507315
203.990 502851
204.264 448855
204.685 500106
204.755 373077
204.768 345611
205.375 186872
205.703 455110
205.747 758929
206.001 368935
206.221 372135
206.551 718261
206.603 417086
206.904 450376
207.230 445294
207.580 392741
207.603 345195
207.622 637901
207.792 369073
207.971 631574
208.050 420101
208.355 413773
209.950 335863
210.225 5626
210.400 5473
210.932 518898
210.935 410509
210.975 5340
211.206 462367
211.375 5496
211.376 639770
211.475 5209
211.900 5495
211.950 5518
212.070 529030
212.300 5392
212.475 335683
212.500 5390
212.525 5499
213.092 508936
213.400 5343
213.412 495306
213.627 355255
213.675 403700
213.700 5389
213.936 455236
214.025 335413
214.061 379168
214.365 376934
214.804 452124
215.033 409196
215.125 17841
215.602 666765
215.624 403733
215.990 612127
216.318 371364
216.412 345079
216.684 419676
216.790 428508
216.940 370568
217.168 755709
217.202 391742
218.939 386749
219.037 381751
219.118 464812
219.475 182141
220.031 417710
220.175 17964
220.265 642257
220.727 380459
221.060 511099
221.850 194947
221.909 371196
221.953 411844
222.395 496695
222.894 381697
212.750 720
223.308 496890
224.000 199460
224.050 194362
224.871 498222
224.975 190330
225.050 2656
225.200 335652
225.425 5390
225.525 5209
225.600 186837
225.825 335358
225.950 5389
226.000 167924
226.125 338528
226.175 5495
226.400 11932
226.500 170122
226.525 5626
226.725 5340
226.750 2655
226.875 2565
226.900 335387
226.950 167894
226.950 5343
227.200 192635
227.300 5473
227.325 335353
227.600 182223
227.675 5518
227.725 186899
227.761 346290
228.000 186850
228.000 192081
228.004 442046
228.025 5499
228.300 20533
228.429 402106
228.550 2613
228.675 190325
228.700 163317
228.733 377032
228.849 362101
229.000 183405
229.150 648117
229.225 194321
229.300 188615
229.379 412717
229.400 2590
229.550 185726
229.550 197205
229.550 2568
229.612 751361
229.633 493853
229.750 202898
229.875 187427
230.075 2610
230.150 180472
230.150 2524
230.177 789234
230.225 190925
230.275 193223
230.450 192640
230.475 189203
230.550 2587
230.650 173090
230.650 191477
230.675 179363
230.675 183431
230.700 197164
230.725 2497
230.775 2656
230.800 185081
230.863 649739
230.966 467120
231.150 188581
231.200 2545
231.250 20496
231.325 190915
231.450 186311
231.500 193789
231.550 186312
231.573 466273
231.600 192608
231.601 394590
231.625 186857
231.625 192622
231.650 191486
231.675 182811
231.675 193674
231.750 167300
231.775 172532
231.975 190880
232.050 2655
232.100 170809
232.125 171881
232.125 2389
232.150 187964
232.200 188627
232.225 193759
232.269 377032
232.270 362000
232.335 391658
227.550 720
232.350 2500
232.400 174212
232.425 186872
232.525 177707
232.600 172509
232.750 180567
232.775 185066
232.925 186277
233.000 169053
233.150 173675
233.200 181078
233.225 2457
233.250 186727
233.250 193121
233.253 499554
233.300 184596
233.300 186322
233.400 177615
233.475 168470
233.504 370603
233.641 423912
233.700 182803
233.700 186334
233.775 182209
233.825 175363
233.825 177094
233.825 336106
233.850 172419
233.900 2613
234.100 182273
234.125 175404
234.184 514171
234.225 171329
234.325 2590
234.375 181122
234.500 148148
234.500 174721
234.525 168405
234.525 193196
234.550 186895
234.550 2565
234.575 171348
234.575 335569
234.600 182141
234.600 336076
234.650 177669
234.650 182230
234.675 173642
234.700 194866
234.750 335564
234.750 524148
234.775 176540
234.800 169648
234.850 335837
234.975 2610
235.000 177702
235.025 179952
235.100 182815
235.150 170202
235.187 354241
235.200 184495
235.300 185651
235.325 168461
235.325 2568
235.354 443213
235.450 176499
235.450 335688
235.575 178230
235.706 356924
235.775 174190
235.918 471135
235.925 176535
235.925 335563
235.950 179893
235.975 173009
236.025 2458
236.060 499772
236.075 170731
236.150 335656
236.175 2656
236.200 165596
236.200 167918
236.200 169010
236.200 181042
236.250 177065
236.250 2587
236.292 524714
236.300 163860
236.300 179204
236.325 11576
236.325 172486
236.350 2545
236.350 335685
236.375 171919
236.425 175916
236.425 187389
236.425 2524
236.600 173051
236.675 172500
236.814 656051
236.825 335474
236.850 2477
236.925 176450
236.925 2497
237.050 174158
237.075 165031
237.075 174825
237.100 164985
237.100 166076
237.184 540563
237.200 170154
237.250 162742
237.350 163771
237.372 370597
237.375 169574
237.450 164480
237.450 335717
237.525 171873
237.575 169051
237.600 335413
237.625 335449
237.650 167771
237.650 174130
237.675 169605
237.675 335503
237.700 166783
237.750 164922
237.750 176445
237.775 167894
237.800 2389
237.825 2500
237.825 335652
237.850 163784
237.850 335473
237.875 166761
237.900 335567
237.925 167358
237.925 172478
237.925 335683
237.950 174740
237.950 335387
237.975 335416
238.000 167332
238.000 167924
238.025 166199
238.050 153521
238.050 173564
238.050 183405
238.100 168457
238.100 335472
238.125 335443
238.150 163850
238.150 168429
238.175 164431
238.200 171354
238.300 170774
238.325 186837
238.325 335383
238.375 172455
238.400 335535
238.425 335295
238.425 335326
238.425 335412
238.438 458160
238.575 335324
238.581 444982
238.600 169655
238.625 2457
238.625 335087
238.650 171951
238.698 437749
238.825 335533
238.850 335415
238.850 335440
238.875 171314
238.896 360084
238.950 168444
238.975 173430
239.000 170152
239.000 335505
239.025 169524
239.025 2565
239.075 335417
239.250 335775
239.375 335569
239.400 163317
239.400 335353
239.400 335442
239.450 155801
239.575 167304
239.782 539756
239.825 335358
239.865 397104
240.025 335564
240.141 383987
240.375 2458
240.399 521647
240.546 580276
240.650 170122
240.750 335563
241.150 335688
241.225 335656
241.428 479907
241.800 2497
242.175 335474
242.225 335503
242.431 353006
242.550 335449
242.550 335473
242.600 335383
242.700 335567
242.716 715347
242.725 335326
242.725 335472
242.775 335413
242.775 335443
242.843 453422
242.925 335087
242.950 335685
242.954 376155
243.100 335295
243.175 335387
243.225 335412
243.250 369799
243.299 410555
243.324 389033
243.350 335324
243.442 368704
243.611 503056
243.675 335353
243.675 335415
243.677 519889
243.750 335417
243.825 335533
243.867 636448
243.900 335440
243.925 335416
243.950 335535
244.025 335442
244.218 468142
244.500 489348
244.971 447622
245.154 447180
245.657 356093
246.153 453891
246.316 397643
246.491 408642
246.706 378612
247.032 346885
247.108 376091
247.571 386228
247.643 365496
247.895 388768
248.104 423222
248.131 372601
248.288 368837
248.410 459060
248.471 409205
248.484 465321
248.825 5626
248.839 473802
248.918 358203
249.146 510839
249.201 462603
249.309 346003
249.746 536569
249.777 370512
249.923 537345
250.055 381046
250.250 5495
250.375 5496
250.421 431374
250.495 455711
250.747 530393
250.833 478705
250.852 650582
250.875 5518
250.954 465702
251.475 5390
251.825 5392
252.599 528182
252.700 338528
252.950 5343
253.148 380829
253.425 11576
253.496 510839
253.500 5209
253.534 655177
253.867 387726
254.000 5389
254.075 335688
254.177 378257
255.107 507441
255.111 408003
255.580 451878
255.960 345495
255.972 397455
257.196 536597
257.506 634318
258.252 444689
258.356 518898
258.877 542859
258.884 494337
259.607 346367
259.951 388305
259.964 342482
252.225 720
260.113 364459
260.477 370755
261.423 454379
261.585 456769
261.662 399056
261.732 451746
261.820 504323
261.880 483092
262.847 411634
262.888 379033
262.904 506938
262.932 376303
262.936 344091
263.399 397592
263.875 335685
264.016 383860
264.050 336076
264.363 442388
264.619 438319
265.029 469740
265.048 464515
265.063 421673
265.131 365858
265.175 5626
265.443 481306
265.526 364903
265.925 5495
265.925 5496
266.150 5340
266.203 447443
266.275 413125
266.283 424404
266.340 518471
266.625 5499
266.675 5209
266.708 364883
266.825 5343
267.175 5390
268.046 370505
268.325 17719
268.400 5389
268.531 409108
268.575 335567
268.853 412717
268.858 711697
268.915 462548
269.293 443489
269.495 424566
269.713 418549
270.379 687918
270.464 401760
270.501 375951
270.869 429369
271.137 391160
271.409 406171
271.717 478583
272.082 404068
272.362 511472
272.484 524994
272.638 525655
272.817 363050
272.950 364090
272.960 382230
273.074 537852
273.843 388800
274.173 394845
274.505 418208
274.533 506997
274.798 436621
274.952 417710
275.819 454691
276.069 503053
276.282 365603
277.064 422583
277.373 514410
277.680 394160
277.886 339712
278.350 5473
278.931 645791
278.991 496280
279.025 5626
279.155 443926
279.285 417584
279.325 5499
279.455 358041
279.594 361081
279.718 461204
279.800 5209
280.175 338528
280.217 348039
280.238 441783
280.267 484896
280.425 174130
280.425 5392
280.850 5495
281.016 522875
281.275 5518
281.414 507315
281.457 392026
281.803 485933
281.845 424383
282.012 498138
266.250 720
278.450 720
282.025 5340
282.221 408607
282.369 668099
282.575 335416
282.600 335564
282.815 417809
283.142 461662
283.278 365496
283.300 5343
283.414 451576
283.508 765663
283.984 515200
285.534 415964
285.611 427933
285.689 364022
285.801 534214
286.178 398288
286.367 715347
286.438 519954
286.812 722849
286.867 487352
287.483 511349
287.578 453744
287.821 526459
287.863 653880
288.294 460045
288.457 367218
288.853 397364
289.092 403733
289.702 420133
290.485 641740
290.667 345841
290.736 416436
290.951 338789
291.183 688506
291.236 394572
291.320 656745
291.761 373452
292.283 452456
292.295 458563
292.584 385542
292.600 5473
292.990 441953
293.115 454230
293.118 522498
293.125 5499
293.363 496819
293.400 5389
293.850 5626
293.861 353305
294.300 5496
294.325 5209
294.350 5343
294.500 5495
294.809 433509
294.823 503828
295.048 391885
295.175 338528
295.175 5390
295.762 434767
295.975 182811
296.225 335472
296.577 513514
296.725 335353
296.925 335413
297.150 335535
297.969 462867
298.088 483051
298.235 675841
298.278 460750
298.675 5392
299.126 688506
299.700 702190
299.829 482592
299.891 360996
300.144 469740
300.225 499962
300.871 440289
300.993 359805
301.154 382584
301.538 394845
301.580 479217
302.189 501134
302.715 471473
302.880 377320
303.029 511892
303.842 417056
303.992 468578
304.621 453744
304.731 447136
304.911 431565
305.606 388794
305.835 441211
305.886 513514
306.935 343493
307.000 5340
307.050 5518
307.297 643236
308.203 364090
308.435 616178
308.438 482774
308.575 11932
294.250 720
308.650 5343
308.725 5626
308.740 389616
309.025 335683
309.050 338528
309.100 5209
309.125 5392
309.325 5389
309.374 507047
309.825 5499
309.835 428681
310.000 5495
310.006 464522
310.025 335717
310.100 5390
310.225 179363
310.225 5473
310.497 344354
310.524 497190
310.525 335775
310.545 465185
310.897 432932
311.025 5496
311.401 341944
311.642 472532
311.861 473300
312.107 424118
313.180 474555
314.160 427351
314.339 493579
315.344 435644
315.775 18048
315.877 501227
316.166 539137
316.372 417595
316.546 461892
316.758 489297
317.005 440289
317.450 384323
317.757 482291
317.998 342941
318.913 457879
319.098 517504
319.337 483353
319.425 407783
319.728 653540
319.775 682535
319.872 505375
320.384 350821
320.480 499001
320.596 450229
320.850 5209
321.375 335295
321.426 675325
321.827 449730
321.975 335443
321.985 398371
322.140 369550
322.300 5495
322.325 465547
322.400 5340
322.518 465724
322.519 508473
322.539 645833
322.625 5392
322.684 441326
322.763 364501
322.911 443656
323.075 5473
323.349 417083
323.350 5390
323.525 5499
323.825 5343
323.950 5496
323.964 385251
324.050 5626
324.082 438785
324.460 439550
324.725 174158
324.800 335567
324.900 5389
325.099 416699
325.108 402911
325.425 335685
325.558 407914
326.089 527235
326.299 407503
326.300 5518
326.810 446081
327.013 372920
327.335 518017
327.430 427125
327.462 359026
327.929 442271
328.083 345599
328.955 379448
329.205 359428
329.700 178230
329.976 466773
330.010 416420
330.322 452057
330.356 502368
310.975 720
327.025 720
330.539 472521
330.700 401884
330.834 651406
331.425 172509
331.495 646605
331.778 495141
331.795 360494
332.520 401356
332.732 443656
333.125 514483
333.319 400962
333.735 454480
334.381 462850
334.771 404902
335.013 491780
335.525 5343
335.596 375841
335.824 539509
335.860 492504
335.950 5392
335.961 500197
336.252 347493
336.279 466810
336.280 356093
336.625 5340
336.750 5499
336.850 5473
336.860 508124
336.986 671236
337.050 5209
337.125 5496
337.125 5626
337.160 414949
337.575 5389
337.675 17841
337.850 182223
337.857 341023
337.925 338528
337.950 5495
338.207 354241
338.425 5518
338.600 419866
339.000 5390
339.003 347404
339.361 342082
339.525 335449
339.579 420181
339.591 502933
339.615 375801
339.900 11755
340.250 335569
340.500 402793
340.799 442747
340.884 414307
341.278 461577
341.356 669002
341.562 346604
343.387 393558
343.475 168461
343.498 369073
343.531 444982
343.550 2656
343.700 2565
343.702 368518
343.786 362101
343.865 475964
344.049 374771
344.084 429605
344.522 496930
344.575 2500
344.813 683057
345.025 182811
345.028 430455
345.325 168457
345.675 2545
345.725 187427
345.800 192081
346.732 497754
346.905 347379
347.100 172532
347.925 186857
347.927 358681
348.003 492184
348.224 354069
348.425 194947
348.850 167918
348.853 389096
349.048 478611
349.228 340405
349.268 590874
349.450 170202
349.495 413767
349.575 183431
349.600 187964
349.667 626848
349.725 168405
349.798 622993
349.800 175404
349.922 442306
349.985 494048
350.050 193196
350.075 183405
339.575 720
350.075 20533
350.150 191477
350.150 192608
350.200 2613
350.300 172500
350.350 173675
350.575 173051
350.625 186899
350.650 170774
350.750 173090
350.750 20500
350.800 179893
350.850 172455
350.850 2590
350.850 2610
350.900 184495
350.900 2568
351.050 20485
351.175 454493
351.200 169524
351.225 190325
351.285 458886
351.325 194362
351.450 169010
351.575 5390
351.775 5340
351.800 520278
351.850 2524
351.850 2655
351.880 428060
351.925 2656
351.975 179363
352.000 167894
352.000 194866
352.030 376394
352.046 671402
352.053 395100
352.200 185726
352.375 20496
352.400 185066
352.475 5389
352.550 5392
352.600 190880
352.600 2587
352.800 187389
352.800 20437
352.800 20450
352.900 176535
352.916 408501
352.917 475317
352.950 199460
352.950 5209
353.025 186322
353.050 20452
353.050 5495
353.075 182815
353.075 188627
353.100 20421
353.125 186895
353.225 171919
353.250 188581
353.274 462603
353.275 186312
353.275 202898
353.300 2457
353.375 180472
353.383 436746
353.400 179204
353.575 174158
353.600 197164
353.600 335324
353.650 169053
353.650 185651
353.710 409977
353.725 167332
353.725 177615
353.725 184596
353.725 191486
353.750 185081
353.775 182223
353.800 192640
353.825 5518
353.843 380429
353.850 190330
353.850 190925
353.853 347189
353.875 5626
353.900 5473
353.925 2545
353.975 2497
354.025 170122
354.075 171881
354.075 2565
354.100 177094
354.100 178230
354.100 2458
354.125 335449
354.200 186311
354.225 188615
354.247 350748
354.250 172419
354.300 175363
354.350 186872
354.400 197205
354.400 5343
354.425 176540
354.475 2477
354.500 193789
354.525 190915
354.550 189203
354.675 186837
354.698 669901
354.700 176499
354.725 335863
354.775 167358
354.775 186277
354.825 177065
354.850 179952
354.900 166761
354.975 186727
355.000 192635
355.025 335569
355.050 177702
355.075 194321
355.100 335837
355.175 171873
355.200 163317
355.200 2613
355.250 171329
355.275 182141
355.275 189123
355.275 2500
355.300 164922
355.325 180567
355.325 181122
355.325 182230
355.350 163860
355.350 192622
355.375 335688
355.400 168429
355.450 174721
355.450 186850
355.450 193759
355.475 335564
355.500 169051
355.521 394192
355.525 176450
355.700 336106
355.725 335717
355.800 165031
355.800 182803
355.825 166783
355.834 530213
355.875 171951
355.875 173642
355.900 177707
355.925 2568
355.950 335656
355.975 182273
356.000 335775
356.050 163771
356.075 167771
356.075 2590
356.100 168444
356.100 172532
356.150 174212
356.175 335472
356.200 167304
356.200 169605
356.200 172478
356.200 186334
356.200 335505
356.225 2610
356.250 174130
356.250 193223
356.300 176445
356.325 193674
356.350 165596
356.400 177669
356.425 181078
356.425 335683
356.475 166076
356.475 335652
356.525 182209
356.525 2656
356.542 486705
356.575 335443
356.600 174740
356.650 193121
356.675 162742
356.675 173564
356.675 182811
356.700 2389
356.750 335474
356.775 169574
356.825 168470
356.825 335413
356.850 174825
356.925 164985
356.950 163850
356.975 181042
357.025 335503
357.075 168461
357.175 168457
357.175 2655
357.225 170154
357.275 164431
357.433 510251
357.491 540563
357.625 2524
357.650 171354
357.700 167924
357.750 2587
357.793 443394
357.875 170731
357.875 172509
357.998 455083
358.025 172486
358.076 524444
358.125 335563
358.160 405458
358.200 171314
358.225 174190
358.250 169655
358.275 173009
358.325 335387
358.350 175916
358.450 167300
358.625 171348
358.650 166199
358.700 2545
358.825 169648
359.025 170152
359.025 2458
359.050 173430
359.050 335383
359.125 2565
359.300 153521
359.300 164480
359.375 2457
359.411 511351
359.437 384692
359.475 2477
359.475 2497
359.525 170809
359.750 335685
359.850 2500
360.050 336076
360.100 155801
360.100 163784
360.400 335412
360.450 335533
360.550 335567
360.600 335473
360.712 388926
360.973 356832
361.000 335087
361.025 335717
361.250 335417
361.271 429001
361.300 335569
361.525 170774
361.525 2389
361.550 406384
361.625 335416
361.925 335295
361.950 335656
362.050 335415
362.275 335413
362.456 637947
362.475 335353
362.500 335442
362.550 335443
362.600 335503
362.650 335326
362.700 335472
362.925 335440
363.000 335358
363.098 473051
363.738 487715
363.765 386187
363.768 466097
363.843 393875
364.136 393729
364.442 344461
364.512 433864
364.525 335383
364.768 520827
364.792 383833
365.005 659517
365.100 335324
365.241 492959
365.494 512768
365.825 335412
367.200 148148
367.697 424118
368.125 335087
368.128 360293
368.243 463959
368.386 526049
368.489 430915
369.002 487771
369.286 406502
369.761 381694
370.880 419221
371.050 5473
371.074 440738
371.136 534369
371.154 406121
371.273 340627
372.750 338528
372.850 5499
373.073 430618
373.175 5626
373.191 379671
373.229 475196
373.244 689971
373.298 421264
373.533 507936
373.681 466810
373.875 5495
374.044 404578
374.100 5518
374.175 5390
374.251 410268
374.375 5392
374.402 449528
374.775 5496
375.035 387164
375.175 17729
375.603 372584
375.667 389258
375.700 5389
375.804 371860
376.127 470561
376.150 18048
376.400 11969
376.511 403817
376.525 5343
377.286 457972
377.355 652456
377.547 363529
377.568 414106
377.998 523747
378.175 5209
378.176 368704
378.831 462548
378.909 540157
379.076 379033
379.321 379032
379.557 479903
379.956 476829
380.056 345693
380.156 373097
380.366 372708
380.868 370312
381.125 347070
381.278 356848
381.390 537333
381.797 412080
382.048 354943
382.830 486128
383.068 400110
384.139 402995
384.378 521494
384.675 11549
384.817 494941
384.828 386094
385.259 379162
385.336 354903
386.032 471744
386.215 414557
386.325 18048
386.632 346367
386.700 17729
386.820 375092
386.850 5626
386.972 362958
387.550 5340
387.586 419087
387.647 441574
387.647 626848
388.147 467046
388.200 17643
388.312 462883
388.600 5473
388.660 645009
388.675 5496
388.712 457825
388.903 643236
389.285 677963
389.700 335417
389.750 5343
389.925 5390
390.175 5389
390.327 362174
390.370 363534
391.075 335652
391.125 335569
391.311 458638
391.426 388466
391.450 5499
391.782 505154
392.293 444982
392.346 642006
392.350 5209
392.502 392741
392.625 335775
372.900 720
387.800 720
392.944 415878
392.950 335443
393.335 431237
393.625 335358
393.707 423833
393.801 437171
393.884 526049
394.546 758219
394.742 367946
394.937 431374
395.274 475850
396.075 375816
396.111 357850
396.221 499347
397.369 420264
397.935 483345
397.999 411851
398.880 514296
398.985 410516
399.614 466802
399.936 376750
400.096 439772
400.526 465296
400.986 470561
401.096 519954
402.161 384759
402.950 17964
402.989 438369
403.244 393378
403.300 5495
403.375 5496
403.545 523630
403.725 5392
403.963 457825
404.200 5340
404.300 5473
404.689 403319
404.825 5518
404.849 394417
405.125 338528
405.225 5389
405.367 464290
405.850 5499
405.900 5626
406.050 335717
406.186 698088
406.256 442988
406.449 482856
406.500 5390
406.767 511349
406.875 5209
406.906 468008
407.750 335353
407.927 444699
408.142 380350
408.163 343301
408.248 514833
408.550 335358
408.699 431376
408.788 376154
408.800 181122
408.850 335383
409.344 455083
409.535 712454
409.876 344607
410.664 369386
410.762 541327
411.350 418725
411.512 486955
413.245 386094
413.464 484273
413.745 486134
413.937 510554
414.219 350401
414.733 345155
414.780 525733
415.147 416569
415.873 526521
417.805 374648
418.293 376104
418.467 711533
418.575 5343
418.925 5473
418.979 410048
419.575 5495
419.583 457180
419.919 422292
419.944 532431
419.950 5392
420.075 335413
420.200 5496
420.369 410268
420.375 5390
420.625 5209
420.625 5626
420.915 344590
420.925 336106
421.225 5518
421.269 415316
421.473 370155
421.726 652715
421.809 343781
402.575 720
421.900 335383
422.075 335863
422.198 465576
422.257 515418
422.347 346503
422.411 528088
422.775 526000
423.046 390787
423.449 441812
423.550 5340
423.612 366846
423.836 388456
424.546 423558
424.662 345854
425.071 419235
425.328 460045
425.985 476946
426.001 422117
426.207 367641
426.211 683788
426.337 415923
426.356 508936
426.529 456936
427.156 422182
427.479 476010
427.936 494533
428.984 402687
429.123 440932
429.164 362057
429.629 398382
429.692 416648
429.723 473449
429.742 519117
429.971 493712
430.250 344998
430.450 17719
431.296 362352
431.532 430950
431.775 5499
431.812 523203
431.889 434518
432.222 526000
432.234 722849
432.425 5389
432.513 418821
432.693 413695
432.875 468976
432.948 384264
433.146 650779
433.148 387486
433.150 5626
433.381 449647
433.867 418358
433.932 431902
433.975 5343
434.112 758235
434.300 5473
434.700 5392
434.825 338528
434.871 409639
435.088 392796
435.150 5390
435.177 342941
435.676 423089
435.950 5209
436.000 5496
436.275 5340
436.333 370755
436.425 167924
436.755 641079
436.776 368820
437.050 5518
437.125 335563
437.308 472300
437.350 335415
437.650 335472
438.100 17841
438.193 447799
439.000 755709
439.940 387295
440.722 637901
441.291 528618
441.933 448375
441.935 454480
441.989 758219
442.964 521244
443.458 379398
444.438 426734
444.465 370224
444.827 360293
445.245 369799
445.911 485768
446.120 541121
446.870 357823
446.883 501477
447.026 644322
447.427 371170
447.613 393206
448.042 343016
448.085 481788
448.375 5496
448.460 340220
433.500 720
448.550 5499
448.650 530972
448.900 5389
448.975 5495
449.050 5626
449.195 403076
449.275 335473
449.375 5343
449.960 366555
449.974 656997
450.125 5473
450.216 368518
450.300 5390
450.425 5518
450.450 335412
450.482 506997
450.704 697443
450.724 500677
450.755 441326
451.325 5209
451.600 5392
451.675 335685
451.691 367007
451.842 423833
452.852 459119
452.980 345612
453.740 499721
454.128 338821
454.214 382073
454.318 468033
454.536 419413
454.627 400267
454.657 475639
455.129 378485
455.223 408356
455.858 376934
456.373 376773
456.889 392473
457.461 534802
457.794 624244
457.796 427907
458.006 424452
458.464 339400
458.526 442310
458.734 450291
458.815 525733
458.840 533396
458.840 703733
459.012 422047
459.188 435070
459.579 365391
459.829 696036
459.849 455184
460.109 352941
460.434 380100
461.114 425876
461.313 439530
461.500 190925
461.560 367542
461.664 368851
462.042 463012
462.300 5340
462.348 376767
462.728 527235
463.250 5626
463.483 496702
463.882 502879
464.025 5209
464.050 5392
464.125 5389
464.150 5499
464.150 5518
464.358 402894
464.425 338528
464.450 5390
464.475 5496
464.534 375064
464.700 5495
464.915 454013
464.920 384609
464.950 5343
465.425 455406
465.633 479383
466.100 335472
466.250 163771
466.275 335656
466.341 362174
466.515 423364
466.600 335412
466.623 517333
466.686 439197
466.950 182223
467.194 362001
467.903 391976
468.016 526014
468.110 529503
468.153 416436
468.286 656997
468.325 17841
468.847 656992
468.986 412982
468.994 423477
452.700 720
466.750 720
470.112 519289
470.280 341717
470.865 346003
471.115 703758
471.523 493678
472.414 381751
472.492 539086
472.670 449544
473.011 408356
473.087 503929
473.125 197205
473.254 683788
473.394 343190
473.416 373930
473.445 420507
474.039 355533
475.474 382584
475.786 411610
475.875 5473
475.989 426734
476.014 473316
476.035 362726
476.085 472959
476.219 722818
476.625 174721
476.920 466191
477.002 442692
477.218 496994
477.475 5343
477.562 470002
477.800 5209
477.950 175363
478.050 5626
478.100 5499
478.250 5496
478.300 5340
478.850 5495
478.925 5389
479.150 335353
479.300 335087
479.375 335503
479.500 5392
479.550 5390
479.675 335326
479.775 5518
480.007 368758
480.025 186334
480.250 338528
480.285 483055
480.314 496994
480.600 335383
480.850 335472
480.973 419714
481.043 379472
481.075 185651
481.161 375251
481.283 519730
482.143 362611
482.252 655959
482.290 436716
483.254 360967
483.429 525999
483.750 186311
484.349 352971
484.475 646660
484.505 517258
484.550 2568
484.778 521436
485.159 441387
485.225 2524
485.266 381047
485.441 664797
485.483 459119
485.727 371328
486.217 400360
486.511 385226
486.594 463820
487.125 187964
487.136 480046
487.138 418921
487.150 197164
487.240 368851
487.325 186277
487.833 711533
488.539 404432
488.628 648803
488.753 418574
488.826 382981
488.900 173675
489.600 190330
489.775 177065
489.975 177094
490.100 168461
490.150 167332
490.176 430447
490.275 2613
490.350 193789
490.691 418656
490.725 168429
490.800 178230
490.925 186322
490.985 427390
479.950 720
491.150 182223
491.293 356636
491.475 190915
491.478 444953
491.603 521874
491.725 177707
491.875 5499
491.900 5518
492.100 163317
492.150 183405
492.175 187427
492.253 510121
492.300 181122
492.450 169655
492.525 174740
492.800 5343
492.950 5473
492.975 2457
493.009 347493
493.025 5390
493.175 171881
493.200 186857
493.225 166199
493.317 535571
493.375 188615
493.475 5209
493.491 458157
493.500 18048
493.575 5495
493.750 172500
493.775 166761
493.775 190325
493.850 182811
493.886 487152
493.900 2590
494.000 174158
494.011 508600
494.050 5626
494.075 2500
494.100 193674
494.150 163850
494.175 2610
494.225 5496
494.250 170731
494.275 182209
494.275 5340
494.322 467801
494.325 2587
494.350 192640
494.400 20500
494.425 20437
494.425 20485
494.475 174825
494.557 419413
494.600 20533
494.618 416699
494.625 20421
494.750 2458
494.825 166076
494.850 174212
494.925 173564
494.925 20452
494.925 5392
494.950 2477
495.000 181042
495.000 20450
495.050 192622
495.075 186311
495.100 171329
495.100 184495
495.125 177669
495.150 172478
495.175 176540
495.175 186872
495.175 2545
495.196 471135
495.225 2389
495.300 2656
495.400 186837
495.400 186899
495.450 171354
495.475 170774
495.475 20496
495.500 5389
495.550 2655
495.600 2565
495.650 170809
495.650 2568
495.750 173642
495.750 179363
495.775 192081
495.775 2497
495.782 539696
495.850 164922
495.850 193223
495.850 394377
495.875 193196
495.925 170154
495.925 186312
496.000 172486
496.000 172509
496.050 179204
495.925 720
496.050 189123
496.100 194321
496.150 166783
496.225 165031
496.300 2524
496.350 171919
496.395 416487
496.475 167304
496.500 190880
496.575 335717
496.675 182230
496.675 186850
496.675 193759
496.700 177702
496.725 168405
496.750 188627
496.852 374349
496.898 376969
496.950 335688
497.025 172419
497.100 185726
497.100 2613
497.129 430455
497.150 183431
497.175 199460
497.225 167894
497.275 167924
497.325 335417
497.350 335685
497.425 176535
497.525 163860
497.525 169648
497.550 180472
497.550 190925
497.575 163771
497.600 175363
497.600 182273
497.600 335564
497.600 335656
497.625 164431
497.625 194947
497.652 355993
497.675 155801
497.675 172532
497.700 335353
497.700 335416
497.725 189203
497.725 335567
497.800 186277
497.825 168470
497.825 171314
497.825 176450
497.875 335295
497.900 167358
497.909 425501
497.925 335569
497.975 185081
498.000 168444
498.025 173090
498.025 335442
498.050 179893
498.050 191477
498.075 182815
498.125 335326
498.200 164985
498.225 197205
498.250 162742
498.251 386143
498.275 192635
498.325 176445
498.325 186334
498.325 335775
498.400 148148
498.425 184596
498.425 335387
498.475 335440
498.515 647882
498.675 173009
498.711 357586
498.750 169051
498.750 169053
498.775 2457
498.776 397407
498.800 175404
498.800 335472
498.800 335837
498.850 335563
498.900 177615
498.900 185651
498.914 466688
498.983 457588
499.000 164480
499.025 182141
499.050 181078
499.075 171348
499.125 173430
499.125 185066
499.141 453279
499.150 335505
499.175 192608
499.175 335449
499.200 335652
499.250 335087
499.325 169010
499.376 343428
499.400 180567
499.425 2590
499.425 335324
499.447 363906
499.450 335412
499.475 167918
499.500 2500
499.500 2610
499.500 335413
499.509 350127
499.575 186895
499.577 473142
499.578 391103
499.600 168457
499.625 182803
499.639 401725
499.650 194362
499.675 191486
499.725 187389
499.750 174721
499.800 2587
499.841 456650
499.875 176499
499.900 153521
499.900 170202
499.925 174130
499.925 179952
499.950 174190
499.975 197164
500.000 170122
500.075 167771
500.075 2458
500.100 169605
500.125 171951
500.200 2545
500.250 173051
500.275 165596
500.300 194866
500.350 2477
500.350 2565
500.425 167300
500.425 2655
500.425 335503
500.450 2389
500.475 172455
500.475 2656
500.500 2568
500.525 188581
500.575 186727
500.650 163784
500.775 170152
500.800 171873
500.800 335383
500.825 2497
501.018 494391
501.050 336106
501.097 460001
501.125 175916
501.350 169524
501.425 169574
501.475 193121
501.572 430693
501.667 381697
501.775 2524
501.931 755709
502.149 396139
502.150 335473
502.537 464458
502.700 202898
502.775 335415
502.775 335416
502.842 500620
503.125 335358
503.133 424452
503.450 335569
503.475 335443
503.600 335326
503.675 335533
503.750 335717
503.842 384707
504.125 335863
504.253 359805
504.300 335535
504.375 335564
504.425 335413
504.450 335472
504.525 335685
504.598 422555
504.725 335688
504.755 530115
504.914 494967
504.921 415798
504.950 335474
505.025 335353
505.025 336076
505.100 335656
505.300 335417
505.425 335505
505.475 335563
505.625 335449
505.625 335503
505.750 335775
505.775 525849
505.839 755709
506.067 653139
506.150 336106
506.400 335652
506.582 479349
507.022 519033
507.084 397877
507.127 660011
507.833 521297
507.871 490428
507.875 17964
508.264 499328
508.913 476083
508.995 483304
509.071 523659
509.161 378442
510.088 344137
510.323 422117
510.542 361813
511.625 338528
511.723 759751
512.049 377368
512.107 404617
512.450 5389
512.742 511629
512.861 410273
513.475 5392
513.696 406896
513.863 408948
513.923 512848
514.040 465296
514.077 755709
514.435 540501
514.525 5343
514.550 5340
514.583 380977
514.876 390221
515.106 433977
515.277 474093
515.595 669901
515.658 516687
515.950 5518
516.083 365644
516.100 5499
516.550 5626
517.180 401830
517.293 353139
517.490 519683
517.750 17964
518.162 485923
518.288 700374
518.389 442775
518.462 656051
518.868 438609
519.262 624244
519.381 399823
519.775 17643
520.276 683687
520.301 371674
520.307 515750
521.987 521494
522.035 660999
522.485 388363
522.530 483791
522.691 341539
522.991 439488
523.308 452941
523.572 389033
523.603 514483
523.640 608472
523.667 515221
525.352 529815
525.528 512556
526.202 359761
526.450 5209
526.625 5473
526.651 366614
526.739 342495
526.803 520278
526.807 451143
527.608 388674
528.008 536568
528.196 423833
528.216 361109
528.506 427152
528.805 383672
528.875 5496
529.188 538141
529.336 418301
529.550 5495
529.875 335443
530.387 378295
530.531 368758
530.625 5389
530.650 335564
530.650 5518
530.710 422828
530.875 5343
514.100 720
528.050 720
530.950 335413
531.080 341267
531.124 707627
531.200 5392
531.275 338528
531.313 488206
531.567 483353
531.725 5499
531.800 335685
531.853 441470
532.400 335473
532.425 335416
532.543 365622
532.650 11619
532.807 422456
532.899 520470
532.958 413782
533.004 370838
533.359 450814
534.004 387566
534.031 362101
534.661 405215
534.958 404771
535.010 407051
535.732 372509
535.788 440031
536.050 371328
536.556 369248
536.632 443985
537.174 388947
537.314 528215
537.869 376303
538.096 475343
538.168 359428
539.144 363954
539.224 497178
539.921 505621
539.949 460233
540.144 356924
540.243 466781
540.331 501026
540.393 407783
540.579 481551
541.900 515306
542.559 646660
542.691 367718
542.942 388466
543.620 438041
543.633 378933
543.650 5340
543.700 5209
543.775 5390
543.809 350070
544.012 443145
544.065 400316
545.100 5626
545.111 699416
545.175 335383
545.286 380977
545.586 409103
545.600 5389
545.600 5392
545.625 5496
545.825 335652
545.925 5473
545.989 359877
546.076 512552
546.100 335087
546.710 364674
546.880 427325
546.888 361421
547.285 427819
547.552 488850
547.675 335683
547.925 335505
547.929 454151
547.938 501814
547.975 5518
547.980 380191
548.133 401806
548.666 467858
548.838 473820
550.284 416436
550.875 443285
551.253 419140
552.069 377209
552.188 388942
552.407 487090
552.880 622993
552.883 524029
553.159 536203
553.910 371214
554.269 523699
554.559 391733
555.405 413034
556.320 630567
556.378 506677
556.455 390221
556.661 421513
556.975 406600
557.100 5495
557.125 5343
543.725 720
557.653 543201
558.041 436934
558.059 413864
558.149 396749
558.225 335324
558.925 5499
559.178 472292
559.321 440738
559.450 17964
559.500 5518
559.549 394810
559.617 517126
559.639 443121
559.750 338528
559.850 5392
560.050 5390
560.150 335837
560.275 5209
560.350 5496
560.550 5340
560.644 434769
560.751 703594
560.775 335442
560.775 5473
560.960 449596
561.125 335652
561.385 675696
561.500 5389
561.600 5626
561.817 393165
561.864 413494
562.213 516836
562.400 335685
562.475 335505
562.520 370155
562.919 712403
562.989 691387
563.069 410273
563.272 361188
563.527 664976
563.868 666765
564.400 11472
564.745 451770
565.306 426990
565.703 635193
565.797 387977
565.830 385752
565.907 361355
565.948 345611
566.429 447145
566.575 346453
566.688 355711
566.843 483791
567.653 352088
567.719 381621
568.133 421673
568.162 365013
568.270 387144
568.302 448894
568.692 489968
568.992 635193
569.125 646549
569.472 448297
569.933 435376
569.954 491843
570.203 652456
570.224 425339
570.898 390438
570.975 498566
571.077 450699
571.095 423066
571.668 343493
572.150 5473
573.120 497267
573.150 5390
573.448 444522
573.550 5340
573.589 439945
573.617 488905
573.703 396971
573.772 443394
573.835 391550
574.365 470918
574.425 5343
574.425 5392
574.700 5499
575.100 5495
575.150 5209
575.234 469942
575.250 5518
575.338 371170
575.496 461962
575.500 5626
575.675 336076
576.125 438292
576.519 475608
576.662 438785
576.768 486856
576.885 415843
577.034 397481
577.065 382332
577.664 488182
560.500 720
575.350 720
577.751 363954
578.042 623358
579.350 5496
579.726 373447
579.925 506208
580.233 643348
580.257 510437
580.266 451783
581.086 686539
581.244 450688
581.470 644639
581.528 533978
582.174 357407
582.463 651406
582.963 395708
583.286 375979
583.611 437166
583.967 514171
584.187 652504
584.453 366895
584.832 376316
585.230 488819
585.796 378485
585.873 423921
586.546 453970
586.725 335383
587.000 5340
587.713 460130
587.775 338528
588.011 458469
588.115 467505
588.202 529030
588.287 431469
588.392 404156
588.475 5209
588.625 5343
588.650 5390
588.691 369764
588.925 5389
588.925 5473
589.200 5518
589.306 643236
589.388 381246
589.575 335533
589.669 450229
589.674 443838
590.110 374374
590.153 413782
590.497 515293
590.522 369254
590.700 335326
590.948 466738
591.025 5495
591.039 645772
591.163 428592
591.181 456309
591.275 5496
591.650 335442
591.911 401139
592.295 380619
592.421 651131
593.873 363105
594.123 375790
594.979 437334
595.970 420241
595.996 529555
596.404 524932
596.925 166076
597.325 168470
597.337 428508
597.522 369799
597.727 716575
598.124 691387
598.325 170202
598.427 456434
599.198 677701
599.481 689551
599.900 433316
600.200 186872
600.696 411581
601.489 397592
601.570 630311
601.653 355533
601.790 521494
602.275 5495
602.325 485759
602.391 394377
602.475 335387
602.846 400383
602.850 5390
602.900 5209
602.977 388794
603.003 356848
603.125 5389
603.125 5392
603.164 475556
603.369 411781
603.375 5473
603.597 388466
603.700 5626
604.120 406985
604.150 5496
590.000 720
604.675 338528
604.849 424038
604.850 5518
604.883 359095
604.925 186312
604.950 335533
605.195 699754
605.300 335503
605.756 527588
606.575 192635
606.685 640978
607.038 472239
607.616 706327
607.850 164922
607.894 663390
607.904 436344
608.236 451258
608.410 360334
608.500 456667
608.576 445859
608.719 624943
608.738 449275
609.149 451673
609.375 2457
609.450 2568
609.637 486384
609.675 2545
609.933 642265
610.026 349182
610.175 2565
610.250 168457
610.325 2656
610.726 362418
610.975 163771
611.325 2524
611.475 2610
611.619 723517
611.675 180567
612.200 170122
612.327 364857
612.375 166761
612.375 436663
612.475 187389
612.518 462387
613.075 178230
613.095 451934
613.104 502253
613.333 469595
613.375 190325
613.438 446929
613.447 499258
613.725 186850
613.900 193223
613.922 408086
613.966 393778
613.981 422684
614.120 441783
614.250 172532
614.392 643348
614.872 367062
615.125 176540
615.140 424576
615.200 168405
615.376 415749
615.425 177707
615.525 169524
615.625 20421
615.672 386187
615.683 541121
615.725 2613
615.750 192081
615.753 529319
615.800 189123
615.825 174158
615.850 170731
615.950 175363
616.000 202898
616.025 20452
616.100 2500
616.100 5499
616.225 155801
616.300 182811
616.325 191477
616.325 20437
616.350 20500
616.350 2477
616.375 192608
616.400 182230
616.425 169010
616.425 20533
616.475 172478
616.500 20485
616.575 167332
616.625 2389
616.700 176535
616.726 398288
616.750 162742
616.750 167304
616.775 168461
616.825 2457
616.975 174212
617.025 185081
607.575 720
617.050 168470
617.100 20450
617.125 2458
617.150 2590
617.150 2655
617.150 5389
617.200 164922
617.200 2545
617.200 2587
617.250 172419
617.275 20496
617.325 181078
617.350 179363
617.375 174130
617.400 167771
617.400 335087
617.500 186322
617.600 5343
617.600 5390
617.650 173564
617.694 383100
617.725 190915
617.775 167918
617.775 173009
617.825 186899
617.825 2656
617.854 677107
617.925 166783
617.950 186857
617.975 172486
617.975 173642
617.975 179893
617.975 2497
617.981 384093
618.100 167358
618.109 377833
618.125 186311
618.125 188581
618.175 191486
618.250 182209
618.300 166199
618.350 188615
618.357 436586
618.400 182273
618.425 5340
618.450 182223
618.450 194362
618.450 2565
618.500 181122
618.500 186872
618.500 194866
618.525 163317
618.525 169655
618.525 192640
618.550 2568
618.600 171919
618.600 5495
618.650 173051
618.675 174190
618.700 192635
618.728 530115
618.767 504533
619.000 167300
619.000 188627
619.030 530115
619.050 186334
619.075 182141
619.125 176499
619.125 185651
619.125 194947
619.150 5209
619.175 174740
619.200 187964
619.225 167894
619.225 2524
619.325 170809
619.350 148148
619.400 164480
619.450 176450
619.500 189203
619.550 190880
619.575 165031
619.575 173090
619.600 186312
619.653 402793
619.675 172509
619.675 183405
619.675 193759
619.700 5496
619.725 170202
619.748 432543
619.800 164985
619.825 187427
619.825 193789
619.841 534765
619.850 172500
619.850 177065
619.850 192622
619.900 171329
619.900 335472
619.925 164431
619.950 177094
619.975 176445
620.025 163860
620.025 186277
620.050 2610
620.050 335295
620.075 173675
620.075 182803
620.125 165596
620.150 163784
620.225 174721
620.225 335353
620.250 169053
620.300 166076
620.400 197164
620.450 175404
620.500 186727
620.500 336106
620.550 169574
620.550 171873
620.575 335442
620.575 336076
620.600 335383
620.625 153521
620.650 169051
620.650 171354
620.650 177702
620.700 177615
620.700 335569
620.704 543321
620.750 335387
620.750 335443
620.775 163850
620.775 167924
620.775 2613
620.775 335505
620.800 182815
620.800 184495
620.825 185726
620.825 194321
620.825 335326
620.900 181042
620.900 2389
620.900 335417
620.900 335473
620.925 171881
620.925 193121
620.975 169648
620.975 186895
621.025 186837
621.050 171348
621.075 174825
621.075 2477
621.100 177669
621.100 180472
621.100 335449
621.125 169605
621.150 2500
621.200 168429
621.225 193196
621.250 170154
621.300 335563
621.325 190925
621.350 335412
621.375 172455
621.400 197205
621.450 170152
621.450 183431
621.450 193674
621.500 171951
621.500 335503
621.550 335685
621.600 179952
621.600 2457
621.625 170122
621.625 2590
621.650 190330
621.675 168444
621.750 199460
621.775 170774
621.775 2458
621.775 2587
621.825 2655
621.850 171314
621.900 166761
621.906 420234
621.950 2545
622.000 184596
622.000 335863
622.100 453958
622.200 185066
622.225 173430
622.250 175916
622.318 500609
622.325 335324
622.409 465679
622.425 335717
622.650 2656
622.875 179204
622.900 2497
623.101 393900
623.111 539086
623.350 2565
623.550 335416
623.644 439530
623.825 335413
623.870 386137
623.950 335415
624.100 335358
624.203 461959
624.750 335567
624.775 335474
624.813 370603
624.825 335775
624.850 335652
624.900 335564
624.900 335837
624.975 335656
625.000 335533
625.050 2610
625.175 335440
625.175 335688
625.200 335683
625.375 335535
625.600 335569
625.748 398313
625.775 335353
625.995 428907
626.000 335442
626.300 335443
626.400 335383
626.475 335472
626.525 335505
626.625 335563
626.700 336106
626.765 457879
626.893 379042
627.175 335503
627.375 431237
627.425 335473
627.877 415776
627.982 448436
628.025 518103
628.195 505487
628.262 432915
628.348 368219
629.257 432977
629.486 693533
630.339 403076
631.242 494610
631.909 344814
632.444 405646
632.957 376289
633.102 532195
633.581 408838
634.050 338528
634.196 391658
634.400 5340
634.600 5392
635.098 664745
635.175 5626
635.522 379555
635.982 657926
636.296 380699
636.425 5473
636.663 450814
636.750 5496
636.850 718675
637.122 707627
637.125 5499
637.150 5518
637.350 5495
637.387 474950
637.916 372920
637.975 5390
638.627 422456
638.876 467876
640.409 453779
640.410 396866
640.475 388712
640.760 341944
641.212 345771
641.467 346486
641.533 452351
641.600 11506
641.825 514171
641.833 394178
642.653 405215
643.193 481958
643.420 455036
643.862 461967
643.983 645791
644.576 459119
644.768 393314
644.865 502933
645.174 456667
645.273 516836
645.533 367946
646.215 425628
646.422 709097
646.764 478592
647.046 371364
647.081 458654
647.104 382230
647.254 474564
638.950 720
647.315 356093
647.391 365077
648.475 5209
648.750 335324
649.016 417823
649.200 335449
649.257 490979
649.885 439531
650.150 5343
650.487 495838
650.500 5626
650.555 412198
650.666 659517
650.677 352474
650.800 5390
650.850 5389
651.050 11688
651.150 335353
651.243 447730
651.500 5392
651.653 490657
651.843 417237
651.927 408620
652.500 5518
652.525 335535
652.921 539193
653.301 471478
653.475 335503
653.594 496420
653.675 335383
653.921 504145
654.275 5473
654.472 467418
654.850 338528
654.919 499659
654.925 335387
655.893 427907
656.333 480770
656.490 532493
657.334 487715
657.417 386306
657.559 401830
657.591 518397
658.116 403189
658.414 451770
658.547 416771
658.923 365391
659.081 367767
659.455 388886
659.756 458260
659.845 430749
660.072 350687
660.141 641082
660.217 515120
661.044 426580
661.238 562462
661.343 458773
661.493 390434
661.502 370222
661.670 372814
662.496 378442
663.250 5209
663.339 425516
663.897 532250
663.932 385067
664.125 5499
664.275 5495
664.529 479568
664.750 5340
664.791 517961
664.947 456561
665.280 657307
665.337 344814
665.417 392804
665.475 5626
665.555 494495
665.788 376843
666.370 422650
666.940 622993
666.988 439539
667.275 5389
667.375 335415
667.400 5496
667.618 502649
667.850 5473
668.106 455957
668.275 5343
668.638 419413
668.700 11439
668.890 386749
668.935 652456
669.125 335685
669.188 487994
669.560 449596
671.075 677701
671.087 384791
671.203 358892
671.647 522065
671.794 350295
671.968 359793
672.110 527797
672.121 718713
654.450 720
668.975 720
672.193 413966
672.219 368704
672.609 380619
672.947 448651
673.535 677963
674.067 622993
674.154 523656
675.712 417513
676.203 456573
676.518 712454
677.025 5209
677.569 519889
677.693 522995
677.917 444226
678.068 520129
678.113 397223
678.300 335533
678.525 5499
678.652 451212
678.667 486384
678.875 335326
678.875 5518
679.000 5390
679.403 373347
679.425 5343
679.719 497490
679.925 338528
679.925 5392
680.000 5389
680.075 335656
680.100 335413
680.650 5496
681.367 375733
681.384 432903
681.500 5473
681.615 424801
681.825 5495
681.875 335412
682.025 5626
682.258 496819
682.700 335683
683.343 380258
683.663 481468
683.880 460270
684.007 491843
684.241 383563
684.692 642563
686.011 536870
686.025 484273
686.923 488820
687.156 432208
687.568 452524
688.854 458870
688.862 411372
688.958 416569
689.552 410555
690.561 656091
690.694 649739
691.675 185651
692.075 5340
692.079 496853
692.136 650040
692.373 479030
692.458 427325
692.800 5499
692.825 5209
693.120 339017
693.550 5389
693.725 335564
694.018 697443
694.311 408003
694.325 5473
694.550 449055
694.649 675841
694.700 5392
694.704 669369
694.750 188627
694.750 335656
694.847 631574
694.890 624200
695.025 335652
695.050 5390
695.330 362896
695.375 5496
695.454 492582
695.528 394945
696.138 452800
696.224 515200
696.700 5518
696.839 664797
697.437 400360
697.705 397754
698.221 526863
698.364 370224
698.716 378485
698.774 341944
699.220 423650
699.478 441477
699.531 397180
699.850 17841
700.774 476597
701.061 513081
701.377 436934
701.427 349182
701.993 417289
702.038 508473
702.081 464522
703.003 718869
703.063 372739
703.074 393129
703.465 666509
703.592 656745
703.659 363903
704.115 361702
704.499 464739
704.662 339036
704.700 338528
705.075 181122
705.161 667343
705.269 446986
705.300 5340
705.600 5209
705.750 5626
706.225 335863
706.425 5390
706.441 533989
706.648 397592
706.700 5343
706.794 453784
706.825 5495
707.182 668419
707.230 388305
707.388 532913
707.775 5389
707.800 5392
707.926 714709
708.011 439772
708.050 5496
708.154 645905
708.299 648134
708.375 169655
708.400 5473
708.519 542952
709.025 5499
709.142 340876
709.175 5518
709.331 442747
709.483 339072
709.556 424452
709.707 490060
709.796 370056
710.487 525384
710.694 411926
710.766 404578
711.501 409639
711.571 415095
712.159 480119
712.230 403189
712.938 389616
713.508 442006
713.529 394590
713.805 380602
714.343 367218
714.344 392473
714.630 433952
714.741 382776
715.109 420394
715.512 367357
715.848 451212
715.871 356086
716.026 512041
716.533 514410
716.591 404057
716.634 383987
717.133 633779
717.521 410509
717.786 403042
717.950 174825
718.159 410575
718.178 341717
718.227 449212
718.305 408501
718.514 459975
718.682 496819
718.686 389320
719.046 382946
719.223 431897
719.811 476227
719.971 417710
719.975 5209
720.063 378442
720.178 482870
720.450 5343
720.612 357280
720.625 5518
720.800 5390
720.842 407660
721.065 390517
721.177 394845
721.200 5340
721.357 517782
721.400 174212
721.400 5626
721.525 5496
707.975 720
721.559 504253
721.575 148148
721.600 5495
721.879 340271
721.906 339036
722.108 512768
722.123 466273
722.125 401760
722.150 338528
722.250 2389
722.425 5473
722.475 186334
722.500 5392
722.625 166761
723.500 5389
723.825 165031
723.825 5499
723.925 193789
723.987 664797
724.144 506677
724.200 2458
724.338 364501
724.400 335087
724.625 2457
724.884 372736
724.888 532913
724.938 501179
725.000 168461
725.100 2477
725.170 363544
725.270 426839
725.291 339017
725.375 172419
725.400 164480
725.650 186899
725.800 20421
725.848 393517
726.175 2500
726.275 153521
726.300 2610
726.375 163771
726.525 170202
726.600 182811
726.721 481449
726.750 177702
726.750 390680
726.800 194947
726.825 155801
727.025 2389
727.075 169605
727.150 169051
727.325 175404
727.350 166783
727.400 165596
727.425 2613
727.525 182803
727.600 175363
727.625 163317
727.675 2497
727.725 176535
727.725 193223
727.800 2656
727.925 2545
727.934 467801
727.958 436355
727.975 167304
727.975 169010
728.025 177094
728.075 2565
728.100 168457
728.125 2524
728.175 168405
728.225 173090
728.250 167332
728.275 171919
728.325 170809
728.375 163860
728.375 2568
728.425 2587
728.450 163784
728.450 167918
728.512 425257
728.525 186277
728.625 163850
728.628 447306
728.650 164431
728.675 166199
728.700 167924
728.725 164985
728.750 186322
728.750 335324
728.800 175916
728.825 190925
728.900 182209
728.975 170731
728.983 349115
729.050 162742
729.093 414949
729.150 335353
729.150 335358
729.175 2458
729.200 164922
722.350 720
729.275 173642
729.300 168444
729.350 182223
729.375 172478
729.375 174825
729.375 335326
729.475 2457
729.525 179952
729.550 187964
729.575 170122
729.600 181078
729.725 174158
729.750 188581
729.800 169648
729.850 190325
729.864 463678
729.875 183405
729.875 186311
729.925 167300
729.925 190330
729.950 171354
730.050 169655
730.100 167358
730.109 522397
730.125 176499
730.150 168470
730.250 2477
730.300 171314
730.300 192635
730.375 171348
730.400 166076
730.425 169574
730.425 181042
730.425 186312
730.475 173564
730.475 335387
730.518 512041
730.525 167894
730.525 171873
730.550 678889
730.575 174130
730.650 169053
730.675 177707
730.675 20533
730.750 177065
730.775 180567
730.800 335295
730.875 167771
730.875 170152
730.875 178230
730.900 170154
730.925 171951
731.000 2590
731.025 335383
731.050 2500
731.075 173009
731.075 335440
731.100 173675
731.125 172532
731.150 171881
731.150 335417
731.200 168429
731.200 335413
731.225 169524
731.250 335412
731.280 497918
731.315 437144
731.325 335505
731.350 172486
731.350 192608
731.350 335415
731.350 335443
731.425 186850
731.425 335473
731.425 335474
731.475 2655
731.486 393086
731.500 172509
731.500 173051
731.525 171329
731.525 335472
731.550 170774
731.550 191477
731.625 179204
731.650 176445
731.700 335449
731.725 174190
731.796 470561
731.875 172455
731.875 335442
731.900 179893
731.900 190880
731.900 335503
732.025 181122
732.075 185726
732.075 335533
732.125 335535
732.150 335416
732.200 176540
732.215 415076
732.225 335563
732.237 470016
732.250 188615
732.250 335569
732.300 182141
732.300 2497
732.350 184495
732.350 184596
732.366 694365
732.450 174721
732.475 335656
732.525 193674
732.525 194321
732.525 2545
732.525 2610
732.550 172500
732.550 173430
732.550 2524
732.550 335564
732.609 350375
732.644 500384
732.650 174740
732.650 179363
732.650 193196
732.650 335567
732.700 186872
732.800 177669
732.825 2613
732.875 185651
732.875 186895
732.875 190915
732.975 186857
733.017 415798
733.100 2565
733.157 650434
733.175 177615
733.175 2568
733.225 187427
733.262 369404
733.400 176450
733.400 335087
733.425 191486
733.453 633810
733.500 188627
733.525 182273
733.600 335688
733.600 335717
733.707 421636
733.775 2656
733.800 185081
733.850 335353
733.875 186837
733.900 18049
733.900 2587
733.975 335683
733.975 335685
734.000 335652
734.156 467120
734.175 183431
734.175 187389
734.275 199460
734.413 345612
734.525 189203
734.575 197164
734.600 182230
734.675 186727
734.750 185066
734.825 470644
734.850 189123
734.850 335324
734.875 192081
734.908 507142
734.925 182815
734.950 192622
734.975 335358
735.100 335775
735.134 699975
735.150 335837
735.225 17964
735.228 344098
735.275 192640
735.400 193121
735.425 194362
735.500 202898
735.550 2590
735.584 341539
735.700 193759
735.700 335413
735.750 180472
735.800 194866
735.817 395100
735.900 193789
735.925 335863
736.075 335387
736.082 502933
736.100 335412
736.125 335415
736.175 335443
736.200 335505
736.225 2655
736.225 335472
736.225 335473
736.240 408356
736.275 335440
736.300 335474
736.350 197205
736.400 335383
736.525 335449
736.565 540095
736.599 385542
736.650 335417
736.725 335503
736.810 690140
736.950 335535
737.000 335569
737.168 486705
737.300 335563
737.425 335564
737.500 336106
737.700 2610
737.850 335656
737.925 335533
738.075 335416
738.217 412392
738.250 335567
738.750 335688
739.187 482142
739.656 521027
739.665 466312
740.034 349182
740.393 413906
740.500 335717
740.533 456342
740.750 336076
740.875 335837
740.948 460060
740.950 395100
741.261 502046
741.427 384464
742.124 400011
742.533 390132
742.672 438273
743.071 495306
743.450 338528
743.625 5343
744.058 658348
744.864 403733
744.891 448017
744.934 494799
745.375 5496
745.539 402106
745.800 5392
745.867 455005
745.952 358254
746.092 457920
746.174 405669
746.326 445805
746.557 515677
747.307 734694
747.376 515319
747.700 11969
747.719 666032
748.250 5495
748.270 653540
748.683 495371
748.690 414795
748.869 451305
748.975 5499
749.218 707627
750.245 343428
750.364 454340
750.635 490229
750.669 419766
751.830 355633
751.896 411780
752.347 689971
752.826 365762
752.957 373784
753.223 466312
753.891 376519
754.656 451355
755.224 663557
755.231 496668
755.402 390923
756.248 472798
756.548 534214
757.450 444699
757.521 406121
758.010 378263
758.100 5343
758.161 358987
758.682 376643
758.775 335295
758.925 5392
758.956 460024
759.318 470061
759.369 360610
759.425 5473
759.818 359877
760.145 525733
760.648 531311
760.775 5389
761.250 335688
761.666 523699
762.075 5340
762.214 470328
746.075 720
761.700 720
762.275 5496
762.400 5495
763.020 529336
763.057 671197
763.296 438983
763.372 474080
763.556 474858
763.723 383544
764.025 335535
764.725 5626
764.803 429792
764.850 5499
765.089 482631
765.478 406171
765.737 365622
766.058 421141
766.091 524657
766.265 501134
766.615 373558
767.328 459061
767.336 742253
767.446 437749
767.619 410003
767.714 368882
767.856 485973
768.075 352991
768.153 448110
768.175 12105
768.203 465668
768.316 370512
768.825 5209
768.850 626352
769.086 431237
769.159 509037
769.454 403549
770.272 418725
770.644 503042
771.175 335383
771.323 424762
771.829 383100
772.440 382982
772.475 338528
772.484 439052
772.597 413791
772.880 388031
773.032 475316
773.100 5392
773.113 387970
773.378 422828
773.839 438537
774.062 376843
775.002 401889
775.011 398468
775.225 5343
776.318 451446
776.427 464290
776.756 530070
776.913 509348
777.096 533323
777.321 487994
777.620 363154
778.025 450376
778.402 523656
778.513 415313
778.862 346604
778.925 5499
779.072 387747
779.483 372687
779.600 5496
779.750 5518
780.225 12667
780.267 518662
780.344 375092
780.532 631665
780.586 430606
780.691 678606
780.787 455536
781.825 5473
781.901 504634
782.042 454795
782.106 483241
782.116 395386
782.225 5626
782.359 344137
782.450 11929
782.930 403289
783.047 457920
783.068 392741
783.177 391032
783.783 386199
784.620 528702
784.750 167918
784.950 5340
785.089 679575
785.125 5389
785.410 397877
785.750 5343
785.995 509373
786.154 515750
786.272 701592
786.288 407914
786.813 460825
775.775 720
786.969 477182
787.222 369281
787.225 5390
787.477 390434
787.684 486687
787.791 426222
788.686 421928
789.107 485398
789.573 482814
789.727 705904
789.814 440203
789.839 503636
789.926 501474
790.288 398724
790.731 359111
790.798 457411
791.561 512785
792.444 373447
792.649 691934
792.718 371218
793.025 186899
793.270 539883
793.374 441791
793.520 375942
794.225 5626
794.325 5518
794.626 455957
794.751 465185
794.825 5499
794.903 449055
794.947 379871
795.640 445114
795.769 637580
796.102 419195
796.431 344354
796.475 5392
796.478 424353
796.775 5495
796.808 483791
796.900 335472
796.915 344322
796.928 363567
797.946 368335
798.438 345612
798.440 403689
798.475 5389
798.622 415316
798.750 338528
799.101 424566
799.531 376643
799.826 427904
800.011 430423
800.050 5209
800.471 351752
801.187 375064
801.198 516687
801.450 5390
801.825 5340
801.900 5343
801.953 382273
802.348 385419
802.756 485644
802.964 413628
803.108 411266
803.513 376773
803.627 362597
803.821 347132
803.875 11439
804.251 455845
804.404 410268
804.963 492184
805.058 444489
805.200 436973
805.379 430423
805.661 512041
805.726 755709
805.747 373008
805.828 413494
805.860 515200
806.270 401356
806.583 387144
806.964 670183
807.050 5496
807.223 391200
807.450 17841
807.819 383563
807.925 335837
807.975 11541
808.013 400316
808.225 5499
808.273 420088
808.901 452941
809.075 5626
809.208 363396
809.419 650434
809.572 429369
809.575 472754
809.650 5518
809.839 453422
809.961 409263
810.063 426026
810.301 380972
795.300 720
810.580 350721
810.600 5392
810.714 361013
811.185 441812
811.260 539696
811.313 470892
811.350 5473
811.650 5495
812.081 366248
812.315 348658
812.350 335324
812.402 383544
812.821 452032
813.193 648051
813.225 5389
813.675 5390
813.900 407770
814.075 335353
814.150 5209
814.195 712135
815.091 520640
815.250 335358
815.397 521177
815.600 5343
815.802 500662
815.952 649036
816.068 474426
816.251 421844
816.915 714095
817.129 458788
817.664 422436
817.820 400299
818.360 508832
818.562 521297
818.975 335087
819.047 433272
819.429 647958
819.500 182811
819.935 362633
820.212 423019
820.708 443213
820.742 465879
821.047 415352
821.197 372614
821.241 379671
821.930 516687
821.953 495371
822.229 388564
822.383 424576
822.505 375352
823.101 414380
823.137 494978
823.150 5499
823.464 454450
823.625 5495
824.324 425411
824.700 5496
824.750 5340
824.750 5389
824.900 338528
825.300 5626
825.475 5473
825.692 520642
825.803 344137
825.902 466179
826.000 335564
826.010 689392
826.125 335652
826.175 335837
826.225 336076
826.453 376617
826.475 5518
826.625 5392
826.821 458732
826.879 486432
826.894 367655
826.950 5390
826.952 465879
827.050 202898
827.255 430260
827.475 335416
827.520 389096
827.571 488821
827.636 513111
827.667 722818
827.775 335569
828.069 436663
828.307 465724
828.340 397930
828.448 363267
828.725 191477
828.925 5209
829.064 472300
829.192 520129
829.500 171919
829.848 706327
830.135 526014
830.173 524994
830.387 495080
830.656 490075
830.809 438983
830.875 167894
811.775 720
826.775 720
831.514 474093
831.931 408296
832.125 380047
832.875 518396
833.110 475288
833.142 459158
833.617 474523
833.825 193196
833.871 505229
834.852 469065
835.076 405134
835.236 375951
835.259 376099
836.386 685162
837.468 388989
837.754 478255
837.830 417083
837.941 431469
837.977 357280
838.175 148148
838.192 529815
838.200 5473
838.226 525192
838.250 164985
838.300 335717
838.343 536870
838.500 5389
839.125 169655
839.175 2457
839.250 167358
839.250 5499
839.275 5392
839.325 164431
839.375 170202
839.475 338528
839.612 393206
839.775 5496
839.825 169010
839.866 412195
839.875 2389
839.875 5340
839.975 5495
840.075 166783
840.125 173675
840.167 458008
840.209 451911
840.250 171881
840.300 335503
840.425 2458
840.450 171951
840.700 162742
840.800 5390
840.832 425445
840.850 163860
840.850 20421
841.025 168444
841.050 165031
841.050 335087
841.175 170809
841.200 5343
841.275 155801
841.300 335656
841.300 5518
841.350 182141
841.625 2477
841.650 2497
841.775 20437
841.775 2568
841.875 168461
841.897 499001
841.925 174158
841.962 395485
842.050 163317
842.075 164480
842.175 2500
842.198 451446
842.203 664733
842.242 473051
842.300 170774
842.400 171314
842.425 174212
842.450 167332
842.500 2545
842.550 167894
842.564 467046
842.575 169051
842.575 174721
842.850 153521
842.854 462716
842.977 470305
842.994 437660
843.000 168405
843.050 163771
843.075 20450
843.075 2524
843.100 335295
843.200 172532
843.250 163850
843.250 165596
843.275 167300
843.325 177702
843.350 18048
839.675 720
843.475 166199
843.500 2613
843.550 170731
843.550 174190
843.650 168470
843.650 171919
843.775 177669
843.850 175404
843.875 169574
843.900 167924
843.967 493804
843.975 168429
844.025 163784
844.125 166761
844.175 164922
844.175 173009
844.200 2565
844.275 182230
844.368 437660
844.425 176535
844.425 335326
844.535 451878
844.650 2457
844.675 172478
844.700 174130
844.700 335449
844.725 335353
844.775 175363
844.775 335412
844.800 166076
844.850 2389
844.875 182209
844.875 2656
844.882 385898
844.900 171348
844.969 392537
844.975 335472
845.000 335358
845.025 2458
845.050 175916
845.116 429473
845.125 178230
845.150 169605
845.175 172509
845.175 335415
845.175 335442
845.200 172455
845.275 173090
845.300 2590
845.300 335383
845.336 492063
845.372 409592
845.383 486639
845.413 515244
845.450 2587
845.450 2610
845.475 173564
845.475 335417
845.500 177707
845.550 172486
845.575 167918
845.575 170152
845.625 177094
845.650 189203
845.650 335473
845.750 335443
845.800 176499
845.800 182223
845.800 185651
845.850 168457
845.900 174825
845.925 335416
845.975 335324
845.986 500131
846.000 169053
846.000 171354
846.050 169524
846.050 335087
846.050 352941
846.100 335413
846.125 170154
846.125 179363
846.175 187427
846.200 176445
846.225 186899
846.345 407051
846.400 173051
846.425 167304
846.425 167771
846.525 188615
846.553 352088
846.575 170122
846.575 172500
846.575 176540
846.575 182803
846.625 2500
846.650 169648
846.650 172419
846.650 180472
846.650 335440
846.750 335533
846.800 2497
846.850 171329
846.875 177065
846.950 335505
846.975 171873
847.000 173642
847.000 188581
847.000 335535
847.001 517504
847.025 176450
847.025 335387
847.050 179893
847.175 177615
847.250 2477
847.259 431469
847.275 2568
847.375 185726
847.375 186311
847.440 443593
847.442 416576
847.525 183405
847.600 181078
847.625 191477
847.675 2545
847.675 2655
847.741 392509
847.825 180567
847.850 181042
847.900 2524
848.026 413837
848.050 182273
848.125 173430
848.125 335503
848.173 486660
848.175 193196
848.248 530972
848.275 181122
848.375 179952
848.475 182811
848.650 193223
848.774 355884
848.950 186850
849.000 190915
849.050 194321
849.075 192635
849.090 438816
849.150 182815
849.175 335569
849.225 187964
849.226 457379
849.275 192622
849.275 335685
849.350 186277
849.375 187389
849.400 186312
849.425 2613
849.550 186857
849.550 186872
849.600 184596
849.625 335564
849.650 190325
849.675 184495
849.775 183431
849.800 194362
849.950 179204
850.000 186334
850.050 186322
850.071 635058
850.075 2590
850.200 2587
850.205 372814
850.250 399823
850.275 185081
850.275 199460
850.325 186895
850.400 335563
850.402 387566
850.425 335652
850.475 190925
850.500 190330
850.625 185066
850.650 188627
850.675 2610
850.700 186727
850.700 186837
850.700 2656
850.736 376018
850.750 335683
850.761 628942
850.801 483254
850.825 335449
850.825 335567
850.838 668003
850.950 335473
850.955 388926
851.025 335656
851.050 189123
851.075 192640
851.150 335775
851.175 335717
851.200 335353
851.273 371218
851.325 191486
851.325 335474
851.400 335472
851.425 335688
851.450 190880
851.471 503540
851.500 193789
851.527 392900
851.605 425124
851.625 335533
851.725 192608
851.725 335443
851.750 335837
851.850 335358
851.900 194866
851.925 197205
852.075 335412
852.100 335413
852.121 358970
852.125 2655
852.200 193759
852.250 194947
852.400 197164
852.400 335535
852.450 335417
852.625 192081
852.725 335416
852.800 193674
852.800 335863
852.875 193121
853.128 421264
853.250 335442
853.371 442928
854.050 442271
854.200 335505
854.829 364857
854.925 335685
855.091 516583
855.125 202898
855.353 399400
855.606 383672
855.875 336106
856.125 2656
856.225 335652
856.350 335775
856.525 335683
857.024 519511
857.075 335656
857.175 335717
857.400 335837
857.400 5209
857.615 681645
858.098 478166
858.804 364295
859.013 458260
859.433 454230
859.675 5340
859.996 496994
860.195 367914
860.410 421419
861.044 345854
861.222 381046
861.273 371218
861.275 336076
861.368 362001
861.383 438319
861.475 338528
862.122 369254
862.359 507142
862.525 5392
862.638 356369
862.707 410245
863.325 5389
863.575 5496
863.714 457563
863.723 720032
863.899 529429
863.975 5473
864.106 409744
864.389 383901
865.007 376394
865.072 366736
865.078 430149
865.082 714709
865.439 485644
865.493 354974
866.058 440619
866.184 462764
866.331 454493
866.500 5495
866.625 5499
866.821 383987
866.845 344108
867.075 5626
867.777 665085
868.204 428459
868.543 364660
868.594 459293
868.670 402198
869.119 458157
869.384 494978
870.229 491762
870.447 659704
860.225 720
870.526 442388
870.698 404432
870.747 433999
871.100 335324
871.550 12105
871.690 495457
871.775 11646
871.965 398344
872.721 470986
872.825 335416
873.003 515244
873.086 534707
873.100 5343
873.191 384644
873.422 478592
873.450 335417
873.525 5209
873.822 346180
874.048 377958
874.187 436621
874.437 389385
874.987 523656
875.108 507108
876.164 530847
876.694 494337
876.969 740982
877.003 434769
877.148 357005
877.660 510345
877.686 508281
877.972 458622
878.891 507269
879.033 443414
879.056 429444
879.390 437310
879.796 641101
880.095 699754
880.144 415776
880.399 715358
880.608 372698
881.175 358140
881.241 390680
881.401 459053
881.861 476379
882.023 416771
882.300 5392
882.775 12212
882.775 5340
883.125 11541
883.157 455536
883.170 355598
883.232 401884
883.413 461457
883.425 403032
883.666 495353
883.893 464323
884.100 5626
884.678 414282
885.168 342482
885.229 348618
885.375 5389
885.375 5390
885.425 5496
885.575 338528
885.584 363928
885.817 350127
885.856 361831
885.925 5209
885.981 645791
886.095 434880
886.107 506997
886.200 335685
886.485 519954
886.841 357539
886.920 646483
886.925 11932
887.187 372342
887.271 473802
887.289 487235
887.660 467776
887.740 474426
888.225 5343
888.625 5518
888.735 453970
888.830 473820
888.987 343140
888.990 340831
889.175 5473
890.739 484273
892.137 496073
892.299 458870
892.321 459566
893.349 532366
893.703 377286
893.841 414964
894.704 494745
895.700 11371
895.855 373955
896.178 359805
896.625 5626
897.059 401407
897.219 716799
875.925 720
894.175 720
897.265 487841
897.425 5499
897.501 381988
897.800 5340
898.175 11615
898.625 5209
898.900 5392
899.075 5390
899.500 5389
900.055 390572
900.268 504428
900.493 361825
900.789 364729
900.805 364857
900.825 18048
900.946 471303
901.167 435349
901.300 5343
901.513 520313
901.686 466810
902.071 609013
902.199 414694
902.871 458469
902.968 477596
903.060 408501
903.176 443421
903.254 449033
903.345 399056
903.464 451911
903.492 403247
903.662 446495
903.930 376312
904.579 465992
904.863 465659
905.720 426734
905.734 390132
906.218 538278
906.475 12349
906.506 403602
906.661 401730
906.685 404362
908.058 406914
908.298 527178
908.306 405215
908.615 374597
908.785 499170
908.914 429792
908.926 514195
908.991 489348
909.450 5473
909.875 5518
909.933 394040
910.292 443311
910.469 356924
911.060 466146
911.125 11472
911.376 704971
911.400 5340
911.600 338528
911.628 457570
911.975 5389
912.050 5499
912.375 5496
912.425 5495
913.100 5390
913.139 522308
913.375 5626
913.495 339036
913.516 457180
913.822 500497
914.042 477964
914.125 5209
914.150 335443
914.763 409910
914.925 5392
915.386 452262
915.673 462867
915.683 469783
916.406 386903
916.667 403419
916.711 415749
916.864 462867
917.138 379083
917.303 646413
918.355 755709
918.686 441527
919.958 397754
920.300 17841
920.780 350405
921.069 340831
921.115 340272
921.535 457079
922.241 520640
922.394 475556
922.643 518898
922.921 371940
923.698 495708
924.226 394702
924.539 440191
924.725 5343
924.863 468008
925.599 507662
913.400 720
925.605 473300
925.668 529794
926.356 361562
926.500 5340
926.575 5495
926.641 361240
926.925 5496
927.065 443121
927.069 362958
927.125 536851
927.219 501586
927.451 378952
927.725 5473
927.825 5389
927.825 5499
927.850 17719
927.950 5209
928.050 5626
928.056 430260
928.073 519683
928.150 5392
928.199 392238
928.200 335353
928.425 5518
928.550 165596
928.732 466773
928.900 338528
929.134 410693
929.175 193121
929.408 339013
929.800 335563
929.875 335688
929.983 391211
930.164 496141
930.234 421983
930.296 526296
930.345 507495
930.354 409364
930.433 386948
930.939 643994
931.122 514188
931.270 360610
932.226 407770
932.676 428907
932.842 344998
932.884 348281
932.969 350375
933.071 694365
933.073 629789
935.070 432589
935.225 182223
936.024 370603
936.110 517245
936.182 655315
936.218 462284
936.430 641646
936.773 527178
936.981 479326
937.212 516128
937.356 345079
937.551 450640
937.648 361237
937.700 438951
938.113 459232
938.863 359184
939.581 474723
939.631 702190
939.657 403418
939.669 422555
939.744 353656
939.777 486537
939.900 5392
940.000 5389
940.025 5496
940.275 5390
940.563 482313
940.625 5518
940.695 514233
940.741 758219
940.775 5343
940.794 413662
941.000 5495
941.150 335503
941.206 373688
941.252 344143
941.425 5340
941.475 628906
941.603 455559
941.800 5626
942.051 379177
942.250 335474
942.275 335837
942.600 5473
942.704 507447
942.780 532195
942.800 338528
943.050 335569
943.250 5499
943.274 514483
943.349 470163
943.405 391103
943.813 432693
931.850 720
944.105 425643
944.350 5209
944.400 182209
944.402 645009
945.150 153521
945.860 436934
945.994 477946
947.148 425257
948.125 197205
948.269 382996
948.675 398362
948.675 723202
949.606 417611
949.844 446061
950.362 396368
950.879 370155
951.125 387795
951.299 475639
951.739 665085
952.532 411780
952.548 452456
952.705 458654
952.806 388794
953.054 481351
953.393 421844
953.404 457570
953.625 516552
954.239 460045
954.400 5392
954.575 5343
954.675 5499
954.700 5473
954.860 462935
954.875 5389
955.266 355507
955.300 5518
955.350 5390
955.518 430749
955.546 463565
955.825 5495
956.000 335569
956.250 5340
956.525 164431
956.525 5496
956.600 5209
956.683 433881
956.734 483254
957.075 5626
957.150 335564
957.617 519840
957.625 166199
958.163 363954
958.500 335503
958.535 382046
958.844 372939
958.951 532612
959.349 396059
959.967 520470
960.138 485501
960.773 435207
960.800 165031
960.987 431212
961.425 194866
962.024 702445
962.150 177669
962.819 446929
963.025 182803
963.135 415352
963.265 665085
963.380 457972
963.800 175363
964.133 430899
964.509 366590
964.646 456581
965.998 371196
966.261 502994
966.319 454127
966.613 446836
966.616 357586
967.025 189123
967.025 335383
967.350 5626
967.600 192081
967.714 405031
967.792 410693
967.800 5496
967.825 179952
967.832 668419
968.354 718261
968.500 183431
968.500 5495
969.000 5343
969.100 5499
969.250 186312
969.398 367966
969.400 180472
969.425 5473
969.500 5392
969.675 185651
969.715 446133
969.725 191477
969.861 379516
953.125 720
969.900 2656
969.950 183405
969.950 2613
969.950 338528
970.000 186334
970.067 656745
970.100 168429
970.150 168461
970.175 173642
970.175 177094
970.250 186857
970.375 166761
970.450 5340
970.474 654599
970.500 2587
970.700 2545
970.728 486691
970.750 2497
970.800 335688
970.888 396907
971.025 173430
971.050 5389
971.175 5390
971.225 202898
971.250 174740
971.300 186899
971.492 374374
971.525 172532
971.550 187427
971.625 168470
971.682 521297
971.700 193223
971.700 193789
971.702 490087
971.750 163850
971.750 2524
971.800 182141
971.850 171881
971.850 20533
971.875 2500
971.975 20500
972.025 20496
972.025 2655
972.125 184596
972.125 335416
972.142 427390
972.250 20450
972.275 171354
972.275 185081
972.275 2610
972.350 179893
972.400 167918
972.400 169648
972.425 20485
972.475 20452
972.525 188581
972.675 2565
972.750 194362
972.800 2457
972.950 165596
972.950 186311
972.975 173090
973.000 171873
973.025 170809
973.150 176540
973.175 180567
973.250 186895
973.250 2389
973.275 190925
973.275 2477
973.279 507438
973.300 192635
973.300 20437
973.325 170152
973.350 193759
973.375 190915
973.400 181078
973.425 193196
973.425 2568
973.450 174130
973.450 2458
973.500 189203
973.541 538564
973.575 199460
973.675 172455
973.675 192608
973.799 529555
973.850 335837
973.899 344814
973.900 192622
974.025 2590
974.125 184495
974.175 182811
974.200 172500
974.200 176535
974.219 675781
974.225 174212
974.325 192640
974.375 190880
974.400 193121
974.450 182230
974.461 429424
974.500 167894
974.550 171919
974.575 182223
974.675 190325
974.725 492976
974.750 335505
974.750 335652
974.765 380174
974.775 177707
974.825 170154
974.850 2613
974.925 194947
974.975 176450
975.025 177065
975.050 182209
975.050 185726
975.100 178230
975.100 190330
975.125 174825
975.150 186850
975.150 188627
975.175 188615
975.175 335656
975.200 335564
975.225 186872
975.225 335569
975.275 335863
975.325 169051
975.325 335683
975.350 335415
975.484 465901
975.500 335567
975.525 176499
975.525 336106
975.575 193674
975.600 170202
975.625 2587
975.650 335717
975.675 170774
975.693 377375
975.700 194321
975.700 2656
975.725 172486
975.750 167924
975.750 168457
975.750 173051
975.750 335535
975.775 185066
975.800 335775
975.825 171951
975.850 172509
975.850 191486
975.906 498222
975.925 173675
975.925 186727
975.925 2545
975.950 170122
975.975 177615
975.975 187389
976.075 171348
976.075 177702
976.175 174158
976.175 335685
976.200 181042
976.350 172419
976.375 186322
976.425 197164
976.450 177669
976.475 173564
976.525 168405
976.550 335449
976.600 175404
976.625 335443
976.650 173009
976.650 179363
976.700 335440
976.725 167332
976.750 171329
976.750 197205
976.800 187964
976.800 2497
976.825 167358
976.900 2524
976.925 164922
976.925 169574
976.925 169605
976.975 163317
976.975 194866
977.028 444608
977.100 335324
977.150 166199
977.175 2655
977.200 181122
977.250 2610
977.275 176445
977.325 163771
977.375 182815
977.450 167304
977.452 383672
977.500 335413
977.525 186837
977.575 169053
977.625 2500
977.700 186277
977.725 2565
977.775 169010
977.825 164985
977.875 170731
977.875 179204
978.050 169655
978.150 164431
978.150 175916
978.150 2568
978.200 169524
978.225 163784
978.275 174190
978.325 2458
978.450 2477
978.475 182273
978.512 650471
978.545 345294
978.575 2457
978.700 2389
978.750 167771
978.825 168444
978.850 164480
978.950 174721
979.050 2590
979.125 167300
979.218 341979
979.250 171314
979.325 335472
979.350 162742
979.385 470986
979.400 166076
979.500 336076
979.527 518931
979.550 335383
979.575 335563
979.600 166783
979.623 436988
979.700 335474
979.825 153521
979.825 335326
979.925 2613
979.950 335412
980.050 335416
980.100 336106
980.125 155801
980.426 491586
980.450 335295
980.475 335387
980.475 335837
980.500 335688
980.525 335533
980.575 335656
980.625 148148
980.750 335442
980.825 335087
980.825 335353
980.925 335358
980.925 335473
980.925 335652
981.161 468902
981.175 335503
981.250 163860
981.300 335564
981.311 397643
981.450 335417
981.500 335505
981.625 335443
981.650 335569
981.850 335863
981.950 406502
982.067 429461
982.175 2497
982.185 631014
982.200 335685
982.225 335440
982.375 335415
982.425 335413
982.475 163850
982.725 174130
982.875 335324
983.029 377941
983.075 335683
983.503 359184
983.575 2389
983.775 335449
983.985 531311
983.992 513452
984.276 471311
984.721 469595
985.030 500139
985.220 409196
985.225 335326
985.500 665085
985.563 523682
985.875 335295
986.075 335412
986.408 390517
986.450 335087
986.756 469536
987.315 693889
987.689 393129
987.772 391326
987.864 365100
988.726 427933
988.768 666962
988.984 347904
989.111 359832
989.520 394178
990.150 5626
990.163 440913
990.514 502933
990.876 378485
991.214 345559
991.904 479986
992.320 666509
992.353 727659
992.452 485190
992.559 416569
992.561 629557
992.675 5496
992.700 5389
992.700 5495
992.900 5392
992.950 5499
993.050 5390
993.225 5518
993.390 650040
993.400 5209
993.401 475343
993.638 381034
994.003 465953
994.106 368335
994.400 338528
994.450 5340
994.675 5473
994.957 406121
995.124 408230
995.604 369420
996.326 481551
996.530 361237
996.804 441334
996.858 438273
997.633 442670
997.798 470561
998.195 440544
998.580 482819
998.767 432469
999.058 432589
999.557 503636
1000.151 442046
1000.540 427303
1000.639 403731
1001.594 340942
1001.879 402687
1002.039 485262
1002.493 345693
1002.500 358439
1002.539 367243
1002.819 505564
1002.839 404141
1003.436 435455
1003.774 437144
1004.002 505982
1004.037 500637
1004.140 427373
1005.690 440430
1005.735 425371
1006.484 366394
1006.550 5209
1007.125 5518
1007.125 5626
1007.225 5343
1007.463 466217
1007.559 483051
1008.082 539509
1008.123 487855
1008.200 335652
1008.450 335563
1008.575 5499
1008.584 537333
1008.628 505117
1008.800 5340
1008.850 534714
1008.875 335683
1009.080 441334
1009.217 456733
1009.275 5389
1009.350 5392
1009.350 5495
1009.446 519033
1009.575 335387
1009.605 418549
1009.973 384206
1011.000 5473
1011.153 339659
1011.339 387660
1011.621 454350
1011.650 335295
1011.927 680484
1012.826 370120
1013.497 377032
1013.744 478181
994.525 720
