0	0
0.5	6.18674e-24
1	-4.72713e-24
1.5	-4.67141e-25
2	2.37451e-25
2.5	4.62382e-24
3	-2.59834e-24
3.5	-9.59592e-08
4	-5.16865e-07
4.5	-7.3228e-07
5	-9.82328e-07
5.5	-1.50949e-06
6	-1.79945e-06
6.5	-2.44806e-06
7	-3.24021e-06
7.5	-4.03107e-06
8	-4.74231e-06
8.5	-5.23285e-06
9	-5.61929e-06
9.5	-5.6782e-06
10	-5.19793e-06
10.5	-4.88394e-06
11	-4.81603e-06
11.5	-5.11439e-06
12	-5.51767e-06
12.5	-6.34848e-06
13	-6.79995e-06
13.5	-7.95124e-06
14	-8.57643e-06
14.5	-7.53959e-06
15	-4.98554e-06
15.5	-6.28574e-06
16	-7.52066e-06
16.5	-8.94033e-06
17	-1.08889e-05
17.5	-1.51211e-05
18	-1.37003e-05
18.5	-1.42288e-05
19	-1.26273e-05
19.5	-8.19433e-06
20	-9.19182e-06
20.5	-1.00111e-05
21	-1.02402e-05
21.5	-1.02429e-05
22	-1.01219e-05
22.5	-9.75431e-06
23	-8.27844e-06
23.5	-1.20768e-05
24	-1.10173e-05
24.5	-1.43922e-05
25	-2.31401e-05
25.5	-2.80872e-05
26	-3.4607e-05
26.5	-5.13662e-05
27	-0.000147792
27.5	2.16931e-05
28	0.000381762
28.5	4.83058e-06
29	-0.000172808
29.5	-7.92717e-05
30	-0.000138723
30.5	-0.000105047
31	-1.48821e-05
31.5	9.67366e-05
32	-4.81727e-05
32.5	0.000313042
33	0.000399052
33.5	-0.000422222
34	-0.000358031
34.5	-0.0001109
35	-5.03451e-06
35.5	-1.14405e-05
36	-1.31078e-05
36.5	-7.66295e-06
37	3.00313e-07
37.5	-3.47739e-07
38	-4.89883e-06
38.5	-9.04147e-06
39	-1.60849e-05
39.5	-1.96537e-05
40	-1.95346e-05
40.5	-1.85891e-05
41	-1.7094e-05
41.5	-1.59231e-05
42	-1.54451e-05
42.5	-1.49415e-05
43	-1.43985e-05
43.5	-1.35233e-05
44	-1.26814e-05
44.5	-1.22178e-05
45	-1.16259e-05
45.5	-1.10574e-05
46	-1.0472e-05
46.5	-9.85688e-06
47	-9.27147e-06
47.5	-8.61493e-06
48	-8.17261e-06
48.5	-8.23697e-06
49	-6.84412e-06
49.5	-4.56024e-06
50	-1.06975e-06
50.5	3.60748e-07
51	7.73377e-07
51.5	-8.43641e-07
52	-1.84245e-06
52.5	-3.87779e-06
53	-5.3256e-06
53.5	-5.9947e-06
54	-7.61691e-06
54.5	-8.26087e-06
55	-8.63326e-06
55.5	-9.12194e-06
56	-9.77518e-06
56.5	-1.00564e-05
57	-1.01882e-05
57.5	-1.0289e-05
58	-1.04058e-05
58.5	-1.04351e-05
59	-1.01502e-05
59.5	-9.73056e-06
60	-9.32213e-06
60.5	-9.12615e-06
61	-8.91802e-06
61.5	-8.74748e-06
62	-7.23704e-06
62.5	-4.65515e-06
63	-3.91335e-06
63.5	-4.23632e-06
64	-6.45063e-06
64.5	-8.57986e-06
65	-1.12687e-05
65.5	-1.08107e-05
66	-1.00847e-05
66.5	-1.06618e-05
67	-1.14535e-05
67.5	-1.19533e-05
68	-1.26219e-05
68.5	-1.0442e-05
69	-9.44851e-06
69.5	-1.1227e-05
70	-1.15765e-05
70.5	-1.16755e-05
71	-1.19436e-05
71.5	-1.24528e-05
72	-1.3242e-05
72.5	-1.39467e-05
73	-1.45796e-05
73.5	-1.49915e-05
74	-1.52122e-05
74.5	-1.53725e-05
75	-1.52119e-05
75.5	-1.50682e-05
76	-1.48465e-05
76.5	-1.44698e-05
77	-1.40151e-05
77.5	-1.34841e-05
78	-1.25212e-05
78.5	-1.18319e-05
79	-1.27428e-05
79.5	-1.36476e-05
80	-1.41969e-05
80.5	-1.94808e-05
81	-1.69809e-05
81.5	-5.86763e-06
82	-3.17062e-06
82.5	-3.85653e-06
83	-7.87215e-06
83.5	-1.01265e-05
84	-1.14688e-05
84.5	-1.22371e-05
85	-1.25121e-05
85.5	-1.23325e-05
86	-1.19503e-05
86.5	-1.14394e-05
87	-1.11543e-05
87.5	-1.11575e-05
88	-1.11628e-05
88.5	-1.1039e-05
89	-1.0527e-05
89.5	-9.96962e-06
90	-9.66087e-06
90.5	-9.32029e-06
91	-8.85376e-06
91.5	-8.35345e-06
92	-8.07533e-06
92.5	-8.07078e-06
93	-8.17433e-06
93.5	-8.1204e-06
94	-8.17341e-06
94.5	-4.26075e-06
95	2.3876e-06
95.5	2.9931e-06
96	-1.3768e-06
96.5	-4.35152e-07
97	-1.24416e-06
97.5	-1.40521e-05
98	-1.2002e-05
98.5	-1.50204e-05
99	-1.64549e-05
99.5	-1.20244e-05
100	-9.41469e-06
100.5	-8.27824e-06
101	-8.20712e-06
101.5	-8.87766e-06
102	-9.77602e-06
102.5	-9.86858e-06
103	-9.65437e-06
103.5	-1.01575e-05
104	-1.10816e-05
104.5	-2.39739e-05
105	-2.13899e-05
105.5	-1.88551e-05
106	-1.80787e-05
106.5	-1.77146e-05
107	-1.72992e-05
107.5	-1.54671e-05
108	-1.51619e-05
108.5	-1.30717e-05
109	-1.24908e-05
109.5	-2.00332e-05
110	-1.82941e-05
110.5	-1.69498e-05
111	-1.23538e-05
111.5	-1.18852e-05
112	-2.22988e-05
112.5	-4.80759e-05
113	-0.000106963
113.5	5.6792e-06
114	0.000198001
114.5	0.000291269
115	-0.000272472
115.5	-0.000139882
116	-5.83388e-05
116.5	-7.54731e-05
117	-4.91886e-05
117.5	-8.53352e-05
118	-5.07475e-05
118.5	3.11499e-05
119	5.05925e-05
119.5	0.00046209
120	-0.000176619
120.5	-0.000352759
121	-0.000151798
121.5	-8.41846e-05
122	-6.59393e-05
122.5	-2.38689e-05
123	3.25863e-05
123.5	-4.56285e-06
124	-2.15688e-05
124.5	-2.25474e-05
125	-3.10847e-05
125.5	-1.71851e-05
126	-4.15712e-06
126.5	-1.19679e-06
127	-1.31769e-06
127.5	-7.87226e-06
128	-1.41104e-05
128.5	-1.46131e-05
129	-1.4852e-05
129.5	-1.33158e-05
130	-1.13874e-05
130.5	-1.0853e-05
131	-1.05878e-05
131.5	-1.03753e-05
132	-1.04471e-05
132.5	-1.05559e-05
133	-1.049e-05
133.5	-1.04984e-05
134	-1.09389e-05
134.5	-1.14813e-05
135	-1.20315e-05
135.5	-1.12801e-05
136	-1.21472e-05
136.5	-1.15966e-05
137	-1.06541e-05
137.5	-4.27319e-06
138	-2.8778e-06
138.5	-1.2358e-06
139	-2.1917e-06
139.5	-3.91249e-06
140	-1.85114e-06
140.5	-3.00728e-06
141	-4.7866e-06
141.5	-5.9481e-06
142	-6.60313e-06
142.5	-7.18621e-06
143	-7.93923e-06
143.5	-8.52051e-06
144	-8.77438e-06
144.5	-8.90858e-06
145	-9.29666e-06
145.5	-9.70603e-06
146	-1.00619e-05
146.5	-1.03748e-05
147	-1.04121e-05
147.5	-1.04098e-05
148	-1.04126e-05
148.5	-1.05754e-05
149	-1.08028e-05
149.5	-1.08119e-05
150	-1.06085e-05
150.5	-9.65645e-06
151	-8.72337e-06
151.5	-9.00518e-06
152	-7.09022e-06
152.5	-1.821e-06
153	2.0685e-07
153.5	7.5873e-06
154	4.6201e-06
154.5	4.45898e-07
155	-1.16146e-06
155.5	-2.10346e-06
156	-2.67098e-06
156.5	-4.45912e-06
157	-5.64495e-06
157.5	-6.1088e-06
158	-6.31297e-06
158.5	-6.48744e-06
159	-6.3676e-06
159.5	-5.92049e-06
160	-5.37109e-06
160.5	-5.02039e-06
161	-4.91068e-06
161.5	-4.96122e-06
162	-5.15907e-06
162.5	-5.3953e-06
163	-5.91039e-06
163.5	-6.58934e-06
164	-7.09465e-06
164.5	-7.64179e-06
165	-8.15386e-06
165.5	-8.47678e-06
166	-8.7582e-06
166.5	-6.47513e-06
167	-5.88308e-06
167.5	-4.08756e-06
168	-1.28282e-06
168.5	9.74144e-06
169	5.06102e-06
169.5	1.11094e-06
170	-3.53942e-06
170.5	-7.69232e-06
171	-1.78942e-05
171.5	-1.86817e-05
172	-1.48665e-05
172.5	-1.26505e-05
173	-1.14379e-05
173.5	-1.06299e-05
174	-1.01916e-05
174.5	-9.71579e-06
175	-9.45661e-06
175.5	-9.40693e-06
176	-9.36345e-06
176.5	-9.16945e-06
177	-8.75102e-06
177.5	-8.66975e-06
178	-8.86532e-06
178.5	-9.3791e-06
179	-9.9502e-06
179.5	-1.04583e-05
180	-8.98889e-06
180.5	-8.30665e-06
181	-9.14963e-06
181.5	-9.82159e-06
182	-9.87318e-06
182.5	-9.92586e-06
183	-6.13878e-06
183.5	-8.65073e-06
184	-1.10892e-05
184.5	-1.20896e-05
185	-1.11849e-05
185.5	-1.19791e-05
186	-1.26181e-05
186.5	-1.29629e-05
187	-1.28725e-05
187.5	-1.24954e-05
188	-1.20719e-05
188.5	-1.17118e-05
189	-1.17414e-05
189.5	-1.1735e-05
190	-1.16814e-05
190.5	-1.15641e-05
191	-1.17047e-05
191.5	-1.33129e-05
192	-1.12169e-05
192.5	-1.18165e-05
193	-1.22682e-05
193.5	-1.24931e-05
194	-1.26491e-05
194.5	-1.28504e-05
195	-1.29311e-05
195.5	-1.01724e-05
196	-7.12626e-06
196.5	-7.58521e-06
197	-5.83458e-06
197.5	-2.95619e-06
198	-6.26613e-06
198.5	-1.05892e-05
199	-1.30674e-05
199.5	-1.27364e-05
200	-1.31331e-05
200.5	-1.11712e-05
201	-1.00759e-05
201.5	-9.46034e-06
202	-9.24564e-06
202.5	-9.44674e-06
203	-1.03871e-05
203.5	-1.11647e-05
204	-1.14065e-05
204.5	-1.13984e-05
205	-1.13477e-05
205.5	-1.12482e-05
206	-1.11335e-05
206.5	-1.08972e-05
207	-1.09518e-05
207.5	-1.10488e-05
208	-1.10895e-05
208.5	-1.09548e-05
209	-1.07512e-05
209.5	-1.0546e-05
210	-1.02519e-05
210.5	-9.68094e-06
211	-6.0665e-06
211.5	-4.36227e-06
212	1.40482e-06
212.5	-5.63091e-08
213	-2.28851e-06
213.5	-1.44828e-05
214	-1.31404e-05
214.5	-1.25192e-05
215	-1.195e-05
215.5	-1.26532e-05
216	-1.36468e-05
216.5	-1.39233e-05
217	-1.1266e-05
217.5	-1.01346e-05
218	-1.07354e-05
218.5	-2.27581e-05
219	-1.18709e-05
219.5	-2.99568e-05
220	-2.46742e-05
220.5	-1.88638e-05
221	-1.30573e-05
221.5	-1.09921e-05
222	-1.0854e-05
222.5	-1.12266e-05
223	-1.89472e-05
223.5	-2.58141e-05
224	-3.1201e-05
224.5	-3.45562e-05
225	-4.29999e-05
225.5	-0.000121993
226	-2.10777e-05
226.5	0.000470518
227	-5.52737e-06
227.5	-0.000174813
228	-7.18167e-05
228.5	-7.49174e-05
229	-8.49293e-05
229.5	-8.96312e-05
230	-0.000130103
230.5	1.03355e-05
231	9.46002e-05
231.5	0.000581896
232	-5.32694e-05
232.5	-0.000369031
233	-0.000124028
233.5	-6.47325e-05
234	-6.67275e-05
234.5	-5.92956e-05
235	1.23758e-05
235.5	2.71465e-05
236	2.30289e-05
236.5	4.31343e-06
237	1.69699e-05
237.5	-1.36159e-06
238	-8.22599e-06
238.5	-2.11351e-05
239	-1.64212e-05
239.5	-1.22164e-05
240	-1.26188e-05
240.5	-1.09973e-05
241	-8.75316e-06
241.5	-7.28302e-06
242	-6.66821e-06
242.5	-6.57919e-06
243	-6.42218e-06
243.5	-6.58839e-06
244	-7.09034e-06
244.5	-7.88923e-06
245	-8.68366e-06
245.5	-9.54997e-06
246	-1.01874e-05
246.5	-1.07672e-05
247	-1.16242e-05
247.5	-1.25962e-05
248	-1.34383e-05
248.5	-1.19898e-05
249	-1.03989e-05
249.5	-8.25832e-06
250	-1.77868e-06
250.5	3.92808e-07
251	-3.37256e-06
251.5	-4.30599e-06
252	-5.88067e-06
252.5	-6.3438e-06
253	-7.2665e-06
253.5	-8.58656e-06
254	-9.53053e-06
254.5	-9.91573e-06
255	-1.00578e-05
255.5	-1.0242e-05
256	-1.03801e-05
256.5	-1.03478e-05
257	-1.01841e-05
257.5	-1.01592e-05
258	-1.06017e-05
258.5	-1.08241e-05
259	-1.09523e-05
259.5	-1.09221e-05
260	-1.07336e-05
260.5	-1.04092e-05
261	-1.00707e-05
261.5	-9.74145e-06
262	-9.60616e-06
262.5	-9.30833e-06
263	-8.4616e-06
263.5	-7.06492e-06
264	-6.31858e-06
264.5	-9.16011e-06
265	-8.13694e-06
265.5	-7.65225e-06
266	-6.06992e-06
266.5	-6.35862e-06
267	-9.80229e-06
267.5	-8.40148e-06
268	-8.9501e-06
268.5	-1.09242e-05
269	-1.12619e-05
269.5	-1.14642e-05
270	-1.15967e-05
270.5	-1.16008e-05
271	-1.16378e-05
271.5	-1.15616e-05
272	-1.15547e-05
272.5	-1.16293e-05
273	-1.1513e-05
273.5	-1.12215e-05
274	-1.07185e-05
274.5	-1.02122e-05
275	-9.70722e-06
275.5	-9.12779e-06
276	-8.51961e-06
276.5	-7.98609e-06
277	-7.44107e-06
277.5	-6.83467e-06
278	-6.37299e-06
278.5	-7.33197e-06
279	-5.23471e-06
279.5	-2.86895e-06
280	-3.35334e-06
280.5	-5.52798e-06
281	-9.50583e-07
281.5	2.60751e-06
282	-5.6748e-06
282.5	-8.54853e-06
283	-7.51871e-06
283.5	-5.94691e-06
284	-6.60763e-06
284.5	-7.45384e-06
285	-7.9235e-06
285.5	-8.24944e-06
286	-8.64772e-06
286.5	-8.93317e-06
287	-9.00231e-06
287.5	-9.02267e-06
288	-8.99604e-06
288.5	-8.89536e-06
289	-8.53509e-06
289.5	-8.1215e-06
290	-7.86604e-06
290.5	-7.57626e-06
291	-7.40991e-06
291.5	-7.35114e-06
292	-7.46478e-06
292.5	-8.24869e-06
293	-7.18095e-06
293.5	-4.58091e-06
294	-3.19376e-06
294.5	-4.36316e-06
295	-6.97395e-06
295.5	-9.01518e-06
296	-9.85006e-06
296.5	-7.67377e-06
297	-5.93155e-06
297.5	-8.64593e-06
298	-1.08848e-05
298.5	-1.14654e-05
299	-1.18191e-05
299.5	-1.21666e-05
300	-1.23358e-05
300.5	-1.22928e-05
301	-1.20634e-05
301.5	-1.18192e-05
302	-1.16501e-05
302.5	-1.15143e-05
303	-1.11847e-05
303.5	-1.1107e-05
304	-1.08921e-05
304.5	-1.08083e-05
305	-1.08666e-05
305.5	-1.11262e-05
306	-1.13286e-05
306.5	-1.12962e-05
307	-9.32249e-06
307.5	-8.82666e-06
308	-5.45475e-06
308.5	1.82912e-06
309	1.05637e-06
309.5	1.11843e-06
310	-9.89116e-07
310.5	-2.84274e-06
311	-5.9092e-06
311.5	-5.92331e-06
312	-6.40518e-06
312.5	-6.96784e-06
313	-7.33234e-06
313.5	-7.60641e-06
314	-7.9858e-06
314.5	-8.29359e-06
315	-8.84934e-06
315.5	-9.43428e-06
316	-9.87778e-06
316.5	-1.00989e-05
317	-1.01013e-05
317.5	-9.9873e-06
318	-9.93262e-06
318.5	-1.01155e-05
319	-1.00766e-05
319.5	-9.81293e-06
320	-9.45554e-06
320.5	-9.22135e-06
321	-9.40087e-06
321.5	-9.64691e-06
322	-8.83886e-06
322.5	-8.99757e-06
323	-7.90421e-06
323.5	-1.07864e-05
324	-4.69906e-06
324.5	-1.80361e-06
325	-6.15274e-06
325.5	-7.97897e-06
326	-9.56814e-06
326.5	-1.05245e-05
327	-9.49109e-06
327.5	-9.08541e-06
328	-8.92826e-06
328.5	-8.88206e-06
329	-9.13589e-06
329.5	-2.17683e-05
330	-1.85277e-05
330.5	-1.38215e-05
331	-1.15024e-05
331.5	-1.04851e-05
332	-1.00865e-05
332.5	-9.96554e-06
333	-1.00863e-05
333.5	-1.0305e-05
334	-1.03709e-05
334.5	-1.0127e-05
335	-9.94605e-06
335.5	-8.13123e-06
336	-8.9044e-07
336.5	9.90171e-07
337	-7.47364e-06
337.5	-1.92646e-05
338	-1.33228e-05
338.5	-8.74919e-06
339	-7.67856e-06
339.5	-1.83008e-05
340	-1.76037e-05
340.5	-1.29596e-05
341	-1.12641e-05
341.5	-1.03459e-05
342	-1.64564e-05
342.5	-1.10339e-05
343	-9.25693e-06
343.5	-9.65767e-06
344	-1.02208e-05
344.5	-1.04847e-05
345	-1.04462e-05
345.5	-1.73399e-05
346	-1.2097e-05
346.5	-1.09443e-05
347	-1.0729e-05
347.5	-1.11163e-05
348	-1.16329e-05
348.5	-1.20641e-05
349	-9.68205e-06
349.5	-8.70973e-06
350	-7.06028e-06
350.5	-2.2837e-05
351	-3.3457e-05
351.5	-3.67651e-05
352	-3.56846e-05
352.5	-0.000105843
353	4.37368e-05
353.5	2.45486e-05
354	0.000563367
354.5	3.35349e-05
355	-0.000195495
355.5	-6.40608e-05
356	-3.32054e-05
356.5	-4.34176e-05
357	-4.66061e-05
357.5	-4.90214e-05
358	-4.71434e-05
358.5	-4.7791e-05
359	-0.000128055
359.5	-4.85468e-05
360	8.18355e-05
360.5	0.000237984
361	-0.000305859
361.5	-0.000241461
362	-0.000118771
362.5	-5.93947e-05
363	-6.88525e-05
363.5	-4.72653e-05
364	1.26297e-05
364.5	4.96854e-05
365	1.77758e-05
365.5	-3.24964e-05
366	-4.96012e-05
366.5	-3.55532e-05
367	-4.7684e-05
367.5	-3.89636e-05
368	-1.46716e-05
368.5	-1.41208e-05
369	1.01031e-06
369.5	-2.06871e-05
370	-7.74874e-07
370.5	-2.59745e-06
371	-7.3081e-06
371.5	-6.64385e-06
372	-9.97897e-06
372.5	-1.17399e-05
373	-1.15426e-05
373.5	-1.10735e-05
374	-1.08298e-05
374.5	-1.094e-05
375	-1.10116e-05
375.5	-1.08385e-05
376	-1.06685e-05
376.5	-1.08216e-05
377	-1.09776e-05
377.5	-1.00354e-05
378	-1.00411e-05
378.5	-1.0797e-05
379	-6.17577e-06
379.5	-5.84512e-06
380	-7.03486e-06
380.5	-7.86266e-06
381	-8.23708e-06
381.5	-4.49252e-06
382	-4.79187e-06
382.5	-6.78389e-06
383	-6.96547e-06
383.5	-8.11374e-06
384	-9.1188e-06
384.5	-9.5098e-06
385	-9.64834e-06
385.5	-8.5506e-06
386	-8.89027e-06
386.5	-9.39675e-06
387	-9.84941e-06
387.5	-1.04177e-05
388	-1.12375e-05
388.5	-1.17981e-05
389	-1.23918e-05
389.5	-1.29939e-05
390	-1.35752e-05
390.5	-1.41663e-05
391	-1.457e-05
391.5	-1.46227e-05
392	-1.36763e-05
392.5	-1.26647e-05
393	-8.23863e-06
393.5	-8.703e-06
394	-9.40839e-06
394.5	-9.88751e-06
395	-9.82382e-06
395.5	-9.51062e-06
396	-9.35021e-06
396.5	-1.05079e-05
397	-8.73591e-06
397.5	-7.13568e-06
398	-7.6295e-06
398.5	-8.25898e-06
399	-8.9926e-06
399.5	-1.03725e-05
400	-1.19805e-05
400.5	-1.28016e-05
401	-1.32841e-05
401.5	-1.35375e-05
402	-1.36536e-05
402.5	-1.35675e-05
403	-1.33842e-05
403.5	-1.33273e-05
404	-1.33337e-05
404.5	-1.36731e-05
405	-1.45783e-05
405.5	-1.53019e-05
406	-1.56316e-05
406.5	-1.55857e-05
407	-1.73911e-05
407.5	-1.66877e-05
408	-1.58599e-05
408.5	-1.49811e-05
409	-8.18222e-06
409.5	-1.17171e-06
410	-1.24313e-06
410.5	2.4432e-06
411	1.02315e-06
411.5	-3.468e-06
412	-4.62803e-06
412.5	-3.60832e-06
413	-4.65276e-06
413.5	-6.05442e-06
414	-8.90713e-06
414.5	-9.75097e-06
415	-1.14346e-05
415.5	-1.18718e-05
416	-1.17665e-05
416.5	-1.17005e-05
417	-1.20612e-05
417.5	-1.29327e-05
418	-1.38392e-05
418.5	-1.45891e-05
419	-1.50819e-05
419.5	-1.54329e-05
420	-1.54052e-05
420.5	-1.5207e-05
421	-1.47405e-05
421.5	-1.42668e-05
422	-1.31477e-05
422.5	-7.75941e-06
423	-6.44194e-06
423.5	-6.82856e-06
424	-8.58905e-06
424.5	-6.881e-06
425	-6.90195e-06
425.5	-6.66752e-06
426	-6.46824e-06
426.5	-4.48709e-06
427	-5.92423e-06
427.5	-7.1157e-06
428	-7.84562e-06
428.5	-7.91384e-06
429	-8.00256e-06
429.5	-7.80544e-06
430	-8.08076e-06
430.5	-8.60357e-06
431	-8.98353e-06
431.5	-9.2768e-06
432	-9.82483e-06
432.5	-1.04206e-05
433	-1.07713e-05
433.5	-1.1021e-05
434	-1.11171e-05
434.5	-1.12362e-05
435	-9.95232e-06
435.5	-7.79695e-06
436	-7.96177e-06
436.5	-8.37751e-06
437	-8.68784e-06
437.5	-8.76766e-06
438	-7.06381e-06
438.5	9.48943e-07
439	3.04817e-06
439.5	-1.65086e-06
440	-5.41176e-06
440.5	-1.05946e-05
441	-1.04411e-05
441.5	-1.18291e-05
442	-1.36071e-05
442.5	-2.31777e-05
443	-1.69401e-05
443.5	-1.43377e-05
444	-1.55501e-05
444.5	-1.04493e-05
445	-9.63249e-06
445.5	-1.09539e-05
446	-1.19089e-05
446.5	-1.24568e-05
447	-1.26598e-05
447.5	-1.26203e-05
448	-1.24567e-05
448.5	-1.25409e-05
449	-1.25864e-05
449.5	-1.24801e-05
450	-1.22989e-05
450.5	-1.18183e-05
451	-1.12376e-05
451.5	-9.39868e-06
452	-5.73314e-06
452.5	-1.94433e-06
453	-1.26379e-06
453.5	-2.90331e-06
454	-6.34505e-06
454.5	-1.10061e-05
455	-1.34238e-05
455.5	-1.39922e-05
456	-1.44983e-05
456.5	-1.25299e-05
457	-1.21189e-05
457.5	-1.19058e-05
458	-1.17009e-05
458.5	-1.15594e-05
459	-1.1447e-05
459.5	-1.12606e-05
460	-1.11266e-05
460.5	-1.12371e-05
461	-1.14195e-05
461.5	-1.14729e-05
462	-8.87569e-06
462.5	-8.44741e-06
463	-1.02777e-05
463.5	-1.15369e-05
464	-1.22388e-05
464.5	-1.25227e-05
465	-1.25024e-05
465.5	-1.23178e-05
466	-1.1919e-05
466.5	-1.01387e-05
467	-8.85666e-06
467.5	-7.43365e-06
468	-5.51748e-06
468.5	-2.08529e-06
469	-7.47326e-06
469.5	-9.08997e-06
470	-9.08186e-06
470.5	-1.16985e-05
471	-1.10287e-05
471.5	-1.04435e-05
472	-1.04164e-05
472.5	-1.07143e-05
473	-1.08479e-05
473.5	-1.07359e-05
474	-1.05292e-05
474.5	-1.02891e-05
475	-1.01862e-05
475.5	-1.07548e-05
476	-1.16012e-05
476.5	-8.76796e-06
477	-1.53388e-05
477.5	-2.08474e-05
478	-2.62327e-05
478.5	-3.41239e-05
479	-3.55873e-05
479.5	-2.45352e-05
480	-2.16495e-05
480.5	-1.67404e-05
481	-9.97874e-06
481.5	-6.09794e-06
482	-7.63684e-06
482.5	-1.09367e-05
483	-1.36761e-05
483.5	-7.38053e-06
484	-7.89045e-06
484.5	-1.63116e-05
485	-2.16331e-05
485.5	-1.70952e-05
486	-3.51377e-05
486.5	-7.00077e-05
487	-3.11909e-05
487.5	6.8365e-05
488	0.00046613
488.5	1.92204e-05
489	-0.000238726
489.5	-0.000135662
490	-0.000111111
490.5	-0.000113118
491	-9.58135e-05
491.5	-4.41175e-05
492	2.06012e-05
492.5	7.95743e-05
493	0.000411856
493.5	-0.000258915
494	-0.000332446
494.5	-0.000101057
495	-6.71248e-05
495.5	-6.93388e-05
496	-6.24978e-05
496.5	-2.74797e-05
497	2.24191e-06
497.5	-6.48032e-06
498	-1.09209e-05
498.5	-2.76126e-06
499	-5.80424e-06
499.5	-1.81807e-05
500	-2.65022e-05
500.5	-1.42159e-05
501	-1.36795e-05
501.5	-4.47451e-06
502	-5.83864e-06
502.5	-3.47631e-06
503	-2.86238e-06
503.5	-3.62544e-06
504	-3.27123e-06
504.5	-3.33363e-06
505	-3.60487e-06
505.5	-3.96277e-06
506	-4.31965e-06
506.5	-4.84776e-06
507	-5.57409e-06
507.5	-6.16285e-06
508	-4.95209e-06
508.5	-2.6534e-06
509	-2.57129e-06
509.5	-2.38256e-07
510	-1.4982e-06
510.5	-3.29759e-06
511	-2.91971e-06
511.5	-2.40525e-06
512	-1.49532e-06
512.5	-1.43853e-06
513	-2.35764e-06
513.5	-4.18851e-06
514	-5.67894e-06
514.5	-6.77894e-06
515	-7.41453e-06
515.5	-7.97497e-06
516	-8.46652e-06
516.5	-8.85031e-06
517	-8.71481e-06
517.5	-7.95573e-06
518	-8.24523e-06
518.5	-8.75306e-06
519	-9.20398e-06
519.5	-9.41015e-06
520	-9.44206e-06
520.5	-1.06588e-05
521	-1.02198e-05
521.5	-9.50437e-06
522	-9.05945e-06
522.5	-7.74105e-06
523	-7.20236e-06
523.5	-8.01996e-06
524	-7.84329e-06
524.5	-5.402e-06
525	-3.22769e-06
525.5	-4.95113e-06
526	-5.46942e-06
526.5	-6.96673e-06
527	-6.67504e-06
527.5	-7.76697e-06
528	-8.28786e-06
528.5	-7.78761e-06
529	-8.47017e-06
529.5	-9.12299e-06
530	-9.64738e-06
530.5	-1.02555e-05
531	-1.08153e-05
531.5	-1.82745e-05
532	-1.61086e-05
532.5	-1.37686e-05
533	-1.32249e-05
533.5	-1.33242e-05
534	-1.35041e-05
534.5	-1.34674e-05
535	-1.33617e-05
535.5	-1.31252e-05
536	-1.27343e-05
536.5	-1.36997e-05
537	-1.3303e-05
537.5	-1.19631e-05
538	-1.10424e-05
538.5	-1.14012e-05
539	-1.08771e-05
539.5	-9.79557e-06
540	-1.04835e-05
540.5	-6.64823e-06
541	-2.06106e-06
541.5	-4.61782e-06
542	-6.49348e-06
542.5	-7.42253e-06
543	-7.45648e-06
543.5	-7.01086e-06
544	-6.25326e-06
544.5	-5.53362e-06
545	-4.97008e-06
545.5	-4.37278e-06
546	-3.71129e-06
546.5	-2.95618e-06
547	-2.30884e-06
547.5	-2.06663e-06
548	-2.09867e-06
548.5	-2.37555e-06
549	-2.78894e-06
549.5	-3.39002e-06
550	-4.22846e-06
550.5	-4.90869e-06
551	-3.46321e-06
551.5	4.46856e-06
552	2.9246e-06
552.5	3.10187e-06
553	-9.23631e-07
553.5	-1.19964e-06
554	5.39097e-07
554.5	-5.86127e-07
555	-1.91657e-06
555.5	-4.07168e-06
556	-5.26129e-06
556.5	-5.9094e-06
557	-5.87224e-06
557.5	-4.81091e-06
558	-4.01726e-06
558.5	-3.69473e-06
559	-3.98385e-06
559.5	-4.19843e-06
560	-4.31842e-06
560.5	-4.26396e-06
561	-3.17536e-06
561.5	-3.04718e-06
562	-3.90188e-06
562.5	-4.64935e-06
563	-5.31922e-06
563.5	-5.82263e-06
564	-6.16828e-06
564.5	-6.60935e-06
565	-6.97875e-06
565.5	-7.4593e-06
566	-7.84864e-06
566.5	-5.36399e-06
567	-4.51231e-06
567.5	-1.15146e-06
568	-2.85834e-07
568.5	-2.39484e-07
569	-3.99546e-07
569.5	-1.77302e-06
570	-5.24167e-06
570.5	-7.72858e-06
571	-8.90578e-06
571.5	-9.38491e-06
572	-1.00786e-05
572.5	-1.09596e-05
573	-1.15606e-05
573.5	-1.19733e-05
574	-1.21175e-05
574.5	-1.21859e-05
575	-1.21456e-05
575.5	-1.19495e-05
576	-1.17546e-05
576.5	-1.15043e-05
577	-1.03644e-05
577.5	-8.67587e-06
578	-8.39845e-06
578.5	-8.05657e-06
579	-7.71689e-06
579.5	-5.79638e-06
580	-3.20527e-06
580.5	-3.53601e-06
581	-2.34555e-06
581.5	-8.85546e-07
582	9.41248e-07
582.5	-5.68215e-07
583	-3.00411e-06
583.5	-1.1843e-05
584	-1.42323e-05
584.5	-1.21002e-05
585	-1.24472e-05
585.5	-1.24789e-05
586	-1.29227e-05
586.5	-1.34957e-05
587	-1.40482e-05
587.5	-1.48859e-05
588	-1.55957e-05
588.5	-1.57539e-05
589	-1.54844e-05
589.5	-1.50025e-05
590	-1.44038e-05
590.5	-1.37385e-05
591	-1.29388e-05
591.5	-1.22491e-05
592	-1.21388e-05
592.5	-1.21605e-05
593	-1.22692e-05
593.5	-1.19491e-05
594	-5.46514e-06
594.5	1.00196e-06
595	-1.74972e-06
595.5	-1.27539e-05
596	-1.08989e-05
596.5	-1.26302e-05
597	-1.33602e-05
597.5	-1.43168e-05
598	-1.45265e-05
598.5	-2.30135e-05
599	-3.00624e-05
599.5	-2.32303e-05
600	-1.81598e-05
600.5	-1.50622e-05
601	-1.33377e-05
601.5	-1.86771e-05
602	-1.72794e-05
602.5	-2.34233e-05
603	-1.28886e-05
603.5	-2.02702e-05
604	-2.75662e-05
604.5	-5.22357e-05
605	-0.000161401
605.5	8.56526e-05
606	0.000313913
606.5	-0.000138943
607	-0.0001544
607.5	-6.46749e-05
608	-6.94085e-05
608.5	-8.38042e-05
609	-0.000123466
609.5	5.25041e-05
610	7.03085e-05
610.5	0.0004334
611	-0.000221557
611.5	-0.000351942
612	-0.000134994
612.5	-8.18944e-05
613	-4.01513e-05
613.5	-3.96545e-05
614	-4.37988e-05
614.5	-3.94682e-06
615	5.44107e-06
615.5	-1.10815e-06
616	-5.75831e-06
616.5	-3.56254e-05
617	-9.4133e-06
617.5	6.18161e-06
618	1.06041e-05
618.5	-1.28345e-05
619	-9.76135e-06
619.5	-2.3656e-06
620	-1.26023e-05
620.5	-4.7762e-06
621	-7.29428e-06
621.5	-5.30642e-06
622	-2.86599e-06
622.5	-2.75879e-06
623	-2.54088e-06
623.5	-4.70562e-06
624	-7.79888e-06
624.5	-9.54854e-06
625	-7.45268e-06
625.5	-5.96758e-06
626	-5.55705e-06
626.5	-5.26741e-06
627	-4.4537e-06
627.5	-5.15876e-06
628	-5.93567e-06
628.5	-6.75715e-06
629	-7.85939e-06
629.5	-6.02642e-06
630	-5.73481e-06
630.5	-6.07814e-06
631	-5.83054e-06
631.5	-5.55064e-06
632	-7.58938e-06
632.5	-9.34413e-06
633	-1.04801e-05
633.5	-1.02317e-05
634	-1.02325e-05
634.5	-1.10612e-05
635	-1.08023e-05
635.5	-1.15369e-05
636	-1.23036e-05
636.5	-1.26418e-05
637	-1.26063e-05
637.5	-1.22653e-05
638	-1.15145e-05
638.5	-1.03251e-05
639	-1.07918e-05
639.5	-1.11212e-05
640	-1.10997e-05
640.5	-1.24844e-05
641	-1.23143e-05
641.5	-1.1522e-05
642	-1.14145e-05
642.5	-9.03459e-06
643	-8.98865e-06
643.5	-9.33553e-06
644	-9.83669e-06
644.5	-1.06465e-05
645	-1.07035e-05
645.5	-1.20525e-05
646	-1.15291e-05
646.5	-1.06765e-05
647	-1.00185e-05
647.5	-9.62404e-06
648	-6.78362e-06
648.5	-2.62198e-06
649	-2.48816e-06
649.5	-3.13311e-06
650	-2.03441e-06
650.5	-2.69426e-06
651	-3.68819e-06
651.5	-4.84729e-06
652	-5.58888e-06
652.5	-4.75196e-06
653	-5.7273e-06
653.5	-4.73793e-06
654	-5.41296e-06
654.5	-5.08382e-06
655	-7.00822e-06
655.5	-8.36746e-06
656	-9.24443e-06
656.5	-9.77561e-06
657	-1.00706e-05
657.5	-9.24027e-06
658	-8.78894e-06
658.5	-9.37001e-06
659	-9.80285e-06
659.5	-9.89764e-06
660	-9.99861e-06
660.5	-1.01639e-05
661	-1.08106e-05
661.5	-1.13863e-05
662	-1.17191e-05
662.5	-1.98984e-05
663	-1.65975e-05
663.5	-1.36724e-05
664	-1.19047e-05
664.5	-9.77438e-06
665	-9.77656e-06
665.5	-9.13281e-06
666	-4.53705e-06
666.5	-4.95193e-06
667	-4.15545e-06
667.5	-4.04228e-06
668	-3.35928e-06
668.5	-5.87077e-06
669	-7.72858e-06
669.5	-6.95758e-06
670	-7.27717e-06
670.5	-7.6585e-06
671	-7.83203e-06
671.5	-7.64285e-06
672	-7.20594e-06
672.5	-6.54916e-06
673	-5.99298e-06
673.5	-5.58536e-06
674	-5.09603e-06
674.5	-4.80384e-06
675	-5.04267e-06
675.5	-5.41683e-06
676	-6.01564e-06
676.5	-6.53603e-06
677	-6.86001e-06
677.5	-7.14288e-06
678	-7.50215e-06
678.5	-7.87358e-06
679	-6.87341e-06
679.5	-5.18501e-06
680	-2.26566e-06
680.5	-1.38686e-06
681	1.74749e-07
681.5	-2.61371e-07
682	-3.89194e-06
682.5	-5.85136e-06
683	-8.27558e-06
683.5	-1.75797e-05
684	-1.7391e-05
684.5	-1.41822e-05
685	-1.28568e-05
685.5	-1.23653e-05
686	-1.21946e-05
686.5	-1.22455e-05
687	-1.21361e-05
687.5	-1.20622e-05
688	-1.18807e-05
688.5	-1.1745e-05
689	-1.15739e-05
689.5	-1.13201e-05
690	-1.10173e-05
690.5	-1.06577e-05
691	-1.02582e-05
691.5	-9.73636e-06
692	-9.46686e-06
692.5	-9.35384e-06
693	-9.47424e-06
693.5	-7.96869e-06
694	-7.13722e-06
694.5	-6.75147e-06
695	-2.6838e-06
695.5	-8.23232e-06
696	-4.92343e-06
696.5	-1.39621e-05
697	-1.3981e-05
697.5	-1.76102e-05
698	-1.44087e-05
698.5	-1.21475e-05
699	-1.0845e-05
699.5	-1.03413e-05
700	-1.04606e-05
700.5	-1.0911e-05
701	-1.13045e-05
701.5	-1.15918e-05
702	-1.18383e-05
702.5	-1.18712e-05
703	-1.22541e-05
703.5	-1.27135e-05
704	-1.29364e-05
704.5	-1.29508e-05
705	-1.26616e-05
705.5	-1.21004e-05
706	-1.15075e-05
706.5	-1.10657e-05
707	-1.79223e-05
707.5	-1.60102e-05
708	-1.19247e-05
708.5	-2.5987e-05
709	-1.96743e-05
709.5	-1.06777e-05
710	-7.3027e-06
710.5	-7.09164e-06
711	-5.91805e-06
711.5	-3.04457e-06
712	-1.64978e-05
712.5	-9.92306e-06
713	-1.61382e-05
713.5	-2.18359e-05
714	-1.69634e-05
714.5	-2.35347e-05
715	-1.61866e-05
715.5	-1.21096e-05
716	-1.09537e-05
716.5	-1.21016e-05
717	-2.33932e-05
717.5	-3.60072e-05
718	-9.20859e-05
718.5	6.69403e-06
719	0.000136197
719.5	9.44059e-06
720	-0.000285163
720.5	-0.00013298
721	-0.000128119
721.5	-0.000103022
722	-6.91211e-05
722.5	7.45396e-06
723	0.000103416
723.5	-5.66111e-05
724	0.00037476
724.5	-0.000253615
725	-0.000341915
725.5	-0.000113582
726	-5.765e-05
726.5	-3.47163e-05
727	-2.73566e-05
727.5	-1.48973e-05
728	-1.41765e-05
728.5	-3.95065e-05
729	-2.74423e-05
729.5	-1.59094e-05
730	-5.98129e-06
730.5	-5.99565e-06
731	-1.48835e-05
731.5	-6.9882e-06
732	-6.00008e-06
732.5	-5.85539e-06
733	-5.19633e-06
733.5	-4.76072e-06
734	-4.73835e-06
734.5	-4.94394e-06
735	-5.07501e-06
735.5	-5.16094e-06
736	-5.14308e-06
736.5	-2.5963e-06
737	-2.15958e-07
737.5	-8.44551e-07
738	-6.79035e-07
738.5	1.52004e-06
739	9.88685e-07
739.5	-1.2054e-06
740	-1.32119e-06
740.5	-2.6111e-06
741	-3.47441e-06
741.5	-4.31197e-06
742	-5.41238e-06
742.5	-6.10235e-06
743	-6.42987e-06
743.5	-6.61147e-06
744	-6.50586e-06
744.5	-6.167e-06
745	-5.82065e-06
745.5	-5.37063e-06
746	-5.07587e-06
746.5	-5.40446e-06
747	-5.78416e-06
747.5	-4.17554e-06
748	-5.89598e-06
748.5	-6.86293e-06
749	-3.92297e-06
749.5	-3.02872e-06
750	-3.22658e-06
750.5	-3.63372e-06
751	-3.68362e-06
751.5	-1.62425e-06
752	-8.46552e-07
752.5	1.00796e-06
753	2.79846e-07
753.5	-6.29173e-07
754	-1.68983e-06
754.5	-5.29264e-06
755	-6.85905e-06
755.5	-6.47988e-06
756	-6.22021e-06
756.5	-6.01358e-06
757	-6.363e-06
757.5	-6.71779e-06
758	-6.7613e-06
758.5	-5.42393e-06
759	-5.96944e-06
759.5	-7.02266e-06
760	-1.06697e-05
760.5	-1.0434e-05
761	-9.57382e-06
761.5	-9.78557e-06
762	-9.839e-06
762.5	-9.67165e-06
763	-9.3534e-06
763.5	-9.00693e-06
764	-7.36122e-06
764.5	-6.92848e-06
765	-7.48453e-06
765.5	-8.05832e-06
766	-8.33662e-06
766.5	-8.33636e-06
767	-8.76785e-06
767.5	-8.00721e-06
768	-7.72882e-06
768.5	-7.4424e-06
769	-6.88581e-06
769.5	-6.42317e-06
770	-6.16061e-06
770.5	-6.04791e-06
771	-5.68739e-06
771.5	-5.45162e-06
772	-3.76089e-06
772.5	-2.67079e-06
773	-1.45225e-06
773.5	-5.47884e-07
774	-1.10373e-06
774.5	4.09341e-06
775	-8.23782e-07
775.5	2.14025e-07
776	9.83561e-07
776.5	-8.60232e-07
777	-3.64464e-06
777.5	-7.6889e-06
778	-6.54158e-06
778.5	-5.82185e-06
779	-6.7967e-06
779.5	-7.75934e-06
780	-8.2869e-06
780.5	-8.60749e-06
781	-8.66913e-06
781.5	-8.91655e-06
782	-8.96972e-06
782.5	-8.77852e-06
783	-8.70426e-06
783.5	-8.78696e-06
784	-8.59741e-06
784.5	-8.28244e-06
785	-7.95689e-06
785.5	-7.80274e-06
786	-7.66127e-06
786.5	-7.46616e-06
787	-7.2422e-06
787.5	-7.2594e-06
788	-7.3656e-06
788.5	-7.06493e-06
789	-4.3994e-06
789.5	-2.89761e-06
790	-3.02289e-06
790.5	-5.26794e-06
791	-4.50522e-06
791.5	-1.89451e-06
792	-3.08931e-06
792.5	-5.80771e-06
793	-8.3957e-06
793.5	-1.10308e-05
794	-1.20735e-05
794.5	-1.21266e-05
795	-1.19652e-05
795.5	-1.16419e-05
796	-1.13982e-05
796.5	-1.12708e-05
797	-1.11806e-05
797.5	-1.10243e-05
798	-1.07753e-05
798.5	-1.06513e-05
799	-1.06768e-05
799.5	-1.06243e-05
800	-1.04245e-05
800.5	-1.01196e-05
801	-9.81953e-06
801.5	-9.56892e-06
802	-9.61891e-06
802.5	-9.86977e-06
803	-7.1044e-06
803.5	-3.51783e-06
804	-2.44895e-06
804.5	-1.09936e-06
805	-1.91552e-06
805.5	3.00236e-07
806	4.59092e-07
806.5	-5.66301e-06
807	-9.22601e-06
807.5	-1.04632e-05
808	-1.06012e-05
808.5	-1.19255e-05
809	-1.17192e-05
809.5	-1.22504e-05
810	-1.26593e-05
810.5	-1.26111e-05
811	-1.23119e-05
811.5	-1.17648e-05
812	-1.13146e-05
812.5	-1.10251e-05
813	-1.0666e-05
813.5	-1.04172e-05
814	-1.05732e-05
814.5	-1.12486e-05
815	-1.19362e-05
815.5	-1.2497e-05
816	-1.27752e-05
816.5	-1.79649e-05
817	-1.4109e-05
817.5	-1.27063e-05
818	-1.19266e-05
818.5	-8.21011e-06
819	-2.77753e-06
819.5	-1.90882e-06
820	-3.52419e-06
820.5	-5.15771e-06
821	-4.58132e-06
821.5	-1.59615e-05
822	-2.257e-05
822.5	-2.4286e-05
823	-1.53519e-05
823.5	-1.78125e-05
824	-1.15896e-05
824.5	-1.02628e-05
825	-1.02941e-05
825.5	-1.05511e-05
826	-1.07848e-05
826.5	-1.09123e-05
827	-1.06241e-05
827.5	-1.01227e-05
828	-9.84875e-06
828.5	-1.03629e-05
829	-8.55715e-06
829.5	-1.82986e-05
830	-1.45652e-05
830.5	-1.44833e-05
831	-1.60746e-05
831.5	-1.79496e-05
832	-1.37682e-05
832.5	-1.24892e-05
833	-1.04212e-05
833.5	-1.26694e-05
834	-1.73981e-05
834.5	-2.08614e-05
835	-3.18593e-05
835.5	-6.93577e-05
836	-0.000110423
836.5	7.07267e-05
837	0.000140481
837.5	0.000270204
838	-0.000240708
838.5	-0.000115902
839	-0.000102724
839.5	-9.3607e-05
840	-8.36833e-05
840.5	-7.41252e-05
841	-6.49669e-05
841.5	6.16531e-05
842	0.000117512
842.5	8.93277e-05
843	-0.000484704
843.5	-0.000236845
844	-0.000101104
844.5	-7.41035e-05
845	-4.75558e-05
845.5	-4.24992e-05
846	-1.52412e-05
846.5	-3.57559e-05
847	-3.26046e-06
847.5	8.25637e-06
848	6.49041e-06
848.5	1.48837e-05
849	-3.04597e-06
849.5	-1.16908e-05
850	-1.14655e-05
850.5	-1.51863e-05
851	-1.77377e-05
851.5	-1.71927e-05
852	-1.49806e-05
852.5	-1.43842e-05
853	-1.28314e-05
853.5	-1.17807e-05
854	-1.09802e-05
854.5	-1.05213e-05
855	-1.04262e-05
855.5	-1.08254e-05
856	-1.14043e-05
856.5	-1.2395e-05
857	-1.04755e-05
857.5	-1.26247e-05
858	-5.82844e-05
858.5	-7.24116e-05
859	2.04331e-05
859.5	0.000101531
860	6.07692e-05
860.5	3.24741e-05
861	1.46045e-05
861.5	5.11568e-06
862	2.50227e-07
862.5	-2.54496e-06
863	-4.50605e-06
863.5	-5.64235e-06
864	-6.50969e-06
864.5	-7.28481e-06
865	-7.82827e-06
865.5	-8.12046e-06
866	-8.17997e-06
866.5	-8.27984e-06
867	-8.28526e-06
867.5	-8.24247e-06
868	-8.37645e-06
868.5	-8.688e-06
869	-1.06625e-05
869.5	-1.09856e-05
870	-1.06898e-05
870.5	-1.05438e-05
871	-1.23295e-05
871.5	-1.04023e-05
872	-7.62201e-06
872.5	-7.91882e-06
873	-6.36205e-06
873.5	-5.28434e-06
874	-1.85897e-06
874.5	-5.59052e-07
875	-4.57388e-07
875.5	-2.45419e-06
876	-4.19259e-06
876.5	-2.6876e-06
877	-3.20426e-06
877.5	-5.91538e-06
878	-6.54043e-06
878.5	-6.67966e-06
879	-6.52075e-06
879.5	-6.38294e-06
880	-6.44094e-06
880.5	-6.8065e-06
881	-7.46572e-06
881.5	-8.03324e-06
882	-8.63643e-06
882.5	-9.10151e-06
883	-9.31186e-06
883.5	-9.35553e-06
884	-9.27818e-06
884.5	-8.93157e-06
885	-8.37086e-06
885.5	-7.84542e-06
886	-7.45568e-06
886.5	-7.01972e-06
887	-4.84641e-06
887.5	-4.89263e-06
888	2.21633e-06
888.5	3.20357e-06
889	6.04643e-07
889.5	-2.71275e-06
890	-3.36628e-06
890.5	-4.38093e-06
891	-5.13302e-06
891.5	-6.19398e-06
892	-7.22929e-06
892.5	-7.85145e-06
893	-8.18663e-06
893.5	-8.36809e-06
894	-8.5826e-06
894.5	-8.75823e-06
895	-8.76166e-06
895.5	-8.71718e-06
896	-8.61589e-06
896.5	-8.23643e-06
897	-7.81111e-06
897.5	-7.71078e-06
898	-7.57017e-06
898.5	-6.47671e-06
899	-3.90452e-06
899.5	-3.72169e-06
900	-4.11592e-06
900.5	-4.59149e-06
901	-3.55503e-06
901.5	1.5364e-07
902	-1.27675e-06
902.5	-3.97528e-06
903	-6.03517e-06
903.5	-7.01797e-06
904	-8.09657e-06
904.5	-9.34234e-06
905	-1.01905e-05
905.5	-1.08651e-05
906	-1.13955e-05
906.5	-1.16209e-05
907	-1.16013e-05
907.5	-1.17713e-05
908	-1.19448e-05
908.5	-1.20936e-05
909	-1.19729e-05
909.5	-1.16579e-05
910	-1.14905e-05
910.5	-1.12894e-05
911	-1.12041e-05
911.5	-1.10444e-05
912	-9.72697e-06
912.5	-1.00168e-05
913	-1.07224e-05
913.5	-9.60787e-06
914	-5.9721e-06
914.5	-5.40718e-06
915	-1.38769e-06
915.5	-6.12309e-07
916	-1.12694e-06
916.5	-3.76266e-06
917	-5.81217e-06
917.5	-5.82018e-06
918	-6.07525e-06
918.5	-7.2292e-06
919	-8.11707e-06
919.5	-8.84047e-06
920	-9.58477e-06
920.5	-1.03678e-05
921	-1.07554e-05
921.5	-1.09539e-05
922	-1.10586e-05
922.5	-1.11606e-05
923	-1.12485e-05
923.5	-1.13165e-05
924	-1.41873e-05
924.5	-1.36855e-05
925	-1.275e-05
925.5	-1.22316e-05
926	-1.20716e-05
926.5	-1.21187e-05
927	-1.05412e-05
927.5	-9.30508e-06
928	-9.53549e-06
928.5	-8.72992e-06
929	-7.24288e-06
929.5	-7.74925e-06
930	-6.93721e-06
930.5	-3.35478e-06
931	-6.13288e-06
931.5	-7.39275e-06
932	-8.40312e-06
932.5	-9.46227e-06
933	-9.03169e-06
933.5	-1.01261e-05
934	-1.1156e-05
934.5	-1.20679e-05
935	-2.11653e-05
935.5	-1.26003e-05
936	-1.15654e-05
936.5	-1.17693e-05
937	-1.19298e-05
937.5	-1.20807e-05
938	-1.24527e-05
938.5	-1.26285e-05
939	-1.25479e-05
939.5	-1.22818e-05
940	-1.20117e-05
940.5	-1.18851e-05
941	-1.12512e-05
941.5	-8.30932e-06
942	-4.20161e-06
942.5	-1.0263e-07
943	-3.73792e-06
943.5	-5.90362e-06
944	-1.48604e-05
944.5	-7.18201e-06
945	-7.7594e-06
945.5	-9.11559e-06
946	-9.28025e-06
946.5	-1.52512e-05
947	-9.59137e-06
947.5	-9.23865e-06
948	-9.99483e-06
948.5	-1.06723e-05
949	-1.11289e-05
949.5	-1.13434e-05
950	-1.13924e-05
950.5	-1.83911e-05
951	-1.31113e-05
951.5	-1.17706e-05
952	-1.38275e-05
952.5	-1.08853e-05
953	-1.1029e-05
953.5	-1.12661e-05
954	-9.87909e-06
954.5	-6.57331e-06
955	-6.02551e-06
955.5	-1.57338e-05
956	-1.33587e-05
956.5	-1.0224e-05
957	-1.24737e-05
957.5	-1.16884e-05
958	-1.05665e-05
958.5	-2.10517e-05
959	-2.33516e-05
959.5	-1.61492e-05
960	-1.25675e-05
960.5	-1.25945e-05
961	-1.28297e-05
961.5	-1.26952e-05
962	-1.22537e-05
962.5	-1.18537e-05
963	-1.15111e-05
963.5	-1.6025e-05
964	-1.30408e-05
964.5	-2.292e-05
965	-1.75844e-05
965.5	-1.77346e-05
966	-2.932e-05
966.5	-1.75678e-05
967	-1.27311e-05
967.5	-1.04771e-05
968	-1.35688e-05
968.5	-1.58184e-05
969	-1.35787e-05
969.5	5.5735e-07
970	-2.73213e-05
970.5	-0.000109569
971	9.18761e-05
971.5	0.000221518
972	0.000130063
972.5	-0.000306787
973	-0.000141602
973.5	-9.47375e-05
974	-6.48599e-05
974.5	-6.43173e-05
975	-0.000131033
975.5	0.000127628
976	2.6958e-05
976.5	0.000234957
977	-0.000442931
977.5	-0.000311745
978	-8.70878e-05
978.5	-4.0555e-05
979	-4.57379e-05
979.5	-3.84079e-05
980	-3.07842e-05
980.5	-2.74203e-05
981	6.24985e-06
981.5	2.79449e-05
982	-1.13161e-05
982.5	-1.16048e-05
983	-1.62119e-05
983.5	-6.29008e-06
984	-3.28121e-06
984.5	-2.63589e-06
985	-3.39123e-06
985.5	-5.92147e-06
986	-1.01746e-05
986.5	-9.86152e-06
987	-8.27906e-06
987.5	-7.22663e-06
988	-6.71214e-06
988.5	-6.71909e-06
989	-6.88531e-06
989.5	-7.11205e-06
990	-7.28867e-06
990.5	-6.17992e-06
991	-4.89807e-06
991.5	-4.92017e-06
992	-3.75527e-06
992.5	-3.40494e-06
993	-2.54407e-06
993.5	-6.61852e-07
994	1.50473e-06
994.5	1.53894e-06
995	-1.868e-07
995.5	-2.80966e-06
996	-3.42983e-06
996.5	-4.29184e-06
997	-2.68623e-06
997.5	-3.23701e-06
998	-4.05717e-06
998.5	-5.06624e-06
999	-6.05389e-06
999.5	-6.67287e-06
1000	-6.97104e-06
