0	0
0.5	3.37549e-25
1	1.65984e-26
1.5	-4.42656e-26
2	3.87297e-26
2.5	1.66042e-25
3	1.43902e-25
3.5	-1.11671e-07
4	-4.27941e-07
4.5	-8.89971e-07
5	-1.35092e-06
5.5	-1.87538e-06
6	-3.05385e-06
6.5	-4.23574e-06
7	-5.05392e-06
7.5	-5.65545e-06
8	-6.08261e-06
8.5	-6.11264e-06
9	-6.15942e-06
9.5	-6.44495e-06
10	-6.56933e-06
10.5	-6.36873e-06
11	-6.34718e-06
11.5	-6.59939e-06
12	-6.94772e-06
12.5	-7.27462e-06
13	-7.53505e-06
13.5	-7.32737e-06
14	-7.22074e-06
14.5	1.55407e-05
15	1.22015e-05
15.5	1.79967e-06
16	-2.65353e-06
16.5	-5.21357e-06
17	-6.74633e-06
17.5	-7.35477e-06
18	-8.81007e-06
18.5	-8.49234e-06
19	-7.20071e-06
19.5	-6.53117e-06
20	-6.36838e-06
20.5	-7.35743e-06
21	-7.97627e-06
21.5	-6.83372e-06
22	-6.06873e-06
22.5	-5.79827e-06
23	-5.93315e-06
23.5	-6.46146e-06
24	-8.12813e-06
24.5	-5.93269e-06
25	-7.3642e-06
25.5	-7.69324e-06
26	-5.16233e-06
26.5	-9.71341e-06
27	-1.43618e-05
27.5	-1.70085e-05
28	-1.99376e-05
28.5	-2.05376e-05
29	-0.000128403
29.5	4.26443e-05
30	0.000526648
30.5	0.000568602
31	0.000513997
31.5	-2.27262e-05
32	-6.9513e-05
32.5	-4.27187e-05
33	-3.90495e-05
33.5	-4.06457e-05
34	-0.000129263
34.5	-5.23112e-05
35	3.70787e-05
35.5	-0.00013623
36	0.000654251
36.5	0.00101004
37	0.000400291
37.5	0.000291878
38	-0.000132342
38.5	-0.000104561
39	-8.1337e-05
39.5	-1.39164e-05
40	-4.79477e-06
40.5	-2.56574e-06
41	-2.19687e-06
41.5	-2.56105e-06
42	-3.29143e-06
42.5	-4.18107e-06
43	-5.15283e-06
43.5	-6.2881e-06
44	-7.13769e-06
44.5	-7.7495e-06
45	-8.12938e-06
45.5	-8.39787e-06
46	-8.50085e-06
46.5	-8.2776e-06
47	-8.06734e-06
47.5	-8.00647e-06
48	-4.76458e-06
48.5	4.18574e-06
49	2.87404e-06
49.5	-6.28663e-07
50	-1.83409e-06
50.5	-2.74443e-06
51	-4.41235e-06
51.5	-4.82174e-06
52	-5.4445e-06
52.5	-5.70418e-06
53	-5.57693e-06
53.5	-5.55858e-06
54	-6.00619e-06
54.5	-6.08371e-06
55	-5.92668e-06
55.5	-5.508e-06
56	-5.17581e-06
56.5	-4.99846e-06
57	-4.98124e-06
57.5	-5.10311e-06
58	-5.1386e-06
58.5	-5.08989e-06
59	-4.91188e-06
59.5	-5.0319e-06
60	-5.35952e-06
60.5	-5.75661e-06
61	-5.95798e-06
61.5	-6.24022e-06
62	-6.98714e-06
62.5	-7.93778e-06
63	-8.6312e-06
63.5	-9.40264e-06
64	-4.2015e-06
64.5	-1.92596e-06
65	-8.62004e-07
65.5	-3.11798e-06
66	-4.41909e-06
66.5	-6.14557e-06
67	-8.11147e-06
67.5	-8.55648e-06
68	-8.24122e-06
68.5	-6.62554e-06
69	-6.10636e-06
69.5	-5.63073e-06
70	-5.5192e-06
70.5	-5.61764e-06
71	-5.64318e-06
71.5	-5.65283e-06
72	-5.52939e-06
72.5	-5.41211e-06
73	-5.40304e-06
73.5	-5.41066e-06
74	-5.5224e-06
74.5	-5.75471e-06
75	-6.15196e-06
75.5	-6.59985e-06
76	-6.97974e-06
76.5	-7.04653e-06
77	-7.10259e-06
77.5	-7.07938e-06
78	-7.14076e-06
78.5	-6.87848e-06
79	-7.03098e-06
79.5	-7.25398e-06
80	-5.98792e-06
80.5	3.69272e-08
81	-5.42299e-06
81.5	-8.70289e-06
82	-1.05535e-05
82.5	-9.87546e-06
83	-1.00197e-05
83.5	-1.04731e-05
84	-1.02204e-05
84.5	-9.78533e-06
85	-9.52064e-06
85.5	-9.01314e-06
86	-8.34293e-06
86.5	-7.91574e-06
87	-7.59938e-06
87.5	-7.20116e-06
88	-6.90562e-06
88.5	-6.75522e-06
89	-6.62879e-06
89.5	-6.41444e-06
90	-6.13844e-06
90.5	-6.13381e-06
91	-6.38267e-06
91.5	-6.2758e-06
92	-6.2717e-06
92.5	-6.27679e-06
93	1.26407e-06
93.5	8.93568e-07
94	1.52138e-06
94.5	8.47111e-07
95	-4.2141e-06
95.5	-6.80411e-06
96	-6.0311e-06
96.5	-5.97863e-06
97	-6.27178e-06
97.5	-9.11556e-06
98	-7.50341e-06
98.5	-5.05093e-06
99	-1.949e-06
99.5	-8.87236e-07
100	-1.25589e-06
100.5	-1.18994e-06
101	-1.07717e-06
101.5	-1.40702e-06
102	-2.13223e-06
102.5	-2.80433e-06
103	-3.71993e-06
103.5	-2.84568e-06
104	-4.6622e-06
104.5	-3.06065e-06
105	-1.86724e-06
105.5	-2.48697e-06
106	-3.73496e-06
106.5	-3.60658e-06
107	-2.46248e-06
107.5	-2.97932e-06
108	-4.48342e-07
108.5	4.98436e-06
109	1.43179e-06
109.5	3.27009e-06
110	-6.91165e-07
110.5	-3.15379e-06
111	-5.35034e-06
111.5	-8.92518e-06
112	-8.35977e-06
112.5	-9.80374e-06
113	-1.0696e-05
113.5	-1.38646e-05
114	-1.35502e-05
114.5	-1.69245e-05
115	-1.35673e-05
115.5	-1.40562e-05
116	-1.48638e-05
116.5	-1.61398e-05
117	-1.93078e-05
117.5	-1.96284e-05
118	-2.50531e-05
118.5	-1.65378e-05
119	-2.67479e-05
119.5	-3.95203e-05
120	1.60461e-06
120.5	-0.000196772
121	0.000752192
121.5	0.000289531
122	7.09724e-05
122.5	-0.000131301
123	-9.74461e-05
123.5	-4.52871e-05
124	-3.5405e-05
124.5	-0.000186171
125	3.93926e-05
125.5	-8.17623e-05
126	0.000713669
126.5	0.000451827
127	-2.6538e-05
127.5	-7.45832e-05
128	-7.77051e-05
128.5	-1.83967e-05
129	-7.87651e-06
129.5	-4.42513e-06
130	-4.3867e-06
130.5	-4.60821e-06
131	-4.9216e-06
131.5	-5.50175e-06
132	-6.41294e-06
132.5	-7.17964e-06
133	-7.93671e-06
133.5	-8.29753e-06
134	-8.54466e-06
134.5	-9.09586e-06
135	-9.73273e-06
135.5	-1.05239e-05
136	-7.45226e-07
136.5	-3.25446e-06
137	-3.74931e-06
137.5	-5.79657e-06
138	-3.0003e-06
138.5	-4.12904e-06
139	-4.42304e-06
139.5	-4.97318e-06
140	-5.39047e-06
140.5	-5.72935e-06
141	-5.57824e-06
141.5	-5.47187e-06
142	-5.14628e-06
142.5	-5.05559e-06
143	-4.90095e-06
143.5	-4.57242e-06
144	-4.10066e-06
144.5	-3.68738e-06
145	-3.36068e-06
145.5	-3.5029e-06
146	-3.48221e-06
146.5	-3.34711e-06
147	-2.95145e-06
147.5	-2.78903e-06
148	-3.20646e-06
148.5	-4.00448e-06
149	-4.3712e-06
149.5	-4.56046e-06
150	-4.65694e-06
150.5	-4.74215e-06
151	-4.76223e-06
151.5	-2.13305e-06
152	-9.03438e-07
152.5	5.88926e-06
153	1.20797e-06
153.5	-1.08207e-06
154	-2.5639e-06
154.5	-3.17917e-06
155	-3.79841e-06
155.5	-4.20727e-06
156	-2.45047e-06
156.5	-2.5053e-06
157	-3.74836e-06
157.5	-4.15714e-06
158	-4.1673e-06
158.5	-4.56069e-06
159	-6.65388e-06
159.5	-7.93052e-06
160	-8.52715e-06
160.5	-8.7229e-06
161	-8.97924e-06
161.5	-9.09053e-06
162	-9.15099e-06
162.5	-9.09544e-06
163	-9.20802e-06
163.5	-9.34697e-06
164	-9.415e-06
164.5	-9.38279e-06
165	-9.46355e-06
165.5	-9.54176e-06
166	-9.5987e-06
166.5	-9.88365e-06
167	-5.2012e-06
167.5	-6.05817e-08
168	-4.14469e-06
168.5	-6.5099e-06
169	-7.39015e-06
169.5	-7.66965e-06
170	-6.50539e-06
170.5	-4.97778e-06
171	-5.4442e-06
171.5	-5.76491e-06
172	-4.56144e-06
172.5	-5.25581e-06
173	-6.01769e-06
173.5	-6.0297e-06
174	-5.93306e-06
174.5	-6.05411e-06
175	-6.15339e-06
175.5	-5.96521e-06
176	-5.60082e-06
176.5	-5.23837e-06
177	-4.96127e-06
177.5	-4.49649e-06
178	-3.94217e-06
178.5	-3.63056e-06
179	-3.54442e-06
179.5	-4.03804e-06
180	-4.76588e-06
180.5	-5.52594e-06
181	-6.42305e-06
181.5	-2.0018e-06
182	-6.00418e-05
182.5	-0.000144414
183	-1.98142e-05
183.5	8.2815e-05
184	4.07268e-05
184.5	1.89744e-05
185	9.21025e-06
185.5	4.45276e-06
186	3.03365e-07
186.5	-3.62106e-06
187	-6.23812e-06
187.5	-6.83652e-06
188	-7.27332e-06
188.5	-7.61078e-06
189	-7.84091e-06
189.5	-8.10667e-06
190	-8.26459e-06
190.5	-8.40719e-06
191	-8.97995e-06
191.5	-9.27049e-06
192	-9.93473e-06
192.5	-1.03568e-05
193	-1.07752e-05
193.5	-1.14455e-05
194	-1.23416e-05
194.5	-1.35122e-05
195	-1.52129e-05
195.5	-1.22157e-05
196	-0.00011721
196.5	-0.00026935
197	0.000467804
197.5	0.000298665
198	0.00016038
198.5	-0.000184072
199	-6.93618e-05
199.5	-2.19581e-05
200	-3.66325e-06
200.5	2.66952e-06
201	3.52974e-06
201.5	2.64671e-06
202	1.01083e-06
202.5	-6.52412e-07
203	-1.92155e-06
203.5	-3.01169e-06
204	-3.74472e-06
204.5	-4.53056e-06
205	-5.27267e-06
205.5	-5.84372e-06
206	-6.25981e-06
206.5	-6.43369e-06
207	-6.74077e-06
207.5	-7.01011e-06
208	-7.16171e-06
208.5	-7.27638e-06
209	-7.19837e-06
209.5	-8.15388e-06
210	-7.872e-06
210.5	-4.8519e-06
211	-3.61797e-06
211.5	-2.02963e-06
212	-4.06754e-06
212.5	-3.46827e-06
213	-4.59464e-06
213.5	-5.18229e-06
214	-6.27594e-06
214.5	-6.66826e-06
215	-6.82628e-06
215.5	-9.79373e-06
216	-8.45771e-06
216.5	-8.36027e-06
217	-5.22091e-06
217.5	-4.99111e-06
218	-4.56065e-06
218.5	-4.28994e-06
219	-4.17829e-06
219.5	-4.87121e-06
220	-4.05645e-06
220.5	-2.92311e-06
221	-2.17521e-06
221.5	-8.68629e-06
222	-6.15099e-06
222.5	-4.25805e-06
223	-4.72481e-06
223.5	-5.02981e-06
224	-4.72935e-06
224.5	-4.5959e-06
225	-6.5691e-06
225.5	-4.37237e-06
226	-2.7987e-06
226.5	-3.49692e-07
227	-9.2935e-06
227.5	-1.55091e-05
228	-1.11695e-05
228.5	-1.4311e-05
229	-1.87263e-05
229.5	-3.32162e-05
230	4.60115e-06
230.5	-0.000112567
231	0.000879783
231.5	0.00142043
232	0.000620307
232.5	1.72337e-05
233	-8.96084e-05
233.5	-8.45532e-05
234	-4.47089e-05
234.5	-3.49099e-05
235	-3.20008e-05
235.5	-6.81653e-05
236	2.24893e-05
236.5	-7.94952e-05
237	0.000107537
237.5	0.000873619
238	0.000389162
238.5	-3.19512e-05
239	-0.000163119
239.5	-0.000162293
240	-5.61167e-05
240.5	1.27027e-06
241	2.04575e-06
241.5	-1.27293e-06
242	-4.22867e-06
242.5	-6.40198e-06
243	-8.03655e-06
243.5	-9.17232e-06
244	-1.00161e-05
244.5	-1.07147e-05
245	-1.13969e-05
245.5	-1.19576e-05
246	-1.22604e-05
246.5	-1.22012e-05
247	-1.21996e-05
247.5	-8.55495e-06
248	-5.75456e-06
248.5	-8.34614e-06
249	-9.56856e-06
249.5	-7.9018e-06
250	-7.44565e-06
250.5	-5.34151e-06
251	-7.33857e-06
251.5	-7.51805e-06
252	-6.31125e-06
252.5	-6.54269e-06
253	-5.09674e-06
253.5	-4.73877e-06
254	-4.56757e-06
254.5	-4.57924e-06
255	-4.50038e-06
255.5	-4.08443e-06
256	-3.72879e-06
256.5	-3.42299e-06
257	-3.42562e-06
257.5	-3.43799e-06
258	-3.67041e-06
258.5	-4.13479e-06
259	-4.53085e-06
259.5	-4.89533e-06
260	-5.07676e-06
260.5	-5.42368e-06
261	-6.05151e-06
261.5	-6.99033e-06
262	-5.80528e-06
262.5	-1.0268e-05
263	-1.19874e-05
263.5	-0.000106479
264	-0.000143448
264.5	-5.61035e-05
265	2.72567e-05
265.5	3.13687e-05
266	1.41412e-05
266.5	3.92055e-06
267	-1.37697e-06
267.5	-2.76611e-06
268	-5.42042e-06
268.5	-7.06342e-06
269	-7.94616e-06
269.5	-8.10425e-06
270	-7.92905e-06
270.5	-7.85379e-06
271	-7.57345e-06
271.5	-7.31299e-06
272	-7.23802e-06
272.5	-7.52765e-06
273	-7.84735e-06
273.5	-8.13128e-06
274	-8.26093e-06
274.5	-8.56694e-06
275	-6.98022e-06
275.5	-8.49728e-06
276	-3.65575e-05
276.5	-0.000184722
277	-0.000208098
277.5	0.000529701
278	0.000214821
278.5	6.40597e-05
279	-0.000198637
279.5	-6.29088e-05
280	-1.81793e-05
280.5	-1.89297e-06
281	3.26905e-06
281.5	3.45735e-06
282	2.3319e-06
282.5	-5.66518e-07
283	-8.7594e-07
283.5	-1.11312e-06
284	-1.51246e-06
284.5	-2.20853e-06
285	-2.9781e-06
285.5	-3.89917e-06
286	-5.07528e-06
286.5	-5.66711e-06
287	-6.28303e-06
287.5	-7.09575e-06
288	-8.07955e-06
288.5	-8.85418e-06
289	-9.00483e-06
289.5	-1.22652e-05
290	-1.46507e-05
290.5	-1.06753e-05
291	-7.9064e-06
291.5	-9.3246e-06
292	-1.00729e-05
292.5	-7.46706e-06
293	-6.72462e-06
293.5	-6.15552e-06
294	-4.15623e-06
294.5	-3.72254e-06
295	-5.28214e-06
295.5	-5.40727e-06
296	-4.92215e-06
296.5	-4.2384e-06
297	-3.42866e-06
297.5	-2.78761e-06
298	-2.38093e-06
298.5	-2.19709e-06
299	-2.19533e-06
299.5	-2.21832e-06
300	-2.22066e-06
300.5	-2.41492e-06
301	-2.44418e-06
301.5	-2.57187e-06
302	-2.68272e-06
302.5	-1.96258e-07
303	-1.32271e-06
303.5	-1.99817e-06
304	-2.20808e-06
304.5	-2.6599e-06
305	1.57467e-06
305.5	-1.32304e-06
306	-1.98084e-06
306.5	-2.88682e-06
307	-3.34407e-06
307.5	-3.14939e-06
308	-3.6553e-06
308.5	-4.3001e-06
309	-4.80622e-06
309.5	-4.68218e-06
310	-5.18006e-06
310.5	-5.55163e-06
311	-5.77644e-06
311.5	-5.97823e-06
312	-5.88146e-06
312.5	-5.7539e-06
313	-5.88056e-06
313.5	-6.06526e-06
314	-6.43347e-06
314.5	-6.68105e-06
315	-6.90956e-06
315.5	-7.31506e-06
316	-8.08108e-06
316.5	-8.69313e-06
317	-9.22608e-06
317.5	-9.45965e-06
318	-1.13797e-05
318.5	-7.39486e-06
319	-3.22419e-06
319.5	-4.07077e-07
320	-3.85823e-06
320.5	-6.70437e-06
321	-5.53413e-06
321.5	-4.02217e-06
322	-3.26656e-06
322.5	-1.72893e-06
323	-1.97278e-06
323.5	-2.35835e-06
324	-2.63139e-06
324.5	-2.76559e-06
325	-3.03482e-06
325.5	-3.48181e-06
326	-3.813e-06
326.5	-4.40685e-06
327	-2.46063e-06
327.5	-1.8462e-06
328	-1.63806e-06
328.5	-1.49315e-06
329	-1.5849e-06
329.5	-1.32451e-06
330	-3.49562e-06
330.5	-5.08667e-06
331	-1.91037e-06
331.5	-2.54297e-06
332	-2.83344e-06
332.5	-2.0402e-06
333	-2.28881e-06
333.5	-3.23707e-06
334	-2.59721e-06
334.5	-4.08546e-06
335	-5.34518e-06
335.5	-4.36499e-06
336	-5.26717e-06
336.5	-5.80785e-06
337	-5.3771e-06
337.5	-8.66868e-06
338	-5.75835e-06
338.5	-5.69779e-06
339	-6.67776e-06
339.5	-5.13707e-06
340	-5.8449e-06
340.5	-6.6939e-06
341	-5.9941e-06
341.5	-6.06561e-06
342	-7.39544e-06
342.5	-5.10432e-06
343	-7.73478e-06
343.5	-1.16752e-05
344	-1.0628e-05
344.5	-1.22801e-05
345	-1.20798e-05
345.5	-5.60872e-06
346	-6.10879e-06
346.5	-1.34869e-05
347	-1.03749e-05
347.5	-9.19032e-06
348	-1.42376e-05
348.5	-1.22725e-05
349	-1.17257e-05
349.5	-5.1469e-06
350	-5.24975e-06
350.5	-1.22169e-05
351	-8.55619e-06
351.5	-8.62416e-06
352	-1.65466e-05
352.5	-2.48095e-05
353	-4.19273e-05
353.5	-0.00015328
354	-0.000172207
354.5	0.00085095
355	0.000461848
355.5	9.35157e-05
356	-0.000125412
356.5	-8.00324e-05
357	-4.98691e-05
357.5	-3.38628e-05
358	-3.52958e-05
358.5	-0.000185122
359	4.0967e-05
359.5	-0.000120167
360	0.000794689
360.5	0.000403316
361	4.37308e-05
361.5	-0.000104572
362	-0.000237322
362.5	-8.89567e-05
363	-9.98395e-05
363.5	-1.58439e-05
364	1.77426e-05
364.5	9.74497e-06
365	3.39688e-06
365.5	-9.07442e-07
366	-3.37842e-06
366.5	-4.89434e-06
367	-4.41828e-06
367.5	-3.80723e-06
368	-1.56168e-06
368.5	-2.12889e-06
369	-2.45131e-06
369.5	-3.88201e-06
370	-2.95339e-06
370.5	-4.41312e-06
371	-5.24613e-06
371.5	-5.96092e-06
372	-4.90545e-06
372.5	-5.72891e-06
373	-6.3816e-06
373.5	-6.6899e-06
374	-6.5806e-06
374.5	-7.05039e-06
375	-7.14127e-06
375.5	-7.25871e-06
376	-7.55946e-06
376.5	-7.98737e-06
377	-8.30694e-06
377.5	-8.54847e-06
378	-8.60817e-06
378.5	-8.67057e-06
379	-8.79465e-06
379.5	-9.04428e-06
380	-9.37718e-06
380.5	-9.71053e-06
381	-1.02734e-05
381.5	-1.06486e-05
382	-1.07902e-05
382.5	-1.09088e-05
383	-1.10229e-05
383.5	-1.12941e-05
384	-1.15217e-05
384.5	-4.17489e-06
385	-1.07062e-05
385.5	-1.35161e-05
386	-1.05074e-05
386.5	-8.26472e-06
387	-8.39633e-06
387.5	-8.43799e-06
388	-8.30545e-06
388.5	-8.20841e-06
389	-8.23005e-06
389.5	-8.14157e-06
390	-8.45393e-06
390.5	-8.33347e-06
391	-6.42264e-06
391.5	-5.7299e-06
392	-5.64402e-06
392.5	-5.5888e-06
393	-5.554e-06
393.5	-5.58439e-06
394	-5.50968e-06
394.5	-5.47266e-06
395	-5.54605e-06
395.5	-5.4483e-06
396	-5.53507e-06
396.5	-5.83386e-06
397	-6.04884e-06
397.5	-4.69281e-06
398	-6.45938e-06
398.5	-5.75722e-06
399	-6.57353e-06
399.5	-2.4295e-06
400	-7.2315e-07
400.5	-2.17177e-06
401	-3.61793e-06
401.5	-4.48344e-06
402	-5.11161e-06
402.5	-5.16486e-06
403	-5.18809e-06
403.5	-5.24733e-06
404	-5.37377e-06
404.5	-5.32578e-06
405	-5.24259e-06
405.5	-5.32517e-06
406	-5.40035e-06
406.5	-5.59375e-06
407	-5.69331e-06
407.5	-5.70387e-06
408	-5.60072e-06
408.5	-5.58389e-06
409	-5.49252e-06
409.5	-5.44476e-06
410	-5.60238e-06
410.5	-5.86383e-06
411	-6.1407e-06
411.5	-6.21289e-06
412	-1.50948e-06
412.5	-2.44466e-06
413	1.01619e-07
413.5	-3.74405e-07
414	-3.46362e-06
414.5	-4.75502e-06
415	-3.44757e-06
415.5	-4.47408e-06
416	-6.60096e-06
416.5	-7.86712e-06
417	-8.31236e-06
417.5	-7.89035e-06
418	-7.49093e-06
418.5	-7.63109e-06
419	-7.99444e-06
419.5	-8.15683e-06
420	-8.192e-06
420.5	-8.20587e-06
421	-8.31995e-06
421.5	-8.32312e-06
422	-8.13248e-06
422.5	-7.55514e-06
423	-6.82564e-06
423.5	-6.1313e-06
424	-5.72008e-06
424.5	-5.51234e-06
425	-5.65778e-06
425.5	-6.27333e-06
426	-6.89751e-06
426.5	-7.71889e-06
427	-8.86944e-06
427.5	-6.27799e-06
428	-7.30785e-06
428.5	-7.63692e-05
429	-7.95209e-05
429.5	-2.02961e-05
430	4.26248e-05
430.5	2.43463e-05
431	1.12236e-05
431.5	2.9106e-06
432	-4.79434e-06
432.5	-5.71594e-06
433	-7.1911e-06
433.5	-8.37931e-06
434	-9.25656e-06
434.5	-9.70454e-06
435	-9.80543e-06
435.5	-9.80848e-06
436	-9.7875e-06
436.5	-9.54305e-06
437	-9.3412e-06
437.5	-9.20648e-06
438	-9.07099e-06
438.5	-8.80677e-06
439	-8.50209e-06
439.5	-5.73843e-06
440	-3.87805e-06
440.5	-3.76154e-06
441	-1.91126e-06
441.5	3.49669e-07
442	-2.42569e-07
442.5	2.1563e-07
443	-9.1512e-07
443.5	-5.14967e-06
444	-7.23058e-06
444.5	-4.67255e-06
445	-3.62677e-06
445.5	-4.79399e-06
446	-6.69454e-06
446.5	-6.00271e-06
447	-5.51026e-06
447.5	-5.40658e-06
448	-5.45305e-06
448.5	-5.5262e-06
449	-5.7908e-06
449.5	-6.24898e-06
450	-6.67181e-06
450.5	-7.21882e-06
451	-7.7801e-06
451.5	-8.50443e-06
452	-9.59046e-06
452.5	-1.03552e-05
453	-1.06496e-05
453.5	-7.06353e-06
454	-6.06258e-06
454.5	-6.84163e-06
455	-8.4107e-06
455.5	-8.56723e-06
456	-6.51165e-06
456.5	-6.44766e-06
457	-7.33551e-06
457.5	-7.66833e-06
458	-7.37511e-06
458.5	-6.44403e-06
459	-5.60234e-06
459.5	-4.61783e-06
460	-3.77392e-06
460.5	-3.13228e-06
461	-2.76177e-06
461.5	-2.31467e-06
462	-2.00697e-06
462.5	-2.03679e-06
463	-2.26708e-06
463.5	-2.43118e-06
464	-2.64249e-06
464.5	-2.79183e-06
465	-2.84244e-06
465.5	-4.15227e-06
466	-1.2683e-06
466.5	-7.09309e-07
467	-1.9814e-06
467.5	-3.01475e-06
468	-3.98114e-06
468.5	-6.89884e-06
469	-9.1987e-06
469.5	-1.04011e-05
470	-1.18089e-05
470.5	-1.27623e-05
471	-9.93514e-06
471.5	-8.339e-06
472	-8.66304e-06
472.5	-5.55774e-06
473	-6.18065e-06
473.5	-5.76588e-06
474	-5.24252e-06
474.5	-8.41825e-06
475	-1.24348e-05
475.5	-9.18656e-06
476	-1.22469e-05
476.5	-1.57162e-05
477	-8.23923e-06
477.5	-1.49953e-05
478	-1.87895e-05
478.5	-1.9565e-05
479	-2.8648e-05
479.5	-0.00012832
480	4.95459e-05
480.5	0.000487637
481	0.000346579
481.5	2.75272e-05
482	-0.000192658
482.5	-0.000183354
483	-4.25389e-05
483.5	-2.15543e-05
484	-2.70662e-05
484.5	-8.99153e-05
485	4.41367e-05
485.5	-0.00018461
486	0.000856314
486.5	0.000345307
487	0.000122824
487.5	-0.000108203
488	-0.000109048
488.5	-5.21625e-05
489	-1.99531e-06
489.5	2.07193e-06
490	2.04724e-06
490.5	-1.17636e-06
491	-3.40759e-07
491.5	-3.47097e-06
492	-5.07638e-06
492.5	-5.13207e-06
493	-5.28637e-06
493.5	-5.34305e-06
494	-6.08142e-06
494.5	-6.3206e-06
495	-6.41675e-06
495.5	-5.63249e-06
496	-6.15012e-06
496.5	-7.01463e-06
497	-7.85923e-06
497.5	-8.51188e-06
498	-5.16467e-06
498.5	-5.95746e-06
499	-7.03233e-06
499.5	-9.03425e-06
500	-1.04369e-05
500.5	-1.0173e-05
501	-1.13875e-05
501.5	-1.22272e-05
502	-1.0614e-05
502.5	-1.10232e-05
503	-9.85165e-06
503.5	-7.60662e-06
504	-7.38244e-06
504.5	-6.79752e-06
505	-6.67084e-06
505.5	-7.00592e-06
506	-7.44928e-06
506.5	-7.63975e-06
507	-7.68265e-06
507.5	-7.26229e-06
508	-6.76138e-06
508.5	-6.30857e-06
509	-5.61823e-06
509.5	-4.8096e-06
510	-4.33753e-06
510.5	-4.17056e-06
511	-1.69988e-06
511.5	1.99165e-06
512	2.42606e-06
512.5	2.07433e-06
513	-5.15548e-08
513.5	-1.34551e-06
514	-2.65559e-06
514.5	-4.61686e-06
515	-5.95231e-06
515.5	-6.41685e-06
516	-6.67478e-06
516.5	-6.80503e-06
517	-6.95882e-06
517.5	-6.34941e-06
518	-6.80625e-06
518.5	-6.39439e-06
519	-6.25175e-06
519.5	-6.9836e-06
520	-7.51446e-06
520.5	-7.81486e-06
521	-7.75984e-06
521.5	-7.60507e-06
522	-7.23844e-06
522.5	-6.81048e-06
523	-6.54325e-06
523.5	-6.60714e-06
524	-4.79876e-06
524.5	-4.50187e-06
525	-6.17962e-06
525.5	-7.31308e-06
526	-7.64578e-06
526.5	-1.03008e-05
527	-1.17753e-05
527.5	-1.17791e-05
528	-1.28366e-05
528.5	-1.1332e-05
529	-7.25039e-06
529.5	-7.10671e-06
530	-7.47692e-06
530.5	-7.52014e-06
531	-7.45438e-06
531.5	-7.2686e-06
532	-6.89082e-06
532.5	-6.49654e-06
533	-6.24795e-06
533.5	-6.25277e-06
534	-6.25205e-06
534.5	-6.31228e-06
535	-6.35409e-06
535.5	-6.39823e-06
536	-6.59966e-06
536.5	-6.99351e-06
537	-7.19397e-06
537.5	-7.45013e-06
538	-7.80396e-06
538.5	-5.78564e-06
539	7.13391e-07
539.5	-4.75155e-06
540	-7.30297e-06
540.5	-7.59936e-06
541	-3.04631e-06
541.5	-2.7316e-06
542	-3.66562e-06
542.5	-3.33587e-06
543	-3.54244e-06
543.5	-4.0299e-06
544	-4.06495e-06
544.5	-3.7135e-06
545	-2.74616e-06
545.5	-1.64963e-06
546	-7.67762e-07
546.5	-8.07255e-09
547	4.59689e-07
547.5	5.85747e-07
548	4.43859e-07
548.5	1.45884e-07
549	1.14988e-06
549.5	1.44757e-06
550	1.462e-06
550.5	1.4181e-06
551	1.23251e-06
551.5	3.76362e-06
552	3.72049e-06
552.5	1.47213e-06
553	1.70386e-07
553.5	-7.48248e-07
554	-1.48608e-06
554.5	-2.39745e-06
555	-8.01627e-07
555.5	-5.67033e-06
556	-8.34525e-06
556.5	-8.455e-06
557	-8.62875e-06
557.5	-7.61518e-06
558	-7.37057e-06
558.5	-7.50958e-06
559	-7.67718e-06
559.5	-7.98698e-06
560	-9.32946e-06
560.5	-9.19238e-06
561	-9.07984e-06
561.5	-9.41375e-06
562	-9.49275e-06
562.5	-9.05246e-06
563	-8.37426e-06
563.5	-7.86899e-06
564	-7.72856e-06
564.5	-7.84559e-06
565	-7.95068e-06
565.5	-8.06467e-06
566	-8.26422e-06
566.5	-8.382e-06
567	-6.34996e-06
567.5	-3.64981e-06
568	-6.84189e-06
568.5	-6.81454e-06
569	-6.81669e-06
569.5	-7.78916e-06
570	-8.51499e-06
570.5	-6.57062e-06
571	-8.48957e-06
571.5	-9.48244e-06
572	-9.23752e-06
572.5	-8.99866e-06
573	-1.18442e-05
573.5	-1.15399e-05
574	-9.98376e-06
574.5	-9.40444e-06
575	-9.0949e-06
575.5	-8.40063e-06
576	-7.70408e-06
576.5	-7.26504e-06
577	-7.06216e-06
577.5	-6.75777e-06
578	-6.98764e-06
578.5	-7.18522e-06
579	-7.45048e-06
579.5	-7.38932e-06
580	-6.98695e-06
580.5	-6.58902e-06
581	-6.25261e-06
581.5	-5.98293e-06
582	-3.11636e-07
582.5	1.7515e-06
583	9.50411e-07
583.5	-7.20468e-06
584	-5.60313e-06
584.5	-5.54371e-06
585	-4.03898e-06
585.5	-5.63761e-06
586	-5.8473e-06
586.5	-7.21248e-06
587	-8.34136e-06
587.5	-8.93734e-06
588	-9.35363e-06
588.5	-8.38113e-06
589	-8.69712e-06
589.5	-8.56853e-06
590	-7.82941e-06
590.5	-8.01882e-06
591	-8.36856e-06
591.5	-1.26354e-05
592	-1.10586e-05
592.5	-2.35725e-05
593	-1.87557e-05
593.5	-1.32363e-05
594	-1.58221e-05
594.5	-1.56138e-05
595	-1.11077e-05
595.5	-1.28302e-05
596	-1.047e-05
596.5	-1.18713e-05
597	-2.85439e-05
597.5	-0.000114803
598	-7.15767e-05
598.5	-9.9894e-06
599	1.78241e-05
599.5	-1.09409e-05
600	1.83344e-05
600.5	-3.59516e-05
601	0.00161938
601.5	0.000746749
602	0.000152346
602.5	-0.000114948
603	-9.76346e-05
603.5	-3.43448e-05
604	-3.34506e-05
604.5	-2.6031e-05
605	-4.27226e-05
605.5	-7.41249e-06
606	-0.000167723
606.5	0.000872815
607	0.000426168
607.5	0.000196824
608	-0.000103633
608.5	-6.46469e-05
609	-3.35638e-05
609.5	-1.79114e-05
610	-1.12039e-05
610.5	-6.94716e-06
611	-4.98233e-06
611.5	-7.45984e-06
612	-5.25814e-06
612.5	-4.47357e-06
613	-4.48752e-06
613.5	-5.1082e-06
614	-5.62614e-06
614.5	-5.99528e-06
615	-6.24976e-06
615.5	-6.46111e-06
616	-6.51428e-06
616.5	-6.41096e-06
617	-6.42873e-06
617.5	-6.50665e-06
618	-6.59818e-06
618.5	-1.74615e-06
619	-2.86679e-06
619.5	-4.18364e-06
620	-5.3801e-06
620.5	-6.41344e-06
621	5.57541e-07
621.5	-2.23634e-06
622	-5.22753e-06
622.5	-6.70784e-06
623	-6.75867e-06
623.5	-7.02831e-06
624	-7.20127e-06
624.5	-7.06685e-06
625	-6.83395e-06
625.5	-6.2872e-06
626	-6.79935e-06
626.5	-7.31283e-06
627	-7.70426e-06
627.5	-8.06947e-06
628	-8.17395e-06
628.5	-8.23802e-06
629	-8.45117e-06
629.5	-8.5777e-06
630	-8.53969e-06
630.5	-8.48224e-06
631	-8.46611e-06
631.5	-8.40697e-06
632	-8.28125e-06
632.5	-7.80655e-06
633	-7.28663e-06
633.5	-6.69574e-06
634	-4.83492e-06
634.5	-9.05831e-07
635	-3.30816e-06
635.5	4.7658e-07
636	-1.61826e-06
636.5	-3.99141e-06
637	-5.03519e-06
637.5	-4.17763e-06
638	-3.72997e-06
638.5	-2.50738e-06
639	-3.0492e-06
639.5	-3.89916e-06
640	-3.70609e-06
640.5	-3.3263e-06
641	-3.11286e-06
641.5	-3.10273e-06
642	-3.17499e-06
642.5	-3.13681e-06
643	-3.27402e-06
643.5	-3.4492e-06
644	-3.7755e-06
644.5	-4.19041e-06
645	-4.32717e-06
645.5	-4.46215e-06
646	-4.78236e-06
646.5	-5.0824e-06
647	-5.48493e-06
647.5	-5.7232e-06
648	-5.70571e-06
648.5	-5.50615e-06
649	-5.2568e-06
649.5	-4.80373e-06
650	-4.41795e-06
650.5	1.63538e-06
651	3.47789e-06
651.5	5.93466e-06
652	1.18009e-06
652.5	-2.56497e-06
653	-5.19765e-06
653.5	-5.30879e-06
654	-4.98101e-06
654.5	-6.05145e-06
655	-5.39665e-06
655.5	-5.23655e-06
656	-4.62023e-06
656.5	-4.1832e-06
657	-4.00855e-06
657.5	-3.83522e-06
658	-3.78751e-06
658.5	-3.95158e-06
659	-4.26219e-06
659.5	-4.49285e-06
660	-4.38973e-06
660.5	-4.20091e-06
661	-4.16423e-06
661.5	-4.01474e-06
662	-3.85993e-06
662.5	-4.13045e-06
663	-4.69808e-06
663.5	-5.29021e-06
664	-5.69715e-06
664.5	-6.01902e-06
665	6.11225e-06
665.5	5.93665e-07
666	-2.44543e-06
666.5	-4.03003e-06
667	-4.15458e-06
667.5	-4.39821e-06
668	-4.99254e-06
668.5	-6.8335e-06
669	-7.3027e-06
669.5	-7.40148e-06
670	-7.55051e-06
670.5	-7.79145e-06
671	-7.97655e-06
671.5	-7.70119e-06
672	-7.37079e-06
672.5	-7.30753e-06
673	-7.4432e-06
673.5	-7.47741e-06
674	-7.40874e-06
674.5	-7.35111e-06
675	-7.40635e-06
675.5	-7.17408e-06
676	-6.9662e-06
676.5	-6.94363e-06
677	-7.18828e-06
677.5	-7.33848e-06
678	-7.49777e-06
678.5	-7.65873e-06
679	-7.91156e-06
679.5	2.14142e-06
680	-1.43218e-06
680.5	-3.59085e-06
681	-1.68477e-06
681.5	-1.01182e-06
682	-3.3379e-06
682.5	-4.19269e-06
683	-4.79619e-06
683.5	-5.08337e-06
684	-5.34011e-06
684.5	-5.01254e-06
685	-4.87358e-06
685.5	-5.5924e-06
686	-5.37758e-06
686.5	-5.16208e-06
687	-5.07749e-06
687.5	-5.14782e-06
688	-5.04041e-06
688.5	-5.61777e-06
689	-4.0441e-06
689.5	-4.0418e-06
690	-1.90621e-06
690.5	-3.62109e-06
691	-3.62641e-06
691.5	-3.39545e-06
692	-3.33807e-06
692.5	-9.81624e-07
693	-9.95537e-07
693.5	1.47064e-06
694	2.15823e-07
694.5	-1.15716e-06
695	3.84155e-07
695.5	-4.95519e-06
696	-8.52169e-06
696.5	-1.04573e-05
697	-9.2599e-06
697.5	-1.07794e-05
698	-8.13308e-06
698.5	-8.07518e-06
699	-7.85859e-06
699.5	-7.31401e-06
700	-7.95774e-06
700.5	-7.39188e-06
701	-8.05923e-06
701.5	-8.20453e-06
702	-8.64443e-06
702.5	-7.76308e-06
703	-7.8905e-06
703.5	-9.45138e-06
704	-8.97351e-06
704.5	-8.40741e-06
705	-8.49693e-06
705.5	-8.63523e-06
706	-1.40325e-05
706.5	-1.11089e-05
707	-1.21462e-05
707.5	-1.07723e-05
708	-3.33013e-06
708.5	-4.36779e-06
709	-9.94144e-06
709.5	-1.04116e-05
710	-1.31286e-05
710.5	-8.36974e-06
711	-2.01684e-05
711.5	-1.56187e-05
712	-1.45077e-05
712.5	-1.60639e-05
713	-1.30088e-05
713.5	-1.21127e-05
714	-1.00932e-05
714.5	-1.65669e-05
715	-1.37517e-05
715.5	-2.39192e-05
716	-2.86137e-05
716.5	-0.00020813
717	2.70299e-07
717.5	0.000862381
718	0.000506881
718.5	0.000205427
719	-0.000126727
719.5	-7.45742e-05
720	-3.91494e-05
720.5	-2.16805e-05
721	-1.43742e-05
721.5	-7.81208e-06
722	-4.40717e-06
722.5	-3.8146e-06
723	-4.0043e-06
723.5	-4.4919e-06
724	-5.19529e-06
724.5	-5.78292e-06
725	-6.42727e-06
725.5	-7.13276e-06
726	-8.07797e-06
726.5	-8.87422e-06
727	-9.40786e-06
727.5	-9.68932e-06
728	-9.80714e-06
728.5	-9.994e-06
729	-1.00817e-05
729.5	-1.00668e-05
730	-9.82819e-06
730.5	-7.63939e-06
731	-9.5851e-06
731.5	-1.5418e-06
732	-2.51609e-06
732.5	-4.03194e-06
733	-4.98795e-06
733.5	-5.91975e-06
734	-5.21091e-06
734.5	-4.94597e-06
735	-5.26482e-06
735.5	-5.94103e-06
736	-6.59108e-06
736.5	-6.96705e-06
737	-6.50842e-06
737.5	-6.30686e-06
738	-6.54536e-06
738.5	-6.47524e-06
739	-6.3395e-06
739.5	-6.27204e-06
740	-6.34517e-06
740.5	-6.44779e-06
741	-6.21703e-06
741.5	-5.90201e-06
742	-5.85359e-06
742.5	-6.17589e-06
743	-6.45179e-06
743.5	-6.73176e-06
744	-6.89759e-06
744.5	-7.15894e-06
745	-7.56409e-06
745.5	-8.01424e-06
746	-8.95897e-06
746.5	-1.03476e-05
747	-1.80317e-06
747.5	-3.48828e-06
748	-5.03373e-06
748.5	-9.12826e-06
749	-1.12934e-05
749.5	-1.10171e-05
750	-1.09407e-05
750.5	-1.06872e-05
751	-1.05146e-05
751.5	-1.0366e-05
752	-1.02055e-05
752.5	-1.0151e-05
753	-1.01108e-05
753.5	-1.00912e-05
754	-1.01322e-05
754.5	-1.04181e-05
755	-1.06311e-05
755.5	-1.06826e-05
756	-1.10426e-05
756.5	-1.16988e-05
757	-1.21492e-05
757.5	-1.26242e-05
758	-1.31691e-05
758.5	-1.3205e-05
759	-1.34024e-05
759.5	-1.36981e-05
760	-1.46005e-05
760.5	-1.7269e-05
761	-0.000103116
761.5	-0.000332292
762	0.000289462
762.5	0.000205549
763	0.000111983
763.5	-0.000187195
764	-6.69026e-05
764.5	-2.18644e-05
765	-5.39975e-06
765.5	1.88803e-07
766	1.0996e-06
766.5	-1.02183e-06
767	-1.50382e-06
767.5	-1.80101e-06
768	-2.24729e-06
768.5	-2.62782e-06
769	-3.13776e-06
769.5	-3.66078e-06
770	-4.38826e-06
770.5	-5.3652e-06
771	-6.55506e-06
771.5	-7.9955e-06
772	-9.69722e-06
772.5	-1.13138e-05
773	-1.28937e-05
773.5	-1.46612e-05
774	-1.67777e-05
774.5	-2.10992e-05
775	-9.21432e-05
775.5	-0.000334394
776	0.000333498
776.5	0.000167793
777	7.58016e-05
777.5	-0.00018511
778	-5.72093e-05
778.5	-2.73298e-05
779	-1.02921e-05
779.5	-6.00974e-06
780	-1.65203e-06
780.5	-1.27335e-06
781	-2.12639e-06
781.5	-2.71167e-06
782	-3.69455e-06
782.5	-4.89525e-06
783	-6.09623e-06
783.5	-7.09616e-06
784	-7.77933e-06
784.5	-8.15948e-06
785	-8.41792e-06
785.5	-8.89482e-06
786	-9.36814e-06
786.5	-9.66928e-06
787	-9.70976e-06
787.5	-9.66041e-06
788	-9.6745e-06
788.5	-9.29118e-06
789	-3.94152e-06
789.5	-3.05318e-06
790	-3.73214e-06
790.5	-2.35196e-06
791	-2.35286e-06
791.5	-4.85527e-06
792	-3.86027e-06
792.5	-9.26107e-06
793	-9.9761e-06
793.5	-1.03632e-05
794	-1.04882e-05
794.5	-1.0466e-05
795	-1.02988e-05
795.5	-9.80337e-06
796	-9.68671e-06
796.5	-9.68331e-06
797	-9.58822e-06
797.5	-9.39799e-06
798	-9.23311e-06
798.5	-9.21729e-06
799	-9.09159e-06
799.5	-8.78066e-06
800	-8.56051e-06
800.5	-8.75899e-06
801	-1.05773e-05
801.5	-9.93394e-06
802	-9.89774e-06
802.5	-9.90366e-06
803	-9.99109e-06
803.5	-1.00696e-05
804	-1.01996e-05
804.5	-1.01527e-05
805	-1.03965e-05
805.5	-6.75607e-06
806	-3.18706e-06
806.5	-2.06723e-06
807	-2.12561e-06
807.5	-3.53505e-06
808	-3.01868e-06
808.5	-3.11801e-06
809	-3.14852e-06
809.5	-3.64976e-06
810	-3.80029e-06
810.5	-3.61958e-06
811	-3.58424e-06
811.5	-3.59562e-06
812	-3.62056e-06
812.5	-3.7018e-06
813	-4.06114e-06
813.5	-7.52663e-06
814	-6.98052e-06
814.5	-6.43271e-06
815	-6.19161e-06
815.5	-7.35798e-06
816	-6.19982e-06
816.5	-9.25023e-06
817	-7.71755e-06
817.5	-7.10977e-06
818	-7.26783e-06
818.5	-7.69863e-06
819	-8.37303e-06
819.5	-9.03435e-06
820	-6.61014e-06
820.5	-5.81423e-06
821	-1.17367e-05
821.5	-1.04236e-05
822	-1.28305e-05
822.5	-1.51642e-05
823	-1.20589e-05
823.5	-9.48997e-06
824	-8.78369e-06
824.5	-9.24568e-06
825	-1.00985e-05
825.5	-1.61286e-05
826	-1.25841e-05
826.5	-1.07171e-05
827	-1.19664e-05
827.5	-9.20674e-06
828	-1.41691e-05
828.5	-7.20375e-06
829	-8.772e-06
829.5	-9.91447e-06
830	-1.0033e-05
830.5	-9.24467e-06
831	-1.06809e-05
831.5	-1.5538e-05
832	-1.66564e-05
832.5	-2.13649e-05
833	-5.28234e-05
833.5	9.86628e-06
834	-0.00021609
834.5	0.000607232
835	0.000283659
835.5	-4.93123e-05
836	-0.000169685
836.5	-0.000120621
837	-2.3696e-05
837.5	-3.43392e-05
838	-1.61503e-05
838.5	-2.62301e-05
839	-0.000131354
839.5	3.99388e-05
840	-0.000187353
840.5	0.000790878
841	0.000369163
841.5	0.000175247
842	-0.000108083
842.5	-0.000105724
843	-4.26507e-05
843.5	-1.57796e-05
844	-6.87848e-06
844.5	-2.72194e-06
845	-1.66412e-06
845.5	-1.79737e-06
846	-2.16624e-06
846.5	-2.56447e-06
847	-3.39356e-06
847.5	-4.35351e-06
848	-5.27081e-06
848.5	-5.83589e-06
849	-5.69269e-06
849.5	-6.18468e-06
850	-1.85704e-06
850.5	-2.90304e-06
851	-2.95882e-06
851.5	-9.14066e-07
852	-1.02509e-06
852.5	-1.23924e-06
853	-1.20752e-06
853.5	-9.5734e-07
854	-6.04339e-07
854.5	6.03566e-08
855	-1.85809e-07
855.5	1.12138e-07
856	-3.16151e-07
856.5	-7.05158e-07
857	-1.82008e-06
857.5	-2.69103e-06
858	-2.94041e-06
858.5	-2.76828e-06
859	-3.50199e-06
859.5	-4.20715e-06
860	-4.6466e-06
860.5	-4.79742e-06
861	-4.66217e-06
861.5	-4.48031e-06
862	-4.18149e-06
862.5	-4.0322e-06
863	-3.98438e-06
863.5	-3.73286e-06
864	-6.29726e-06
864.5	-6.12768e-06
865	-6.58407e-06
865.5	-6.72048e-06
866	-7.21521e-06
866.5	-7.55882e-06
867	-7.06143e-06
867.5	-7.44075e-06
868	-7.93522e-06
868.5	-5.40099e-06
869	-5.61283e-06
869.5	-6.34276e-06
870	-6.52255e-06
870.5	-6.55785e-06
871	-6.47309e-06
871.5	-6.3589e-06
872	-6.18305e-06
872.5	-3.80436e-06
873	-3.66453e-06
873.5	-3.73808e-06
874	-3.77461e-06
874.5	-4.09355e-06
875	-4.39203e-06
875.5	-4.47528e-06
876	-4.21054e-06
876.5	-3.91798e-06
877	-3.58058e-06
877.5	-3.4619e-06
878	-3.52527e-06
878.5	-3.9181e-06
879	-4.59876e-06
879.5	-2.92363e-06
880	3.36484e-06
880.5	-2.4674e-06
881	-4.12065e-06
881.5	-5.25414e-06
882	-6.76124e-06
882.5	-6.90216e-06
883	-7.56636e-06
883.5	-9.49686e-06
884	-1.03707e-05
884.5	-1.04915e-05
885	-1.04976e-05
885.5	-1.05691e-05
886	-1.0408e-05
886.5	-1.00041e-05
887	-9.42825e-06
887.5	-8.55231e-06
888	-6.81401e-06
888.5	-6.59938e-06
889	-6.58793e-06
889.5	-6.70231e-06
890	-6.8102e-06
890.5	-6.30905e-06
891	-5.68286e-06
891.5	-5.14645e-06
892	-1.14682e-06
892.5	-4.69331e-07
893	7.90459e-08
893.5	1.93055e-06
894	1.06559e-07
894.5	-1.08955e-06
895	-3.46537e-06
895.5	-4.81847e-06
896	-5.81168e-06
896.5	-6.38407e-06
897	-3.86343e-06
897.5	-4.66939e-06
898	-3.43924e-06
898.5	-2.81204e-06
899	-2.36772e-06
899.5	-1.55731e-06
900	-9.14003e-07
900.5	-8.21391e-07
901	-7.24784e-07
901.5	-8.53581e-07
902	-1.06789e-06
902.5	-1.3715e-06
903	-1.73644e-06
903.5	-2.11727e-06
904	-2.64741e-06
904.5	-2.99021e-06
905	-3.16182e-06
905.5	-3.38458e-06
906	-3.78971e-06
906.5	-4.36715e-06
907	-5.0567e-06
907.5	-5.8013e-06
908	-6.47698e-06
908.5	-7.01996e-06
909	-1.87214e-06
909.5	-5.07817e-06
910	-7.6813e-06
910.5	-8.0181e-06
911	-7.8747e-06
911.5	-7.28821e-06
912	-8.9206e-06
912.5	-8.30848e-06
913	-8.75781e-06
913.5	-9.19918e-06
914	-9.56636e-06
914.5	-9.95148e-06
915	-1.03616e-05
915.5	-1.0635e-05
916	-1.08409e-05
916.5	-1.10855e-05
917	-1.13177e-05
917.5	-1.16095e-05
918	-1.17496e-05
918.5	-1.17745e-05
919	-1.18783e-05
919.5	-1.19487e-05
920	-1.39032e-05
920.5	-1.31824e-05
921	-1.35648e-05
921.5	-1.45169e-05
922	-1.14803e-05
922.5	-8.43329e-06
923	-2.08293e-05
923.5	-0.000139944
924	-4.61943e-05
924.5	1.36526e-05
925	3.10466e-05
925.5	1.17114e-05
926	2.35749e-06
926.5	-2.36879e-06
927	-5.00172e-06
927.5	-6.61188e-06
928	-7.38654e-06
928.5	-7.8127e-06
929	-8.00132e-06
929.5	-8.06148e-06
930	-7.88078e-06
930.5	-7.54655e-06
931	-7.63658e-06
931.5	-7.96177e-06
932	-8.32216e-06
932.5	-8.43369e-06
933	-8.4082e-06
933.5	-8.48043e-06
934	-8.54999e-06
934.5	-8.52893e-06
935	-8.45362e-06
935.5	-8.56546e-06
936	-3.8265e-06
936.5	-1.17692e-06
937	-4.54495e-06
937.5	-4.71954e-06
938	-5.5913e-06
938.5	-5.38263e-06
939	-3.53015e-06
939.5	-2.99131e-06
940	-3.84127e-06
940.5	-1.54309e-06
941	-2.5247e-06
941.5	-2.81196e-06
942	-2.89421e-06
942.5	-2.85975e-06
943	-2.761e-06
943.5	-2.93381e-06
944	-3.49106e-06
944.5	-3.95304e-06
945	-4.29766e-06
945.5	-4.60043e-06
946	-4.79302e-06
946.5	-4.90167e-06
947	-4.72406e-06
947.5	-4.28545e-06
948	-3.77902e-06
948.5	-4.97252e-06
949	-4.23355e-06
949.5	-6.27048e-06
950	-7.12063e-06
950.5	3.16175e-06
951	2.57157e-06
951.5	-1.28059e-07
952	-5.72504e-06
952.5	-6.07977e-06
953	-7.77973e-06
953.5	-6.65853e-06
954	-7.83175e-06
954.5	-6.42773e-06
955	-7.36501e-06
955.5	-6.4921e-06
956	-6.34018e-06
956.5	-8.25847e-06
957	-7.20582e-06
957.5	-9.06489e-06
958	-6.92435e-06
958.5	-7.30858e-06
959	-7.94744e-06
959.5	-8.30351e-06
960	-8.29858e-06
960.5	-1.15113e-05
961	-9.60194e-06
961.5	-8.71098e-06
962	-1.16646e-05
962.5	-1.13222e-05
963	-1.70701e-05
963.5	-1.63365e-05
964	-1.67924e-05
964.5	-1.58148e-05
965	-1.66412e-05
965.5	-1.85185e-05
966	-9.08172e-06
966.5	-1.87361e-05
967	-2.3167e-05
967.5	6.58111e-06
968	-0.00011445
968.5	0.00092582
969	0.00122013
969.5	0.000634418
970	-9.3719e-05
970.5	-9.70162e-05
971	-6.44546e-05
971.5	-4.15313e-05
972	-3.59319e-05
972.5	-2.20196e-05
973	-0.00012339
973.5	6.60056e-05
974	-0.000171158
974.5	0.000106886
975	1.19793e-05
975.5	-8.49696e-06
976	-5.20977e-06
976.5	-7.02942e-06
977	-3.06516e-06
977.5	-3.16408e-06
978	-3.66044e-06
978.5	-2.84929e-06
979	-2.46893e-06
979.5	-2.41959e-06
980	-2.55581e-06
980.5	-2.98166e-06
981	-3.29908e-06
981.5	-3.68468e-06
982	-3.88205e-06
982.5	-4.06411e-06
983	-4.20351e-06
983.5	-4.47966e-06
984	-4.91498e-06
984.5	-5.43127e-06
985	1.19965e-06
985.5	1.06882e-06
986	-3.27724e-07
986.5	1.02831e-06
987	-6.58442e-07
987.5	-5.47112e-06
988	-7.87425e-06
988.5	-9.5752e-06
989	-1.02358e-05
989.5	-9.47015e-06
990	-8.68163e-06
990.5	-9.36893e-06
991	-9.13835e-06
991.5	-9.19548e-06
992	-9.0539e-06
992.5	-8.62731e-06
993	-8.24417e-06
993.5	-7.97762e-06
994	-7.91974e-06
994.5	-7.81899e-06
995	-7.64364e-06
995.5	-7.46524e-06
996	-7.21322e-06
996.5	-6.8851e-06
997	-6.59661e-06
997.5	-6.49384e-06
998	-6.55778e-06
998.5	-6.28959e-06
999	-6.31837e-06
999.5	-6.39559e-06
1000	-6.42774e-06
