0	0
0.5	1.45689e-26
1	-1.09744e-25
1.5	3.28606e-26
2	9.8704e-26
2.5	-6.94819e-26
3	-4.21427e-29
3.5	-4.70664e-08
4	-9.14303e-08
4.5	-1.9317e-07
5	-4.00536e-07
5.5	-6.75667e-07
6	-1.04599e-06
6.5	-1.40429e-06
7	-1.76107e-06
7.5	-2.11045e-06
8	-2.34539e-06
8.5	-2.44325e-06
9	-2.48861e-06
9.5	-2.6757e-06
10	-2.95367e-06
10.5	-3.36318e-06
11	-3.89994e-06
11.5	-4.26874e-06
12	-4.61897e-06
12.5	-4.9331e-06
13	-4.93615e-06
13.5	-4.79679e-06
14	-4.58611e-06
14.5	-4.29413e-06
15	-4.15558e-06
15.5	-3.94062e-06
16	-3.89958e-06
16.5	-3.9863e-06
17	-4.00891e-06
17.5	-4.23993e-06
18	-4.36173e-06
18.5	-4.45954e-06
19	-4.45683e-06
19.5	-4.401e-06
20	-4.37306e-06
20.5	-4.47207e-06
21	-4.30682e-06
21.5	-3.99379e-06
22	-3.73862e-06
22.5	-3.53029e-06
23	-3.37129e-06
23.5	-3.29878e-06
24	-3.552e-06
24.5	-3.92599e-06
25	-4.53576e-06
25.5	-5.46418e-06
26	-6.71616e-06
26.5	-9.95283e-06
27	-7.98356e-05
27.5	0.000145474
28	5.13169e-05
28.5	-3.2462e-05
29	-5.52482e-05
29.5	-9.05491e-06
30	-7.39716e-06
30.5	-7.15127e-06
31	-7.11711e-06
31.5	-7.31874e-06
32	-6.2866e-06
32.5	-6.21453e-06
33	-5.50995e-06
33.5	-5.17268e-06
34	-5.25367e-06
34.5	-5.32634e-06
35	-5.63056e-06
35.5	-6.40671e-06
36	-6.33738e-06
36.5	-5.40419e-06
37	-4.03817e-06
37.5	-2.94028e-06
38	-2.07426e-06
38.5	-1.29631e-06
39	-1.26116e-06
39.5	-1.47879e-06
40	-1.7817e-06
40.5	-2.00446e-06
41	-2.12651e-06
41.5	-2.16954e-06
42	-2.24758e-06
42.5	-2.48394e-06
43	-2.66194e-06
43.5	-2.83297e-06
44	-2.98138e-06
44.5	-3.19122e-06
45	-3.33588e-06
45.5	-3.52009e-06
46	-3.78756e-06
46.5	-4.03316e-06
47	-4.42871e-06
47.5	-5.43913e-06
48	-1.07868e-05
48.5	-0.000157384
49	0.000158485
49.5	-7.23295e-06
50	-4.23427e-05
50.5	-2.29891e-05
51	-6.85813e-06
51.5	-5.82521e-06
52	-5.36414e-06
52.5	-4.38818e-06
53	-4.20985e-06
53.5	-3.41513e-06
54	-2.6703e-06
54.5	-2.41507e-06
55	-2.52975e-06
55.5	-2.80369e-06
56	-3.1223e-06
56.5	-3.37151e-06
57	-3.59803e-06
57.5	-3.78897e-06
58	-3.97955e-06
58.5	-4.10532e-06
59	-4.22444e-06
59.5	-4.45931e-06
60	-4.78029e-06
60.5	-5.0829e-06
61	-5.36421e-06
61.5	-5.57136e-06
62	-5.78203e-06
62.5	-6.03014e-06
63	-6.28736e-06
63.5	-6.63371e-06
64	-7.50342e-06
64.5	-1.03512e-05
65	-7.03817e-05
65.5	0.00025914
66	0.000111497
66.5	-3.1772e-05
67	-6.92511e-05
67.5	-1.43859e-05
68	-1.00277e-05
68.5	-8.13499e-06
69	-7.01621e-06
69.5	-6.62328e-06
70	-6.60452e-06
70.5	-6.45278e-06
71	-6.3038e-06
71.5	-6.12243e-06
72	-5.93631e-06
72.5	-5.68884e-06
73	-5.39019e-06
73.5	-5.12738e-06
74	-4.98176e-06
74.5	-4.94676e-06
75	-4.96081e-06
75.5	-5.01781e-06
76	-5.0508e-06
76.5	-5.0238e-06
77	-4.91255e-06
77.5	-4.84308e-06
78	-4.73871e-06
78.5	-4.60111e-06
79	-4.53067e-06
79.5	-4.53327e-06
80	-4.5152e-06
80.5	-4.20876e-06
81	-3.53616e-06
81.5	-3.05748e-06
82	-2.99328e-06
82.5	-3.60965e-06
83	-4.2344e-06
83.5	-4.91523e-06
84	-5.53424e-06
84.5	-6.07677e-06
85	-6.1362e-06
85.5	-6.28855e-06
86	-6.36417e-06
86.5	-6.31072e-06
87	-6.34537e-06
87.5	-6.55291e-06
88	-6.78932e-06
88.5	-7.06254e-06
89	-7.51226e-06
89.5	-8.26383e-06
90	-9.80026e-06
90.5	-2.01683e-05
91	-0.000165629
91.5	0.000140532
92	-4.9986e-06
92.5	-5.92137e-05
93	-3.18468e-05
93.5	-1.11666e-05
94	-1.05622e-05
94.5	-1.15189e-05
95	-1.16755e-05
95.5	-1.14139e-05
96	-1.12399e-05
96.5	-1.00688e-05
97	-9.08173e-06
97.5	-8.37534e-06
98	-8.02598e-06
98.5	-7.77064e-06
99	-7.60317e-06
99.5	-7.35176e-06
100	-6.99077e-06
100.5	-6.7429e-06
101	-6.58008e-06
101.5	-6.40247e-06
102	-6.24004e-06
102.5	-6.09081e-06
103	-6.01054e-06
103.5	-5.88019e-06
104	-5.74742e-06
104.5	-5.58919e-06
105	-5.4786e-06
105.5	-5.3632e-06
106	-5.31535e-06
106.5	-5.30573e-06
107	-5.25978e-06
107.5	-5.19013e-06
108	-5.09919e-06
108.5	-4.93743e-06
109	-4.46617e-06
109.5	-3.54321e-06
110	-3.49417e-06
110.5	-4.44248e-06
111	-6.42194e-06
111.5	-1.09739e-05
112	-8.55666e-05
112.5	0.000290457
113	0.000167436
113.5	-3.10827e-05
114	-7.5304e-05
114.5	-1.20301e-05
115	-6.63962e-06
115.5	-5.46101e-06
116	-5.13334e-06
116.5	-4.9835e-06
117	-4.92876e-06
117.5	-5.2621e-06
118	-5.68374e-06
118.5	-6.01986e-06
119	-5.92365e-06
119.5	-5.5829e-06
120	-5.3246e-06
120.5	-4.87014e-06
121	-4.58904e-06
121.5	-4.29963e-06
122	-4.1801e-06
122.5	-3.987e-06
123	-3.88314e-06
123.5	-2.35947e-06
124	-7.50925e-07
124.5	-9.20907e-07
125	-1.26757e-06
125.5	-1.80851e-06
126	-2.50033e-06
126.5	-2.49337e-06
127	-2.59616e-06
127.5	-2.44475e-06
128	-1.99178e-06
128.5	-1.56511e-06
129	-1.95974e-06
129.5	-2.31593e-06
130	-2.2765e-06
130.5	-2.22089e-06
131	-2.57617e-06
131.5	-3.09943e-06
132	-3.62875e-06
132.5	-4.04773e-06
133	-4.41066e-06
133.5	-4.91526e-06
134	-5.39263e-06
134.5	-5.96337e-06
135	-6.68123e-06
135.5	-7.52285e-06
136	-8.96653e-06
136.5	-1.83304e-05
137	-0.00018206
137.5	0.000170904
138	-9.31246e-06
138.5	-5.4277e-05
139	-1.6966e-05
139.5	-7.51904e-06
140	-7.52827e-06
140.5	-7.95344e-06
141	-8.40395e-06
141.5	-8.61343e-06
142	-7.0252e-06
142.5	-5.73714e-06
143	-4.87817e-06
143.5	-4.11793e-06
144	-3.96033e-06
144.5	-4.23721e-06
145	-4.55291e-06
145.5	-4.76359e-06
146	-4.81541e-06
146.5	-4.80885e-06
147	-4.86529e-06
147.5	-4.90001e-06
148	-4.92884e-06
148.5	-4.86864e-06
149	-4.84702e-06
149.5	-4.9418e-06
150	-5.25157e-06
150.5	-5.94886e-06
151	-7.85637e-06
151.5	-5.03694e-05
152	-0.000106743
152.5	0.000176005
153	-1.55756e-05
153.5	-7.6745e-05
154	-1.27391e-05
154.5	-7.37779e-06
155	-7.93382e-06
155.5	-7.22354e-06
156	-6.74399e-06
156.5	-5.91997e-06
157	-5.34374e-06
157.5	-4.78027e-06
158	-4.46683e-06
158.5	-4.18019e-06
159	-3.99514e-06
159.5	-4.06684e-06
160	-4.05412e-06
160.5	-4.0828e-06
161	-4.22411e-06
161.5	-4.38041e-06
162	-4.48346e-06
162.5	-4.63679e-06
163	-4.80815e-06
163.5	-4.99396e-06
164	-5.23232e-06
164.5	-5.73344e-06
165	-6.65925e-06
165.5	-9.60034e-06
166	-7.34688e-05
166.5	0.00027396
167	0.000142057
167.5	-3.93096e-05
168	-7.42747e-05
168.5	-9.63136e-06
169	-6.33288e-06
169.5	-6.35242e-06
170	-6.46657e-06
170.5	-6.41688e-06
171	-6.71798e-06
171.5	-6.61679e-06
172	-6.30903e-06
172.5	-5.45958e-06
173	-4.78237e-06
173.5	-4.52449e-06
174	-4.46724e-06
174.5	-4.50595e-06
175	-4.59935e-06
175.5	-4.71473e-06
176	-4.77563e-06
176.5	-5.02706e-06
177	-5.25055e-06
177.5	-5.52394e-06
178	-5.71218e-06
178.5	-5.81357e-06
179	-5.89398e-06
179.5	-5.97564e-06
180	-6.0945e-06
180.5	-6.24349e-06
181	-6.31529e-06
181.5	-6.482e-06
182	-7.37896e-06
182.5	-1.11282e-05
183	-0.000114281
183.5	8.11569e-05
184	4.87675e-05
184.5	-2.54435e-05
185	-4.46654e-05
185.5	-1.29152e-05
186	-9.23529e-06
186.5	-7.7657e-06
187	-6.71368e-06
187.5	-6.75795e-06
188	-6.48561e-06
188.5	-6.41949e-06
189	-6.66927e-06
189.5	-7.00663e-06
190	-7.3086e-06
190.5	-7.47674e-06
191	-7.51313e-06
191.5	-7.49996e-06
192	-7.48694e-06
192.5	-7.41045e-06
193	-7.31915e-06
193.5	-7.25686e-06
194	-7.29445e-06
194.5	-7.46233e-06
195	-8.12368e-06
195.5	-1.18458e-05
196	-0.000103899
196.5	0.000108077
197	1.3996e-05
197.5	-6.08035e-05
198	-4.24271e-05
198.5	-6.82318e-06
199	-5.13597e-06
199.5	-5.711e-06
200	-5.99848e-06
200.5	-6.01649e-06
201	-5.75896e-06
201.5	-5.23251e-06
202	-4.74879e-06
202.5	-4.46066e-06
203	-4.36484e-06
203.5	-4.34041e-06
204	-4.29713e-06
204.5	-4.19494e-06
205	-4.00126e-06
205.5	-3.97271e-06
206	-4.04589e-06
206.5	-4.13408e-06
207	-4.26474e-06
207.5	-4.50275e-06
208	-4.80112e-06
208.5	-5.19674e-06
209	-5.55124e-06
209.5	-6.02664e-06
210	-6.94768e-06
210.5	-9.47712e-06
211	-6.11472e-05
211.5	0.000203123
212	0.000150076
212.5	-2.00801e-05
213	-7.14694e-05
213.5	-1.22307e-05
214	-9.5332e-06
214.5	-8.70289e-06
215	-7.05237e-06
215.5	-5.91236e-06
216	-5.33058e-06
216.5	-5.4053e-06
217	-5.33424e-06
217.5	-5.16271e-06
218	-5.1999e-06
218.5	-5.20196e-06
219	-5.2434e-06
219.5	-5.36937e-06
220	-5.49394e-06
220.5	-5.66759e-06
221	-5.83318e-06
221.5	-5.85152e-06
222	-6.02082e-06
222.5	-5.87267e-06
223	-5.57171e-06
223.5	-5.07414e-06
224	-4.60888e-06
224.5	-4.32783e-06
225	-3.75412e-06
225.5	-3.45877e-06
226	-3.38921e-06
226.5	-3.50013e-06
227	-3.89945e-06
227.5	-4.26679e-06
228	-4.16344e-06
228.5	-3.52395e-06
229	-3.61758e-06
229.5	-3.1694e-06
230	-2.09694e-06
230.5	-1.12484e-06
231	-5.82482e-07
231.5	-1.45307e-06
232	-2.56076e-06
232.5	-3.0193e-06
233	-3.70027e-06
233.5	-4.37739e-06
234	-4.46949e-06
234.5	-3.95511e-06
235	-3.17659e-06
235.5	-2.73123e-06
236	-2.78711e-06
236.5	-2.86572e-06
237	-3.08424e-06
237.5	-3.45524e-06
238	-3.92608e-06
238.5	-4.50543e-06
239	-5.25448e-06
239.5	-6.0751e-06
240	-6.87718e-06
240.5	-7.56308e-06
241	-8.22583e-06
241.5	-9.38063e-06
242	-1.13854e-05
242.5	-1.97154e-05
243	-0.000196337
243.5	0.000167739
244	1.63201e-05
244.5	-4.85125e-05
245	-2.47841e-05
245.5	-1.30814e-05
246	-1.34512e-05
246.5	-1.49291e-05
247	-1.38263e-05
247.5	-1.27113e-05
248	-1.13107e-05
248.5	-1.01916e-05
249	-9.20976e-06
249.5	-8.51608e-06
250	-7.81887e-06
250.5	-7.26432e-06
251	-6.80154e-06
251.5	-6.37541e-06
252	-5.96771e-06
252.5	-5.57233e-06
253	-5.1519e-06
253.5	-4.85342e-06
254	-4.78718e-06
254.5	-4.87957e-06
255	-5.14975e-06
255.5	-5.442e-06
256	-5.84298e-06
256.5	-6.78472e-06
257	-1.07744e-05
257.5	-9.40697e-05
258	0.000126208
258.5	5.203e-05
259	-5.92347e-05
259.5	-6.15874e-05
260	-1.13332e-05
260.5	-8.7406e-06
261	-8.52294e-06
261.5	-8.33046e-06
262	-8.22324e-06
262.5	-7.99093e-06
263	-7.34146e-06
263.5	-6.87204e-06
264	-6.59066e-06
264.5	-6.43817e-06
265	-6.41523e-06
265.5	-6.18572e-06
266	-6.0054e-06
266.5	-6.0051e-06
267	-6.05095e-06
267.5	-6.11286e-06
268	-6.22635e-06
268.5	-6.44359e-06
269	-6.94957e-06
269.5	-7.9945e-06
270	-1.1027e-05
270.5	-6.88124e-05
271	0.000193629
271.5	0.00013603
272	-1.59219e-05
272.5	-6.91016e-05
273	-9.85161e-06
273.5	-7.75066e-06
274	-6.77153e-06
274.5	-5.66092e-06
275	-5.42747e-06
275.5	-4.91648e-06
276	-4.55904e-06
276.5	-3.8471e-06
277	-3.63522e-06
277.5	-3.70026e-06
278	-3.72992e-06
278.5	-3.70754e-06
279	-3.6699e-06
279.5	-3.62289e-06
280	-3.59501e-06
280.5	-3.54845e-06
281	-3.54611e-06
281.5	-3.48471e-06
282	-3.3978e-06
282.5	-3.23706e-06
283	-3.07594e-06
283.5	-3.0585e-06
284	-3.15553e-06
284.5	-3.27968e-06
285	-3.46191e-06
285.5	-3.81985e-06
286	-4.2308e-06
286.5	-4.60657e-06
287	-4.97424e-06
287.5	-5.44088e-06
288	-5.57114e-06
288.5	-5.97385e-06
289	-7.94148e-06
289.5	-1.39555e-05
290	-0.00013475
290.5	0.000110599
291	9.17455e-05
291.5	-3.3936e-05
292	-5.74017e-05
292.5	-1.354e-05
293	-8.58878e-06
293.5	-6.33927e-06
294	-5.38352e-06
294.5	-5.13821e-06
295	-5.21283e-06
295.5	-5.44256e-06
296	-5.71394e-06
296.5	-6.00028e-06
297	-6.27463e-06
297.5	-6.4723e-06
298	-6.5124e-06
298.5	-6.52668e-06
299	-6.56956e-06
299.5	-6.58475e-06
300	-6.63984e-06
300.5	-6.93187e-06
301	-7.81098e-06
301.5	-1.04627e-05
302	-5.1979e-05
302.5	-5.54931e-06
303	0.000215249
303.5	2.96174e-05
304	-8.44583e-05
304.5	-1.70662e-05
305	-9.04532e-06
305.5	-6.07109e-06
306	-4.12988e-06
306.5	-3.37145e-06
307	-3.25712e-06
307.5	-3.46031e-06
308	-3.78936e-06
308.5	-4.17531e-06
309	-4.52726e-06
309.5	-4.95823e-06
310	-5.25396e-06
310.5	-5.46107e-06
311	-5.70714e-06
311.5	-6.17505e-06
312	-6.83683e-06
312.5	-7.89454e-06
313	-1.04836e-05
313.5	-6.10003e-05
314	-7.92917e-05
314.5	0.00021799
315	-1.01464e-05
315.5	-8.07938e-05
316	-1.47289e-05
316.5	-8.73276e-06
317	-8.91191e-06
317.5	-8.72168e-06
318	-7.58753e-06
318.5	-6.11759e-06
319	-4.88228e-06
319.5	-4.2478e-06
320	-4.02122e-06
320.5	-4.02903e-06
321	-4.24125e-06
321.5	-4.50821e-06
322	-4.70596e-06
322.5	-4.89083e-06
323	-5.06459e-06
323.5	-5.16731e-06
324	-5.25314e-06
324.5	-5.33739e-06
325	-5.39143e-06
325.5	-5.4288e-06
326	-5.53448e-06
326.5	-5.67824e-06
327	-5.67055e-06
327.5	-5.79169e-06
328	-5.98284e-06
328.5	-6.15301e-06
329	-5.93187e-06
329.5	-5.59881e-06
330	-6.04033e-06
330.5	-6.92701e-06
331	-8.49937e-06
331.5	-1.88169e-05
332	-0.000156578
332.5	0.000184643
333	2.36313e-05
333.5	-6.83855e-05
334	-4.19742e-05
334.5	-1.04512e-05
335	-7.20799e-06
335.5	-5.78066e-06
336	-5.1239e-06
336.5	-4.84083e-06
337	-4.70061e-06
337.5	-4.65088e-06
338	-4.67073e-06
338.5	-4.72831e-06
339	-4.66317e-06
339.5	-4.63959e-06
340	-4.60823e-06
340.5	-4.52204e-06
341	-4.48072e-06
341.5	-4.35405e-06
342	-4.34562e-06
342.5	-4.60402e-06
343	-4.96942e-06
343.5	-5.24875e-06
344	-5.47936e-06
344.5	-5.50503e-06
345	-5.5269e-06
345.5	-4.96701e-06
346	-5.27035e-06
346.5	-5.14323e-06
347	-5.36271e-06
347.5	-5.67377e-06
348	-4.92065e-06
348.5	-4.06869e-06
349	-3.70461e-06
349.5	-3.60744e-06
350	-3.2718e-06
350.5	-3.11444e-06
351	-3.10801e-06
351.5	-3.26964e-06
352	-3.73942e-06
352.5	-3.93917e-06
353	-4.66835e-06
353.5	-5.8857e-06
354	-6.3643e-06
354.5	-5.30946e-06
355	-3.99448e-06
355.5	-3.36789e-06
356	-3.39466e-06
356.5	-3.6289e-06
357	-3.32109e-06
357.5	-3.05421e-06
358	-2.71937e-06
358.5	-2.59905e-06
359	-2.47411e-06
359.5	-2.49484e-06
360	-2.6065e-06
360.5	-2.74019e-06
361	-2.82671e-06
361.5	-2.90734e-06
362	-3.04234e-06
362.5	-3.22385e-06
363	-3.51817e-06
363.5	-4.10279e-06
364	-5.11088e-06
364.5	-7.5007e-06
365	-3.39814e-05
365.5	-3.36088e-05
366	0.000185679
366.5	1.54816e-05
367	-7.18223e-05
367.5	-1.34829e-05
368	-1.19123e-05
368.5	-1.22647e-05
369	-1.14366e-05
369.5	-1.04696e-05
370	-9.33752e-06
370.5	-8.33399e-06
371	-7.48137e-06
371.5	-6.94479e-06
372	-6.80606e-06
372.5	-6.78697e-06
373	-6.68682e-06
373.5	-6.67852e-06
374	-6.70747e-06
374.5	-6.80684e-06
375	-6.86207e-06
375.5	-6.97338e-06
376	-7.12332e-06
376.5	-7.28947e-06
377	-7.61277e-06
377.5	-8.00675e-06
378	-8.68205e-06
378.5	-1.0035e-05
379	-1.5727e-05
379.5	-0.000125725
380	0.000102137
380.5	3.15066e-05
381	-3.56987e-05
381.5	-4.00464e-05
382	-1.11838e-05
382.5	-1.03629e-05
383	-9.98373e-06
383.5	-9.59966e-06
384	-8.6045e-06
384.5	-7.74261e-06
385	-7.265e-06
385.5	-6.56129e-06
386	-5.74416e-06
386.5	-5.26409e-06
387	-5.06358e-06
387.5	-4.97528e-06
388	-4.86337e-06
388.5	-4.75321e-06
389	-4.71371e-06
389.5	-4.75542e-06
390	-4.79657e-06
390.5	-4.81773e-06
391	-4.85563e-06
391.5	-4.89203e-06
392	-4.92067e-06
392.5	-4.92173e-06
393	-5.05566e-06
393.5	-5.29508e-06
394	-5.65229e-06
394.5	-6.02307e-06
395	-6.49232e-06
395.5	-7.22579e-06
396	-8.79059e-06
396.5	-1.44925e-05
397	-0.000154766
397.5	0.000138349
398	4.62438e-05
398.5	-3.71963e-05
399	-3.53443e-05
399.5	-1.07347e-05
400	-8.73085e-06
400.5	-7.66336e-06
401	-6.54431e-06
401.5	-5.45718e-06
402	-4.70978e-06
402.5	-4.42801e-06
403	-4.61107e-06
403.5	-4.90987e-06
404	-5.10054e-06
404.5	-5.28044e-06
405	-5.54825e-06
405.5	-5.83707e-06
406	-6.14276e-06
406.5	-6.54383e-06
407	-6.90929e-06
407.5	-7.18119e-06
408	-7.39121e-06
408.5	-7.49962e-06
409	-7.60424e-06
409.5	-7.73707e-06
410	-7.9892e-06
410.5	-8.32942e-06
411	-8.66085e-06
411.5	-9.13516e-06
412	-9.93524e-06
412.5	-1.15366e-05
413	-1.70866e-05
413.5	-0.000152834
414	0.00013233
414.5	7.863e-05
415	-3.46085e-05
415.5	-4.71987e-05
416	-1.4748e-05
416.5	-1.11744e-05
417	-8.90747e-06
417.5	-8.03105e-06
418	-7.96246e-06
418.5	-8.25284e-06
419	-8.53222e-06
419.5	-8.69256e-06
420	-8.89964e-06
420.5	-9.21572e-06
421	-9.40569e-06
421.5	-9.53104e-06
422	-9.69544e-06
422.5	-9.84754e-06
423	-1.00692e-05
423.5	-1.04192e-05
424	-1.09904e-05
424.5	-1.21749e-05
425	-1.69741e-05
425.5	-0.000115448
426	7.42786e-05
426.5	3.64048e-05
427	-3.54188e-05
427.5	-4.40095e-05
428	-1.1087e-05
428.5	-1.07193e-05
429	-9.18444e-06
429.5	-7.40457e-06
430	-6.89634e-06
430.5	-6.84988e-06
431	-6.86516e-06
431.5	-6.79069e-06
432	-6.73736e-06
432.5	-6.88595e-06
433	-7.02525e-06
433.5	-7.17731e-06
434	-7.5177e-06
434.5	-7.93811e-06
435	-8.43601e-06
435.5	-8.82564e-06
436	-9.13616e-06
436.5	-9.39847e-06
437	-9.73433e-06
437.5	-1.02749e-05
438	-1.16896e-05
438.5	-5.22966e-05
439	-0.000212558
439.5	0.000244552
440	-3.35958e-06
440.5	-6.86355e-05
441	-1.77675e-05
441.5	-6.9887e-06
442	-7.73888e-06
442.5	-7.60882e-06
443	-7.29933e-06
443.5	-7.56582e-06
444	-6.60743e-06
444.5	-5.01428e-06
445	-4.12611e-06
445.5	-3.65515e-06
446	-3.541e-06
446.5	-3.61228e-06
447	-3.60098e-06
447.5	-3.55349e-06
448	-3.5434e-06
448.5	-3.65164e-06
449	-3.90584e-06
449.5	-4.01698e-06
450	-4.00981e-06
450.5	-4.07715e-06
451	-4.28264e-06
451.5	-4.54315e-06
452	-4.76928e-06
452.5	-4.99719e-06
453	-5.38863e-06
453.5	-6.07428e-06
454	-7.41224e-06
454.5	-1.41636e-05
455	-0.000162618
455.5	0.000139897
456	1.05596e-05
456.5	-6.06709e-05
457	-3.20313e-05
457.5	-1.07207e-05
458	-8.50648e-06
458.5	-6.62146e-06
459	-5.39496e-06
459.5	-4.91308e-06
460	-4.39342e-06
460.5	-4.1256e-06
461	-4.16423e-06
461.5	-4.21048e-06
462	-4.22659e-06
462.5	-4.1849e-06
463	-4.17011e-06
463.5	-4.09712e-06
464	-3.89647e-06
464.5	-3.76829e-06
465	-3.7048e-06
465.5	-3.73261e-06
466	-3.56828e-06
466.5	-3.18608e-06
467	-2.98406e-06
467.5	-2.90159e-06
468	-2.60329e-06
468.5	-2.56374e-06
469	-2.65994e-06
469.5	-2.72078e-06
470	-2.52251e-06
470.5	-2.18466e-06
471	-2.05196e-06
471.5	-2.96536e-06
472	-3.53681e-06
472.5	-4.15217e-06
473	-4.41005e-06
473.5	-4.06629e-06
474	-4.42423e-06
474.5	-5.00943e-06
475	-5.1776e-06
475.5	-5.09042e-06
476	-5.14751e-06
476.5	-5.20631e-06
477	-4.88925e-06
477.5	-4.34132e-06
478	-4.08509e-06
478.5	-3.82978e-06
479	-3.87239e-06
479.5	-3.99417e-06
480	-4.29823e-06
480.5	-4.3039e-06
481	-4.20693e-06
481.5	-4.28139e-06
482	-4.08333e-06
482.5	-3.94919e-06
483	-4.0124e-06
483.5	-4.39753e-06
484	-5.23492e-06
484.5	-5.42008e-06
485	-5.77584e-06
485.5	-7.0653e-06
486	-1.08012e-05
486.5	-0.000105364
487	-8.35301e-05
487.5	0.000139462
488	-6.55575e-05
488.5	-8.00837e-05
489	-1.16817e-05
489.5	-5.94479e-06
490	-6.38602e-06
490.5	-6.50593e-06
491	-6.23709e-06
491.5	-5.8058e-06
492	-5.46547e-06
492.5	-5.15041e-06
493	-4.84189e-06
493.5	-4.65055e-06
494	-4.57621e-06
494.5	-4.5176e-06
495	-4.54531e-06
495.5	-4.52035e-06
496	-4.51917e-06
496.5	-4.58098e-06
497	-4.61519e-06
497.5	-4.36851e-06
498	-4.30871e-06
498.5	-4.22913e-06
499	-4.81059e-06
499.5	-5.09898e-06
500	-5.24035e-06
500.5	-5.35349e-06
501	-5.34912e-06
501.5	-5.45836e-06
502	-5.55579e-06
502.5	-5.62479e-06
503	-5.66884e-06
503.5	-5.89107e-06
504	-6.15529e-06
504.5	-6.39939e-06
505	-6.54664e-06
505.5	-6.68237e-06
506	-6.85572e-06
506.5	-7.04642e-06
507	-7.33428e-06
507.5	-7.7377e-06
508	-8.34966e-06
508.5	-9.74158e-06
509	-1.61669e-05
509.5	-0.000146623
510	0.000124084
510.5	1.59993e-05
511	-4.2194e-05
511.5	-2.96002e-05
512	-8.78935e-06
512.5	-7.04779e-06
513	-6.31971e-06
513.5	-5.96782e-06
514	-4.90967e-06
514.5	-4.22941e-06
515	-4.02989e-06
515.5	-3.82164e-06
516	-3.90068e-06
516.5	-3.97572e-06
517	-4.07211e-06
517.5	-4.24746e-06
518	-4.47636e-06
518.5	-4.72645e-06
519	-5.0148e-06
519.5	-5.29498e-06
520	-5.6055e-06
520.5	-5.98481e-06
521	-6.37185e-06
521.5	-6.77886e-06
522	-7.15182e-06
522.5	-7.70901e-06
523	-9.03194e-06
523.5	-2.38506e-05
524	-0.000203622
524.5	0.000194831
525	-7.62711e-06
525.5	-6.90523e-05
526	-2.14669e-05
526.5	-8.83774e-06
527	-9.30369e-06
527.5	-8.87142e-06
528	-8.27561e-06
528.5	-7.0669e-06
529	-6.11272e-06
529.5	-5.52695e-06
530	-5.2382e-06
530.5	-5.37524e-06
531	-5.54341e-06
531.5	-5.70899e-06
532	-5.77702e-06
532.5	-5.81761e-06
533	-5.83106e-06
533.5	-5.77993e-06
534	-5.67563e-06
534.5	-5.62072e-06
535	-5.61452e-06
535.5	-5.67845e-06
536	-5.78911e-06
536.5	-6.05713e-06
537	-6.20581e-06
537.5	-6.30087e-06
538	-6.45997e-06
538.5	-6.83859e-06
539	-7.6954e-06
539.5	-1.22314e-05
540	-0.000120513
540.5	0.000133595
541	2.22901e-05
541.5	-6.43256e-05
542	-5.08765e-05
542.5	-1.25136e-05
543	-9.14618e-06
543.5	-7.29903e-06
544	-5.9489e-06
544.5	-5.28206e-06
545	-4.99757e-06
545.5	-4.91146e-06
546	-4.89366e-06
546.5	-4.8415e-06
547	-4.86395e-06
547.5	-4.98616e-06
548	-5.13561e-06
548.5	-5.23031e-06
549	-5.40647e-06
549.5	-5.56653e-06
550	-5.65228e-06
550.5	-5.6731e-06
551	-5.66781e-06
551.5	-5.65422e-06
552	-5.72608e-06
552.5	-5.86208e-06
553	-6.00556e-06
553.5	-6.1765e-06
554	-5.75632e-06
554.5	-6.0257e-06
555	-6.78026e-06
555.5	-7.76919e-06
556	-9.33746e-06
556.5	-6.10491e-05
557	-0.000113095
557.5	0.000242041
558	8.11433e-06
558.5	-8.3173e-05
559	-1.90633e-05
559.5	-1.10964e-05
560	-8.98043e-06
560.5	-8.02072e-06
561	-7.54325e-06
561.5	-7.22779e-06
562	-6.90367e-06
562.5	-6.58696e-06
563	-6.29856e-06
563.5	-5.9838e-06
564	-5.62061e-06
564.5	-5.35968e-06
565	-5.30881e-06
565.5	-5.29534e-06
566	-5.39425e-06
566.5	-5.58097e-06
567	-5.94523e-06
567.5	-6.33445e-06
568	-6.65799e-06
568.5	-7.00226e-06
569	-7.19745e-06
569.5	-6.53101e-06
570	-6.67708e-06
570.5	-7.3781e-06
571	-7.85174e-06
571.5	-8.67375e-06
572	-9.80464e-06
572.5	-1.27125e-05
573	-6.30802e-05
573.5	-0.000185415
574	0.000265259
574.5	1.16929e-05
575	-7.25144e-05
575.5	-2.22085e-05
576	-9.98669e-06
576.5	-8.06678e-06
577	-7.33681e-06
577.5	-6.95659e-06
578	-6.95006e-06
578.5	-7.044e-06
579	-7.16779e-06
579.5	-7.33623e-06
580	-7.4268e-06
580.5	-7.54028e-06
581	-7.66262e-06
581.5	-7.79159e-06
582	-8.00318e-06
582.5	-8.13168e-06
583	-8.28195e-06
583.5	-8.3619e-06
584	-8.12699e-06
584.5	-8.67223e-06
585	-1.12317e-05
585.5	-6.74379e-05
586	0.000110831
586.5	0.000185434
587	-1.85272e-05
587.5	-8.89547e-05
588	-1.77164e-05
588.5	-9.74515e-06
589	-7.19116e-06
589.5	-5.96365e-06
590	-5.66746e-06
590.5	-5.87968e-06
591	-6.15324e-06
591.5	-6.41966e-06
592	-6.63856e-06
592.5	-6.73053e-06
593	-6.82635e-06
593.5	-6.92917e-06
594	-7.13895e-06
594.5	-7.54017e-06
595	-8.24242e-06
595.5	-9.33552e-06
596	-1.11769e-05
596.5	-1.66846e-05
597	-0.000147463
597.5	9.15456e-05
598	7.20752e-05
598.5	-3.36909e-05
599	-5.35222e-05
599.5	-1.71397e-05
600	-1.40193e-05
600.5	-9.88162e-06
601	-7.44925e-06
601.5	-6.39623e-06
602	-5.85772e-06
602.5	-5.56132e-06
603	-5.33918e-06
603.5	-5.02184e-06
604	-4.75819e-06
604.5	-5.04136e-06
605	-5.54365e-06
605.5	-5.2529e-06
606	-5.14285e-06
606.5	-5.68632e-06
607	-6.31308e-06
607.5	-4.91202e-06
608	-4.24216e-06
608.5	-3.98533e-06
609	-3.77613e-06
609.5	-3.82385e-06
610	-3.92479e-06
610.5	-4.13546e-06
611	-4.42272e-06
611.5	-4.74227e-06
612	-5.05152e-06
612.5	-5.43423e-06
613	-5.80379e-06
613.5	-6.09664e-06
614	-6.40453e-06
614.5	-6.85531e-06
615	-7.44486e-06
615.5	-8.50043e-06
616	-1.11469e-05
616.5	-5.95271e-05
617	-0.000158793
617.5	0.000210705
618	2.08456e-05
618.5	-7.94104e-05
619	-1.47615e-05
619.5	-1.0259e-05
620	-1.04237e-05
620.5	-1.07452e-05
621	-1.07319e-05
621.5	-1.08546e-05
622	-9.77047e-06
622.5	-8.6165e-06
623	-7.35255e-06
623.5	-6.5731e-06
624	-6.23801e-06
624.5	-6.01865e-06
625	-5.82294e-06
625.5	-5.64857e-06
626	-5.58206e-06
626.5	-5.71698e-06
627	-5.95093e-06
627.5	-6.18882e-06
628	-6.4392e-06
628.5	-6.75229e-06
629	-7.09182e-06
629.5	-7.46424e-06
630	-7.99018e-06
630.5	-8.88653e-06
631	-1.12598e-05
631.5	-6.13793e-05
632	-0.000229473
632.5	0.00022398
633	2.92871e-05
633.5	-7.69375e-05
634	-1.35735e-05
634.5	-8.22814e-06
635	-8.39885e-06
635.5	-8.43309e-06
636	-8.09363e-06
636.5	-8.20108e-06
637	-8.47171e-06
637.5	-7.60025e-06
638	-6.81959e-06
638.5	-6.35073e-06
639	-6.21186e-06
639.5	-6.11764e-06
640	-6.23461e-06
640.5	-6.25101e-06
641	-6.21468e-06
641.5	-6.18071e-06
642	-6.14648e-06
642.5	-6.11208e-06
643	-6.01321e-06
643.5	-5.90783e-06
644	-5.83228e-06
644.5	-5.7233e-06
645	-5.60996e-06
645.5	-5.5673e-06
646	-5.54837e-06
646.5	-5.63223e-06
647	-5.77098e-06
647.5	-6.02819e-06
648	-6.45987e-06
648.5	-7.21005e-06
649	-8.66464e-06
649.5	-1.38178e-05
650	-0.000149864
650.5	0.000128505
651	4.66783e-05
651.5	-3.37991e-05
652	-3.56777e-05
652.5	-1.17726e-05
653	-9.41393e-06
653.5	-6.74038e-06
654	-5.09951e-06
654.5	-3.58914e-06
655	-2.86843e-06
655.5	-2.50527e-06
656	-2.59505e-06
656.5	-2.71487e-06
657	-2.85571e-06
657.5	-3.02468e-06
658	-3.19673e-06
658.5	-3.33537e-06
659	-3.47351e-06
659.5	-3.75981e-06
660	-3.90094e-06
660.5	-3.81797e-06
661	-3.98031e-06
661.5	-4.22612e-06
662	-4.46334e-06
662.5	-4.76046e-06
663	-5.07611e-06
663.5	-5.37434e-06
664	-5.72995e-06
664.5	-6.26978e-06
665	-7.2205e-06
665.5	-9.48552e-06
666	-3.32256e-05
666.5	-0.000318253
667	0.000319065
667.5	4.6937e-05
668	-7.46488e-05
668.5	-1.85263e-05
669	-9.24186e-06
669.5	-7.06185e-06
670	-6.17227e-06
670.5	-5.39629e-06
671	-4.97576e-06
671.5	-4.77231e-06
672	-4.61315e-06
672.5	-4.47104e-06
673	-4.6177e-06
673.5	-4.92782e-06
674	-5.16805e-06
674.5	-5.30412e-06
675	-5.41955e-06
675.5	-5.49797e-06
676	-5.48143e-06
676.5	-5.36411e-06
677	-5.15386e-06
677.5	-4.87393e-06
678	-4.57481e-06
678.5	-4.27595e-06
679	-3.95532e-06
679.5	-3.78e-06
680	-3.67402e-06
680.5	-4.01954e-06
681	-4.19505e-06
681.5	-4.28125e-06
682	-4.28573e-06
682.5	-4.25158e-06
683	-4.44738e-06
683.5	-4.60954e-06
684	-4.78482e-06
684.5	-5.01347e-06
685	-5.23028e-06
685.5	-5.47005e-06
686	-5.60952e-06
686.5	-5.67257e-06
687	-5.7679e-06
687.5	-5.95281e-06
688	-6.16995e-06
688.5	-6.33927e-06
689	-6.58516e-06
689.5	-6.8434e-06
690	-7.2385e-06
690.5	-8.13208e-06
691	-1.19464e-05
691.5	-9.75922e-05
692	7.9343e-05
692.5	2.05668e-05
693	-5.01949e-05
693.5	-4.03421e-05
694	-7.45867e-06
694.5	-5.78761e-06
695	-5.28126e-06
695.5	-5.55041e-06
696	-5.71007e-06
696.5	-4.2371e-06
697	-3.64313e-06
697.5	-3.46655e-06
698	-3.54384e-06
698.5	-3.57285e-06
699	-3.81084e-06
699.5	-4.19026e-06
700	-4.52391e-06
700.5	-4.71169e-06
701	-4.72545e-06
701.5	-4.75081e-06
702	-4.87522e-06
702.5	-4.75085e-06
703	-4.72642e-06
703.5	-4.79603e-06
704	-4.87985e-06
704.5	-5.08055e-06
705	-5.1689e-06
705.5	-5.32058e-06
706	-5.47397e-06
706.5	-5.81915e-06
707	-6.70461e-06
707.5	-1.03495e-05
708	-8.70835e-05
708.5	6.03584e-05
709	2.72157e-05
709.5	-4.34498e-05
710	-4.72688e-05
710.5	-1.44346e-05
711	-1.2198e-05
711.5	-1.09512e-05
712	-9.68441e-06
712.5	-8.78231e-06
713	-7.85916e-06
713.5	-6.70227e-06
714	-6.59499e-06
714.5	-6.53413e-06
715	-6.78116e-06
715.5	-6.61401e-06
716	-6.19999e-06
716.5	-6.03663e-06
717	-5.81576e-06
717.5	-5.28185e-06
718	-5.55034e-06
718.5	-4.2493e-06
719	-3.29057e-06
719.5	-2.7632e-06
720	-2.39581e-06
720.5	-2.27379e-06
721	-2.20372e-06
721.5	-2.19931e-06
722	-2.26617e-06
722.5	-2.35513e-06
723	-2.48382e-06
723.5	-2.58699e-06
724	-2.78804e-06
724.5	-2.98974e-06
725	-3.13254e-06
725.5	-3.35e-06
726	-3.62833e-06
726.5	-4.01639e-06
727	-4.3528e-06
727.5	-4.67696e-06
728	-4.80792e-06
728.5	-4.90368e-06
729	-4.98989e-06
729.5	-5.12112e-06
730	-5.29962e-06
730.5	-5.49703e-06
731	-5.96348e-06
731.5	-7.01446e-06
732	-1.02078e-05
732.5	-0.000116252
733	0.00012414
733.5	0.000108027
734	-2.51157e-05
734.5	-5.90436e-05
735	-1.28212e-05
735.5	-7.8759e-06
736	-5.50732e-06
736.5	-4.29571e-06
737	-3.94732e-06
737.5	-4.11567e-06
738	-4.31947e-06
738.5	-4.46663e-06
739	-4.52492e-06
739.5	-4.50957e-06
740	-4.44339e-06
740.5	-4.42409e-06
741	-4.4036e-06
741.5	-4.30271e-06
742	-4.16241e-06
742.5	-4.16796e-06
743	-4.25633e-06
743.5	-4.34748e-06
744	-4.44028e-06
744.5	-4.4742e-06
745	-4.68117e-06
745.5	-4.88645e-06
746	-5.25511e-06
746.5	-5.80631e-06
747	-5.89972e-06
747.5	-6.78457e-06
748	-1.1141e-05
748.5	-9.80005e-05
749	0.00013899
749.5	4.70091e-05
750	-5.94845e-05
750.5	-5.32517e-05
751	-1.13179e-05
751.5	-8.57205e-06
752	-7.38437e-06
752.5	-6.92942e-06
753	-6.89943e-06
753.5	-6.90622e-06
754	-7.08382e-06
754.5	-7.19275e-06
755	-7.24097e-06
755.5	-7.24724e-06
756	-7.14539e-06
756.5	-6.92912e-06
757	-6.66421e-06
757.5	-6.41453e-06
758	-6.16472e-06
758.5	-5.92863e-06
759	-5.84092e-06
759.5	-5.7419e-06
760	-5.54388e-06
760.5	-5.28409e-06
761	-5.14795e-06
761.5	-5.16868e-06
762	-5.25118e-06
762.5	-4.87894e-06
763	-5.14365e-06
763.5	-5.32286e-06
764	-6.04591e-06
764.5	-7.40454e-06
765	-3.0079e-05
765.5	-0.000173335
766	0.000188575
766.5	5.30394e-06
767	-6.87812e-05
767.5	-2.8392e-05
768	-8.65562e-06
768.5	-6.49921e-06
769	-5.67777e-06
769.5	-5.50603e-06
770	-5.41825e-06
770.5	-5.37304e-06
771	-5.30418e-06
771.5	-5.31166e-06
772	-5.29653e-06
772.5	-5.24274e-06
773	-5.19007e-06
773.5	-5.09421e-06
774	-4.92377e-06
774.5	-4.72381e-06
775	-4.52539e-06
775.5	-4.65416e-06
776	-4.88008e-06
776.5	-4.99625e-06
777	-5.23756e-06
777.5	-5.65348e-06
778	-5.88795e-06
778.5	-6.31193e-06
779	-7.13508e-06
779.5	-8.57026e-06
780	-3.60145e-05
780.5	-0.000190059
781	0.000182655
781.5	1.90701e-06
782	-7.08568e-05
782.5	-2.81523e-05
783	-7.44493e-06
783.5	-5.49787e-06
784	-4.79628e-06
784.5	-4.39352e-06
785	-4.09096e-06
785.5	-3.8045e-06
786	-3.48224e-06
786.5	-3.34273e-06
787	-3.27667e-06
787.5	-3.17302e-06
788	-2.94984e-06
788.5	-2.77566e-06
789	-2.52076e-06
789.5	-2.3545e-06
790	-2.41769e-06
790.5	-2.51844e-06
791	-2.55516e-06
791.5	-2.50371e-06
792	-2.62946e-06
792.5	-2.61579e-06
793	-2.71345e-06
793.5	-2.76438e-06
794	-2.86163e-06
794.5	-2.88327e-06
795	-2.94527e-06
795.5	-3.1937e-06
796	-3.46759e-06
796.5	-3.77159e-06
797	-4.13614e-06
797.5	-4.3657e-06
798	-4.44456e-06
798.5	-4.50747e-06
799	-4.5976e-06
799.5	-4.67351e-06
800	-4.79582e-06
800.5	-4.95482e-06
801	-5.11641e-06
801.5	-5.29478e-06
802	-5.60875e-06
802.5	-6.28322e-06
803	-7.86912e-06
803.5	-2.86811e-05
804	-0.000203393
804.5	0.000261759
805	-3.96346e-06
805.5	-7.52804e-05
806	-1.91785e-05
806.5	-9.09974e-06
807	-7.46205e-06
807.5	-6.53813e-06
808	-6.18545e-06
808.5	-5.84423e-06
809	-5.5325e-06
809.5	-5.46061e-06
810	-5.45446e-06
810.5	-5.47427e-06
811	-5.39748e-06
811.5	-5.21487e-06
812	-4.8937e-06
812.5	-4.64323e-06
813	-4.51954e-06
813.5	-4.42464e-06
814	-4.44206e-06
814.5	-4.57708e-06
815	-4.63602e-06
815.5	-4.76938e-06
816	-5.10578e-06
816.5	-5.57977e-06
817	-6.37263e-06
817.5	-8.69992e-06
818	-5.92458e-05
818.5	-5.31228e-06
819	0.000171426
819.5	-1.87327e-05
820	-8.36903e-05
820.5	-1.71993e-05
821	-1.21431e-05
821.5	-1.01199e-05
822	-8.58562e-06
822.5	-7.79284e-06
823	-7.39824e-06
823.5	-7.07418e-06
824	-6.55966e-06
824.5	-6.16786e-06
825	-5.51007e-06
825.5	-5.18207e-06
826	-5.08732e-06
826.5	-5.89827e-06
827	-6.29139e-06
827.5	-6.51464e-06
828	-6.61145e-06
828.5	-7.02027e-06
829	-7.03301e-06
829.5	-7.08772e-06
830	-6.64304e-06
830.5	-5.93976e-06
831	-5.26841e-06
831.5	-5.58042e-06
832	-5.8107e-06
832.5	-6.23498e-06
833	-6.62048e-06
833.5	-6.30548e-06
834	-6.1392e-06
834.5	-5.95439e-06
835	-5.60224e-06
835.5	-5.27318e-06
836	-5.24384e-06
836.5	-5.41824e-06
837	-5.55649e-06
837.5	-5.67616e-06
838	-5.60001e-06
838.5	-5.70165e-06
839	-5.96826e-06
839.5	-6.5708e-06
840	-7.71102e-06
840.5	-1.23181e-05
841	-0.000108934
841.5	8.87851e-05
842	6.89016e-07
842.5	-4.81596e-05
843	-2.60076e-05
843.5	-7.75382e-06
844	-7.98545e-06
844.5	-8.64721e-06
845	-9.83013e-06
845.5	-1.0221e-05
846	-1.06853e-05
846.5	-9.71553e-06
847	-8.17241e-06
847.5	-7.22129e-06
848	-6.54603e-06
848.5	-6.34897e-06
849	-6.39499e-06
849.5	-6.52312e-06
850	-6.57546e-06
850.5	-6.56545e-06
851	-6.67226e-06
851.5	-6.80783e-06
852	-6.99908e-06
852.5	-7.09122e-06
853	-7.08602e-06
853.5	-7.04817e-06
854	-6.93452e-06
854.5	-6.84334e-06
855	-6.73527e-06
855.5	-6.5994e-06
856	-6.4646e-06
856.5	-6.38449e-06
857	-6.42053e-06
857.5	-6.65014e-06
858	-7.17706e-06
858.5	-8.06951e-06
859	-9.97417e-06
859.5	-4.0481e-05
860	-0.000204156
860.5	0.00026137
861	3.17584e-06
861.5	-7.24872e-05
862	-2.00256e-05
862.5	-1.04463e-05
863	-8.85823e-06
863.5	-7.61464e-06
864	-6.55818e-06
864.5	-5.74892e-06
865	-5.51352e-06
865.5	-5.79453e-06
866	-6.34348e-06
866.5	-6.88186e-06
867	-7.22665e-06
867.5	-7.33967e-06
868	-7.42694e-06
868.5	-7.56308e-06
869	-7.68604e-06
869.5	-7.98177e-06
870	-8.40135e-06
870.5	-9.33729e-06
871	-1.50297e-05
871.5	-0.000125674
872	0.000115236
872.5	3.16742e-05
873	-6.75977e-05
873.5	-5.61639e-05
874	-8.43848e-06
874.5	-6.31817e-06
875	-5.85689e-06
875.5	-5.66553e-06
876	-6.40179e-06
876.5	-6.74824e-06
877	-5.46176e-06
877.5	-4.49639e-06
878	-4.0378e-06
878.5	-3.59265e-06
879	-3.27178e-06
879.5	-3.11748e-06
880	-3.03314e-06
880.5	-3.08468e-06
881	-3.23796e-06
881.5	-3.48146e-06
882	-3.81e-06
882.5	-4.13862e-06
883	-4.45574e-06
883.5	-4.69849e-06
884	-4.81234e-06
884.5	-4.98844e-06
885	-5.24709e-06
885.5	-5.49188e-06
886	-5.80532e-06
886.5	-6.24074e-06
887	-7.36972e-06
887.5	-1.49456e-05
888	-0.000155564
888.5	0.00014086
889	5.01953e-07
889.5	-6.47355e-05
890	-3.37801e-05
890.5	-6.04911e-06
891	-5.9529e-06
891.5	-5.9793e-06
892	-6.21274e-06
892.5	-5.45944e-06
893	-4.50633e-06
893.5	-4.2219e-06
894	-4.44292e-06
894.5	-4.52073e-06
895	-4.72211e-06
895.5	-4.98151e-06
896	-5.15242e-06
896.5	-5.27583e-06
897	-5.3481e-06
897.5	-5.17662e-06
898	-5.06248e-06
898.5	-4.96681e-06
899	-4.85446e-06
899.5	-4.73368e-06
900	-4.7027e-06
900.5	-4.77132e-06
901	-4.87318e-06
901.5	-5.06175e-06
902	-5.13992e-06
902.5	-5.15194e-06
903	-5.25341e-06
903.5	-5.39898e-06
904	-5.70793e-06
904.5	-5.96536e-06
905	-6.15643e-06
905.5	-6.30215e-06
906	-5.98273e-06
906.5	-6.06818e-06
907	-5.85662e-06
907.5	-6.03e-06
908	-6.16881e-06
908.5	-6.19623e-06
909	-6.16114e-06
909.5	-6.10061e-06
910	-6.0739e-06
910.5	-6.1058e-06
911	-6.15763e-06
911.5	-6.21828e-06
912	-6.41583e-06
912.5	-6.69965e-06
913	-6.99154e-06
913.5	-7.28465e-06
914	-7.52624e-06
914.5	-7.8073e-06
915	-8.02736e-06
915.5	-8.11943e-06
916	-8.12619e-06
916.5	-7.987e-06
917	-7.86935e-06
917.5	-7.8504e-06
918	-8.08374e-06
918.5	-8.93401e-06
919	-1.45973e-05
919.5	-0.000133688
920	0.000113354
920.5	1.04852e-05
921	-5.6865e-05
921.5	-3.49198e-05
922	-9.12194e-06
922.5	-7.46363e-06
923	-5.87294e-06
923.5	-4.09009e-06
924	-3.34309e-06
924.5	-3.35207e-06
925	-3.59909e-06
925.5	-3.85491e-06
926	-4.07343e-06
926.5	-4.49765e-06
927	-5.0233e-06
927.5	-5.40366e-06
928	-5.52371e-06
928.5	-5.57457e-06
929	-5.61392e-06
929.5	-5.74607e-06
930	-5.92249e-06
930.5	-6.11451e-06
931	-6.39119e-06
931.5	-6.83953e-06
932	-7.81899e-06
932.5	-1.06762e-05
933	-6.86777e-05
933.5	0.000274467
934	0.000155049
934.5	-3.51244e-05
935	-7.95105e-05
935.5	-1.29235e-05
936	-8.0532e-06
936.5	-5.26659e-06
937	-3.3091e-06
937.5	-2.23143e-06
938	-1.84163e-06
938.5	-1.85857e-06
939	-2.0146e-06
939.5	-2.2313e-06
940	-2.48262e-06
940.5	-2.86211e-06
941	-3.3673e-06
941.5	-3.94881e-06
942	-4.58877e-06
942.5	-5.24625e-06
943	-5.83718e-06
943.5	-6.35095e-06
944	-6.62346e-06
944.5	-6.88774e-06
945	-7.13395e-06
945.5	-7.34252e-06
946	-7.84454e-06
946.5	-9.31083e-06
947	-2.23942e-05
947.5	-0.000224477
948	0.000278009
948.5	9.56968e-06
949	-6.53503e-05
949.5	-1.67789e-05
950	-8.70202e-06
950.5	-9.23341e-06
951	-7.77084e-06
951.5	-6.23189e-06
952	-5.12526e-06
952.5	-4.58676e-06
953	-4.69797e-06
953.5	-4.91671e-06
954	-4.9867e-06
954.5	-5.03056e-06
955	-5.27479e-06
955.5	-5.5577e-06
956	-5.85718e-06
956.5	-5.73153e-06
957	-5.68177e-06
957.5	-5.43271e-06
958	-5.49529e-06
958.5	-5.74006e-06
959	-6.0299e-06
959.5	-6.48336e-06
960	-7.03279e-06
960.5	-7.73035e-06
961	-9.28616e-06
961.5	-2.75096e-05
962	-0.000199826
962.5	0.000181477
963	-3.73976e-06
963.5	-6.30584e-05
964	-2.27179e-05
964.5	-9.61334e-06
965	-1.16007e-05
965.5	-1.03579e-05
966	-8.00694e-06
966.5	-7.10133e-06
967	-6.28382e-06
967.5	-6.3128e-06
968	-6.43471e-06
968.5	-5.68222e-06
969	-5.26478e-06
969.5	-5.91011e-06
970	-6.54441e-06
970.5	-6.82276e-06
971	-6.78918e-06
971.5	-6.38559e-06
972	-6.52701e-06
972.5	-5.37617e-06
973	-5.59964e-06
973.5	-5.85478e-06
974	-5.69771e-06
974.5	-5.44079e-06
975	-5.42909e-06
975.5	-5.50424e-06
976	-5.63049e-06
976.5	-5.71958e-06
977	-5.76834e-06
977.5	-5.74334e-06
978	-5.69498e-06
978.5	-5.65868e-06
979	-5.68605e-06
979.5	-5.90619e-06
980	-6.56075e-06
980.5	-8.88797e-06
981	-6.32359e-05
981.5	0.000263786
982	0.000125004
982.5	-4.39841e-05
983	-6.86814e-05
983.5	-1.046e-05
984	-8.74978e-06
984.5	-9.07939e-06
985	-9.04947e-06
985.5	-9.44343e-06
986	-9.5479e-06
986.5	-8.1217e-06
987	-6.77161e-06
987.5	-5.96458e-06
988	-5.47154e-06
988.5	-5.22496e-06
989	-5.26425e-06
989.5	-5.40533e-06
990	-5.5846e-06
990.5	-5.71775e-06
991	-5.99197e-06
991.5	-6.22938e-06
992	-6.33117e-06
992.5	-6.31112e-06
993	-6.30026e-06
993.5	-6.3573e-06
994	-6.59277e-06
994.5	-6.84155e-06
995	-7.25265e-06
995.5	-8.31825e-06
996	-1.09135e-05
996.5	-6.06014e-05
997	-0.00013215
997.5	0.000201725
998	2.07098e-05
998.5	-7.73162e-05
999	-1.27873e-05
999.5	-7.89221e-06
1000	-6.97631e-06
