0.038 408984
0.477 507354
0.926 448761
1.208 372290
1.251 395306
1.333 561594
1.635 386452
1.783 373880
2.343 579524
2.524 361718
3.268 398776
3.827 346195
3.833 376004
4.280 359570
5.064 390924
5.762 466749
5.885 411182
5.944 465328
6.144 354877
6.511 346354
6.617 395527
6.834 341463
7.243 351239
7.304 554117
7.406 392971
7.654 562742
8.284 393531
8.707 364400
8.779 396820
8.818 345403
9.399 404185
10.150 3810
10.656 350274
10.725 3681
10.726 413772
10.850 3794
11.250 3837
11.314 340893
11.547 499472
11.605 377148
11.740 461209
11.844 414596
11.900 3762
11.925 3789
12.075 16250
12.117 432029
12.242 383880
12.259 359965
12.325 3759
12.325 3814
12.450 3734
12.607 550659
12.739 343879
12.777 406855
12.802 406023
12.975 333114
13.145 552002
13.300 3862
13.325 3707
13.350 3735
13.891 358862
14.125 332816
14.125 332933
14.450 332931
14.537 398965
14.575 16102
14.904 398645
15.093 413949
15.250 332906
15.543 424229
16.225 16220
16.525 16370
16.700 332811
16.734 386252
16.775 26572
17.787 352772
18.125 16250
18.212 403015
18.413 346551
18.920 341644
19.550 16210
19.650 27749
20.200 16095
20.210 420763
20.325 29380
20.398 427228
20.416 362834
20.458 576287
20.675 26024
20.896 350538
20.938 415410
21.357 389473
21.444 376877
21.488 495081
21.692 357646
21.760 410080
21.900 36485
22.160 343853
22.284 382201
22.318 406338
22.688 342991
23.050 32848
23.075 16220
23.079 377893
23.194 340922
23.300 25367
23.484 416367
23.575 372135
23.959 343752
24.385 411045
25.156 384220
25.200 338347
25.200 3810
25.236 355225
25.525 29379
25.625 22564
25.925 16250
25.925 37472
25.961 469519
25.975 29475
26.000 26047
26.125 3794
26.300 32346
26.319 375790
26.375 25429
26.500 34186
26.518 552024
26.575 23702
26.650 30044
26.650 3862
26.675 25929
26.675 3707
26.725 16295
26.900 29697
26.950 25346
26.975 38139
27.025 27747
27.116 428152
27.166 367909
27.200 21997
27.200 22544
27.200 33474
27.275 28339
27.300 24864
27.375 26023
27.400 1560
27.400 22565
27.475 21955
27.475 332995
27.475 3837
27.525 3814
27.575 1668
27.600 1473
27.704 351830
27.775 21318
27.800 29453
27.950 1517
27.975 21348
27.975 28299
27.993 369101
28.042 414001
28.075 21401
28.075 27740
28.075 3734
28.100 1559
28.125 19688
28.125 332993
28.150 3762
28.175 25921
28.175 3759
28.200 32869
28.270 366645
28.275 22530
28.325 1494
28.325 19702
28.325 19704
28.350 19674
28.350 29973
28.375 23150
28.403 358411
28.427 531611
28.440 398906
28.450 332816
28.475 30000
28.525 37992
28.550 28794
28.600 1537
28.625 3681
28.650 1514
28.746 400496
28.750 19719
28.800 333114
28.822 350923
28.825 1521
28.850 1471
28.875 19670
28.875 23107
28.875 23734
28.900 31095
28.950 27183
28.950 332902
28.975 1538
28.984 386487
29.025 26584
27.325 0
29.050 29429
29.050 31136
29.050 333020
29.100 21948
29.125 26056
29.144 369101
29.150 16210
29.200 1496
29.225 19703
29.225 332962
29.275 23070
29.275 36281
29.300 3789
29.325 23671
29.325 35132
29.350 26551
29.400 1470
29.425 1492
29.450 25935
29.475 55270
29.500 1493
29.575 1515
29.575 22002
29.575 33480
29.600 25335
29.600 27211
29.625 21315
29.675 19686
29.700 23681
29.750 27218
29.775 333080
29.800 21933
29.825 34628
29.875 43759
29.950 38604
30.006 375485
30.023 434981
30.024 699600
30.075 27672
30.125 21930
30.175 22517
30.188 440117
30.200 332931
30.225 21574
30.250 21410
30.250 23628
30.250 27197
30.275 26542
30.350 43345
30.375 28853
30.375 35720
30.400 24420
30.425 21989
30.469 415108
30.500 28343
30.500 332811
30.525 31702
30.525 332991
30.625 25911
30.650 23728
30.675 26572
30.700 42610
30.725 22020
30.725 28905
30.750 36271
30.775 24831
30.850 38589
30.875 33421
30.875 36304
30.900 332872
30.902 350303
30.950 27161
30.950 31689
31.025 26024
31.025 333027
31.025 333205
31.050 30003
31.050 333023
31.050 333082
31.075 333081
31.100 35713
31.125 34636
31.150 32330
31.225 23701
31.225 24260
31.225 332930
31.250 28817
31.250 332845
31.250 332934
31.275 41514
31.300 332935
31.300 333021
31.325 31748
31.350 31180
31.350 332903
31.375 24256
31.375 32310
31.375 32823
31.375 332960
31.400 332822
31.400 332906
31.416 377906
31.425 24880
31.425 28981
31.450 21437
31.450 333326
31.450 54104
31.475 332815
31.500 27762
31.523 511404
31.525 21408
31.525 332841
31.650 28890
31.650 333052
31.700 24185
31.725 332901
31.775 332812
31.775 332932
31.800 332813
31.800 332846
31.800 332870
31.800 50756
31.825 332933
31.825 333024
31.850 22000
31.875 35128
31.900 22008
31.900 38576
31.950 23119
31.975 28232
31.975 332990
32.000 27150
32.000 28312
32.000 32336
32.050 36485
32.075 28847
32.075 29448
32.100 26129
32.100 32323
32.125 24290
32.125 25418
32.125 28246
32.125 29490
32.150 37453
32.165 383144
32.175 1473
32.175 1560
32.175 29380
32.225 34045
32.250 1668
32.250 26019
32.250 26554
32.275 26067
32.275 27749
32.350 21424
32.425 35127
32.500 29949
32.525 25405
32.575 33390
32.575 34544
32.650 34617
32.664 365597
32.700 38048
32.750 31733
32.750 36500
32.775 36345
32.825 24292
32.850 31201
32.900 1559
32.900 23666
32.950 1517
32.950 25427
32.950 36870
33.025 44897
33.100 24763
33.274 385334
33.281 383249
33.375 1494
33.475 1514
33.500 21349
33.575 26556
33.775 1521
33.825 32855
33.850 1471
34.075 1537
34.346 359097
34.650 1496
34.700 1538
34.775 1492
34.775 1493
34.816 409875
34.955 376169
35.050 1470
35.221 381767
35.600 332995
35.600 333114
35.650 332902
35.675 333020
35.900 332993
35.975 332811
36.050 332931
36.075 333027
36.125 332991
36.150 332903
36.150 332962
36.150 333080
36.175 332816
36.180 439127
36.200 332934
36.200 332935
36.200 333205
36.225 332822
36.300 332960
36.325 332930
36.375 332901
36.475 332845
36.475 332846
36.500 333021
36.525 333082
36.552 380115
36.575 332815
36.575 332872
36.600 332813
36.700 333023
36.700 333024
36.850 332812
36.875 332990
37.075 332870
37.100 332841
37.150 332906
37.175 332932
37.425 16220
37.675 333081
38.268 378992
38.319 375630
38.604 349335
38.721 438321
38.743 366974
38.759 382212
38.997 369323
39.075 16250
39.117 354213
39.302 352454
39.428 396282
39.486 461090
40.074 417087
40.195 451515
40.712 402030
40.864 340639
40.968 353022
41.267 339255
41.437 341362
41.568 381137
41.901 548027
42.333 400542
42.403 347421
42.925 16095
42.960 384440
43.062 552015
43.205 345176
43.308 342733
43.872 497061
44.706 344052
44.923 391754
45.277 353294
45.536 429429
46.322 456858
46.325 16220
46.950 3810
47.237 354861
47.250 3681
47.425 338347
47.816 361789
47.863 376178
48.250 3862
48.275 3759
48.423 353073
48.475 3814
48.639 384109
48.878 448937
48.995 353022
49.375 3735
49.600 3837
49.750 3707
49.850 3762
49.983 423872
50.075 3789
50.400 3794
50.929 344027
51.234 395049
51.248 370842
51.404 359138
51.820 373088
51.979 546507
52.900 16220
53.089 409939
54.027 349449
54.315 408619
54.625 575418
54.890 411497
54.913 414552
55.033 432948
55.349 585889
55.998 403050
56.134 339071
56.197 389170
48.650 0
56.225 16175
56.250 7357
56.306 352655
56.422 363415
57.004 580178
57.214 389046
58.398 384327
58.936 342553
59.027 345343
59.182 391108
59.333 457868
60.325 333023
60.337 384109
60.429 387834
60.545 404132
60.683 586538
60.877 339601
60.954 341946
61.265 377755
61.518 579113
61.675 332930
61.704 344823
61.934 501816
62.078 499472
62.400 3810
62.500 332811
62.825 3759
62.876 407563
63.025 3681
63.175 3707
63.275 3734
63.523 566656
63.527 404238
63.542 408619
64.050 3735
64.110 556227
64.125 332822
64.186 347048
64.225 3762
64.250 3837
64.307 388681
64.350 3789
64.573 586423
64.925 332995
65.075 3794
65.500 332872
65.575 332816
65.600 333326
65.800 16295
66.020 455434
66.162 382117
66.575 333114
66.650 3814
67.000 332993
67.931 346481
68.013 396393
69.003 558052
70.050 388394
70.223 340188
70.515 391499
70.922 344197
71.009 369418
71.228 414816
71.634 570435
71.642 381534
71.910 350934
72.550 7425
73.425 16095
73.562 360662
73.951 392898
74.085 351306
75.402 432089
75.657 493192
75.689 409197
75.746 346827
76.700 360229
76.896 401209
76.950 3862
77.434 435634
77.488 473734
77.522 401920
77.535 390924
77.650 3735
77.700 338347
77.775 3707
78.125 3762
78.200 332932
78.500 16220
78.600 3681
78.633 339832
78.641 422735
78.675 3814
78.710 373100
78.721 367005
79.116 380499
79.198 339244
79.663 356010
79.775 332813
79.925 3789
80.003 393116
80.025 332815
80.075 3810
65.375 0
80.286 403453
80.486 339948
80.550 3794
80.685 353583
81.145 353057
81.450 333021
81.575 3734
81.825 332903
82.401 418333
82.451 466828
82.988 404546
83.479 416977
83.522 371727
83.602 589872
83.687 418093
83.965 529521
84.519 555363
84.858 413164
84.897 431808
85.098 469706
85.762 567320
85.938 345343
86.253 593773
86.654 346521
86.803 361042
86.811 386816
86.939 384216
87.253 573769
87.610 377723
88.245 410227
88.675 33474
88.731 340637
88.947 370538
89.000 16220
89.087 562659
89.400 3837
89.674 374546
89.727 545033
89.855 388800
89.982 475811
90.112 372865
90.154 373101
90.264 428229
90.491 546221
91.125 3759
91.604 366111
91.706 394506
91.900 3707
92.125 400347
92.295 414084
92.425 3734
92.500 3762
92.600 3810
92.825 3814
93.175 7630
93.650 3794
93.750 332990
93.950 333080
94.025 3681
94.100 3862
94.250 400496
94.380 611280
94.400 332845
94.625 3789
94.700 338347
94.750 3735
94.762 379093
95.675 7565
96.110 355145
96.426 364069
96.626 502875
96.750 332903
96.995 386406
97.175 389341
97.200 16220
97.420 349484
98.347 380838
98.379 546667
98.585 373948
98.659 348801
98.900 7321
99.331 344551
99.337 579204
99.561 368939
99.926 343151
101.500 439121
101.549 406428
101.793 379896
102.375 361657
102.597 339922
102.650 431300
102.672 342676
103.552 585653
103.566 356368
103.585 369439
104.402 366463
104.754 355636
104.896 374873
105.775 3734
105.975 3794
106.200 3789
106.300 3735
91.175 0
106.708 381838
106.718 558851
106.775 3759
106.925 3707
107.075 3810
107.092 414215
107.113 380266
107.225 332816
107.325 333027
107.428 356484
107.675 3814
108.372 341583
108.391 427640
108.675 3681
108.825 3762
108.928 568169
109.050 332990
109.050 477318
109.375 332933
109.597 385232
109.825 332901
109.875 7701
109.925 332993
110.107 361217
110.174 562236
110.200 32336
110.783 411086
110.801 398242
110.900 27161
111.154 422661
111.538 343372
111.648 525512
112.158 388238
113.207 424903
113.535 377920
113.688 389233
113.950 1668
114.085 363115
114.100 29429
114.224 391742
114.354 592406
114.377 573048
114.500 24864
114.717 494922
114.725 26056
114.773 370531
114.790 346468
114.800 23671
114.875 36281
114.890 352950
115.028 366053
115.248 360650
115.250 27150
115.375 1537
115.375 31201
115.400 1473
115.713 364929
115.875 34636
115.929 432948
116.351 359552
116.450 37992
116.498 354861
116.699 366120
117.149 420083
117.246 354681
117.300 21997
117.333 518086
117.600 26024
117.809 591124
118.100 29697
118.200 21930
118.400 21989
118.414 409833
118.475 25429
118.697 359440
118.725 54104
118.763 367245
118.850 36271
119.075 27740
119.100 1521
119.200 28794
119.225 16250
119.253 374411
119.318 360041
119.375 21348
119.375 24290
119.489 399038
119.600 19674
119.625 23070
119.650 19702
119.650 19704
119.775 26129
119.825 1496
119.850 24420
119.875 19703
119.875 22000
119.900 1494
119.900 19686
119.925 1492
119.975 19719
120.000 19670
120.025 19688
112.425 0
120.029 348385
120.050 28853
120.075 35132
120.100 1517
120.100 27762
120.100 36500
120.150 23734
120.150 25335
120.200 1471
120.200 3837
120.239 371550
120.275 1560
120.350 1559
120.350 26584
120.375 35720
120.382 354947
120.441 386840
120.450 1493
120.450 25935
120.475 23628
120.525 35127
120.575 1515
120.600 27211
120.630 414489
120.650 27197
120.700 22002
120.725 22564
120.725 35128
120.750 42610
120.775 1514
120.775 27183
120.775 29475
120.800 1470
120.800 32848
120.800 43345
120.850 31748
120.875 25427
120.900 26542
120.900 31689
120.950 38576
121.025 55270
121.045 504509
121.050 31095
121.075 30003
121.100 34617
121.125 21574
121.125 27747
121.150 26551
121.150 34628
121.175 25346
121.175 28246
121.200 28232
121.250 1668
121.300 26556
121.400 1538
121.450 29490
121.450 34045
121.475 33474
121.500 29379
121.525 32346
121.533 407257
121.575 24831
121.625 23728
121.675 25911
121.708 558736
121.725 338347
121.750 22565
121.775 23701
121.775 34186
121.800 24185
121.800 38604
121.875 332822
121.875 33421
121.900 24763
121.900 32336
121.975 24880
121.975 36485
122.000 1537
122.000 28890
122.025 34544
122.125 26572
122.125 36345
122.175 26047
122.175 43759
122.325 33390
122.350 26019
122.375 37453
122.450 27749
122.500 25405
122.525 21948
122.525 22544
122.525 24292
122.525 31136
122.525 41514
122.550 22530
122.575 27218
122.575 50756
122.650 25921
122.700 38048
122.775 36870
122.875 332995
123.000 26023
123.000 32823
123.025 29429
123.075 31180
123.075 36304
123.145 352070
123.200 28981
123.200 3759
123.225 22008
123.250 28817
123.275 38139
123.300 22517
123.300 333114
123.325 21933
123.325 28299
123.375 26554
123.379 341946
123.425 21318
123.475 23681
123.475 32869
123.500 1473
123.500 37472
123.525 23150
123.550 24260
123.575 23671
123.625 28339
123.625 31702
123.633 449596
123.650 23119
123.675 23702
123.700 30044
123.750 21437
123.750 21955
123.750 25418
123.825 25367
123.850 21401
123.875 1521
123.925 27672
123.925 332906
123.925 333081
123.925 33480
123.950 24864
123.975 22020
123.975 23666
124.000 332841
124.025 31733
124.100 27150
124.100 28343
124.100 28847
124.150 28312
124.150 29380
124.175 21349
124.175 332933
124.175 333080
124.175 44897
124.200 32310
124.206 548027
124.225 21408
124.225 25929
124.275 27161
124.275 35713
124.300 24256
124.350 1492
124.350 23107
124.375 32330
124.400 332870
124.400 332932
124.425 32323
124.425 332872
124.450 1517
124.475 21315
124.475 29973
124.475 30000
124.475 332993
124.485 401596
124.500 21424
124.525 1493
124.550 1560
124.575 1496
124.575 31201
124.575 332811
124.600 333023
124.600 38589
124.650 333027
124.698 361887
124.700 1494
124.700 26067
124.700 28905
124.725 1471
124.725 1559
124.750 29949
124.750 332813
124.775 32855
124.800 332901
124.827 380521
124.850 572852
124.925 333326
124.950 332812
124.975 1515
125.000 1470
125.025 21410
125.050 29453
125.150 346119
125.175 29448
125.250 1514
125.250 333020
125.284 546442
125.350 36281
125.425 441313
125.600 332990
125.625 333021
125.638 362174
125.675 338860
125.702 393160
125.725 26056
125.750 332931
125.850 332934
125.850 333024
125.887 339039
125.925 332962
125.991 377893
126.050 332845
126.175 332846
126.225 332903
126.275 332935
126.325 332816
126.500 333052
126.550 332930
126.672 568169
126.875 332902
127.025 441844
127.113 353294
127.175 333205
127.229 574771
127.250 7356
127.350 332991
127.404 561865
127.427 503658
127.450 332815
127.507 387290
127.643 372163
128.400 332960
128.403 346449
128.525 333082
129.274 383179
129.300 332822
129.375 16250
129.600 332813
129.700 332811
129.875 332933
129.907 552612
129.925 332841
130.000 332995
130.169 398645
130.200 332906
130.200 332993
130.325 332872
130.633 381956
130.675 332931
131.033 560243
131.075 7701
131.147 409095
131.174 386113
131.297 578996
131.411 548997
132.583 341629
132.865 353066
132.997 341606
134.375 332822
134.855 420083
134.901 480421
135.098 346446
135.366 414741
135.373 444892
135.439 360333
136.211 365574
136.300 348733
136.367 373627
136.994 393799
137.250 3794
137.675 3862
137.762 414489
137.817 376759
137.850 3814
137.875 3681
138.125 3734
138.150 3735
138.398 362610
138.735 396820
138.784 564181
138.823 341189
138.919 421499
139.025 338347
139.475 3707
139.575 16295
139.600 3762
139.725 3810
139.833 345370
140.146 548603
140.266 361830
140.538 377203
140.593 402363
140.623 593541
140.639 363253
141.163 377040
137.125 0
141.273 355492
141.579 368330
141.954 408732
141.968 354692
142.170 380507
142.743 404132
142.873 480952
143.025 16250
143.489 386155
143.566 395657
144.472 403400
144.512 386197
144.682 398440
145.166 432395
145.182 353835
145.562 343201
145.820 355267
146.064 404875
146.639 568087
146.644 362404
147.168 378999
147.210 343870
147.412 349627
147.462 461948
148.003 441313
148.071 359570
148.308 466828
148.824 367200
149.054 384271
149.238 355069
149.409 556508
150.397 363165
151.320 389698
151.496 397627
151.600 3759
151.625 3789
151.918 404715
152.169 345459
152.400 3681
152.518 372317
152.639 390525
152.675 3837
153.021 434981
153.300 332901
153.355 360847
153.625 3862
154.382 431188
154.502 431409
154.750 3810
155.002 390924
155.175 3734
155.216 478013
155.376 419231
155.425 332816
155.539 363670
155.822 403463
155.856 383018
156.425 3794
156.432 406140
156.550 338347
157.040 342553
157.168 370489
157.337 548065
157.506 393313
157.711 347491
157.714 389046
158.004 383021
158.711 421940
158.741 419231
159.070 420504
159.181 406399
160.201 356280
160.316 409273
160.618 340964
160.681 374394
161.015 355013
161.143 485674
161.459 369831
161.815 347039
162.309 458343
162.435 386487
162.485 356691
162.638 410582
163.098 591777
164.100 16170
164.651 357065
164.762 585360
164.939 396068
165.143 341644
165.863 452820
165.938 375799
166.611 355020
166.684 553601
167.456 349607
167.525 3762
167.671 371686
168.006 370833
168.138 441705
168.185 593016
168.225 3814
168.500 3681
168.689 394481
151.975 0
166.375 0
168.731 423582
168.825 3759
169.000 3810
169.183 398545
169.263 384555
169.300 3794
169.550 3707
169.640 591834
169.812 389406
170.086 368410
170.500 332872
170.625 386344
170.825 3789
171.275 3862
171.675 7283
171.702 419734
172.779 365121
172.854 403755
172.967 387502
173.070 372420
173.202 483240
173.301 421925
173.816 407137
173.913 461713
173.926 386647
173.999 373658
174.073 370151
174.315 372352
174.826 361798
175.169 406499
176.163 400831
176.222 389976
176.515 375215
176.534 359816
176.832 387834
176.888 410274
177.065 366930
177.298 504509
177.567 441524
177.897 396108
177.972 380733
178.305 560271
178.534 401375
178.624 547632
179.090 343563
179.381 395186
179.960 382128
180.232 486295
180.578 377081
180.869 543541
180.925 338347
181.030 346258
181.100 3734
181.475 3837
181.575 332811
181.700 3735
181.825 3762
181.850 552635
182.175 3810
182.226 439815
182.643 367596
182.966 556227
183.048 347084
183.100 3707
183.183 380977
183.318 420083
183.428 368638
183.429 411156
183.547 384003
183.650 333024
183.700 332991
183.975 393109
183.985 355235
184.000 3814
184.033 464057
184.050 3789
184.075 3862
184.130 486468
184.150 3794
184.275 3681
184.334 576364
184.404 342820
184.500 7886
184.640 410758
184.675 332993
184.675 3759
185.100 332845
185.145 369421
185.412 410413
185.675 333052
186.000 333027
186.214 390658
186.359 555363
187.392 361496
187.702 413889
187.924 375466
187.959 465766
188.137 375189
188.240 344099
188.567 372548
188.761 346799
188.862 383116
183.250 0
189.750 581059
189.904 384708
190.357 408297
190.656 571421
190.688 422961
190.884 352940
190.909 393027
190.943 402341
191.424 395999
192.375 31095
192.750 29973
193.500 24292
193.578 400752
194.051 349627
194.266 379896
194.712 549890
194.830 387954
194.927 566896
195.811 358697
195.827 349739
195.896 363150
195.956 462727
196.225 3681
196.350 3762
197.005 480214
197.225 3735
197.320 477336
197.400 3707
197.403 342884
197.457 554838
197.840 349259
197.900 3789
197.975 3837
198.269 388616
198.467 381264
198.801 415108
198.938 502064
199.072 597195
199.089 372089
199.125 333027
199.222 353831
199.238 348991
199.300 3810
199.307 386589
199.515 420555
199.800 3862
199.935 376734
200.664 468635
200.725 3814
200.850 338347
200.892 377680
201.303 367574
201.411 341343
201.425 3759
201.629 346074
201.847 364236
202.044 377680
202.123 412715
202.630 486370
202.677 427886
202.990 349241
203.544 362710
203.871 392722
204.214 355199
204.565 400252
204.656 384999
204.691 397289
204.768 345611
205.142 350797
205.523 343747
205.666 511188
206.181 424505
206.221 372135
206.551 439502
206.702 415404
207.056 552612
207.274 339760
207.308 389290
207.513 379710
207.755 382770
208.476 368061
208.801 393199
208.884 414084
209.127 472391
209.267 354054
209.997 350274
210.000 3734
210.184 556550
210.650 3759
210.843 370355
211.100 3810
211.150 3814
211.425 332962
211.425 333020
211.900 3789
212.114 560871
212.125 3681
212.509 363583
212.611 370865
212.850 3794
213.000 3707
213.050 332930
196.275 0
211.400 0
213.102 382872
213.193 339298
213.275 3837
213.376 575031
213.425 25405
213.578 488917
213.585 549028
213.875 3862
213.975 400289
214.075 332903
214.166 488992
214.200 3762
214.390 372565
214.425 3735
214.575 332991
214.575 38604
214.617 380259
214.661 376877
214.750 37992
214.825 41514
215.093 461209
215.517 556550
216.025 332870
216.289 421546
216.546 408207
217.156 389117
217.202 391742
217.250 27183
217.270 369689
217.592 356283
217.664 365379
218.038 388666
218.125 1521
218.511 359234
218.550 26129
218.725 23671
218.750 25418
220.025 1496
220.025 24880
220.050 1471
220.401 399717
220.500 43345
220.525 29429
220.989 375115
221.010 363814
221.275 29697
221.300 1537
221.600 26019
221.625 25427
221.850 26047
222.290 547822
222.300 29490
222.470 365082
222.664 392971
222.750 419211
222.900 34186
223.225 21997
223.300 36500
223.350 26056
223.466 342832
223.650 32346
223.750 27218
223.755 363208
223.769 409923
223.838 359499
224.025 24864
224.025 28981
224.056 411001
224.118 358817
224.125 23734
224.325 1517
224.329 408307
224.353 355179
224.400 21574
224.475 1473
224.525 332822
224.600 408984
224.625 27211
224.650 28299
224.675 1521
224.675 24420
224.675 27150
224.725 19688
224.800 26067
224.850 32330
224.850 33474
224.883 398253
224.950 1515
225.025 19704
225.100 1560
225.166 442070
225.200 22000
225.275 38604
225.325 22564
225.325 35127
225.350 21424
225.350 27747
225.375 23107
225.425 34544
225.575 28343
225.650 19703
225.650 25911
225.675 22565
225.700 21933
225.875 19719
225.925 1538
225.925 32848
225.950 1496
226.025 19670
226.075 24831
226.075 35132
226.100 410274
226.225 19686
226.225 27197
226.275 21349
226.275 36485
226.284 375930
226.300 19702
226.300 23728
226.350 1493
226.373 377458
226.375 332815
226.450 26024
226.450 37472
226.475 34628
226.575 24256
226.600 333027
226.624 360853
226.625 38139
226.668 343883
226.750 1494
226.775 26556
226.775 29453
226.775 36345
226.850 1492
226.850 22020
226.850 27749
226.925 22530
226.950 29475
226.986 357202
227.025 332845
227.050 22008
227.094 565435
227.100 1514
227.125 22002
227.125 25935
227.200 332846
227.225 21408
227.225 332816
227.250 21401
227.250 38589
227.275 23702
227.300 338347
227.322 389764
227.352 361460
227.375 1559
227.375 25405
227.450 28339
227.475 30044
227.500 1471
227.525 1668
227.575 22517
227.675 28232
227.700 22544
227.700 23119
227.700 31733
227.725 28853
227.850 27183
227.875 3681
227.900 36271
227.900 36304
227.906 348991
227.909 343689
227.925 25418
227.950 332906
227.975 24880
228.025 23681
228.025 28312
228.050 1470
228.075 23671
228.100 21930
228.100 23701
228.100 26584
228.100 332935
228.150 21348
228.225 29949
228.225 31201
228.250 24290
228.275 21955
228.300 26023
228.325 21989
228.350 28905
228.375 21437
228.375 32310
228.375 34636
228.400 23150
228.400 32869
228.456 416278
228.475 35713
228.475 3810
228.500 28890
228.500 31180
228.500 3837
228.525 23070
228.525 27762
228.541 446520
228.550 26572
228.550 333024
228.575 28246
228.600 21315
228.625 28817
228.625 28847
228.625 37992
228.653 504175
228.675 21410
228.700 1537
228.725 332933
228.750 24260
228.775 29379
228.775 33480
228.800 25429
228.800 32336
228.800 332903
228.800 33421
228.800 43345
228.819 342553
228.825 55270
228.850 29973
228.850 34617
228.875 3862
228.900 332995
228.975 332993
229.000 29448
229.025 1517
229.025 27161
229.050 32323
229.125 30003
229.150 332812
229.175 1521
229.200 332962
229.250 38048
229.275 26551
229.275 31748
229.300 332934
229.325 1473
229.325 27740
229.350 31689
229.375 25367
229.375 31095
229.375 332813
229.400 332872
229.400 35720
229.450 333205
229.475 23666
229.500 21948
229.525 332822
229.550 25929
229.550 27672
229.550 32855
229.575 30000
229.600 25346
229.600 25921
229.600 26542
229.600 28794
229.600 332932
229.625 1560
229.650 29380
229.650 332931
229.675 34045
229.700 31702
229.752 375839
229.775 1515
229.875 24292
229.875 332870
229.900 31136
229.900 33390
229.950 25335
229.963 483292
230.025 32823
230.075 24763
230.075 35128
230.100 333080
230.125 333020
230.175 332960
230.175 54104
230.200 332991
230.200 43759
230.275 332811
230.326 377186
230.375 23628
230.400 1538
230.400 29429
230.450 332930
230.450 36870
230.475 1493
230.525 332902
230.525 333114
230.525 37453
230.525 42610
230.550 24185
230.600 333326
230.725 26554
230.750 333021
230.850 36281
230.875 21318
230.875 50756
230.984 390117
231.126 355059
231.150 44897
231.300 333081
231.525 41514
231.539 374550
231.600 332841
231.656 406115
231.800 1668
231.950 332901
232.050 333023
232.162 369940
232.207 386293
232.250 38576
232.275 333027
233.067 410398
233.225 1471
233.325 333052
233.400 332990
233.443 344124
233.504 370603
233.600 333082
233.607 340630
233.675 332846
233.972 399859
233.975 332845
234.210 420701
234.350 332903
234.425 332935
234.556 584604
234.750 332995
234.850 332815
234.943 555297
234.975 332934
235.100 333080
235.175 333024
235.262 447558
235.386 565830
235.425 333020
235.682 395644
235.725 332870
235.725 332931
235.744 396393
235.950 333021
235.967 363748
235.995 571787
236.105 382438
236.147 368361
236.200 332960
237.539 368706
237.853 391388
237.876 343965
237.983 577767
238.020 408965
238.197 589912
238.361 364126
238.669 343752
239.180 422661
239.447 544548
239.597 346802
239.611 371585
239.634 375663
239.702 401331
240.625 3794
240.678 385880
240.942 403453
241.108 363805
241.110 340574
241.232 580178
241.337 377695
241.407 557178
241.958 452700
242.281 376497
242.900 3735
242.975 3814
243.125 3707
243.725 338347
243.856 350098
243.925 3837
244.300 3681
244.387 408984
244.950 3759
244.991 401049
245.488 372106
245.674 398451
245.825 3734
245.902 572082
245.986 424969
246.130 351799
246.495 388681
246.525 3862
246.664 346965
246.860 382096
247.375 3810
247.377 408382
247.662 374894
248.345 458617
248.459 342682
249.028 370381
249.150 377437
249.157 366342
249.988 552109
243.150 0
250.642 381759
250.706 344393
251.063 347790
251.501 369272
251.509 347428
252.108 372317
252.226 430726
252.585 394373
252.654 388154
252.974 346354
253.099 353022
253.334 556784
253.335 390319
253.341 416345
253.469 400347
253.527 345232
253.553 421549
253.824 569284
253.836 567320
253.931 378642
253.936 367742
254.150 3794
254.207 409938
254.554 626192
254.756 404028
255.235 482330
255.439 412907
255.450 3762
255.725 3789
256.191 382218
256.721 376926
256.818 357634
256.975 7560
257.075 371416
257.325 7283
257.450 3707
257.499 339929
257.650 7565
258.051 409820
258.175 3837
258.275 332872
258.295 376172
258.333 359422
258.475 333114
258.475 3734
258.725 332903
258.807 457007
258.815 413505
259.125 3735
259.275 3814
259.590 365121
259.750 332901
259.800 332841
259.950 332934
260.071 365271
260.250 332813
260.503 372991
260.525 3681
261.250 407056
261.537 432251
261.554 349597
261.963 488305
262.022 467058
262.172 355985
262.191 554596
262.376 340162
262.553 389473
262.776 340631
262.824 367338
262.847 411634
263.223 470984
263.270 372227
263.734 366259
263.847 343747
264.185 340398
265.232 364322
265.238 586947
265.329 398626
265.362 378666
265.557 345584
266.798 396108
267.293 340575
268.046 370505
268.558 370778
268.625 3794
269.794 352464
269.900 3862
270.078 543472
270.200 3759
270.900 3810
271.400 3762
271.625 3707
271.725 391957
271.746 474453
272.025 338347
272.043 368330
272.200 332872
272.425 3734
272.475 3681
272.875 3789
272.897 461555
273.000 574167
257.825 0
270.875 0
273.103 422101
273.350 341264
273.575 3837
273.687 399507
273.818 370439
273.843 388800
274.105 369744
274.107 358411
274.170 369302
274.250 3735
274.374 408252
274.400 16175
274.470 357378
274.728 398213
274.732 551692
275.175 332870
275.400 7459
276.369 353073
277.126 348069
277.612 485578
278.395 390498
279.668 410314
279.673 409095
280.136 358060
280.310 340878
280.326 404516
280.749 351552
280.948 341862
281.523 354681
281.681 558851
281.749 365726
282.416 348362
283.225 16210
283.230 350947
283.653 407483
283.744 446492
283.852 367247
284.250 7357
284.483 351755
284.800 3734
284.850 3814
284.900 388301
285.144 545895
285.216 388189
285.576 354692
286.150 333205
286.202 394247
286.275 3681
286.346 401095
286.400 3707
286.472 413879
286.525 3794
286.617 364840
286.661 339152
286.750 370338
287.050 3862
287.125 338347
287.242 343689
287.325 3759
287.575 3810
287.591 437063
287.618 375289
287.625 24864
287.900 3789
288.025 377761
288.065 370702
288.159 348609
288.450 3837
288.883 406499
289.125 332930
289.694 353325
289.723 338765
289.741 374260
290.314 585817
290.472 358174
290.704 409903
290.828 441101
291.255 350274
291.563 402557
291.784 370563
292.249 349433
292.343 343358
292.584 368835
292.820 341888
292.950 350820
293.162 482707
293.290 403453
293.481 418842
293.515 338769
293.669 338970
293.865 351917
294.351 366909
294.501 409049
294.775 358899
295.208 426780
295.344 408984
295.571 369277
295.709 444613
295.839 439127
296.250 16250
296.628 353896
296.736 371525
290.275 0
296.762 345548
297.018 339078
297.296 349490
297.645 366078
297.718 387346
297.980 342446
298.507 422790
298.875 3735
299.175 3762
299.212 349101
299.625 3794
299.750 3837
299.908 369982
299.950 3759
300.025 3681
300.193 458959
300.450 333205
300.450 3789
300.525 3734
300.594 352783
300.625 3814
300.694 348001
300.694 353031
300.729 404438
300.775 332822
301.105 408297
301.340 411526
301.725 369793
302.048 359740
302.050 3862
302.075 3810
302.292 502758
302.324 495081
302.511 406331
302.924 410322
303.222 397264
303.760 340134
304.007 370771
304.055 371686
304.225 3707
304.413 479311
304.503 395712
304.888 370107
305.459 366342
305.474 419777
305.900 408974
305.922 488992
306.246 381367
306.520 369757
307.020 414501
307.022 418394
307.547 379508
307.608 363863
307.622 486666
307.665 366039
308.638 370439
309.164 435156
309.333 387844
310.392 393305
310.613 559275
310.737 399105
311.095 407731
311.187 348118
311.342 490310
311.438 383080
311.889 390346
312.467 363832
312.700 3762
312.875 16095
312.875 3794
312.943 367706
313.157 425430
313.207 377408
313.268 393073
313.525 338347
313.725 332816
313.725 3735
314.100 3814
314.400 332935
314.400 3789
314.500 3810
314.542 400221
314.600 3681
314.620 344723
314.725 3759
314.943 397821
314.946 343020
315.000 3862
315.250 3707
315.350 27161
315.423 482330
315.771 488324
315.795 354396
315.992 567498
316.050 332822
316.885 380031
317.044 374346
317.325 333024
317.616 420768
318.061 344440
318.318 353294
318.769 369083
302.425 0
313.975 0
319.402 362281
320.641 403218
321.543 363115
322.566 388451
322.750 26056
323.733 406560
323.835 362925
323.890 399859
325.044 362675
325.118 354687
325.187 386785
325.334 389393
325.501 430234
325.604 410734
325.675 332816
325.675 3734
325.922 348629
325.975 3837
326.018 447233
326.195 391731
326.333 363453
326.471 378588
326.900 3810
326.983 397935
327.462 359026
327.775 16102
327.919 351319
328.035 343311
328.216 423716
328.425 3762
328.675 3735
328.775 3759
328.800 333052
328.950 3862
328.975 3707
329.000 3789
329.023 372223
329.125 3814
329.825 405026
329.875 332901
329.882 392939
330.151 366836
330.425 16250
330.516 352894
330.575 333024
330.688 558612
330.725 34045
330.749 366329
330.825 332931
331.008 366942
331.150 332935
331.375 3681
331.511 482330
331.727 387270
333.951 349385
333.979 433063
334.675 22517
334.950 23070
335.207 409328
335.469 381367
335.523 395721
335.798 350045
336.392 369277
336.394 356249
337.350 21930
338.332 573469
338.817 486597
338.834 359595
338.953 558001
339.099 399738
339.361 342082
339.615 375801
339.850 27740
340.095 351269
340.200 27749
340.947 378624
341.275 3707
341.439 372726
341.461 364250
341.900 3837
341.950 396321
342.008 364777
342.200 3762
342.275 3814
342.302 404914
342.400 28817
342.475 25405
342.550 26542
342.575 37992
342.594 422928
342.700 3810
342.746 403361
342.750 35713
342.775 3681
343.175 3794
343.200 27762
343.250 3759
343.298 438321
343.343 408051
343.376 368330
343.475 30003
343.547 471322
332.200 0
343.657 359217
343.775 333021
343.966 380509
344.050 402227
344.175 24864
344.175 31733
344.175 34628
344.235 366117
344.250 1537
344.275 380594
344.305 415502
344.322 363362
344.325 28339
344.325 338347
344.400 24290
344.475 27211
344.500 3862
344.525 1515
344.700 3789
344.760 391990
344.775 27747
344.925 37472
344.950 3735
344.975 1492
344.997 402133
345.107 373092
345.125 3734
345.162 420555
345.175 54104
345.325 1496
345.374 561865
345.375 21401
345.475 1538
345.509 351991
345.525 1560
345.625 1494
345.625 25418
345.775 19719
345.825 34636
345.875 31136
345.950 22564
345.975 36485
346.034 343870
346.100 19702
346.100 21348
346.103 377761
346.125 1668
346.175 384755
346.239 368806
346.275 19703
346.300 1493
346.325 1514
346.358 373911
346.375 19670
346.425 21410
346.625 27197
346.650 1521
346.650 22008
346.775 1559
346.775 19704
346.800 19688
346.850 26551
346.900 21955
346.975 32346
347.125 42610
347.154 506132
347.175 55270
347.200 1473
347.200 1517
347.250 29429
347.325 37453
347.425 28853
347.475 491972
347.500 26067
347.550 1471
347.557 338746
347.600 38589
347.607 418367
347.800 25935
347.825 1470
347.875 24831
347.898 355492
347.899 400997
347.900 22544
347.920 431300
348.000 24420
348.025 31201
348.075 36345
348.275 21997
348.350 24292
348.350 36304
348.396 376487
348.400 25911
348.464 421262
348.500 22020
348.525 21989
348.575 25921
348.600 41514
348.675 28232
348.700 28847
348.700 35132
348.850 27183
348.925 33474
348.943 423545
348.975 34045
349.025 333020
349.100 32336
349.125 32330
349.144 365215
349.175 23734
349.175 26023
349.198 408445
349.225 34186
349.275 29490
349.400 36271
349.500 26129
349.500 332812
349.525 332933
349.550 23150
349.575 33390
349.600 31689
349.675 26556
349.725 23107
349.725 38604
349.749 364410
349.750 32323
349.750 333114
349.775 22530
349.800 22517
349.800 332990
349.825 29475
349.875 32848
349.875 43345
349.900 35720
349.925 21315
349.950 36281
350.025 23701
350.025 24185
350.050 28794
350.050 332931
350.100 1515
350.100 31702
350.125 22000
350.175 32823
350.200 21318
350.200 29453
350.200 29697
350.244 380495
350.325 34544
350.350 332903
350.350 43759
350.375 333023
350.400 22565
350.400 28299
350.425 38048
350.500 26024
350.525 26572
350.525 44897
350.550 36870
350.575 30000
350.600 24880
350.625 23119
350.650 1537
350.675 29379
350.675 35127
350.675 50756
350.700 27218
350.725 23070
350.725 26584
350.725 32855
350.775 23671
350.775 332845
350.791 545106
350.800 1496
350.825 21408
350.825 21930
350.825 28343
350.825 332870
350.825 333205
350.850 29448
350.900 332934
350.900 36500
350.925 23681
350.925 332962
350.950 32869
350.975 25367
351.000 21349
351.000 23628
351.075 1560
351.075 26056
351.100 33480
351.125 21933
351.125 28246
351.150 1492
351.150 1494
351.150 30044
351.175 1668
351.175 27672
351.175 332841
351.200 1538
351.210 350908
351.225 21948
351.250 26019
351.250 38139
351.325 24260
351.325 29949
351.375 33421
351.400 35128
351.475 27161
351.475 28312
351.500 27150
351.500 31180
351.525 25346
351.550 23728
351.550 26047
351.575 21574
351.625 1521
351.625 1559
351.650 31748
351.675 28905
351.675 29380
351.700 1493
351.700 25335
351.800 1514
351.850 28890
351.850 31095
351.858 463762
351.875 25427
351.950 32310
352.000 26554
352.000 332822
352.050 1517
352.050 34617
352.075 23702
352.075 29973
352.150 1473
352.150 22002
352.150 24763
352.225 26542
352.300 1471
352.350 23666
352.400 21424
352.400 333027
352.416 436276
352.550 38576
352.600 332995
352.650 28981
352.675 21437
352.725 332813
352.767 377755
352.800 1470
352.850 27749
352.975 25429
353.068 349454
353.075 333326
353.125 25929
353.200 35713
353.224 366583
353.300 332846
353.302 408382
353.375 24256
353.400 372087
353.425 332902
353.475 332901
353.556 361264
353.650 332816
353.675 333081
353.675 333082
353.700 332815
353.800 332906
353.825 24290
353.925 332930
353.975 332872
354.000 332935
354.025 27747
354.026 366523
354.075 333021
354.175 332811
354.200 333052
354.225 332993
354.275 333080
354.325 332933
354.425 1515
354.450 332932
354.500 333024
354.525 28339
354.550 332990
354.550 332991
354.550 333020
354.562 407466
354.600 332960
354.988 562748
355.017 352842
355.025 332903
355.100 333114
355.200 332931
355.300 332812
355.484 390446
355.502 418909
355.750 332870
355.975 332845
355.997 348078
356.025 332962
356.125 332934
356.140 465212
356.450 333205
356.679 406418
357.066 568708
357.125 333023
357.150 333027
357.875 332822
358.291 388451
358.948 378638
359.075 359585
359.508 393097
359.561 348609
359.593 488305
359.811 490704
359.995 490830
360.138 375853
360.321 481017
360.593 348240
360.852 369739
360.967 558555
360.974 380371
361.119 370709
361.297 587136
361.609 405567
361.714 379654
361.940 353253
362.595 368260
362.647 376807
363.253 546391
363.328 402865
363.428 349517
363.623 547085
363.759 351943
363.847 345459
364.139 398511
364.275 3814
364.334 342145
364.800 3762
364.875 3837
365.450 3707
365.707 423362
366.112 376293
366.225 3735
366.275 338347
366.311 372833
366.919 366523
366.975 3862
367.333 588957
367.440 415410
367.475 3789
367.900 3794
368.220 388033
368.314 566649
368.496 408974
368.600 3734
368.620 547822
369.025 1496
369.187 343385
369.879 401377
370.678 405639
370.791 501816
370.954 392617
371.154 406121
371.201 391715
371.500 397613
371.961 576396
372.145 372336
372.378 564181
372.415 489306
372.734 471362
372.814 353377
372.903 395385
372.950 16370
373.108 383144
373.125 413499
373.210 419176
373.211 547563
373.683 395347
373.696 384708
373.762 410582
374.424 381386
374.586 399738
374.996 378992
375.719 355039
376.819 371397
376.955 339929
377.408 547822
377.504 400653
377.634 343433
377.892 591777
378.048 373993
378.125 3814
378.127 426502
378.556 401375
378.936 394478
378.997 585817
379.124 383636
379.250 3759
379.278 349978
379.875 3681
380.150 3837
380.450 3794
381.106 384179
381.225 3762
365.425 0
379.725 0
381.525 338347
381.543 380434
381.550 3734
381.625 333020
381.816 339528
381.950 3862
382.025 333023
382.175 3735
382.272 357478
382.350 3789
382.659 351755
382.806 379508
382.826 367924
383.325 3810
383.669 478618
383.694 360041
383.775 332934
383.950 333021
384.178 365121
384.231 444519
384.300 332962
384.311 374757
384.332 380371
385.557 386706
385.603 390658
385.865 547085
386.134 433214
387.317 562102
387.496 363898
387.825 353936
388.183 360333
388.227 376428
389.325 563574
389.779 363595
390.085 413432
390.253 507354
390.327 362174
390.384 344065
391.180 373993
392.013 343394
392.234 400452
392.238 344491
392.411 365781
392.516 358743
392.694 549890
392.889 343969
393.180 372973
393.272 449729
393.312 392692
394.375 3814
394.804 432575
395.175 3837
395.216 345343
395.550 3794
395.575 333082
395.674 403066
395.685 390037
396.150 7595
396.508 484333
396.525 356806
396.630 345109
396.775 3707
397.050 3789
397.125 332962
397.350 3681
397.350 3762
397.800 332870
397.836 343759
397.850 3862
397.924 415619
398.225 332901
398.350 333205
398.442 373880
399.230 583095
399.356 408323
399.624 407261
399.632 444967
399.813 540679
400.025 338347
400.243 362802
400.476 369323
401.219 567581
401.813 395458
401.920 341955
402.445 351979
402.567 606232
402.766 393199
403.039 372360
403.228 351383
403.569 369078
403.957 348946
404.575 353759
405.526 571599
406.267 385057
406.369 563196
406.499 393999
406.685 388288
406.962 368806
407.475 405427
407.581 415405
408.149 557487
409.081 387569
397.200 0
409.600 3810
409.650 3734
409.721 395085
410.025 3735
410.075 3789
410.300 3837
410.559 373086
410.575 352638
410.700 3759
410.829 411269
411.000 3794
411.075 3762
411.335 452076
411.525 3707
411.707 572926
411.936 352906
412.075 332932
412.100 332846
412.199 350538
412.325 332815
412.525 3862
412.787 507354
412.807 388064
412.900 3814
413.000 3681
413.028 570855
413.200 16102
413.311 357461
413.334 380727
413.368 399046
413.391 568379
413.485 361870
413.580 388407
413.642 376807
413.969 362634
414.267 553175
414.517 364081
414.553 364540
414.593 360650
414.699 367443
414.762 354116
414.946 356812
415.204 391297
416.060 401268
416.416 395677
416.473 574771
416.544 370296
416.769 466749
416.890 411616
416.903 409197
416.940 366123
417.402 352728
417.455 356605
418.257 365271
418.387 412287
419.188 341713
419.345 380839
419.590 429922
420.021 360013
420.089 378588
421.548 390525
421.575 410027
422.135 361329
422.355 403755
422.821 386841
423.503 359106
423.718 344077
424.100 338347
424.121 375839
424.275 3810
424.350 3789
424.725 3681
425.025 3837
425.075 3734
425.125 333020
425.275 3707
425.327 380064
425.425 3862
425.786 363056
426.033 401196
426.125 3794
426.275 332934
426.294 358697
426.424 567581
426.454 384271
426.575 332870
426.700 3759
426.822 367026
426.825 3762
426.857 414741
426.950 332991
426.967 544821
426.993 340178
427.080 365565
427.109 372115
427.150 33421
427.328 396537
427.443 404812
427.550 3814
427.900 3735
428.025 332990
428.175 332993
413.750 0
425.750 0
428.525 332903
428.556 351845
428.847 378890
428.883 401377
428.984 402687
429.166 421360
429.275 332930
430.032 558851
430.244 555115
431.083 366523
431.098 339888
431.110 347213
431.363 545110
431.634 476280
432.015 353202
432.017 421925
432.227 455087
432.645 585719
432.862 404206
433.056 444519
433.727 396335
433.848 403772
433.909 359773
434.074 354157
434.518 551989
436.244 347739
437.758 474778
438.000 402204
438.550 332872
438.575 3735
438.653 446520
439.500 32848
439.525 332993
439.550 3810
439.575 3794
439.601 358060
439.834 367398
439.972 383021
440.025 338347
440.075 332933
440.075 3734
440.100 3707
440.125 3762
440.340 392744
440.450 3862
440.500 3814
440.650 32336
440.668 352906
440.675 3681
440.836 368169
441.029 384003
441.144 411377
441.462 364824
441.617 557405
441.875 3789
442.027 409276
442.175 376389
442.775 32823
443.167 360229
444.117 389553
444.285 380280
444.651 341018
444.695 398165
444.786 502106
444.793 478618
444.920 408683
444.982 396666
444.989 572852
445.328 357237
445.395 406726
445.476 456633
445.966 364081
446.853 402674
447.059 463795
447.368 344258
447.419 376807
447.544 364201
447.834 431716
447.935 422694
448.981 486190
449.001 424379
449.317 387401
449.672 372155
450.785 569468
450.825 332993
450.923 370202
450.984 394295
451.544 392214
451.925 3759
451.983 349143
452.230 593773
452.275 3762
452.280 395483
452.292 401500
452.384 415106
452.615 363294
452.625 3707
452.625 3734
452.625 3789
452.767 483815
453.050 491972
453.118 405382
439.075 0
453.225 3837
453.891 351018
453.950 3810
454.153 466356
454.425 3681
454.500 3814
454.600 3794
454.975 332903
455.100 338347
455.550 332932
455.572 344776
455.814 361043
455.900 333082
455.937 362384
456.050 3735
456.750 332815
456.794 543967
456.800 44897
457.000 332906
457.050 332995
457.178 350228
457.342 581059
457.390 370531
457.519 375104
458.068 352459
458.324 372336
459.425 362634
459.799 355069
460.263 419356
460.786 349494
460.856 355435
461.560 367542
461.753 554838
462.688 350361
462.750 1668
462.921 613393
462.967 418476
463.159 406418
463.694 367863
464.197 396820
464.254 373987
464.625 3862
464.730 392231
465.244 342786
465.783 423582
465.984 356392
466.334 421549
466.341 362174
466.725 3734
467.000 23119
467.000 27161
467.077 338860
467.194 362001
467.225 3759
467.407 544583
467.425 3794
467.500 3707
467.725 3789
467.850 31095
468.250 3814
468.350 332901
468.371 379720
468.525 3735
468.533 388687
468.575 55270
468.707 470370
468.937 581055
469.075 24260
469.088 413513
469.114 382403
469.342 367802
469.350 26023
469.504 344758
469.675 338347
469.707 430124
470.000 3762
470.075 38048
470.100 3837
470.141 349437
470.400 333326
470.500 3810
470.855 370538
471.023 404715
471.050 37992
471.264 371901
471.275 32310
471.475 32848
471.650 25427
471.686 372599
471.966 342575
472.185 360333
472.350 3681
472.407 381812
472.500 26129
472.588 555900
472.615 374715
472.710 427640
472.750 1471
472.854 421326
473.025 24864
473.375 42610
473.527 361718
455.175 0
473.550 1559
473.632 361828
473.700 1496
474.250 1668
474.309 488776
474.375 35720
474.575 29429
474.600 1537
474.683 572923
474.690 414835
474.905 345523
475.025 27740
475.300 25405
475.371 395278
475.418 384499
475.475 34544
475.481 617680
475.543 591777
475.700 29379
475.850 1515
475.875 21574
475.950 25346
476.100 43345
476.150 31136
476.175 28246
476.225 24880
476.422 350469
476.750 1470
476.851 343137
477.100 1492
477.125 1560
477.125 23150
477.125 38139
477.150 38576
477.175 34636
477.200 19719
477.275 38604
477.425 35127
477.450 28343
477.500 1517
477.650 32346
477.656 374324
477.725 21410
477.725 22002
477.800 1494
477.816 350045
477.825 27197
477.825 54104
477.850 1538
477.875 23119
477.875 32823
477.900 23070
478.025 24420
478.075 28339
478.100 35128
478.125 36281
478.150 50756
478.200 19702
478.300 25335
478.325 30044
478.375 1514
478.375 19688
478.400 19703
478.425 21348
478.450 29380
478.450 36271
478.503 579162
478.575 24831
478.575 43759
478.596 349385
478.600 28847
478.624 547085
478.625 29453
478.625 29697
478.675 19674
478.725 28299
478.775 1473
478.800 32336
478.825 19670
478.835 547355
478.875 28981
478.975 36345
479.025 22564
479.026 408632
479.100 35132
479.100 36500
479.125 27672
479.150 1493
479.200 333205
479.250 29949
479.275 24256
479.325 34045
479.375 22565
479.375 27161
479.383 345401
479.400 1521
479.400 38589
479.405 416158
479.525 333021
479.532 344440
479.575 1668
479.575 25921
479.625 333081
479.625 333326
479.650 23671
479.650 26056
479.650 27747
479.675 32869
479.700 32855
479.725 31095
479.750 29490
479.775 333024
479.800 1559
479.800 24763
479.850 27183
479.850 28905
479.900 26067
479.900 26551
479.975 27749
480.000 31733
480.000 333020
480.025 23702
480.075 28312
480.075 41514
480.100 22000
480.100 333082
480.168 421267
480.175 37472
480.225 1496
480.225 31201
480.275 1537
480.275 332933
480.275 55270
480.300 333052
480.300 37453
480.325 32848
480.363 399719
480.400 27218
480.450 332993
480.475 24290
480.500 332903
480.500 332962
480.500 333114
480.500 36485
480.550 29448
480.550 332934
480.575 26542
480.625 21315
480.625 21955
480.625 28853
480.625 34628
480.650 1471
480.650 25418
480.650 35713
480.675 24185
480.675 26024
480.675 26554
480.675 27211
480.675 33480
480.750 21933
480.750 333027
480.800 27762
480.800 28794
480.800 332811
480.800 332812
480.800 332990
480.825 333080
480.850 22020
480.850 31689
480.850 32330
480.850 332932
480.850 34186
480.875 23728
480.875 332872
480.875 332995
480.925 21930
480.925 25429
480.950 1515
480.950 29475
480.950 333023
480.975 21948
480.975 26584
480.975 332991
481.025 33421
481.050 33474
481.075 29973
481.100 21437
481.100 21989
481.100 23666
481.100 332845
481.125 25935
481.125 332935
481.150 22530
481.200 34617
481.235 501210
481.250 332931
481.350 44897
481.375 28817
481.375 332822
481.375 332846
481.425 23734
481.475 23628
481.475 26556
481.475 28890
481.475 332906
481.575 21408
481.600 26047
481.625 25427
481.650 332930
481.675 31748
481.725 332870
481.750 24260
481.775 332960
481.850 332901
481.875 26019
481.900 36870
481.925 332902
481.950 22008
481.950 332816
481.975 23107
482.000 1560
482.000 332841
482.025 16370
482.025 21424
482.025 24292
482.050 26572
482.050 332815
482.100 32310
482.125 30003
482.200 21349
482.300 23701
482.350 332813
482.398 343969
482.425 1538
482.425 25911
482.425 28232
482.454 375616
482.475 1470
482.475 27150
482.475 31702
482.475 36304
482.486 394506
482.500 32323
482.500 38048
482.525 33390
482.550 22544
482.575 1492
482.625 31180
482.675 22517
482.691 493192
482.692 359798
482.725 1517
482.750 1514
482.775 21318
482.800 25367
482.825 30000
482.925 21997
482.975 1494
483.000 26023
483.128 347408
483.225 21401
483.250 1473
483.260 412560
483.275 23681
483.356 395186
483.500 25929
483.577 352298
483.675 1521
483.691 353202
483.770 408861
483.850 1493
484.275 25405
484.375 333326
484.625 333024
484.625 333081
484.750 332903
484.750 333021
484.764 593867
484.800 333082
484.825 333052
485.025 333027
485.025 333114
485.100 332933
485.100 332962
485.175 333080
485.225 333020
485.345 363748
485.400 332811
485.400 332993
485.450 332932
485.475 332935
485.550 332822
485.566 387215
485.575 332991
485.575 333023
485.675 332931
485.675 332990
485.700 332934
485.727 371328
485.775 332872
485.825 332846
485.850 332812
485.892 402700
485.900 332906
486.050 332870
486.050 332995
486.325 332845
486.509 419865
486.650 332815
486.650 332816
487.150 332813
487.625 332930
488.050 332960
488.337 356184
488.527 582347
489.442 483701
489.588 403102
489.666 579666
489.965 413913
490.002 556350
490.213 366545
490.608 400550
491.181 399907
491.339 346195
491.348 398965
491.403 569411
492.143 394364
492.679 384410
493.324 393738
493.425 376876
493.592 546667
493.717 549340
493.725 3762
493.979 402776
494.050 3735
494.100 3794
494.407 372352
494.503 347986
494.525 338347
494.725 3734
494.950 3759
495.225 3810
495.275 3789
495.349 396212
495.449 359440
495.575 3681
495.873 366371
496.000 3862
496.425 3707
496.798 365740
497.219 358172
497.350 3814
497.750 399738
497.811 359033
498.078 342922
498.159 342633
498.288 348733
498.350 7356
498.923 439153
499.020 558524
499.597 546780
499.666 426584
499.675 572451
499.903 376524
500.492 365329
500.606 494021
500.753 408858
502.051 343354
502.268 423528
503.129 374260
503.436 358060
503.843 400995
504.200 368510
504.479 353486
504.481 358993
504.930 408341
505.329 344964
505.454 339382
506.638 416977
506.715 357237
507.136 369689
507.775 342575
507.900 3837
508.075 360061
508.208 354383
508.390 397035
508.509 377933
508.585 355177
508.803 372267
508.888 365581
508.891 411001
508.983 354211
509.275 3810
509.396 555115
509.450 3862
510.025 333114
510.050 3759
510.150 3681
510.250 332815
510.712 373086
510.875 3789
510.951 398089
511.229 414633
511.246 422211
511.325 3794
511.600 3707
511.712 374073
512.000 332845
487.125 0
509.700 0
512.075 332990
512.150 332903
512.491 345194
512.546 382096
512.600 3735
512.775 3762
513.025 338347
513.105 358840
513.267 395182
513.426 341209
513.765 547355
513.906 562435
514.230 405941
514.475 385072
514.583 380977
514.629 375267
514.664 357852
515.128 439815
515.599 377680
515.705 385521
515.725 357194
515.744 373566
516.384 561611
516.507 353066
516.724 579162
517.537 376954
518.014 388459
518.032 382943
519.139 381268
519.983 365897
520.913 390498
521.460 549340
521.521 349744
521.717 414039
522.269 381057
522.402 409903
522.510 340630
522.850 333114
523.085 409677
523.125 3734
523.412 405434
523.450 3759
523.680 348166
523.809 394600
523.987 555219
524.025 3810
524.175 333021
524.225 3789
524.325 3762
524.650 3862
524.800 3707
525.190 344491
525.235 377920
525.350 3681
525.500 332872
525.750 332931
525.775 332903
525.842 369709
525.950 3794
526.125 332991
526.527 354292
526.758 357065
526.824 371941
526.850 388064
526.925 7357
526.950 3814
527.236 407872
527.730 352070
527.788 370080
528.075 332812
528.575 423049
529.300 362075
530.230 343187
530.609 354456
530.738 411044
531.104 369418
531.634 341209
532.049 341209
532.179 344860
532.652 346643
532.744 346390
532.890 350294
532.895 385619
532.942 413913
532.958 413782
533.111 346446
533.500 389502
533.507 353132
534.030 372336
534.661 405215
534.924 364120
535.148 392807
535.695 404822
536.050 371328
536.129 357950
536.232 351991
536.500 3735
537.275 3862
537.283 369080
537.375 3814
537.400 3762
537.800 338347
524.125 0
537.819 388662
537.918 379237
538.032 560169
538.051 368536
538.316 502761
538.350 3759
538.350 3837
538.476 346521
538.680 544821
538.735 452801
538.875 3789
539.100 332822
539.137 545035
539.550 3794
539.650 3681
539.762 591834
539.825 3707
539.842 431369
540.075 3810
540.275 3734
540.770 393591
540.815 424140
541.049 384440
541.183 382222
541.416 376036
542.309 385610
543.293 389031
543.420 382282
543.467 368863
543.798 501210
543.900 382096
544.164 339442
545.286 380977
545.372 361051
545.389 571531
547.319 377040
547.339 355059
547.614 441908
547.887 352598
548.133 343380
548.179 398238
548.470 402451
548.600 376807
549.009 364450
549.431 395360
549.777 348439
550.551 390449
550.575 3762
550.685 412001
550.700 3794
551.044 388876
551.504 344248
551.803 420701
551.845 415502
551.896 364332
552.059 341606
552.162 388666
552.170 572941
552.375 3735
552.417 351041
552.459 428152
552.675 3759
552.774 618686
552.786 350377
552.791 395781
552.850 3814
552.867 353583
552.925 3837
553.076 615637
553.250 3681
553.275 370294
553.383 382435
553.466 390791
553.512 392629
553.600 3734
554.325 332906
554.400 3862
554.500 3707
554.758 563196
554.775 3789
554.777 348166
555.114 379818
555.450 3810
555.654 396820
556.047 377813
556.154 366117
556.444 364952
558.187 438179
559.330 378229
559.734 362842
559.902 357884
560.142 405426
560.845 404121
560.960 449596
561.363 365136
561.488 355136
561.529 371048
561.692 342553
562.273 347673
562.292 358172
562.499 545205
562.963 645551
540.250 0
557.025 0
563.084 370842
563.126 343286
563.235 587002
563.622 387569
564.741 411086
565.102 371941
565.217 339442
565.302 359217
565.550 338347
565.873 402425
565.948 345611
565.975 3762
566.013 366645
566.050 391230
566.071 346255
566.225 3794
566.300 3707
566.400 3681
566.900 3862
567.174 350361
567.489 545110
567.500 34186
567.658 401103
567.675 3734
567.719 381621
567.750 3814
568.061 427424
568.070 344124
568.270 387144
568.275 3759
568.300 26024
568.351 360333
568.588 406855
568.650 3789
568.675 3810
568.700 3735
568.928 434050
568.975 3837
569.100 332901
569.350 332935
569.500 339964
569.876 409309
570.536 394600
570.681 393477
571.907 562659
572.151 560871
572.548 366045
573.314 370377
573.565 353263
573.612 382296
573.905 398180
574.290 555219
574.429 576457
574.503 394332
575.096 371048
575.098 368706
575.495 476280
575.696 379764
575.956 340188
575.957 394774
576.841 550774
576.894 390740
577.077 594360
577.315 402402
577.654 400241
577.912 356490
578.109 413499
578.167 457868
578.192 404574
578.368 411399
578.408 403772
579.567 395726
579.596 366147
579.829 390390
579.875 29973
580.350 3794
580.539 383835
580.556 339355
580.600 3862
580.679 401920
580.948 566142
581.015 395893
581.300 3707
581.325 33474
581.761 561647
581.825 3735
581.950 16250
582.150 7281
582.262 569284
582.300 3814
582.320 406499
582.485 344868
582.750 338347
582.750 3810
582.756 345162
583.075 28981
583.100 3762
583.225 38576
583.450 3789
583.575 3681
583.729 376453
583.800 332901
573.600 0
583.978 391969
584.050 3759
584.050 3837
584.075 3734
584.076 394247
584.166 417011
584.250 332933
584.295 354342
584.410 344557
584.500 332932
584.644 393195
584.750 332870
585.548 383164
585.550 24292
585.581 416356
585.647 572414
585.926 563574
586.134 492987
586.278 343524
586.508 571625
586.534 387624
586.639 345343
586.769 381790
586.877 350991
587.274 361329
587.516 400651
587.950 36304
588.247 397627
588.263 351390
588.821 404132
588.926 351224
589.311 344758
589.414 357311
589.675 21948
590.017 348189
590.020 389406
590.153 413782
590.198 357950
590.405 442070
590.870 355435
591.102 553392
591.278 395278
591.826 362622
591.875 26019
591.911 400831
592.247 344565
592.380 353972
592.781 394444
593.425 26047
593.525 16210
593.750 34628
593.775 332993
593.922 585941
594.108 351224
594.123 375790
594.125 26067
594.325 21348
594.627 374980
594.700 412886
594.939 379128
595.125 25346
595.300 25935
595.450 333023
595.632 402651
595.675 1493
595.675 29490
595.825 3707
595.900 3794
596.050 1559
596.075 3681
596.075 3762
596.090 376497
596.100 1471
596.225 1517
596.225 24260
596.225 3789
596.233 350947
596.350 3862
596.360 361043
596.375 27218
596.375 3837
596.400 38604
596.429 391754
596.448 407782
596.525 32323
596.642 401920
596.776 409681
596.800 26023
596.925 23628
597.100 3810
597.350 1560
597.500 23666
597.625 32346
597.650 34544
597.725 27740
597.775 3735
597.871 375930
597.875 28299
597.900 24864
597.944 439906
598.125 30044
598.200 31136
585.950 0
597.250 0
598.300 1494
598.375 33390
598.425 1668
598.475 26551
598.500 21574
598.500 38048
598.575 1521
598.575 33421
598.600 1537
598.600 19703
598.625 3734
598.649 400252
598.650 19674
598.700 44897
598.750 28246
598.775 32336
598.800 1473
598.825 1470
598.850 332931
598.875 23671
598.875 26556
598.925 19670
599.025 19704
599.050 1515
599.050 1538
599.050 24256
599.075 19702
599.100 332962
599.142 377040
599.175 32848
599.187 393109
599.200 19686
599.200 35128
599.225 28339
599.225 31748
599.250 1492
599.250 35132
599.275 19719
599.325 28981
599.325 43345
599.375 23119
599.400 1514
599.400 19688
599.525 23701
599.550 34636
599.600 32310
599.650 22517
599.725 54104
599.750 36304
599.800 34186
599.834 361789
599.900 1496
599.900 28817
599.900 33474
599.925 29973
600.150 21989
600.225 27197
600.225 29697
600.250 25911
600.250 31689
600.339 345584
600.400 55270
600.450 31702
600.450 423049
600.458 351319
600.475 25405
600.600 31095
600.600 333020
600.618 419339
600.649 424903
600.650 24290
600.725 32869
600.800 24420
600.825 27749
600.850 31180
600.875 333326
600.925 24292
601.000 21997
601.000 23702
601.025 36500
601.050 25921
601.050 28853
601.100 21315
601.100 21948
601.112 547777
601.169 479311
601.300 332813
601.375 333027
601.400 21318
601.400 332815
601.400 38139
601.425 28890
601.450 37472
601.500 332906
601.550 22008
601.550 333205
601.575 21955
601.575 27183
601.600 24763
601.600 25335
601.650 28312
601.675 332903
601.700 22544
601.700 24185
601.725 1517
601.725 24831
601.750 332995
601.775 332933
601.775 36485
601.850 332960
601.850 333114
601.900 1493
601.900 22565
601.950 36345
602.050 29429
602.050 332932
602.050 37992
602.100 332816
602.150 1471
602.150 332872
602.150 33480
602.175 333082
602.200 22002
602.225 1559
602.225 332841
602.225 332990
602.250 332991
602.275 26129
602.275 32823
602.300 332812
602.325 332901
602.425 34617
602.475 333021
602.625 1560
602.625 21408
602.675 332930
602.700 332935
602.725 26542
602.730 408279
602.750 28343
602.750 32330
602.750 332822
602.800 30000
602.825 27762
602.850 27211
602.850 36271
602.850 41514
602.875 25418
602.925 25427
602.979 394600
603.000 21424
603.000 24880
603.025 29448
603.050 22000
603.050 26024
603.100 23734
603.125 28232
603.125 332845
603.125 332934
603.125 333080
603.150 28794
603.200 23681
603.225 22530
603.225 26584
603.275 31733
603.275 332811
603.350 21933
603.375 21349
603.375 29949
603.400 21930
603.400 31201
603.400 35720
603.425 26056
603.450 22564
603.450 26554
603.450 29380
603.475 22020
603.500 29453
603.525 50756
603.575 1494
603.625 35713
603.650 27150
603.675 23070
603.700 21437
603.750 1521
603.750 332870
603.750 34045
603.775 27161
603.825 38589
603.875 1668
603.900 28905
603.925 1473
603.925 28847
603.950 21410
603.950 30003
603.961 358516
603.963 371539
603.975 1537
604.025 1514
604.075 29379
604.112 339244
604.150 1515
604.225 332902
604.225 333024
604.250 1470
604.250 23728
604.250 29475
604.250 36870
604.275 25929
604.330 363143
604.350 1538
604.425 27747
604.425 32855
604.467 428764
604.475 1492
604.500 23150
604.550 23107
604.550 332993
604.550 43759
604.600 26572
604.600 42610
604.650 25367
604.775 25429
604.800 38576
605.025 35127
605.039 453079
605.140 367382
605.142 392592
605.147 342676
605.150 27672
605.300 1496
605.550 21401
605.725 37453
605.947 399105
605.950 36281
606.000 332931
606.000 333023
606.003 402341
606.043 384418
606.225 333052
606.300 333326
606.363 399856
606.450 332846
606.675 332962
606.850 333114
606.875 332813
606.959 371006
607.025 333020
607.175 332906
607.215 382435
607.232 341623
607.392 417525
607.450 332812
607.475 332991
607.800 332903
607.800 332934
607.800 332990
607.900 332935
607.975 332822
608.000 333081
608.050 332901
608.075 332933
608.125 333021
608.225 332930
608.400 332995
608.515 400556
608.575 332815
608.600 333027
608.725 332841
608.784 434619
608.960 416096
609.028 376954
609.200 332960
609.216 365082
609.233 365876
609.327 424252
609.403 350869
610.338 405101
610.781 389719
610.916 378424
611.819 489435
611.994 358827
612.174 374073
612.199 346602
612.231 529521
613.531 355574
613.790 366549
613.922 408086
614.157 364250
614.696 387702
614.758 342318
614.939 386647
615.116 408872
615.135 345401
615.205 364540
615.255 392231
615.846 372948
616.291 455627
616.413 573048
616.850 3707
616.875 338347
617.101 580552
617.120 574771
617.694 383100
617.825 3814
617.875 3734
616.950 0
617.923 372290
617.950 3681
617.982 352454
618.150 3862
618.163 416356
618.400 3837
618.568 395186
618.760 587002
618.850 3759
618.883 416069
619.100 3735
619.189 369744
619.300 3789
619.525 3794
619.904 388353
620.155 340922
620.561 339760
620.862 372919
621.110 340630
621.175 363463
622.033 506132
622.461 375466
622.490 405358
622.576 348241
622.689 412409
622.969 595172
623.043 341269
623.769 490704
624.331 373566
624.419 500694
624.813 370603
625.293 610860
625.511 439167
625.845 407731
626.251 397089
626.893 379042
627.572 375859
627.995 403102
629.012 394335
629.155 601836
630.083 359734
630.147 428904
630.552 579113
630.785 359123
631.255 422272
631.700 3762
631.821 486190
631.841 406399
632.581 359429
632.950 332930
633.210 488645
633.225 3734
633.275 332902
633.371 385232
633.475 332816
633.525 3810
633.650 3794
633.775 3759
633.775 3862
633.783 349433
634.145 583756
634.450 332962
634.497 435777
634.825 333080
634.875 338347
634.900 3789
635.075 333205
635.099 409187
635.253 372833
635.325 3735
635.357 345005
635.357 555303
635.450 332870
635.488 362675
635.725 3707
635.750 332995
635.825 332935
636.075 333082
636.095 382723
636.361 353377
636.411 415323
636.418 404277
636.803 379720
637.074 363076
637.150 395882
637.425 3814
637.500 332811
637.617 413879
638.300 332933
638.303 400190
638.641 429622
639.200 379717
639.815 466352
640.247 399856
640.340 351028
641.185 347610
641.208 421546
641.412 377576
641.538 382814
641.667 392541
641.955 351555
642.055 567581
631.975 0
642.653 405215
642.875 16175
643.026 488390
643.446 398545
643.727 376185
644.282 347331
644.689 398499
646.405 375127
646.764 478592
647.000 3681
647.100 3762
647.190 394943
647.303 356896
647.675 3794
647.796 356522
647.970 374045
648.138 400445
648.310 474367
648.625 3735
648.925 3862
649.154 410582
649.225 3707
649.319 400690
649.450 3814
649.605 343319
649.750 3759
650.475 3734
650.550 3789
650.555 412198
650.794 354190
650.875 333027
651.025 386344
651.450 3810
651.575 3837
651.688 406944
651.778 387776
652.024 352992
652.137 354382
652.169 594360
652.473 376331
652.550 30044
652.700 350869
653.498 413807
653.563 375015
653.734 371416
653.817 358273
653.822 392578
654.070 339897
654.570 345114
654.722 399152
654.935 350151
655.674 432575
655.767 354292
655.962 356484
656.248 373444
656.368 370672
656.700 1493
657.056 345976
657.081 379124
657.319 348078
657.703 367706
658.912 388973
659.158 384152
660.319 372622
660.506 381853
662.307 341888
662.675 3814
663.150 3862
663.358 395527
663.398 545035
663.475 3837
663.746 340389
663.975 338347
664.325 3759
664.750 3789
664.908 359685
665.186 409273
665.375 3734
665.690 380064
665.756 402700
665.975 3681
666.089 358829
666.218 338765
666.322 378341
666.400 7595
666.475 3762
666.604 377733
666.710 372948
666.883 361573
667.725 16250
667.786 368119
667.909 400793
669.236 381273
669.327 385009
669.489 346258
669.560 449596
669.750 7424
669.764 379664
671.360 464057
672.217 363972
673.483 401619
675.601 554380
650.225 0
666.525 0
675.669 347494
675.705 471647
675.789 550774
675.825 3810
676.133 594360
676.194 548474
676.244 359969
676.300 3735
676.475 3707
677.000 367721
677.237 481622
677.526 374250
677.725 3789
677.750 3759
677.812 400653
677.975 3837
678.149 399907
678.235 356880
678.482 344248
678.750 3762
678.800 3734
678.863 589872
678.875 332901
679.150 3814
679.294 364054
679.446 544821
679.515 372305
679.726 482018
679.800 3862
679.817 363116
679.954 380000
680.275 333114
680.331 385521
680.726 386124
680.815 393318
680.825 23702
680.850 332930
680.850 3794
681.100 333024
681.565 569468
681.716 381853
681.739 339295
682.021 380524
682.149 415229
682.502 359773
683.231 388383
683.615 569318
683.802 559213
683.942 392744
684.245 370794
684.804 417087
684.910 393196
684.974 340893
684.996 350045
685.436 410274
685.522 457868
685.996 373931
686.183 518086
686.327 425490
687.446 407897
687.456 353936
687.987 561594
688.007 374626
688.514 386887
688.727 346739
688.793 386202
689.162 368853
689.311 390390
689.333 408263
689.950 3681
690.174 346602
690.307 399322
690.500 338347
690.826 373063
690.859 369299
691.022 434304
691.543 366117
691.550 395882
691.614 362021
691.775 16210
691.875 3789
692.225 3734
692.304 394052
692.350 3762
692.386 377695
692.400 3837
692.425 3707
692.432 394386
692.468 365057
692.575 3810
692.700 3814
692.973 505015
693.000 35128
693.325 21574
693.326 370411
693.401 368119
693.423 402700
693.625 3794
693.634 380434
693.640 416345
693.650 3862
694.029 350956
691.775 0
694.615 411486
694.700 333052
694.950 3735
695.117 348189
695.348 384999
695.641 544635
695.664 357237
696.050 332822
696.600 378588
697.050 332906
697.169 438186
698.101 566967
698.482 379311
698.583 340188
698.725 1521
699.117 373793
699.120 350820
699.677 382296
700.162 407482
700.650 23702
700.752 545106
700.868 380025
700.950 28905
700.959 483815
701.096 376389
701.268 344910
701.404 411749
701.668 364209
701.850 32336
702.153 389046
702.525 373402
703.742 365455
703.809 563408
703.856 571599
703.936 401194
704.000 24290
704.101 343879
704.107 544548
704.225 22530
704.825 332822
705.050 23734
705.216 553392
705.323 379664
705.375 31180
705.475 23119
705.648 540679
705.747 421434
705.750 1538
706.125 29453
706.250 26067
706.385 361790
706.400 3681
706.525 338347
706.550 26056
706.620 376595
706.625 3707
706.675 3759
706.700 22565
706.700 27211
706.750 1559
706.791 575031
706.800 24763
706.900 24831
706.925 22008
707.073 486468
707.125 1470
707.125 3789
707.400 22544
707.575 30044
707.600 29973
707.650 35127
707.775 3735
707.975 26047
708.100 1668
708.100 332990
708.140 372599
708.225 3734
708.350 37992
708.400 3810
708.450 26024
708.475 25911
708.550 21989
708.600 22002
708.625 23070
708.656 409875
708.725 22000
708.725 3814
708.775 27218
708.855 588684
708.925 36271
709.050 42610
709.100 21348
709.150 3862
709.325 26019
709.357 347084
709.375 1492
709.375 3794
709.400 3837
709.575 3762
709.592 346912
709.595 392231
709.625 19674
708.300 0
709.650 1537
709.700 28890
709.750 1473
709.775 21930
709.775 41514
709.825 19704
709.850 1560
709.853 362712
710.025 19703
710.050 1494
710.050 1521
710.075 1496
710.125 1514
710.229 618686
710.242 450911
710.250 19688
710.275 19670
710.325 31733
710.375 19686
710.400 19702
710.400 19719
710.400 23666
710.425 28905
710.475 34617
710.550 1517
710.575 33421
710.576 380661
710.700 1515
710.800 21318
710.825 36345
710.931 338744
710.932 345114
710.950 21349
710.950 35713
711.000 1471
711.050 27183
711.100 1493
711.150 28312
711.175 21408
711.175 29697
711.250 36500
711.292 368164
711.300 24260
711.375 25405
711.400 27672
711.400 33480
711.425 34045
711.525 34636
711.550 24420
711.600 26129
711.625 25418
711.625 38048
711.675 25346
711.800 28817
711.825 29949
711.850 26023
711.850 29490
711.850 333114
711.850 34186
711.875 32323
711.900 23702
711.900 25935
711.900 32330
711.900 32869
711.900 333027
711.925 29475
711.950 28343
711.975 32848
712.000 25429
712.025 21955
712.025 26572
712.025 333052
712.075 36304
712.100 21574
712.200 35720
712.275 24864
712.275 27197
712.300 21997
712.300 34628
712.350 332995
712.350 44897
712.375 32346
712.425 332816
712.450 332991
712.450 333020
712.475 333024
712.550 28794
712.550 28981
712.575 29448
712.575 32336
712.625 1470
712.650 22020
712.675 37453
712.700 54104
712.725 332815
712.750 23681
712.750 332812
712.750 38604
712.825 332811
712.825 333326
712.850 21948
712.850 25427
712.850 31689
712.850 332932
712.875 332930
712.925 29429
712.925 31136
712.925 35132
712.975 21933
712.975 333081
713.000 29379
713.000 38139
713.100 28847
713.125 332962
713.150 28299
713.200 23671
713.200 27740
713.250 23628
713.250 27150
713.275 333023
713.325 332872
713.330 412421
713.350 22517
713.400 23728
713.400 32310
713.475 333082
713.500 21410
713.525 1559
713.525 26556
713.525 27747
713.525 332903
713.525 35128
713.550 332933
713.575 21315
713.600 36485
713.700 32855
713.700 37472
713.767 341189
713.775 22564
713.825 25335
713.850 1538
713.850 30000
713.850 332841
713.850 333021
713.875 27749
713.875 43345
713.900 23701
713.900 31201
713.950 32823
714.025 24880
714.030 356892
714.050 1668
714.075 332813
714.175 21401
714.175 36281
714.250 332906
714.275 28232
714.275 332935
714.348 372227
714.350 21424
714.375 26554
714.375 27762
714.400 333205
714.400 38589
714.425 33390
714.425 33474
714.500 28339
714.525 25921
714.525 26584
714.525 31095
714.525 38576
714.575 26551
714.600 24185
714.624 365542
714.650 1560
714.650 28246
714.650 332845
714.750 1492
714.875 1494
714.895 409187
714.900 1537
714.900 23107
714.925 30003
714.925 332902
714.950 25367
714.975 1521
715.025 1517
715.025 24256
715.025 24292
715.100 21437
715.125 1473
715.150 1514
715.175 29380
715.225 1496
715.375 28853
715.375 50756
715.450 23150
715.450 31702
715.500 31748
715.525 1471
715.525 1493
715.525 1515
715.525 27161
715.677 534615
715.700 34544
715.775 36870
715.950 332901
716.001 353084
716.100 43759
716.150 332822
716.225 332931
716.350 332934
716.475 22544
716.625 332870
716.725 332993
716.875 332960
717.000 25929
717.000 332846
717.100 333027
717.132 343380
717.150 332990
717.176 440117
717.313 384528
717.475 333114
717.929 409049
717.952 353411
718.475 333020
718.525 332872
719.200 333081
719.318 355942
719.650 333024
719.950 333326
720.000 332812
720.000 332841
720.225 332813
720.467 552471
720.650 332816
720.700 333082
720.791 392003
720.887 366637
721.869 554117
722.296 386706
722.385 386973
722.639 416977
722.863 379205
722.903 431409
723.016 586407
723.375 546686
723.457 370833
723.909 461217
724.492 355414
724.504 381575
724.530 419652
724.542 546443
724.784 346327
725.809 371421
726.271 430919
726.675 362834
726.793 347355
727.341 407884
727.741 404427
728.225 3794
728.298 384616
728.475 3681
728.525 3735
728.600 3707
728.746 394948
728.800 3789
729.200 338347
729.200 3762
729.314 364267
729.600 3759
729.802 388876
729.900 3814
729.914 354382
730.178 395340
730.225 3734
730.550 3837
730.593 374894
730.832 350797
730.899 339888
731.275 7325
731.719 350284
732.279 346302
733.036 363814
733.174 397613
733.182 454142
733.404 618771
733.415 546443
733.531 547777
733.824 432089
734.275 385610
734.400 365245
734.539 382224
734.875 16210
735.314 347283
735.499 367686
735.716 412335
735.802 347046
735.852 360061
736.073 458959
736.836 391166
737.132 479622
737.300 372104
737.338 593124
737.631 402477
732.800 0
738.207 376487
738.891 558001
739.065 438982
739.623 367026
740.264 383680
741.225 3810
741.774 472391
742.038 573840
742.421 351388
742.680 355906
743.243 384708
743.575 3735
744.325 3837
744.416 365081
744.723 428904
744.775 3862
745.075 3759
745.100 3762
745.174 378232
745.183 409530
745.500 3794
745.700 333020
745.760 388154
745.806 573152
745.833 353202
745.876 386647
745.977 573769
746.025 333027
746.200 3789
746.250 3681
746.575 332993
746.872 407279
746.900 332815
747.161 631682
747.500 395726
747.700 332902
747.775 3707
747.800 338347
747.899 350562
748.580 421247
748.700 333205
748.810 364469
749.074 393195
749.234 402227
749.388 381790
749.650 332932
749.875 413814
750.253 544264
750.449 546391
750.624 557405
750.654 382814
751.506 564236
751.641 399717
751.656 418576
751.811 377221
752.770 406746
752.806 420672
752.873 419356
753.069 343258
754.157 422211
755.077 358808
755.169 348733
755.468 463708
755.759 415323
755.856 407466
756.075 580214
757.167 408861
757.431 368061
757.521 406121
757.680 416278
758.058 358157
758.673 387047
758.749 399907
759.150 3814
759.225 3794
759.319 369831
759.400 332993
759.725 332870
759.975 3789
760.000 3734
760.675 3681
760.675 3862
760.701 377221
761.200 3735
761.250 333027
761.300 3837
761.323 555829
761.494 346763
761.625 338347
761.725 333205
761.730 361005
761.820 344319
761.925 332906
762.063 449741
762.162 355543
762.220 359798
762.275 333020
762.750 332933
762.983 408085
763.200 332822
763.485 510451
763.560 503326
748.800 0
763.690 364785
763.885 384418
764.133 396868
764.300 16250
764.414 407310
764.853 408445
765.362 375375
765.952 477448
766.075 24763
766.319 551831
766.746 405358
766.754 405434
766.875 7321
766.960 375380
766.991 375189
767.179 435156
767.665 365325
768.052 399985
768.520 363562
768.669 412001
769.362 563325
769.932 398272
770.023 561872
770.091 354428
770.142 343433
770.304 369323
770.425 3762
770.449 384003
770.509 389135
770.768 349514
770.878 345772
771.040 353583
771.141 342865
771.206 498380
771.325 3759
771.400 3707
771.622 356218
771.829 383100
772.425 3810
772.914 559275
773.125 3814
773.386 387307
773.625 3794
773.658 557405
773.774 365869
774.061 486109
774.725 3734
775.002 401889
775.150 332993
775.675 3789
775.759 384373
775.863 377733
775.925 3862
776.100 338347
776.450 332903
776.658 593773
777.049 394943
777.243 361620
777.266 345772
778.570 342575
778.818 397594
779.858 392597
780.173 380154
780.495 427424
782.314 360667
782.345 382601
782.906 367284
782.979 561558
784.091 413419
784.190 384083
785.025 3735
785.331 389184
785.840 368867
785.975 3707
786.079 398499
786.196 420579
786.277 347283
786.334 343137
786.345 361217
786.532 440150
786.629 357634
786.875 3814
787.060 357918
787.223 366938
787.225 362742
787.453 359552
787.475 3681
787.792 376270
787.850 3762
788.075 3810
788.325 3837
788.608 379447
788.686 421928
788.731 481867
788.894 416345
788.900 3759
789.125 3862
789.175 3789
789.550 26551
789.575 3794
789.900 332816
789.925 338347
765.675 0
780.650 0
790.075 332815
790.252 385953
790.300 332906
790.305 415678
791.175 332902
791.251 383679
791.356 576457
791.754 351482
791.885 555900
792.672 480421
793.172 374076
793.456 352606
793.460 477831
794.392 348922
794.823 388288
795.100 32869
795.442 417838
795.818 469101
795.849 377398
796.478 424353
796.532 390669
796.667 393109
797.015 382708
797.105 551193
797.217 416278
797.472 439098
798.313 421069
798.800 409677
799.049 607671
799.406 421669
799.477 372253
799.577 415470
799.656 344903
799.752 360847
800.463 359489
800.525 3734
800.834 353845
801.050 3789
801.163 367574
801.259 343117
801.279 476373
801.550 3681
801.569 392849
801.624 357622
801.641 425430
801.775 3762
801.948 409225
802.025 3837
802.280 416715
802.350 3735
802.547 343117
802.575 3794
803.239 356990
803.465 464091
803.574 381767
803.641 394706
803.725 3814
803.761 409066
803.821 347132
803.825 3810
804.350 3759
804.425 332902
804.575 3707
804.736 559485
805.175 3862
805.363 390446
805.700 16370
805.800 332932
805.987 434276
806.091 364472
806.275 27740
806.583 387144
806.732 558052
806.843 389764
807.052 466278
807.637 354693
807.674 423605
808.475 1521
808.593 418534
808.972 359178
809.072 378459
809.471 549910
810.222 359571
810.226 409939
810.285 393259
810.402 486938
810.653 385205
811.050 23671
811.510 549349
811.800 16250
811.843 449064
812.063 563860
812.549 352886
812.550 32869
812.841 352096
813.320 404260
813.467 562748
813.738 384271
813.830 398253
814.438 365943
814.957 348118
814.977 341862
804.050 0
815.603 584560
815.650 3707
815.759 413889
815.903 368371
815.975 28246
816.016 562236
816.175 22517
816.375 3862
816.414 375115
816.475 3734
816.550 3681
816.761 351156
816.764 411044
816.875 38576
816.975 3794
817.075 3762
817.100 3759
817.205 355896
817.450 3810
817.550 338347
817.575 332933
817.600 24831
817.625 33480
817.775 3735
817.775 3814
817.800 25346
817.806 477336
817.975 26056
818.025 28817
818.050 332993
818.164 403725
818.175 21348
818.300 21424
818.321 546780
818.425 1517
818.525 21437
818.571 368544
818.725 27749
818.825 333326
818.850 32346
818.925 21997
819.026 381058
819.047 413164
819.050 23628
819.309 373402
819.475 1537
819.500 1560
819.550 34628
819.575 35132
819.610 474367
819.725 1493
819.725 21955
819.744 452700
820.000 332870
820.009 378119
820.068 572204
820.100 34544
820.125 3837
820.175 332872
820.225 32848
820.400 30044
820.458 361217
820.500 29379
820.796 409811
820.875 37472
820.900 1471
820.950 26024
821.025 1496
821.072 365588
821.225 25367
821.325 1473
821.325 24864
821.325 29475
821.400 1559
821.475 1470
821.532 377408
821.575 21408
821.575 23701
821.850 1494
821.850 24292
821.854 427657
821.950 33421
821.961 360752
821.975 1492
821.975 38589
822.046 554560
822.175 24290
822.200 1538
822.232 389046
822.233 348217
822.296 384109
822.301 365184
822.325 1515
822.350 32323
822.550 26551
822.600 33390
822.657 396086
822.775 36304
822.875 21930
822.879 413772
822.900 31095
823.005 454290
818.450 0
823.050 21948
823.050 27211
823.100 25429
823.125 23666
823.150 31136
823.200 25427
823.225 36485
823.300 29973
823.379 363595
823.425 37992
823.450 1521
823.550 1514
823.574 384802
823.650 21318
823.800 21315
823.825 26584
823.888 407897
823.900 24185
823.900 26542
823.950 35720
824.058 483701
824.200 1668
824.250 31702
824.325 24763
824.325 28853
824.425 332813
824.450 27762
824.500 41514
824.650 27150
824.700 25418
824.728 339078
824.732 377883
824.750 22000
824.771 342754
824.800 23119
824.850 29453
824.875 28890
824.900 28794
824.975 36281
825.025 26554
825.075 29429
825.125 1517
825.275 29448
825.300 29490
825.339 401322
825.375 25911
825.375 31748
825.400 25935
825.400 36870
825.425 44897
825.500 21410
825.575 1560
825.625 28299
825.775 28232
825.792 385334
825.800 31201
825.825 32869
825.850 25335
825.950 22020
825.950 32823
825.975 26023
826.000 36500
826.025 30003
826.036 499695
826.200 1471
826.250 26129
826.300 26556
826.300 332902
826.350 26047
826.375 1537
826.375 38604
826.425 34045
826.450 28847
826.450 31180
826.475 27161
826.550 24260
826.675 21401
826.700 1493
826.700 333021
826.725 21349
826.750 23107
826.750 24256
826.775 22008
826.775 32310
826.783 364081
826.800 23671
826.800 31733
826.825 27672
826.825 31689
826.950 1470
826.950 23070
826.950 26572
826.950 333081
827.000 22565
827.000 332990
827.050 1473
827.050 21933
827.050 332812
827.050 332932
827.100 27740
827.100 332841
827.125 35128
827.150 27218
827.263 358675
827.275 332935
827.300 1492
827.300 24880
827.325 27747
827.350 1494
827.375 1559
827.375 26019
827.450 32336
827.450 333023
827.475 1515
827.475 332901
827.475 332903
827.500 34636
827.525 25921
827.550 332993
827.575 25346
827.575 332811
827.625 1496
827.625 23150
827.675 332815
827.725 21989
827.725 22564
827.750 1538
827.750 22530
827.750 332960
827.775 333082
827.800 332995
827.825 332870
827.825 333020
827.825 38048
827.850 27749
827.850 29380
827.875 332930
827.875 33474
827.900 333052
827.925 29949
827.925 35127
827.975 32855
828.075 332816
828.075 332872
828.100 24831
828.125 34617
828.164 420099
828.250 28246
828.300 25929
828.300 36271
828.325 332934
828.375 38139
828.400 332906
828.425 28312
828.450 35713
828.525 22544
828.525 332962
828.550 38576
828.575 1514
828.575 333024
828.625 332933
828.625 36345
828.625 37453
828.650 332845
828.682 364332
828.725 32346
828.775 23734
828.839 574333
828.850 332931
828.925 21437
828.925 333080
828.981 485277
829.000 22517
829.000 27197
829.075 332846
829.075 333114
829.100 30000
829.200 22002
829.200 27183
829.275 23681
829.275 25405
829.275 26067
829.325 23728
829.325 24420
829.375 1521
829.400 32330
829.425 34544
829.450 351851
829.465 407135
829.550 28981
829.575 54104
829.625 28905
829.650 332813
829.725 1668
829.725 23702
829.725 333027
829.775 55270
829.825 28339
829.825 332991
829.850 34628
829.850 42610
829.875 43759
829.925 1517
829.925 333205
830.096 556508
830.125 1560
830.175 29379
830.200 50756
830.225 28343
830.225 333326
830.500 23701
830.575 34186
830.617 571482
830.675 43345
830.700 332822
830.775 341269
830.975 1537
831.100 333021
831.125 332902
831.306 348484
831.398 361779
831.425 332932
831.475 332990
831.495 478877
831.775 21574
831.892 370732
831.924 353896
831.950 333081
832.021 411452
832.175 24864
832.175 332935
832.250 332903
832.275 332995
832.300 332812
832.300 333023
832.320 395767
832.376 575664
832.425 332901
832.450 332816
832.500 332815
832.532 420612
832.535 503658
832.600 332870
832.650 333052
832.650 333082
832.663 383133
832.675 29697
832.775 332960
832.825 332811
832.925 333024
832.950 332934
833.000 332872
833.150 332993
833.175 332906
833.325 332845
833.425 332931
833.475 333080
833.575 332962
833.646 591803
833.775 332846
833.874 421546
834.025 333114
834.200 1521
834.550 333020
834.885 459558
835.023 440499
835.275 333027
835.275 333205
835.375 333326
835.393 374712
835.404 348629
835.725 332822
835.903 588352
836.095 367788
836.266 390320
836.583 357732
837.115 361779
837.432 414215
837.566 354931
838.446 413110
838.580 566654
838.925 16210
838.943 546667
839.152 559275
839.184 346643
839.558 406795
839.650 16295
839.923 387748
840.062 391576
840.261 402865
840.518 408207
840.519 390446
840.925 553858
841.317 360986
841.351 342820
841.356 413110
841.394 408677
841.631 419348
841.725 3735
842.039 415323
842.400 3734
842.425 338347
842.550 16170
842.550 3810
842.663 494660
842.750 3762
841.225 0
842.784 375630
842.850 3759
842.900 3862
843.175 3681
843.367 437977
844.068 340574
844.168 352598
844.200 3707
844.250 3789
844.250 3837
844.715 344491
844.822 456443
844.846 345889
844.900 3814
844.969 392537
845.841 389135
847.247 427641
847.405 344474
847.507 384186
847.580 350045
847.897 585874
847.900 3794
848.405 426780
849.739 400681
850.254 360847
850.532 383117
850.694 367909
851.274 354947
852.329 359740
852.332 350562
853.390 360831
854.006 474367
854.358 572941
855.297 344099
855.580 340169
855.804 403015
855.962 397215
856.200 3837
856.303 377723
856.697 378588
856.875 3762
857.025 332872
857.100 332811
857.448 398511
857.694 348759
857.700 3734
857.775 3862
857.850 3814
858.075 3810
858.482 356615
858.575 338347
858.950 3735
859.131 543649
859.326 398213
859.368 367686
859.379 418576
859.400 3759
859.825 3794
859.984 359138
860.150 3681
860.341 473734
860.375 3707
860.459 409476
860.850 3789
860.896 505107
861.100 416345
861.368 362001
861.476 490664
861.692 404789
861.834 349935
861.908 415246
862.145 543649
862.255 378890
862.940 424969
862.948 348484
863.199 340545
863.215 346965
863.449 353369
863.504 509707
863.561 397494
863.983 367040
864.415 360506
864.651 339039
864.861 350612
865.140 362834
865.140 369539
865.484 408627
865.531 340357
865.935 408974
866.356 362701
866.831 403985
867.850 7560
868.670 402198
869.084 416345
869.200 16295
869.557 455163
869.743 370095
869.762 628723
870.561 359489
871.174 407604
871.506 397133
871.772 339626
860.075 0
871.750 0
872.359 467075
872.575 3837
872.825 3707
872.850 332841
872.925 3762
872.950 3814
873.050 3810
873.138 561611
873.325 3862
873.336 345401
873.414 348240
873.422 478592
874.166 369724
874.200 3789
874.330 360495
874.425 332816
874.425 338347
874.434 424313
874.525 3681
874.542 403411
874.601 396751
874.750 332870
874.825 3735
874.847 352772
875.220 393116
875.425 3734
875.490 419832
875.800 332991
875.882 344393
876.000 333020
876.250 332906
876.550 3794
876.624 380423
876.734 383342
876.850 3759
876.990 375573
877.073 358060
877.077 344052
877.453 341424
877.639 342884
878.022 551345
878.926 372870
879.409 406499
880.106 369418
880.451 439098
880.534 367005
880.599 426326
881.097 392592
881.296 502286
882.187 364573
882.489 400752
882.526 399241
882.649 501816
883.468 378932
884.492 350469
884.947 402700
886.178 453336
886.364 413505
886.592 343597
887.027 400651
887.450 3681
887.528 358645
887.675 3789
887.750 3762
887.777 361657
887.800 332846
887.990 566663
888.150 3862
888.450 34636
888.500 3814
888.525 3759
888.525 3810
888.671 409562
888.777 387488
888.900 3735
889.225 3734
889.559 547788
889.675 333082
890.021 367338
890.700 3707
890.825 3837
891.175 357378
891.393 547871
891.450 332962
891.575 332995
892.525 3794
892.700 388353
892.741 581678
892.817 492987
892.964 488782
893.167 340186
893.284 376178
893.625 1537
896.253 348780
896.510 545552
897.138 374929
897.579 343358
897.911 339207
897.928 352668
898.245 552015
899.166 383179
899.316 449729
888.200 0
899.341 409075
899.659 378642
900.026 408916
900.052 585874
900.388 349494
900.635 349904
900.665 579734
901.125 338347
901.247 346316
901.314 343588
902.555 371686
902.575 3735
902.725 3810
902.886 497028
903.300 3789
903.375 3681
903.395 338765
903.475 3707
903.492 403247
903.500 3862
903.525 16170
903.525 3794
903.877 371400
904.097 371436
904.150 3837
904.200 3759
904.400 3814
904.725 3762
905.200 3734
905.908 424295
906.228 354791
906.327 383063
906.506 403602
906.911 370963
907.432 343689
908.037 393199
908.298 527178
908.306 405215
908.449 468808
908.570 376279
908.713 558697
909.277 488324
909.483 427929
910.115 431279
910.777 366836
910.846 368119
911.480 422661
911.621 473621
912.068 414739
912.406 371326
912.576 387659
912.790 349036
913.485 449259
914.446 631682
914.812 379491
914.889 396144
915.001 364824
915.808 421270
915.834 349143
915.883 349241
916.043 351800
916.514 543967
916.775 332933
916.916 351773
917.025 3814
917.125 3735
917.133 463762
917.350 3794
917.350 3862
917.493 586167
917.625 344791
917.800 3810
918.221 344917
918.700 3837
918.725 333082
918.900 3762
918.950 3707
919.225 364272
919.300 3681
919.425 3789
919.575 338347
919.575 3759
920.265 364272
920.396 367850
920.687 435156
920.943 413083
921.037 483950
921.208 361372
921.668 347756
922.354 374034
922.375 3734
922.524 396068
922.551 382998
922.789 400496
922.830 393954
922.862 416037
922.931 351800
923.431 360041
923.667 397478
923.678 383018
923.821 462352
923.993 350797
919.700 0
924.015 395148
924.310 501210
925.238 387702
925.799 399051
925.985 437612
926.030 452676
926.292 416037
927.363 361213
927.410 348242
927.474 352879
928.119 351326
928.275 16175
928.275 16370
928.302 553219
929.043 354716
929.074 375215
929.366 561872
930.025 3814
930.600 3810
931.125 3735
931.233 409004
931.318 398165
931.350 3707
931.669 359969
931.747 422101
931.792 344266
931.975 3759
932.300 3789
932.375 3794
932.400 3681
932.408 586407
932.528 422928
932.625 3734
932.750 333114
932.750 3862
933.125 332846
933.300 3837
933.301 344969
933.549 345727
933.900 332822
934.166 351738
934.475 332933
934.575 332872
934.614 376896
934.625 332995
935.278 443648
935.652 368413
935.725 365931
936.024 370603
936.087 377870
936.217 409066
936.773 527178
937.034 396143
937.049 356263
937.179 552635
937.611 373993
937.932 349136
937.961 427631
938.067 394774
938.511 357634
938.678 368706
938.932 351799
939.099 387086
939.365 343883
939.547 404281
939.598 485006
940.083 343090
940.250 33421
940.639 356986
941.090 384109
941.194 366976
941.650 374757
941.994 364200
942.009 376772
942.151 379764
942.245 379704
942.445 414166
942.448 405416
942.597 433333
942.600 31702
942.608 368066
942.778 439127
943.112 354877
943.709 354108
943.904 400640
944.284 341214
944.818 402602
944.925 3814
945.599 492233
945.690 386647
945.725 3681
946.066 396335
946.600 3759
946.650 338347
946.875 3735
946.911 346688
946.975 3837
947.075 38589
947.150 3762
947.255 401196
947.375 3734
947.620 555297
933.400 0
947.550 0
947.627 379959
947.800 3810
947.875 332935
947.915 412684
948.075 333114
948.150 3707
948.315 368706
948.342 406726
948.350 3789
948.425 23681
948.450 3794
948.675 332845
948.950 26023
948.978 351191
949.175 332962
949.650 29453
949.781 397289
949.853 349036
949.953 376162
950.097 400594
950.588 341629
950.801 472391
951.000 23150
951.049 391388
951.053 490704
951.120 397588
951.226 387802
951.257 344052
951.265 338765
951.302 408677
952.231 488776
953.000 1514
953.153 420512
953.340 365112
953.900 1470
954.022 396086
954.551 490704
954.931 355039
955.015 388063
955.668 477336
955.723 407519
955.770 554560
955.772 423545
956.625 33421
957.029 572852
957.231 395692
957.531 353835
958.181 353043
958.200 32848
958.575 36271
958.627 547563
958.897 501816
959.025 24290
959.275 31201
959.475 38048
959.557 344524
959.950 21930
960.247 370732
960.270 353095
960.450 3762
960.500 24256
960.650 23671
960.725 1492
960.750 29379
960.763 556598
961.180 573048
961.225 31136
961.250 3707
961.400 3681
961.450 3814
961.456 463708
961.525 3734
961.536 566454
961.550 3837
961.598 379044
961.600 1560
961.625 3794
961.675 28853
961.681 377733
961.702 427206
961.725 1473
961.750 1471
961.800 31180
961.825 22008
961.925 1559
962.025 34628
962.075 34186
962.200 3759
962.225 28246
962.400 3789
962.475 21410
962.516 340362
962.525 32310
962.650 3862
962.685 386954
962.725 19704
962.775 35713
962.875 1493
962.875 1517
962.900 29490
962.950 447233
962.975 1470
962.125 0
962.975 26556
963.057 569009
963.075 338347
963.225 24831
963.250 19670
963.275 21989
963.325 1515
963.350 28817
963.450 22002
963.450 28890
963.525 1494
963.575 19702
963.600 19686
963.600 398056
963.650 25367
963.700 3810
963.750 1537
963.750 19719
963.775 21408
963.790 497061
963.825 24292
963.850 27672
963.886 396144
963.900 1538
963.925 19703
963.925 33474
963.948 352091
964.000 19674
964.025 19688
964.125 32323
964.150 27740
964.150 29429
964.200 28299
964.225 1668
964.250 21349
964.375 25911
964.400 28232
964.400 3735
964.400 54104
964.400 55270
964.450 24864
964.450 27749
964.475 37453
964.483 344258
964.500 29949
964.500 38604
964.550 1521
964.625 22517
964.676 354157
964.700 44897
964.725 32346
964.775 26024
964.825 1496
964.874 356896
964.900 1514
964.925 23070
964.950 25335
964.950 25935
965.050 333326
965.075 32869
965.100 25921
965.125 29380
965.150 23701
965.200 41514
965.225 26584
965.300 28905
965.325 32823
965.325 332811
965.375 22564
965.375 38589
965.425 22020
965.500 21948
965.500 25427
965.550 27161
965.661 373086
965.694 587002
965.725 332933
965.809 358993
965.875 21424
965.875 29475
965.892 359138
965.925 332822
965.950 24260
965.950 31689
965.975 26056
965.975 29973
966.000 332934
966.025 22000
966.025 332960
966.050 332903
966.050 332906
966.100 27218
966.100 43345
966.125 23666
966.150 35128
966.175 22565
966.175 333114
966.195 348682
966.200 24420
966.200 26542
966.200 32336
966.200 333027
966.250 25346
966.250 332901
966.250 332990
966.250 34617
966.300 31095
966.300 332812
966.300 332813
966.319 454127
966.325 332931
966.350 37992
966.350 43759
966.400 333080
966.400 333082
966.425 333020
966.450 332870
966.450 333021
966.500 32330
966.500 35132
966.509 403218
966.525 21315
966.525 26067
966.550 1492
966.550 21437
966.575 332815
966.600 21933
966.625 332846
966.650 27762
966.659 416782
966.675 332816
966.675 332845
966.685 551831
966.700 332902
966.700 33421
966.710 386840
966.725 36485
966.750 333024
966.800 332962
966.850 23628
966.850 28847
966.850 34544
966.875 1559
966.925 27211
966.925 332991
966.925 333023
966.950 332932
966.975 332930
966.975 33480
966.975 35720
967.000 33390
967.025 21348
967.025 333081
967.025 36281
967.075 332995
967.100 30003
967.150 26551
967.164 386619
967.175 34636
967.180 355942
967.200 32855
967.225 1473
967.300 21318
967.325 23119
967.325 36304
967.325 38139
967.350 29453
967.375 23702
967.375 26129
967.400 26023
967.425 25929
967.450 21401
967.475 23107
967.525 16175
967.575 1560
967.620 344964
967.675 24185
967.750 21574
967.750 332841
967.775 24763
967.825 23681
967.875 26019
967.899 382117
967.900 28343
967.975 28312
968.025 332935
968.050 50756
968.125 1517
968.150 25418
968.200 1471
968.225 27197
968.275 30044
968.275 332872
968.300 26572
968.300 28794
968.325 23734
968.350 28339
968.375 37472
968.475 21997
968.475 26047
968.500 30000
968.550 25405
968.600 1470
968.600 27183
968.600 29448
968.600 31702
968.650 1493
968.675 22544
968.675 26554
968.725 25429
968.725 42610
968.750 22530
968.767 574771
968.825 35127
968.850 1494
968.850 1537
968.886 367596
968.997 382211
969.000 1515
969.025 1668
969.050 1538
969.125 34045
969.200 36500
969.250 1521
969.300 23728
969.350 27747
969.375 1514
969.375 29697
969.400 27150
969.425 24880
969.425 38576
969.525 31748
969.594 582711
969.600 1496
969.900 36870
969.911 377186
970.100 28981
970.255 396310
970.275 21955
970.292 407137
970.509 349036
970.803 415815
970.900 332934
971.006 365879
971.029 568378
971.300 332931
971.350 36345
971.375 332901
971.375 333080
971.397 427929
971.400 333027
971.450 332811
971.505 372144
971.525 333081
971.575 332903
971.877 412001
971.950 332815
971.975 333326
972.075 332822
972.175 332990
972.175 333020
972.200 332813
972.362 370411
972.625 332870
972.675 332845
973.094 398165
973.100 332846
973.238 340545
973.275 332962
973.419 386619
973.506 351921
973.761 364587
973.850 333024
973.975 333052
975.846 364108
976.197 388189
976.298 366455
976.554 389256
976.575 396179
976.963 339878
977.521 573622
977.532 362610
977.831 484844
977.847 360917
977.944 376171
978.082 373160
978.206 419145
978.273 376563
978.378 453900
978.448 363562
978.570 408279
978.651 545746
978.785 360986
978.828 353895
978.938 587698
979.285 351390
979.423 400393
979.497 374883
980.012 368330
980.804 350934
981.003 341862
981.326 343856
981.647 576348
982.100 3762
982.175 398242
982.375 3837
981.375 0
982.500 338347
982.700 3707
982.700 3789
982.700 3814
982.809 534615
983.075 3862
983.350 3681
983.440 416345
983.546 448263
983.726 418003
983.741 361683
983.858 385705
984.625 3735
984.866 360769
985.297 568378
985.703 423407
986.100 3810
986.948 404132
987.361 344823
987.436 399105
987.624 396299
987.666 417474
987.710 367742
987.850 360338
988.274 374076
988.364 451509
988.534 349876
989.321 350816
990.194 397626
990.203 381399
990.639 412625
991.127 345540
991.362 362430
991.683 389521
991.735 366078
991.956 435827
991.959 413967
992.041 346272
992.109 369888
992.641 365781
993.196 396393
993.402 340178
994.443 349978
994.511 370672
994.957 406121
994.996 409152
995.808 359346
996.550 332845
997.595 498885
998.025 3794
998.100 3814
998.189 355973
998.525 333052
998.600 546300
998.750 3734
998.809 368361
999.065 392807
999.125 333082
999.250 3707
999.650 332812
999.700 3810
999.750 3762
1000.100 3837
1000.350 333114
1000.449 429922
1000.524 366974
1000.650 333020
1000.675 332933
1000.825 3759
1000.852 379093
1001.150 3789
1001.200 3681
1001.275 3735
1001.466 569644
1001.647 559578
1001.879 402687
1002.131 579777
1002.200 332815
1002.325 332872
1002.815 550023
1002.875 338347
1002.914 364573
1002.938 347344
1002.975 332822
1003.665 383981
1004.002 505982
1004.112 440938
1004.153 421434
1005.821 370301
1006.065 367394
1006.445 372656
1008.504 486190
1008.712 387776
1008.853 409700
1008.959 366455
1010.762 613839
1010.875 3789
1011.353 394270
1011.600 3862
1011.968 380489
1013.150 332930
1013.159 516623
996.950 0
