0	0
0.5	8.18744e-21
1	-3.3039e-21
1.5	1.18495e-20
2	-2.61991e-24
2.5	-9.73611e-25
3	8.78894e-25
3.5	-4.35326e-08
4	-8.96173e-08
4.5	-3.71415e-07
5	-6.11767e-07
5.5	-6.69586e-07
6	-8.83497e-07
6.5	-2.18856e-06
7	-4.44446e-06
7.5	-7.06004e-06
8	-9.25557e-06
8.5	-1.06232e-05
9	-1.17397e-05
9.5	-1.32171e-05
10	-1.44244e-05
10.5	-1.52611e-05
11	-1.55754e-05
11.5	-1.52243e-05
12	-1.47268e-05
12.5	-1.45326e-05
13	-1.3461e-05
13.5	-1.25029e-05
14	-1.16946e-05
14.5	-1.04655e-05
15	-6.38672e-06
15.5	-4.94937e-06
16	-7.3656e-06
16.5	-1.09895e-05
17	-1.24101e-05
17.5	-1.38046e-05
18	-2.13933e-05
18.5	-1.62995e-05
19	-1.37734e-05
19.5	-1.24027e-05
20	-1.15351e-05
20.5	-1.10805e-05
21	-1.09444e-05
21.5	-1.07534e-05
22	-7.42395e-06
22.5	-2.55591e-06
23	-6.21891e-06
23.5	-8.91849e-06
24	-1.34273e-05
24.5	-3.84534e-05
25	-3.18631e-05
25.5	-0.000127275
26	4.83094e-05
26.5	0.000155397
27	2.30771e-05
27.5	-0.000159637
28	-5.64595e-05
28.5	-3.51711e-05
29	-7.31252e-05
29.5	-9.90586e-05
30	-0.000121105
30.5	-0.000172559
31	0.000155218
31.5	0.00047005
32	0.000113063
32.5	-0.000510429
33	-0.000274693
33.5	-8.6985e-05
34	-7.55354e-05
34.5	-2.16254e-05
35	-1.69287e-05
35.5	-2.0318e-07
36	2.26062e-05
36.5	1.113e-05
37	6.7947e-06
37.5	5.08569e-06
38	1.97765e-06
38.5	-1.70681e-06
39	-1.16105e-05
39.5	-1.97199e-05
40	-1.94014e-05
40.5	-1.59417e-05
41	-1.25082e-05
41.5	-1.03691e-05
42	-8.82414e-06
42.5	-7.49617e-06
43	-6.55686e-06
43.5	-5.83645e-06
44	-5.23525e-06
44.5	-5.23331e-06
45	-5.36582e-06
45.5	-5.46007e-06
46	-5.61044e-06
46.5	-5.47896e-06
47	-5.12908e-06
47.5	-4.81942e-06
48	-3.6436e-06
48.5	-4.06455e-06
49	-8.7562e-07
49.5	8.65074e-07
50	7.29166e-07
50.5	-1.52722e-07
51	1.82309e-06
51.5	4.76703e-06
52	4.65863e-06
52.5	4.92115e-06
53	2.96671e-06
53.5	2.59344e-07
54	-1.56531e-06
54.5	-2.70089e-06
55	-3.00601e-06
55.5	-3.13348e-06
56	-3.81804e-06
56.5	-4.5616e-06
57	-5.03483e-06
57.5	-5.35416e-06
58	-5.83062e-06
58.5	-6.34517e-06
59	-6.83042e-06
59.5	-7.46244e-06
60	-7.96634e-06
60.5	-8.48419e-06
61	-8.62439e-06
61.5	-8.85509e-06
62	-9.00901e-06
62.5	-8.98847e-06
63	-8.7952e-06
63.5	-1.04705e-05
64	-7.13207e-06
64.5	-5.95929e-06
65	-5.65126e-06
65.5	-6.85983e-06
66	-4.33834e-06
66.5	-3.31598e-06
67	-3.24093e-06
67.5	-4.16584e-06
68	-9.43179e-06
68.5	-1.19046e-05
69	-1.28764e-05
69.5	-1.21408e-05
70	-1.00438e-05
70.5	-8.96914e-06
71	-8.45938e-06
71.5	-8.16875e-06
72	-7.93542e-06
72.5	-7.79749e-06
73	-7.62788e-06
73.5	-7.84495e-06
74	-8.14074e-06
74.5	-8.45918e-06
75	-8.64037e-06
75.5	-8.8086e-06
76	-8.93803e-06
76.5	-9.08028e-06
77	-9.08725e-06
77.5	-8.98051e-06
78	-9.0425e-06
78.5	-9.52574e-06
79	-9.91273e-06
79.5	-1.01577e-05
80	-1.02568e-05
80.5	-1.05404e-05
81	-1.13202e-05
81.5	-1.09142e-05
82	-4.6282e-06
82.5	-2.353e-06
83	-3.01959e-06
83.5	-1.27595e-05
84	-1.20074e-05
84.5	-9.16506e-06
85	-6.11955e-06
85.5	-7.78644e-06
86	-1.50231e-05
86.5	-1.4657e-05
87	-1.25845e-05
87.5	-1.13847e-05
88	-1.1086e-05
88.5	-1.13532e-05
89	-1.17661e-05
89.5	-1.19696e-05
90	-1.19787e-05
90.5	-1.20178e-05
91	-1.19735e-05
91.5	-1.17614e-05
92	-1.16766e-05
92.5	-1.14584e-05
93	-1.12158e-05
93.5	-1.08876e-05
94	-1.01681e-05
94.5	-8.77213e-06
95	-9.61569e-06
95.5	-1.04071e-05
96	-8.88056e-06
96.5	-8.99619e-06
97	-4.87944e-06
97.5	-4.94133e-06
98	-4.48471e-06
98.5	-1.03164e-05
99	-7.81646e-06
99.5	-9.35958e-06
100	-1.21439e-05
100.5	-1.09878e-05
101	-1.01915e-05
101.5	-8.74078e-06
102	-7.63712e-06
102.5	-6.99477e-06
103	-1.50891e-05
103.5	-1.34898e-05
104	-9.39198e-06
104.5	-7.54634e-06
105	-6.42601e-06
105.5	-5.58946e-06
106	-5.03984e-06
106.5	-9.7171e-06
107	-9.45256e-06
107.5	-7.82513e-06
108	-7.03618e-06
108.5	-6.98784e-06
109	-9.82591e-06
109.5	-6.63549e-06
110	-5.4226e-06
110.5	-7.36029e-07
111	3.12941e-06
111.5	6.64263e-07
112	-1.30483e-05
112.5	-2.63085e-05
113	-0.000110774
113.5	6.61127e-05
114	3.55756e-05
114.5	0.000513566
115	0.000120771
115.5	-0.000283897
116	-0.00012041
116.5	-3.89299e-05
117	-2.70529e-05
117.5	-1.84444e-05
118	-2.63582e-05
118.5	-2.15212e-05
119	-3.04358e-05
119.5	-3.16289e-05
120	-4.5061e-05
120.5	-3.9537e-05
121	-3.79182e-05
121.5	-3.22389e-05
122	-3.70814e-05
122.5	-0.00014346
123	5.60077e-05
123.5	0.000508177
124	-5.4436e-05
124.5	-0.000196907
125	-0.000137127
125.5	-8.50461e-05
126	-0.000111652
126.5	-0.000105061
127	-5.5444e-05
127.5	0.00012919
128	8.71246e-05
128.5	0.000103213
129	-0.000530106
129.5	-0.000215704
130	-4.99456e-05
130.5	-4.16683e-05
131	-2.6511e-05
131.5	-1.23527e-05
132	-2.8651e-06
132.5	-1.57756e-06
133	-6.34429e-06
133.5	-7.29893e-06
134	-8.08059e-06
134.5	-1.04948e-05
135	-1.00264e-05
135.5	-7.27699e-06
136	-4.47679e-06
136.5	-2.23171e-06
137	-6.04634e-07
137.5	3.06162e-07
138	8.47178e-07
138.5	1.09891e-06
139	1.30239e-06
139.5	1.24332e-06
140	1.14457e-06
140.5	7.54013e-07
141	9.33527e-10
141.5	-5.15363e-07
142	1.81501e-06
142.5	4.24657e-06
143	5.6886e-06
143.5	3.41566e-06
144	1.094e-06
144.5	5.02398e-06
145	7.55471e-06
145.5	6.89357e-06
146	3.97895e-06
146.5	1.28512e-06
147	-6.3194e-07
147.5	-2.05764e-06
148	-3.00707e-06
148.5	-3.88758e-06
149	-4.83504e-06
149.5	-5.60889e-06
150	-6.18984e-06
150.5	-6.6971e-06
151	-7.18583e-06
151.5	-7.95585e-06
152	-8.58807e-06
152.5	-9.04606e-06
153	-9.39893e-06
153.5	-1.00109e-05
154	-1.09154e-05
154.5	-1.16712e-05
155	-1.24904e-05
155.5	-1.3087e-05
156	-1.33215e-05
156.5	-1.32495e-05
157	-1.22455e-05
157.5	-8.71639e-06
158	-8.24364e-06
158.5	-9.19381e-06
159	-1.20466e-05
159.5	-1.24085e-05
160	-1.14228e-05
160.5	-9.19181e-06
161	-1.05538e-05
161.5	-1.12788e-05
162	-1.21276e-05
162.5	-1.11637e-05
163	-1.05444e-05
163.5	-1.0495e-05
164	-1.14713e-05
164.5	-1.21192e-05
165	-1.20085e-05
165.5	-1.17631e-05
166	-1.14131e-05
166.5	-1.13282e-05
167	-1.12461e-05
167.5	-1.11309e-05
168	-1.0844e-05
168.5	-1.05025e-05
169	-1.02452e-05
169.5	-1.01174e-05
170	-7.97498e-06
170.5	-7.61518e-06
171	-8.29034e-06
171.5	-8.68365e-06
172	-7.93207e-06
172.5	-6.90169e-06
173	-5.81788e-06
173.5	-5.41473e-06
174	-5.42211e-06
174.5	-5.66695e-06
175	-1.58395e-06
175.5	3.72681e-07
176	-6.00568e-07
176.5	-3.1087e-06
177	-4.15687e-06
177.5	-5.08362e-06
178	-5.77246e-06
178.5	-5.30618e-06
179	-4.71185e-06
179.5	-4.35626e-06
180	-4.33435e-06
180.5	-4.53942e-06
181	-4.99481e-06
181.5	-5.58992e-06
182	-6.14732e-06
182.5	-6.5054e-06
183	-6.52353e-06
183.5	-6.24072e-06
184	-5.79013e-06
184.5	-5.36497e-06
185	-3.90434e-06
185.5	-2.40997e-06
186	-2.20414e-06
186.5	2.7915e-06
187	1.63878e-06
187.5	-1.98456e-07
188	-2.39741e-06
188.5	-4.38677e-06
189	-6.20723e-06
189.5	-2.06643e-05
190	-1.83375e-05
190.5	-2.2557e-05
191	-1.79204e-05
191.5	-1.48306e-05
192	-1.30812e-05
192.5	-1.16756e-05
193	-1.10509e-05
193.5	-1.0864e-05
194	-1.13222e-05
194.5	-1.2283e-05
195	-1.31808e-05
195.5	-1.39639e-05
196	-1.46209e-05
196.5	-1.48934e-05
197	-1.48698e-05
197.5	-1.46111e-05
198	-1.4315e-05
198.5	-1.42104e-05
199	-1.41233e-05
199.5	-1.3427e-05
200	-1.28457e-05
200.5	-1.52302e-05
201	-1.63791e-05
201.5	-1.13631e-05
202	-6.2427e-06
202.5	-3.89662e-07
203	2.63181e-06
203.5	-2.86503e-06
204	-6.94249e-06
204.5	-5.19211e-06
205	-7.16993e-06
205.5	-9.58138e-06
206	-1.05875e-05
206.5	-1.17436e-05
207	-1.67204e-05
207.5	-1.82152e-05
208	-1.62455e-05
208.5	-1.50716e-05
209	-1.4494e-05
209.5	-1.41944e-05
210	-1.40319e-05
210.5	-1.36806e-05
211	-1.3443e-05
211.5	-1.30242e-05
212	-1.27814e-05
212.5	-1.29414e-05
213	-1.31666e-05
213.5	-1.31898e-05
214	-1.29306e-05
214.5	-1.26642e-05
215	-1.02465e-05
215.5	-9.11363e-06
216	-1.07178e-05
216.5	-1.28718e-05
217	-4.50039e-06
217.5	-4.89249e-06
218	-1.49647e-05
218.5	-1.41989e-05
219	-6.81658e-06
219.5	-8.43658e-06
220	-9.08464e-06
220.5	-9.20068e-06
221	-9.31091e-06
221.5	-9.02568e-06
222	-8.63201e-06
222.5	-1.03936e-05
223	-4.81353e-06
223.5	-4.67024e-06
224	-5.68875e-06
224.5	-9.93691e-06
225	-8.37139e-06
225.5	-8.04866e-06
226	-8.24484e-06
226.5	-6.8783e-06
227	-8.23543e-06
227.5	-8.83891e-06
228	-8.91434e-06
228.5	-8.84715e-06
229	-8.44277e-06
229.5	-8.32554e-06
230	-6.08326e-06
230.5	-3.16418e-06
231	4.37463e-06
231.5	1.00212e-06
232	-1.57107e-06
232.5	-2.49214e-06
233	-3.36469e-06
233.5	-2.05884e-06
234	-1.64787e-05
234.5	-1.97692e-05
235	-1.35682e-05
235.5	-8.67953e-06
236	-1.03289e-05
236.5	-7.75415e-06
237	-7.03464e-06
237.5	-7.25143e-06
238	-1.98397e-05
238.5	-2.29898e-05
239	-1.96771e-05
239.5	-1.52146e-05
240	-1.82847e-05
240.5	-3.29897e-05
241	-6.95713e-05
241.5	3.4276e-05
242	0.000129939
242.5	6.34958e-06
243	-0.000353749
243.5	-0.000170001
244	-0.00013041
244.5	-0.000113427
245	-3.09248e-05
245.5	-2.01173e-05
246	2.33468e-06
246.5	-1.27159e-05
247	-4.22237e-05
247.5	-2.10501e-05
248	-5.36239e-06
248.5	-4.07861e-06
249	-3.39556e-06
249.5	-4.30699e-06
250	-4.4924e-06
250.5	-7.69982e-06
251	-1.06041e-05
251.5	-1.2356e-05
252	-1.25067e-05
252.5	-1.11733e-05
253	-1.0503e-05
253.5	-9.29999e-06
254	-8.48604e-06
254.5	-8.28179e-06
255	-8.50793e-06
255.5	-9.27772e-06
256	-1.0073e-05
256.5	-1.09242e-05
257	-9.73737e-06
257.5	-9.35657e-06
258	-8.78865e-06
258.5	-6.2689e-06
259	-6.16051e-06
259.5	-3.58042e-06
260	-5.17596e-06
260.5	-4.65363e-06
261	-3.91945e-06
261.5	-2.57923e-06
262	-4.42298e-06
262.5	-5.70799e-06
263	-6.30692e-06
263.5	-7.77485e-06
264	-8.41526e-06
264.5	-8.83735e-06
265	-9.51138e-06
265.5	-1.01738e-05
266	-1.05706e-05
266.5	-1.09002e-05
267	-1.12838e-05
267.5	-1.17873e-05
268	-1.24231e-05
268.5	-1.27821e-05
269	-1.27867e-05
269.5	-1.24115e-05
270	-1.17206e-05
270.5	-1.09655e-05
271	-1.05114e-05
271.5	-1.01529e-05
272	-9.3331e-06
272.5	-7.7231e-06
273	-8.48111e-06
273.5	-5.4236e-06
274	-3.88212e-06
274.5	-3.12322e-06
275	-1.62755e-06
275.5	-2.09156e-06
276	-3.83773e-06
276.5	-6.3381e-06
277	-7.69711e-06
277.5	-7.48831e-06
278	-7.15887e-06
278.5	-5.86305e-06
279	-6.15612e-06
279.5	-6.70005e-06
280	-7.54942e-06
280.5	-8.25672e-06
281	-8.81655e-06
281.5	-9.59207e-06
282	-1.0173e-05
282.5	-1.04883e-05
283	-1.08984e-05
283.5	-1.11422e-05
284	-1.1212e-05
284.5	-1.12374e-05
285	-1.11085e-05
285.5	-1.09637e-05
286	-1.10859e-05
286.5	-1.1176e-05
287	-1.14784e-05
287.5	-1.18252e-05
288	-8.05726e-06
288.5	-4.87155e-06
289	-3.38571e-07
289.5	-2.50644e-06
290	-5.34166e-06
290.5	-7.5739e-06
291	-9.32577e-06
291.5	-9.4789e-06
292	-9.5665e-06
292.5	-1.00067e-05
293	-1.02475e-05
293.5	-1.02819e-05
294	-1.02334e-05
294.5	-1.0355e-05
295	-1.04173e-05
295.5	-1.02696e-05
296	-9.9822e-06
296.5	-9.52089e-06
297	-5.9557e-06
297.5	-5.27482e-06
298	-5.63938e-06
298.5	-3.46466e-06
299	-3.65011e-06
299.5	-4.41068e-06
300	-5.19316e-06
300.5	-6.07136e-06
301	-4.91817e-06
301.5	-5.2953e-06
302	-4.10975e-06
302.5	-1.90262e-06
303	-3.98363e-06
303.5	-5.00616e-06
304	-5.54518e-06
304.5	-8.04956e-06
305	-9.21632e-06
305.5	-1.10794e-05
306	-1.24387e-05
306.5	-1.33999e-05
307	-1.39884e-05
307.5	-1.4206e-05
308	-1.38165e-05
308.5	-1.304e-05
309	-1.21835e-05
309.5	-1.14559e-05
310	-1.07544e-05
310.5	-9.98043e-06
311	-9.4672e-06
311.5	-9.22379e-06
312	-9.21086e-06
312.5	-9.31939e-06
313	-6.4386e-06
313.5	-3.61733e-06
314	-4.02653e-06
314.5	-3.59416e-06
315	-3.12637e-06
315.5	-3.63593e-06
316	-4.83251e-06
316.5	-2.90437e-06
317	5.69108e-07
317.5	-4.65664e-07
318	-1.46043e-06
318.5	-3.33943e-06
319	-8.81467e-06
319.5	-6.89984e-06
320	-6.52355e-06
320.5	-6.4404e-06
321	-6.09909e-06
321.5	-5.80269e-06
322	-5.4706e-06
322.5	-5.35871e-06
323	-5.29391e-06
323.5	-5.26131e-06
324	-5.19231e-06
324.5	-5.2252e-06
325	-5.2993e-06
325.5	-5.37167e-06
326	-5.85187e-06
326.5	-6.47135e-06
327	-5.08136e-06
327.5	-6.90422e-06
328	-1.22626e-05
328.5	-2.6346e-06
329	1.67699e-06
329.5	-1.3086e-06
330	-3.70564e-06
330.5	-5.86058e-06
331	-6.6231e-06
331.5	-8.83113e-06
332	-9.86864e-06
332.5	-1.00096e-05
333	-9.67204e-06
333.5	-9.13308e-06
334	-8.73691e-06
334.5	-8.43867e-06
335	-7.99513e-06
335.5	-7.74214e-06
336	-7.78414e-06
336.5	-8.04286e-06
337	-8.43811e-06
337.5	-8.91445e-06
338	-9.54614e-06
338.5	-9.92566e-06
339	-1.00387e-05
339.5	-1.00381e-05
340	-9.97889e-06
340.5	-9.73342e-06
341	-9.28451e-06
341.5	-4.22466e-06
342	-2.64086e-06
342.5	-1.41232e-06
343	4.56519e-07
343.5	5.84854e-06
344	4.24543e-06
344.5	1.464e-06
345	-3.53288e-07
345.5	-1.53779e-06
346	-2.35526e-06
346.5	-2.85804e-06
347	-3.13223e-06
347.5	-3.23947e-06
348	-3.41849e-06
348.5	-4.06591e-06
349	-4.87462e-06
349.5	-5.61372e-06
350	-6.37129e-06
350.5	-6.82997e-06
351	-6.8902e-06
351.5	-6.89246e-06
352	-6.84225e-06
352.5	-7.34781e-06
353	-8.08408e-06
353.5	-1.74164e-05
354	-1.66809e-05
354.5	-9.96854e-06
355	-7.44504e-06
355.5	-6.6762e-06
356	-6.11615e-06
356.5	-3.05556e-06
357	-1.5034e-05
357.5	-9.92001e-06
358	-1.42979e-05
358.5	-1.29446e-05
359	-1.01933e-05
359.5	-9.38546e-06
360	-9.48679e-06
360.5	-9.80007e-06
361	-1.02496e-05
361.5	-1.06647e-05
362	-3.26461e-05
362.5	-2.69911e-05
363	-1.83023e-05
363.5	-1.54944e-05
364	-1.4834e-05
364.5	-1.83358e-05
365	-2.21502e-05
365.5	-3.14016e-05
366	-4.2301e-05
366.5	-6.2631e-05
367	-0.000216832
367.5	7.42527e-05
368	0.000288597
368.5	-0.000204798
369	-0.00015726
369.5	-0.000119506
370	-0.000117422
370.5	-0.000117543
371	-8.9058e-05
371.5	0.000145327
372	3.90847e-05
372.5	7.87057e-05
373	-0.000479961
373.5	-0.000194416
374	-0.000123724
374.5	-5.99019e-05
375	-3.18081e-05
375.5	-8.45262e-06
376	-9.3027e-06
376.5	-1.22104e-05
377	-2.80348e-05
377.5	-3.15529e-05
378	-2.20653e-05
378.5	-2.3684e-05
379	-1.92117e-05
379.5	-1.71437e-05
380	-1.46399e-05
380.5	-1.49411e-05
381	-1.5528e-05
381.5	-1.61739e-05
382	-1.66387e-05
382.5	-1.67275e-05
383	-1.65881e-05
383.5	-1.90079e-05
384	-1.72304e-05
384.5	-1.54603e-05
385	-1.41915e-05
385.5	-1.34818e-05
386	-1.27744e-05
386.5	-1.20105e-05
387	-1.13928e-05
387.5	-7.28838e-06
388	-6.80435e-06
388.5	-5.10127e-06
389	-4.57375e-06
389.5	-2.9207e-06
390	-2.06973e-06
390.5	-2.00388e-06
391	3.25074e-06
391.5	7.02817e-06
392	3.86387e-06
392.5	-1.78878e-07
393	-3.24021e-06
393.5	-5.37226e-06
394	-7.23099e-06
394.5	-8.73754e-06
395	-9.67236e-06
395.5	-1.08383e-05
396	-1.19073e-05
396.5	-1.26388e-05
397	-1.32084e-05
397.5	-1.35818e-05
398	-1.38091e-05
398.5	-1.3863e-05
399	-1.39125e-05
399.5	-1.38024e-05
400	-1.36631e-05
400.5	-1.12706e-05
401	-9.89326e-06
401.5	-1.0888e-05
402	-9.44215e-06
402.5	-4.04143e-06
403	-2.37619e-06
403.5	-5.50909e-06
404	-6.09669e-06
404.5	-6.90405e-06
405	-7.76672e-06
405.5	-1.032e-05
406	-1.25635e-05
406.5	-1.26575e-05
407	-1.35724e-05
407.5	-1.36947e-05
408	-1.38407e-05
408.5	-1.25138e-05
409	-1.14992e-05
409.5	-1.07576e-05
410	-1.03811e-05
410.5	-1.02662e-05
411	-1.0341e-05
411.5	-1.05826e-05
412	-8.0614e-06
412.5	-7.03049e-06
413	-7.81682e-06
413.5	-8.36566e-06
414	-8.37216e-06
414.5	-4.78876e-06
415	-4.53385e-07
415.5	4.14634e-06
416	3.7994e-06
416.5	1.58117e-07
417	-3.99864e-06
417.5	-2.98678e-06
418	-4.52865e-06
418.5	-6.4506e-06
419	-6.31472e-06
419.5	-7.68454e-06
420	-7.47199e-06
420.5	-8.89735e-06
421	-1.00281e-05
421.5	-1.03313e-05
422	-1.0043e-05
422.5	-9.41291e-06
423	-8.63091e-06
423.5	-8.31142e-06
424	-9.98234e-06
424.5	-1.04755e-05
425	-1.02664e-05
425.5	-1.01766e-05
426	-1.02637e-05
426.5	-1.03301e-05
427	-1.01553e-05
427.5	-9.94214e-06
428	-9.63253e-06
428.5	-9.36848e-06
429	-6.39904e-06
429.5	-6.18105e-06
430	-6.27867e-06
430.5	-3.32759e-06
431	1.99839e-07
431.5	1.95841e-06
432	1.08091e-06
432.5	-3.06747e-06
433	-4.10127e-06
433.5	-4.06251e-06
434	-6.98012e-06
434.5	-3.98446e-06
435	-1.95741e-06
435.5	-2.81787e-06
436	-4.35691e-06
436.5	-1.06205e-05
437	-8.9682e-06
437.5	-9.44556e-06
438	-1.02232e-05
438.5	-1.06416e-05
439	-1.06301e-05
439.5	-1.02263e-05
440	-9.84019e-06
440.5	-9.77347e-06
441	-1.01142e-05
441.5	-1.0516e-05
442	-1.08002e-05
442.5	-1.08813e-05
443	-1.08102e-05
443.5	-1.06615e-05
444	-1.0266e-05
444.5	-9.94984e-06
445	-9.74839e-06
445.5	-6.62722e-06
446	-3.77675e-06
446.5	-3.83517e-06
447	-1.12422e-07
447.5	-1.30238e-06
448	-3.6763e-06
448.5	-4.3117e-06
449	-1.65824e-06
449.5	-2.22944e-06
450	-4.09391e-06
450.5	-6.5567e-06
451	-9.31866e-06
451.5	-1.05918e-05
452	-1.06744e-05
452.5	-1.83444e-05
453	-1.41389e-05
453.5	-1.09858e-05
454	-9.65913e-06
454.5	-9.22738e-06
455	-8.1321e-06
455.5	-7.51069e-06
456	-7.26871e-06
456.5	-7.2445e-06
457	-7.56424e-06
457.5	-8.21292e-06
458	-8.90426e-06
458.5	-9.26421e-06
459	-9.16173e-06
459.5	-9.6312e-06
460	-1.01791e-05
460.5	-1.03808e-05
461	-6.24544e-06
461.5	-5.70303e-06
462	-5.5277e-06
462.5	-6.68787e-06
463	-7.58582e-06
463.5	-9.76591e-06
464	-1.06049e-05
464.5	-8.81427e-06
465	-3.52305e-06
465.5	-3.99907e-06
466	-1.65604e-05
466.5	-1.21143e-05
467	-1.05388e-05
467.5	-1.10338e-05
468	-1.15108e-05
468.5	-1.22456e-05
469	-1.31759e-05
469.5	-1.25299e-05
470	-1.15866e-05
470.5	-1.06786e-05
471	-1.00124e-05
471.5	-9.51418e-06
472	-9.10338e-06
472.5	-9.18106e-06
473	-9.61664e-06
473.5	-1.01759e-05
474	-1.07393e-05
474.5	-1.1138e-05
475	-1.1318e-05
475.5	-1.10962e-05
476	-7.30081e-06
476.5	-5.70909e-06
477	-4.87483e-06
477.5	-3.56503e-06
478	-6.28043e-06
478.5	-8.85151e-06
479	-8.03064e-06
479.5	-7.21985e-06
480	-5.54052e-06
480.5	-7.21919e-06
481	-8.72276e-06
481.5	-9.05251e-06
482	-2.2507e-05
482.5	-2.15713e-05
483	-1.74071e-05
483.5	-1.5329e-05
484	-1.46853e-05
484.5	-1.44751e-05
485	-1.41497e-05
485.5	-2.51951e-05
486	-2.23208e-05
486.5	-1.77831e-05
487	-1.66739e-05
487.5	-1.44546e-05
488	-1.40787e-05
488.5	-1.41006e-05
489	-1.3968e-05
489.5	-1.39003e-05
490	-1.38053e-05
490.5	-9.38444e-06
491	-1.39143e-05
491.5	-6.94655e-06
492	-8.76589e-06
492.5	-1.0627e-05
493	-3.0131e-06
493.5	-1.55764e-05
494	-1.7655e-05
494.5	-1.50023e-05
495	-1.75307e-05
495.5	-2.22726e-05
496	-1.89039e-05
496.5	-1.80887e-05
497	-1.85615e-05
497.5	-2.55522e-05
498	-1.20135e-05
498.5	-1.07009e-05
499	-1.8081e-05
499.5	-1.61421e-05
500	-2.82569e-05
500.5	-3.49591e-05
501	-0.000102278
501.5	2.79815e-05
502	9.82903e-05
502.5	0.000256152
503	-0.000290642
503.5	-0.000234627
504	-0.000110716
504.5	-9.59678e-05
505	-7.00455e-05
505.5	-7.89006e-05
506	0.000154671
506.5	7.85559e-06
507	8.93529e-05
507.5	-0.000489389
508	-0.00024582
508.5	-8.5435e-05
509	-4.51191e-05
509.5	-1.85594e-05
510	-3.64801e-05
510.5	-2.28896e-05
511	-7.16706e-06
511.5	-3.95313e-06
512	-1.79691e-05
512.5	-2.07658e-05
513	-1.45864e-05
513.5	-1.03483e-05
514	-9.052e-06
514.5	-8.46819e-06
515	-9.58169e-06
515.5	-8.89267e-06
516	-8.25403e-06
516.5	-7.67994e-06
517	-7.18998e-06
517.5	-6.79746e-06
518	-6.38782e-06
518.5	-6.05952e-06
519	-5.7415e-06
519.5	-5.54049e-06
520	-5.47681e-06
520.5	-8.93795e-07
521	-2.76688e-07
521.5	-1.29146e-06
522	1.05463e-06
522.5	2.15031e-06
523	1.42032e-06
523.5	-6.43798e-07
524	8.20632e-07
524.5	1.71567e-06
525	-1.32716e-06
525.5	-4.80948e-06
526	-7.3349e-06
526.5	-9.15471e-06
527	-1.02767e-05
527.5	-1.17381e-05
528	-1.1224e-05
528.5	-1.105e-05
529	-1.09198e-05
529.5	-1.06783e-05
530	-1.04385e-05
530.5	-1.03233e-05
531	-1.04865e-05
531.5	-1.04585e-05
532	-1.02855e-05
532.5	-1.05066e-05
533	-1.07257e-05
533.5	-1.07123e-05
534	-1.05431e-05
534.5	-1.03462e-05
535	-1.01273e-05
535.5	-9.75851e-06
536	-9.31027e-06
536.5	-9.38335e-06
537	-9.50044e-06
537.5	-1.06543e-05
538	-9.98543e-06
538.5	-7.54164e-06
539	-3.71136e-06
539.5	-5.49152e-06
540	-5.17277e-06
540.5	-6.02132e-06
541	-3.9725e-06
541.5	-2.32846e-06
542	-1.87155e-06
542.5	-2.02739e-06
543	-2.28672e-06
543.5	-2.7554e-06
544	-2.77328e-06
544.5	-3.48059e-06
545	-4.58182e-06
545.5	-5.62063e-06
546	-6.50661e-06
546.5	-7.24982e-06
547	-8.07634e-06
547.5	-9.24707e-06
548	-1.0408e-05
548.5	-1.13033e-05
549	-1.19247e-05
549.5	-1.25382e-05
550	-1.28671e-05
550.5	-1.29164e-05
551	-1.29381e-05
551.5	-1.28439e-05
552	-1.27163e-05
552.5	-1.29853e-05
553	-1.48164e-05
553.5	-1.06389e-05
554	-9.28925e-06
554.5	-8.64363e-06
555	-6.44978e-06
555.5	-7.47024e-06
556	-7.70515e-06
556.5	-1.0431e-05
557	-9.54705e-06
557.5	-9.8157e-06
558	-9.96807e-06
558.5	-1.04428e-05
559	-1.12179e-05
559.5	-1.03408e-05
560	-9.3459e-06
560.5	-8.46618e-06
561	-7.61632e-06
561.5	-7.39512e-06
562	-7.91028e-06
562.5	-8.89903e-06
563	-9.84858e-06
563.5	-1.06298e-05
564	-1.11406e-05
564.5	-1.14558e-05
565	-1.13982e-05
565.5	-8.27997e-06
566	-7.49743e-06
566.5	-5.79413e-06
567	-6.27465e-06
567.5	-1.13645e-05
568	-8.93702e-06
568.5	-5.36814e-06
569	-6.06758e-06
569.5	-6.43119e-06
570	-6.40261e-06
570.5	-6.38334e-06
571	-5.06098e-06
571.5	-4.9896e-06
572	-5.02479e-06
572.5	-6.05485e-06
573	-7.15388e-06
573.5	-7.74382e-06
574	-8.06183e-06
574.5	-8.50335e-06
575	-9.05102e-06
575.5	-9.56465e-06
576	-1.01918e-05
576.5	-1.07427e-05
577	-1.11564e-05
577.5	-1.14269e-05
578	-1.16342e-05
578.5	-1.15162e-05
579	-9.21691e-06
579.5	-8.86419e-06
580	-1.07064e-05
580.5	-3.81862e-06
581	-3.82585e-06
581.5	-5.41831e-06
582	-6.97524e-06
582.5	-4.77855e-06
583	-3.79654e-06
583.5	-1.33671e-05
584	-9.53905e-06
584.5	-6.9651e-06
585	-5.07305e-06
585.5	-4.25297e-06
586	-6.21746e-06
586.5	-6.66002e-06
587	-6.21341e-06
587.5	-6.07578e-06
588	-5.98206e-06
588.5	-5.82688e-06
589	-5.73903e-06
589.5	-5.73241e-06
590	-5.63694e-06
590.5	-5.23987e-06
591	-4.55615e-06
591.5	-3.80104e-06
592	-2.76645e-06
592.5	-1.515e-06
593	-3.94667e-07
593.5	3.82705e-07
594	1.97648e-06
594.5	1.05417e-05
595	1.14138e-05
595.5	9.9721e-06
596	-1.24615e-06
596.5	-1.01287e-05
597	-1.03517e-05
597.5	-6.75665e-06
598	-6.95642e-06
598.5	-9.15902e-06
599	-6.56179e-06
599.5	-6.23386e-06
600	-6.26423e-06
600.5	-6.15609e-06
601	-7.79531e-06
601.5	-2.77423e-06
602	-2.39367e-06
602.5	-3.30419e-06
603	-3.81e-06
603.5	-1.7613e-05
604	-1.35264e-05
604.5	-8.65197e-06
605	-6.16811e-06
605.5	-4.94981e-06
606	-9.40108e-06
606.5	-5.08877e-06
607	-3.78473e-06
607.5	-1.01575e-05
608	-1.86968e-05
608.5	-1.5526e-05
609	-2.56856e-05
609.5	-9.73331e-05
610	9.75258e-05
610.5	6.68904e-05
611	0.000438783
611.5	-0.000162961
612	-0.000212977
612.5	-4.19687e-05
613	-3.71003e-05
613.5	-2.03066e-05
614	-3.78541e-05
614.5	-3.01111e-05
615	-6.74686e-05
615.5	-6.48015e-05
616	-9.8049e-05
616.5	-7.26542e-05
617	9.82975e-05
617.5	0.000529861
618	-0.00014991
618.5	-0.00033202
619	-0.000130968
619.5	-7.44171e-05
620	-9.88409e-05
620.5	6.31729e-06
621	0.000118791
621.5	-5.55265e-05
622	0.000328115
622.5	-2.13992e-05
623	-0.000437441
623.5	-0.000150356
624	-3.66892e-05
624.5	-5.10825e-05
625	-3.78363e-05
625.5	-1.7372e-05
626	-1.21937e-05
626.5	-1.27917e-05
627	-1.376e-05
627.5	-1.59612e-05
628	-1.60439e-05
628.5	-1.47361e-05
629	-1.37937e-05
629.5	-1.24652e-05
630	-1.31848e-05
630.5	-1.18663e-05
631	-1.02285e-05
631.5	-9.48776e-06
632	-9.5435e-06
632.5	-9.80404e-06
633	-1.02297e-05
633.5	-9.72546e-06
634	-9.89978e-06
634.5	-8.12098e-06
635	-6.06959e-06
635.5	-1.66155e-06
636	-1.33049e-06
636.5	-9.57325e-07
637	-4.13489e-10
637.5	-1.4919e-06
638	-3.35997e-06
638.5	-1.99892e-06
639	-1.65942e-06
639.5	-2.53052e-06
640	-3.33554e-06
640.5	-3.70288e-06
641	-4.39889e-06
641.5	-5.56093e-06
642	-6.46883e-06
642.5	-7.10409e-06
643	-7.51781e-06
643.5	-7.83778e-06
644	-8.32958e-06
644.5	-8.75842e-06
645	-9.13682e-06
645.5	-9.34764e-06
646	-9.27811e-06
646.5	-9.11783e-06
647	-9.00101e-06
647.5	-8.58362e-06
648	-8.35944e-06
648.5	-8.14705e-06
649	-7.55955e-06
649.5	-7.26832e-06
650	-6.91528e-06
650.5	-2.53473e-06
651	1.1793e-06
651.5	3.06978e-06
652	2.39057e-06
652.5	-2.04296e-06
653	-5.9718e-06
653.5	-7.96477e-06
654	-8.38811e-06
654.5	-7.39074e-06
655	-7.59242e-06
655.5	-7.13429e-06
656	-8.23059e-06
656.5	-8.46005e-06
657	-8.70196e-06
657.5	-9.18241e-06
658	-9.70956e-06
658.5	-1.005e-05
659	-1.05136e-05
659.5	-1.0925e-05
660	-1.13117e-05
660.5	-1.16469e-05
661	-1.19648e-05
661.5	-1.21996e-05
662	-1.26775e-05
662.5	-1.31842e-05
663	-1.36758e-05
663.5	-1.23131e-05
664	-7.07707e-06
664.5	-4.78988e-06
665	-5.77584e-06
665.5	-4.88127e-06
666	-5.73615e-06
666.5	-8.11086e-06
667	-9.64354e-06
667.5	-1.00918e-05
668	-1.13071e-05
668.5	-1.13494e-05
669	-1.12975e-05
669.5	-1.26851e-05
670	-1.23484e-05
670.5	-1.15229e-05
671	-1.1003e-05
671.5	-1.07301e-05
672	-1.0995e-05
672.5	-1.14178e-05
673	-1.19273e-05
673.5	-1.21908e-05
674	-1.22864e-05
674.5	-1.1926e-05
675	-1.14203e-05
675.5	-1.08313e-05
676	-1.04068e-05
676.5	-9.71167e-06
677	-8.95782e-06
677.5	-8.23234e-06
678	-7.60324e-06
678.5	-6.99231e-06
679	-3.13431e-06
679.5	3.95517e-06
680	1.36629e-05
680.5	1.17796e-05
681	9.03425e-06
681.5	5.89829e-06
682	3.24005e-06
682.5	1.36313e-06
683	1.16776e-07
683.5	-8.82805e-07
684	-2.97603e-06
684.5	-4.56181e-06
685	-5.49577e-06
685.5	-6.20224e-06
686	-6.95096e-06
686.5	-7.50092e-06
687	-7.98942e-06
687.5	-8.48142e-06
688	-9.02044e-06
688.5	-9.62247e-06
689	-1.04173e-05
689.5	-1.12933e-05
690	-1.21533e-05
690.5	-1.273e-05
691	-1.2809e-05
691.5	-1.40279e-05
692	-1.36889e-05
692.5	-1.23191e-05
693	-1.11051e-05
693.5	-1.03777e-05
694	-1.00128e-05
694.5	-3.43379e-07
695	1.30819e-06
695.5	2.7437e-06
696	1.59114e-06
696.5	-1.96727e-06
697	-6.19583e-06
697.5	-8.13416e-06
698	-8.6996e-06
698.5	-8.79299e-06
699	-1.03016e-05
699.5	-1.09803e-05
700	-1.08195e-05
700.5	-1.09082e-05
701	-1.13163e-05
701.5	-1.17236e-05
702	-1.20996e-05
702.5	-1.25305e-05
703	-1.00553e-05
703.5	-1.00216e-05
704	-1.2053e-05
704.5	-1.30109e-05
705	-1.32487e-05
705.5	-1.30991e-05
706	-1.28237e-05
706.5	-1.23065e-05
707	-1.06757e-05
707.5	-1.28967e-05
708	-1.24471e-05
708.5	-1.04529e-05
709	-1.24153e-06
709.5	4.8358e-06
710	4.52061e-06
710.5	2.00841e-06
711	-1.99296e-06
711.5	-7.41621e-06
712	-1.04596e-05
712.5	-1.10631e-05
713	-9.94711e-06
713.5	-8.57847e-06
714	-7.51835e-06
714.5	-6.73663e-06
715	-1.41854e-05
715.5	-1.34738e-05
716	-9.38708e-06
716.5	-7.43845e-06
717	-7.19821e-06
717.5	-7.57388e-06
718	-7.88891e-06
718.5	-5.7648e-06
719	-5.21462e-06
719.5	-6.79752e-06
720	-7.90093e-06
720.5	-8.53847e-06
721	-8.45794e-06
721.5	-8.14106e-06
722	-7.58346e-06
722.5	-6.72283e-06
723	-4.21803e-07
723.5	3.77654e-06
724	1.29987e-06
724.5	4.06355e-06
725	-3.81783e-07
725.5	-1.20002e-06
726	-1.15862e-05
726.5	-9.98914e-06
727	-6.55457e-06
727.5	-6.60386e-06
728	-8.46462e-06
728.5	-7.4813e-06
729	-7.28763e-06
729.5	-7.33289e-06
730	-7.87132e-06
730.5	-1.07738e-05
731	-9.9871e-06
731.5	-1.36018e-05
732	-1.30562e-05
732.5	-1.11799e-05
733	-1.53951e-05
733.5	-1.44659e-05
734	-1.44135e-05
734.5	-1.25573e-05
735	-1.95205e-05
735.5	-2.43849e-05
736	-3.39948e-05
736.5	-4.45169e-05
737	-0.000113931
737.5	2.39802e-05
738	0.00027479
738.5	-0.000126455
739	-7.64653e-05
739.5	-5.61538e-05
740	-4.61319e-05
740.5	-9.18152e-05
741	-5.89563e-05
741.5	-5.78422e-05
742	-3.33291e-05
742.5	-5.73819e-05
743	-0.000115716
743.5	-3.96386e-05
744	0.000391628
744.5	9.43127e-05
745	-0.000455059
745.5	-0.000249145
746	-0.000141491
746.5	-7.88864e-05
747	1.18542e-06
747.5	-4.65027e-06
748	-7.32698e-06
748.5	-4.72636e-05
749	-1.97393e-05
749.5	-3.21207e-05
750	-1.79554e-06
750.5	-2.14966e-05
751	-6.56444e-06
751.5	-7.3606e-06
752	-9.66285e-06
752.5	-1.02048e-05
753	-1.13564e-05
753.5	-1.46546e-05
754	-2.02924e-05
754.5	-2.1491e-05
755	-1.94619e-05
755.5	-1.6092e-05
756	-1.34743e-05
756.5	-1.199e-05
757	-1.09892e-05
757.5	-1.03416e-05
758	-9.99499e-06
758.5	-9.77835e-06
759	-9.60399e-06
759.5	-9.3799e-06
760	-7.76412e-06
760.5	-3.75064e-06
761	-3.22385e-06
761.5	-3.66549e-07
762	2.7546e-06
762.5	7.51073e-07
763	2.19629e-06
763.5	2.69389e-06
764	1.47209e-06
764.5	-1.31329e-07
765	-2.42675e-06
765.5	-4.02737e-06
766	-5.05163e-06
766.5	-5.74805e-06
767	-6.50731e-06
767.5	-7.6093e-06
768	-8.81276e-06
768.5	-1.01238e-05
769	-1.09956e-05
769.5	-1.14553e-05
770	-1.17767e-05
770.5	-1.17761e-05
771	-1.1709e-05
771.5	-1.17678e-05
772	-1.18486e-05
772.5	-1.20058e-05
773	-1.22164e-05
773.5	-1.2485e-05
774	-1.23202e-05
774.5	-1.0979e-05
775	-1.15634e-05
775.5	-1.04228e-05
776	-7.19873e-06
776.5	-8.00683e-06
777	-6.33699e-06
777.5	-7.6818e-06
778	-8.52404e-06
778.5	-9.50733e-06
779	-1.06042e-05
779.5	-7.78124e-06
780	-6.58977e-06
780.5	-6.97398e-06
781	-7.81634e-06
781.5	-8.80617e-06
782	-9.46192e-06
782.5	-9.91487e-06
783	-1.03323e-05
783.5	-1.09113e-05
784	-1.13334e-05
784.5	-1.15614e-05
785	-1.17012e-05
785.5	-1.1435e-05
786	-1.10241e-05
786.5	-1.07991e-05
787	-1.06136e-05
787.5	-1.03683e-05
788	-1.0025e-05
788.5	-7.63829e-06
789	-6.3913e-06
789.5	-6.17054e-06
790	-3.22937e-06
790.5	-3.35418e-07
791	9.89735e-07
791.5	2.73403e-06
792	1.73718e-06
792.5	-6.21232e-07
793	-3.4686e-06
793.5	-6.51372e-06
794	-7.47778e-06
794.5	-5.7743e-06
795	-5.74707e-06
795.5	-5.88747e-06
796	-6.00119e-06
796.5	-6.2018e-06
797	-6.43889e-06
797.5	-6.79454e-06
798	-7.13006e-06
798.5	-7.43129e-06
799	-7.59513e-06
799.5	-7.61461e-06
800	-7.55286e-06
800.5	-7.51183e-06
801	-7.48595e-06
801.5	-7.3792e-06
802	-7.18352e-06
802.5	-6.98764e-06
803	-6.77347e-06
803.5	-3.94977e-06
804	-6.53505e-07
804.5	7.77844e-07
805	1.30249e-06
805.5	2.16968e-06
806	1.24373e-06
806.5	1.45594e-06
807	-2.12645e-06
807.5	-3.39197e-06
808	-3.76615e-06
808.5	-5.1254e-06
809	-6.31126e-06
809.5	-6.98079e-06
810	-7.35243e-06
810.5	-7.41301e-06
811	-7.38672e-06
811.5	-7.32456e-06
812	-7.25734e-06
812.5	-7.2039e-06
813	-7.2872e-06
813.5	-7.37245e-06
814	-7.34298e-06
814.5	-7.43799e-06
815	-7.50414e-06
815.5	-7.5064e-06
816	-7.35295e-06
816.5	-7.3848e-06
817	-6.46178e-06
817.5	-6.03704e-06
818	-6.49713e-06
818.5	-4.95789e-06
819	-5.24499e-06
819.5	-1.21124e-05
820	-1.15903e-05
820.5	-1.23145e-05
821	-1.03933e-05
821.5	-8.57727e-06
822	-7.57113e-06
822.5	-7.24781e-06
823	-7.47996e-06
823.5	-7.93695e-06
824	-8.32186e-06
824.5	-8.68277e-06
825	-9.25485e-06
825.5	-9.45808e-06
826	-9.46747e-06
826.5	-9.201e-06
827	-8.59199e-06
827.5	-8.11272e-06
828	-8.12108e-06
828.5	-8.35837e-06
829	-7.65206e-06
829.5	-4.28009e-06
830	-1.78794e-06
830.5	-3.19264e-06
831	-4.97756e-06
831.5	-3.3001e-06
832	-4.42304e-06
832.5	-6.36514e-06
833	-3.92141e-06
833.5	-4.96949e-06
834	-5.97281e-06
834.5	-7.22983e-06
835	-6.58471e-06
835.5	-6.5295e-06
836	-6.58603e-06
836.5	-6.49567e-06
837	-6.37588e-06
837.5	-6.52735e-06
838	-6.72047e-06
838.5	-6.99146e-06
839	-7.3716e-06
839.5	-7.8588e-06
840	-8.52467e-06
840.5	-9.32739e-06
841	-9.7483e-06
841.5	-1.0037e-05
842	-1.06458e-05
842.5	-1.12864e-05
843	-8.50607e-06
843.5	-7.9733e-06
844	-5.62478e-06
844.5	-4.21649e-06
845	-3.88718e-06
845.5	-9.35312e-07
846	-1.59163e-06
846.5	7.2379e-07
847	6.55546e-07
847.5	-4.26451e-06
848	-6.88298e-06
848.5	-8.46746e-06
849	-9.55248e-06
849.5	-1.0593e-05
850	-1.86804e-05
850.5	-1.18039e-05
851	-9.83522e-06
851.5	-1.15852e-05
852	-1.29603e-05
852.5	-1.3742e-05
853	-1.4505e-05
853.5	-1.53788e-05
854	-1.6028e-05
854.5	-1.64051e-05
855	-1.67374e-05
855.5	-2.27611e-05
856	-3.39327e-05
856.5	-3.07327e-05
857	-2.54837e-05
857.5	-2.87595e-05
858	-1.94819e-05
858.5	-1.782e-05
859	-2.17203e-05
859.5	-8.91181e-05
860	6.9518e-05
860.5	0.000321864
861	0.00022148
861.5	-0.000307593
862	-0.000140329
862.5	-5.32729e-05
863	-5.91572e-05
863.5	-8.84083e-05
864	-6.4791e-05
864.5	-9.93255e-05
865	-2.95722e-07
865.5	6.07581e-05
866	0.000559072
866.5	-0.000122252
867	-0.000355679
867.5	-0.000120548
868	-8.51818e-05
868.5	-3.23038e-05
869	-3.73234e-05
869.5	-3.53419e-05
870	-2.57823e-05
870.5	-4.11521e-05
871	-4.57377e-05
871.5	-2.92404e-05
872	-7.05139e-06
872.5	-1.00585e-05
873	-4.02386e-06
873.5	-9.18208e-06
874	-5.12323e-06
874.5	-6.05521e-06
875	-1.1499e-05
875.5	-1.09182e-05
876	-1.13778e-05
876.5	-1.26564e-05
877	-9.86867e-06
877.5	-1.13622e-05
878	-1.03065e-05
878.5	-9.51413e-06
879	-9.18492e-06
879.5	-8.90432e-06
880	-6.79088e-06
880.5	-7.16226e-06
881	-7.95427e-06
881.5	-8.62294e-06
882	-9.06333e-06
882.5	-9.32388e-06
883	-6.30592e-06
883.5	-4.50275e-06
884	-3.8853e-06
884.5	-2.07943e-06
885	2.75851e-06
885.5	1.82475e-06
886	8.99244e-08
886.5	2.61799e-06
887	3.46743e-07
887.5	-1.84941e-06
888	-3.14719e-06
888.5	-3.70009e-06
889	-3.80669e-06
889.5	-3.98903e-06
890	-4.11506e-06
890.5	-4.27361e-06
891	-4.40193e-06
891.5	-1.97768e-06
892	-2.74592e-06
892.5	-4.66573e-06
893	-8.2632e-06
893.5	-9.48153e-06
894	-1.02171e-05
894.5	-8.44882e-06
895	-8.05247e-06
895.5	-8.56518e-06
896	-9.28145e-06
896.5	-9.00411e-06
897	-8.91709e-06
897.5	-9.99438e-06
898	-1.0326e-05
898.5	-8.39174e-06
899	-5.21599e-06
899.5	-3.94025e-06
900	-4.40747e-06
900.5	-6.17239e-06
901	-7.91692e-06
901.5	-9.67091e-06
902	-1.05314e-05
902.5	-8.36647e-06
903	-8.58531e-06
903.5	-1.01778e-05
904	-1.1597e-05
904.5	-1.22734e-05
905	-1.20433e-05
905.5	-1.17897e-05
906	-1.18021e-05
906.5	-1.14261e-05
907	-9.52972e-06
907.5	-1.03387e-05
908	-9.84621e-06
908.5	-1.06568e-05
909	-1.85242e-05
909.5	-1.92659e-05
910	-1.44506e-05
910.5	-1.17579e-05
911	-1.01312e-05
911.5	-9.15248e-06
912	-8.26507e-06
912.5	-7.64759e-06
913	-7.37223e-06
913.5	-7.25372e-06
914	-7.07218e-06
914.5	-6.81659e-06
915	-6.71273e-06
915.5	-6.6482e-06
916	-6.38648e-06
916.5	-6.0946e-06
917	-6.12948e-06
917.5	-6.4093e-06
918	-7.04996e-06
918.5	-6.60015e-06
919	-7.22575e-06
919.5	-3.72279e-06
920	2.79564e-06
920.5	-6.96297e-08
921	-4.73018e-06
921.5	-7.26442e-06
922	-1.17727e-05
922.5	-1.35673e-05
923	-1.23789e-05
923.5	-1.76204e-05
924	-1.59069e-05
924.5	-1.37789e-05
925	-1.26609e-05
925.5	-1.21487e-05
926	-1.22904e-05
926.5	-1.23117e-05
927	-1.21578e-05
927.5	-1.18174e-05
928	-1.14809e-05
928.5	-1.08539e-05
929	-1.02478e-05
929.5	-9.80216e-06
930	-9.40409e-06
930.5	-8.98096e-06
931	-8.63109e-06
931.5	-8.1972e-06
932	-7.69655e-06
932.5	-7.28544e-06
933	-2.3796e-06
933.5	-3.11723e-07
934	1.57573e-06
934.5	4.69579e-07
935	3.16828e-06
935.5	2.05206e-06
936	-1.61104e-06
936.5	-4.40985e-06
937	-6.08036e-06
937.5	-8.42353e-06
938	-8.8018e-06
938.5	-8.84101e-06
939	-8.92453e-06
939.5	-8.96532e-06
940	-7.2988e-06
940.5	-6.99019e-06
941	-7.41011e-06
941.5	-1.13987e-05
942	-1.02086e-05
942.5	-8.61068e-06
943	-8.08404e-06
943.5	-7.86772e-06
944	-7.85206e-06
944.5	-7.88932e-06
945	-7.91181e-06
945.5	-7.807e-06
946	-7.28583e-06
946.5	-5.62808e-06
947	-7.42652e-07
947.5	1.90828e-06
948	-9.34934e-07
948.5	-2.95854e-06
949	-2.07965e-06
949.5	-3.88741e-06
950	-5.6656e-06
950.5	-6.71051e-06
951	-7.43721e-06
951.5	-7.77993e-06
952	-8.45357e-06
952.5	-4.3987e-06
953	-3.17564e-06
953.5	-6.05716e-06
954	-7.2759e-06
954.5	-7.63825e-06
955	-7.93239e-06
955.5	-8.94048e-06
956	-1.03513e-05
956.5	-1.1845e-05
957	-1.32695e-05
957.5	-1.43333e-05
958	-1.50199e-05
958.5	-1.54015e-05
959	-1.57777e-05
959.5	-1.63181e-05
960	-1.54323e-05
960.5	-1.48928e-05
961	-1.55185e-05
961.5	-1.33964e-05
962	-8.50217e-06
962.5	-1.03863e-05
963	-1.21134e-05
963.5	-1.09851e-05
964	-1.15146e-05
964.5	-1.37045e-05
965	-1.9986e-05
965.5	-1.66346e-05
966	-1.95138e-05
966.5	-1.81641e-05
967	-1.76788e-05
967.5	-1.75414e-05
968	-1.89859e-05
968.5	-1.88676e-05
969	-1.88468e-05
969.5	-1.89199e-05
970	-1.89913e-05
970.5	-1.91051e-05
971	-1.92833e-05
971.5	-1.94365e-05
972	-1.93657e-05
972.5	-1.94737e-05
973	-1.95707e-05
973.5	-1.98212e-05
974	-1.42892e-05
974.5	-1.40284e-05
975	-2.72581e-05
975.5	-2.97956e-05
976	-2.37157e-05
976.5	-1.45998e-05
977	-1.51366e-05
977.5	-1.84891e-05
978	-1.39327e-05
978.5	-1.90949e-05
979	-1.5522e-05
979.5	-1.43732e-05
980	-2.2669e-05
980.5	-3.11941e-05
981	-3.85871e-05
981.5	-5.91013e-05
982	-0.000100379
982.5	7.50325e-05
983	3.47891e-06
983.5	0.000248966
984	-0.000236359
984.5	-0.000152295
985	-0.00010554
985.5	-0.000101291
986	-9.30178e-05
986.5	-0.000124533
987	7.26618e-05
987.5	1.28069e-05
988	0.000160056
988.5	-0.000471418
989	-0.000267429
989.5	-0.000118803
990	-5.75564e-05
990.5	-4.41924e-05
991	-2.59135e-05
991.5	-3.48825e-05
992	-3.11454e-05
992.5	-6.17919e-06
993	-1.38415e-05
993.5	-1.79519e-05
994	-1.81681e-05
994.5	-1.57646e-05
995	-6.43919e-06
995.5	-1.40158e-06
996	-3.19048e-07
996.5	-5.20542e-07
997	-1.44934e-06
997.5	-2.60706e-06
998	-3.45856e-06
998.5	-4.24003e-06
999	-5.07224e-06
999.5	-5.90698e-06
1000	-6.8551e-06
