0	0
0.5	4.91344e-26
1	-1.3189e-24
1.5	-3.24339e-25
2	2.76669e-25
2.5	-6.32556e-25
3	-2.0156e-25
3.5	-1.94961e-07
4	-8.49248e-07
4.5	-2.99538e-06
5	-5.87407e-06
5.5	-8.60475e-06
6	-1.18272e-05
6.5	-1.38641e-05
7	-1.47783e-05
7.5	-1.45505e-05
8	-1.39014e-05
8.5	-1.35955e-05
9	-1.33449e-05
9.5	-1.30045e-05
10	-1.23468e-05
10.5	-1.15313e-05
11	-1.10672e-05
11.5	-1.10161e-05
12	-1.17429e-05
12.5	-1.24273e-05
13	-1.30529e-05
13.5	-1.24544e-05
14	-1.15532e-05
14.5	-9.75435e-06
15	-8.1466e-06
15.5	-6.73365e-06
16	-4.11476e-06
16.5	-3.10979e-06
17	-4.69557e-06
17.5	-6.01433e-06
18	-7.50753e-06
18.5	-9.39188e-06
19	-1.11599e-05
19.5	-1.22168e-05
20	-1.19339e-05
20.5	-1.1276e-05
21	-1.07185e-05
21.5	-1.01737e-05
22	-1.00848e-05
22.5	-9.78723e-06
23	-9.44348e-06
23.5	-9.37902e-06
24	-9.33094e-06
24.5	-1.07056e-05
25	-1.23557e-05
25.5	-1.37664e-05
26	-1.57586e-05
26.5	-1.78369e-05
27	-1.94406e-05
27.5	-2.26363e-05
28	-2.83359e-05
28.5	-4.17897e-05
29	-0.000298216
29.5	0.00092271
30	0.000601156
30.5	8.88246e-05
31	-0.000377108
31.5	-0.000132961
32	-0.000106572
32.5	-8.12774e-05
33	-6.34316e-05
33.5	-5.22582e-05
34	-5.55751e-05
34.5	-5.19423e-05
35	-3.57694e-05
35.5	-2.45016e-05
36	-1.66341e-05
36.5	-1.1206e-05
37	-8.21055e-06
37.5	-5.87938e-06
38	-4.13052e-06
38.5	-3.11978e-06
39	-2.81091e-06
39.5	-3.48649e-06
40	-4.55899e-06
40.5	-5.93506e-06
41	-7.09482e-06
41.5	-8.38517e-06
42	-9.1481e-06
42.5	-9.60756e-06
43	-1.01743e-05
43.5	-1.07804e-05
44	-1.16156e-05
44.5	-1.24619e-05
45	-1.33573e-05
45.5	-1.57008e-05
46	-1.96862e-05
46.5	-2.55808e-05
47	-3.44476e-05
47.5	-0.000257502
48	-0.000381148
48.5	0.00101767
49	-3.42289e-05
49.5	-0.000384701
50	-7.85008e-05
50.5	-6.20376e-05
51	-5.76649e-05
51.5	-4.9226e-05
52	-4.03234e-05
52.5	-3.19064e-05
53	-2.43505e-05
53.5	-2.04008e-05
54	-1.91725e-05
54.5	-1.90398e-05
55	-1.95944e-05
55.5	-2.01088e-05
56	-2.10108e-05
56.5	-2.20507e-05
57	-2.27355e-05
57.5	-2.36522e-05
58	-2.40967e-05
58.5	-2.3719e-05
59	-2.26871e-05
59.5	-2.19985e-05
60	-2.22539e-05
60.5	-2.31218e-05
61	-2.57382e-05
61.5	-3.34124e-05
62	-5.70634e-05
62.5	-0.000580106
63	0.00050447
63.5	8.99246e-05
64	-0.000268403
64.5	-0.000296162
65	-7.92746e-05
65.5	-7.00013e-05
66	-6.3953e-05
66.5	-6.14589e-05
67	-4.93568e-05
67.5	-4.20592e-05
68	-3.89104e-05
68.5	-3.81207e-05
69	-3.90632e-05
69.5	-4.04985e-05
70	-4.25747e-05
70.5	-4.46168e-05
71	-4.61407e-05
71.5	-4.73332e-05
72	-4.87108e-05
72.5	-4.93626e-05
73	-4.94735e-05
73.5	-5.02416e-05
74	-5.15427e-05
74.5	-5.42005e-05
75	-6.04294e-05
75.5	-7.97973e-05
76	-0.00044514
76.5	0.00114427
77	0.00089882
77.5	3.1783e-05
78	-0.000391682
78.5	-6.44982e-05
79	-4.41345e-05
79.5	-3.89337e-05
80	-3.55308e-05
80.5	-3.96694e-05
81	-4.3828e-05
81.5	-4.53558e-05
82	-3.98257e-05
82.5	-3.14977e-05
83	-2.65717e-05
83.5	-2.25382e-05
84	-1.93343e-05
84.5	-1.72766e-05
85	-1.66783e-05
85.5	-1.67518e-05
86	-1.69478e-05
86.5	-1.71465e-05
87	-1.81608e-05
87.5	-1.93823e-05
88	-2.06651e-05
88.5	-2.19017e-05
89	-2.30848e-05
89.5	-2.45221e-05
90	-2.64971e-05
90.5	-2.94635e-05
91	-3.46195e-05
91.5	-4.94533e-05
92	-0.000345347
92.5	0.00135393
93	0.000899645
93.5	-0.000156994
94	-0.000426648
94.5	-6.36706e-05
95	-4.44348e-05
95.5	-4.68964e-05
96	-5.71426e-05
96.5	-5.51304e-05
97	-4.74909e-05
97.5	-4.36753e-05
98	-4.30586e-05
98.5	-4.22274e-05
99	-4.14511e-05
99.5	-4.06229e-05
100	-4.00289e-05
100.5	-3.97647e-05
101	-3.94313e-05
101.5	-3.86311e-05
102	-3.75797e-05
102.5	-3.63844e-05
103	-3.52323e-05
103.5	-3.43551e-05
104	-3.37702e-05
104.5	-3.32104e-05
105	-3.36435e-05
105.5	-3.40611e-05
106	-3.48858e-05
106.5	-3.60824e-05
107	-3.82565e-05
107.5	-4.35604e-05
108	-7.37295e-05
108.5	-0.000775511
109	0.000892977
109.5	8.09791e-05
110	-0.000358401
110.5	-0.000237723
111	-0.000107815
111.5	-8.6532e-05
112	-6.61726e-05
112.5	-5.03979e-05
113	-4.16633e-05
113.5	-3.54752e-05
114	-3.13619e-05
114.5	-2.89335e-05
115	-2.60632e-05
115.5	-2.38744e-05
116	-2.27181e-05
116.5	-2.25567e-05
117	-2.22195e-05
117.5	-1.7139e-05
118	-1.41563e-05
118.5	-1.32774e-05
119	-1.21749e-05
119.5	-1.39882e-05
120	-1.56936e-05
120.5	-1.77872e-05
121	-1.81412e-05
121.5	-1.41229e-05
122	-1.51251e-05
122.5	-1.32856e-05
123	-2.02158e-05
123.5	-2.54952e-05
124	-2.30329e-05
124.5	-2.3497e-05
125	-2.31196e-05
125.5	-1.99238e-05
126	-1.0779e-05
126.5	-2.99302e-06
127	1.75089e-06
127.5	3.77177e-07
128	-2.88227e-06
128.5	-6.20794e-06
129	-7.35895e-06
129.5	-8.26116e-06
130	-9.39699e-06
130.5	-1.08344e-05
131	-1.24655e-05
131.5	-1.37459e-05
132	-1.44957e-05
132.5	-1.49367e-05
133	-1.53391e-05
133.5	-1.60608e-05
134	-1.73403e-05
134.5	-1.91742e-05
135	-2.11892e-05
135.5	-2.33706e-05
136	-2.65637e-05
136.5	-3.44975e-05
137	-7.27015e-05
137.5	-0.00110833
138	0.00136049
138.5	4.75321e-05
139	-0.000331077
139.5	-0.000124725
140	-6.85412e-05
140.5	-6.14349e-05
141	-5.6796e-05
141.5	-4.36954e-05
142	-3.38918e-05
142.5	-2.45448e-05
143	-1.82965e-05
143.5	-1.51343e-05
144	-1.34382e-05
144.5	-1.23924e-05
145	-1.24959e-05
145.5	-1.34289e-05
146	-1.47413e-05
146.5	-1.62165e-05
147	-1.75991e-05
147.5	-2.01599e-05
148	-2.31577e-05
148.5	-2.55372e-05
149	-2.72613e-05
149.5	-2.86131e-05
150	-2.98853e-05
150.5	-3.0373e-05
151	-3.08529e-05
151.5	-3.08121e-05
152	-3.06079e-05
152.5	-3.01524e-05
153	-2.97661e-05
153.5	-2.97915e-05
154	-3.00119e-05
154.5	-3.00714e-05
155	-2.56859e-05
155.5	-1.85146e-05
156	-6.28517e-06
156.5	-5.50258e-06
157	-8.84016e-06
157.5	-1.17345e-05
158	-1.59559e-05
158.5	-1.97697e-05
159	-2.26964e-05
159.5	-2.44454e-05
160	-2.52609e-05
160.5	-2.54234e-05
161	-2.56664e-05
161.5	-2.66026e-05
162	-2.77334e-05
162.5	-3.02282e-05
163	-3.28779e-05
163.5	-3.53403e-05
164	-3.76312e-05
164.5	-4.02844e-05
165	-4.50653e-05
165.5	-5.53985e-05
166	-0.000216451
166.5	-0.00130193
167	0.00155085
167.5	-3.96594e-05
168	-0.000406313
168.5	-0.000105869
169	-6.35571e-05
169.5	-6.17329e-05
170	-6.03619e-05
170.5	-5.38817e-05
171	-4.96973e-05
171.5	-4.58414e-05
172	-3.96622e-05
172.5	-3.38783e-05
173	-2.85569e-05
173.5	-2.72099e-05
174	-2.58472e-05
174.5	-2.42464e-05
175	-2.32728e-05
175.5	-2.26677e-05
176	-2.2029e-05
176.5	-2.17811e-05
177	-2.17256e-05
177.5	-2.17672e-05
178	-2.16748e-05
178.5	-2.08277e-05
179	-2.00766e-05
179.5	-1.95443e-05
180	-1.92312e-05
180.5	-1.89167e-05
181	-1.84158e-05
181.5	-1.77716e-05
182	-1.83957e-05
182.5	-1.98831e-05
183	-2.3162e-05
183.5	-3.09435e-05
184	-6.24106e-05
184.5	-0.000889735
185	0.000946814
185.5	0.000278816
186	-0.000230027
186.5	-0.000192096
187	-7.61592e-05
187.5	-5.37547e-05
188	-4.55453e-05
188.5	-3.77021e-05
189	-2.85318e-05
189.5	-2.23383e-05
190	-1.90162e-05
190.5	-1.71156e-05
191	-1.62893e-05
191.5	-1.61966e-05
192	-1.59234e-05
192.5	-1.56517e-05
193	-1.52373e-05
193.5	-1.50203e-05
194	-1.50047e-05
194.5	-1.53103e-05
195	-1.58175e-05
195.5	-1.57054e-05
196	-1.53025e-05
196.5	-1.47638e-05
197	-1.42385e-05
197.5	-1.36239e-05
198	-1.2811e-05
198.5	-9.1878e-06
199	-7.91362e-07
199.5	1.21755e-06
200	1.86601e-06
200.5	1.57517e-06
201	3.42537e-07
201.5	-2.08989e-06
202	-6.52889e-06
202.5	-1.29083e-05
203	-1.69672e-05
203.5	-2.00872e-05
204	-2.19093e-05
204.5	-2.29898e-05
205	-2.38265e-05
205.5	-2.3381e-05
206	-2.2408e-05
206.5	-2.1729e-05
207	-2.09935e-05
207.5	-2.00737e-05
208	-1.93351e-05
208.5	-1.89719e-05
209	-1.88587e-05
209.5	-1.94364e-05
210	-2.1242e-05
210.5	-2.3955e-05
211	-2.80544e-05
211.5	-3.47223e-05
212	-5.01133e-05
212.5	-0.000182024
213	-0.00188931
213.5	0.00142835
214	0.000227399
214.5	-0.000479468
215	-0.000136395
215.5	-0.000104073
216	-9.30911e-05
216.5	-7.22043e-05
217	-5.49852e-05
217.5	-4.24231e-05
218	-3.46551e-05
218.5	-2.98947e-05
219	-2.6385e-05
219.5	-2.40361e-05
220	-2.27628e-05
220.5	-2.16946e-05
221	-2.10529e-05
221.5	-2.04894e-05
222	-2.08255e-05
222.5	-2.21739e-05
223	-2.12249e-05
223.5	-1.97379e-05
224	-1.92541e-05
224.5	-2.02797e-05
225	-2.10944e-05
225.5	-2.11837e-05
226	-2.15847e-05
226.5	-2.30551e-05
227	-2.38759e-05
227.5	-2.51026e-05
228	-2.9194e-05
228.5	-3.501e-05
229	-5.39872e-05
229.5	-0.000810895
230	0.00100734
230.5	0.000338066
231	-0.000225495
231.5	-0.00022851
232	-0.000113713
232.5	-9.06875e-05
233	-7.30054e-05
233.5	-5.68651e-05
234	-4.44546e-05
234.5	-4.19629e-05
235	-4.13617e-05
235.5	-3.61356e-05
236	-3.2286e-05
236.5	-2.67956e-05
237	-2.67306e-05
237.5	-2.39247e-05
238	-1.92763e-05
238.5	-1.8725e-05
239	-1.64576e-05
239.5	-1.40763e-05
240	-1.66317e-05
240.5	-1.68148e-05
241	-1.37863e-05
241.5	-1.22992e-05
242	-1.06833e-05
242.5	-9.57558e-06
243	-8.25929e-06
243.5	-9.39248e-06
244	-1.15581e-05
244.5	-1.43361e-05
245	-1.58771e-05
245.5	-1.57021e-05
246	-1.58224e-05
246.5	-1.71946e-05
247	-2.04939e-05
247.5	-2.50921e-05
248	-2.94723e-05
248.5	-3.35043e-05
249	-3.76689e-05
249.5	-4.40289e-05
250	-6.33834e-05
250.5	-0.000548863
251	0.000627128
251.5	0.000167658
252	-0.000313021
252.5	-0.000316085
253	-8.05346e-05
253.5	-7.07133e-05
254	-6.75803e-05
254.5	-6.39816e-05
255	-6.09032e-05
255.5	-5.87319e-05
256	-5.27112e-05
256.5	-4.76571e-05
257	-4.38925e-05
257.5	-4.00965e-05
258	-3.63363e-05
258.5	-3.17681e-05
259	-3.07931e-05
259.5	-3.09855e-05
260	-3.22101e-05
260.5	-3.38512e-05
261	-3.5972e-05
261.5	-3.88671e-05
262	-4.41656e-05
262.5	-6.00164e-05
263	-0.00038929
263.5	0.00150871
264	0.000952554
264.5	-0.000170921
265	-0.000456399
265.5	-9.07541e-05
266	-7.20388e-05
266.5	-6.46358e-05
267	-5.87242e-05
267.5	-5.39511e-05
268	-5.15509e-05
268.5	-4.51963e-05
269	-3.99863e-05
269.5	-3.47254e-05
270	-3.15734e-05
270.5	-2.78117e-05
271	-2.46824e-05
271.5	-2.24284e-05
272	-2.13448e-05
272.5	-2.08777e-05
273	-2.04301e-05
273.5	-2.15135e-05
274	-2.30216e-05
274.5	-2.46773e-05
275	-2.54904e-05
275.5	-2.67589e-05
276	-2.82648e-05
276.5	-2.88051e-05
277	-2.88795e-05
277.5	-2.88012e-05
278	-2.88029e-05
278.5	-2.90033e-05
279	-2.97071e-05
279.5	-3.12802e-05
280	-3.36906e-05
280.5	-3.69853e-05
281	-4.25809e-05
281.5	-5.78297e-05
282	-0.000414061
282.5	0.00124094
283	0.000464671
283.5	-0.000213746
284	-0.000398532
284.5	-9.81655e-05
285	-7.42227e-05
285.5	-6.62309e-05
286	-5.35686e-05
286.5	-4.36552e-05
287	-3.72116e-05
287.5	-3.40844e-05
288	-3.24374e-05
288.5	-3.09182e-05
289	-2.94868e-05
289.5	-2.83276e-05
290	-2.75886e-05
290.5	-2.73043e-05
291	-2.75823e-05
291.5	-2.82057e-05
292	-2.92763e-05
292.5	-3.0287e-05
293	-3.15543e-05
293.5	-3.31539e-05
294	-3.46359e-05
294.5	-3.67802e-05
295	-4.10462e-05
295.5	-4.62405e-05
296	-9.02286e-05
296.5	-0.000978109
297	0.000786883
297.5	0.000101825
298	-0.000351657
298.5	-0.000246529
299	-9.72417e-05
299.5	-7.29035e-05
300	-5.8719e-05
300.5	-4.61267e-05
301	-4.01599e-05
301.5	-3.44944e-05
302	-3.03138e-05
302.5	-2.75474e-05
303	-2.65391e-05
303.5	-2.63278e-05
304	-2.59324e-05
304.5	-2.54799e-05
305	-2.50093e-05
305.5	-2.49569e-05
306	-2.52302e-05
306.5	-2.56269e-05
307	-2.66469e-05
307.5	-2.83846e-05
308	-3.11557e-05
308.5	-3.61624e-05
309	-4.70869e-05
309.5	-0.000108089
310	-0.00135103
310.5	0.00126596
311	0.000228831
311.5	-0.000323359
312	-0.000201718
312.5	-0.000106089
313	-7.7971e-05
313.5	-5.39829e-05
314	-3.76068e-05
314.5	-2.70699e-05
315	-2.22991e-05
315.5	-2.12075e-05
316	-2.1061e-05
316.5	-2.10186e-05
317	-2.06703e-05
317.5	-2.00019e-05
318	-1.96638e-05
318.5	-1.99451e-05
319	-2.1487e-05
319.5	-2.38525e-05
320	-2.59691e-05
320.5	-2.80528e-05
321	-3.06626e-05
321.5	-3.48696e-05
322	-4.23356e-05
322.5	-6.47428e-05
323	-0.000532568
323.5	0.000641707
324	0.000482904
324.5	-0.000118074
325	-0.000350898
325.5	-9.44449e-05
326	-7.59427e-05
326.5	-6.35171e-05
327	-4.42801e-05
327.5	-3.57168e-05
328	-2.97554e-05
328.5	-2.64698e-05
329	-2.39281e-05
329.5	-2.18874e-05
330	-2.03816e-05
330.5	-1.98379e-05
331	-1.97711e-05
331.5	-1.96562e-05
332	-1.98115e-05
332.5	-1.95877e-05
333	-1.95705e-05
333.5	-2.05775e-05
334	-2.07847e-05
334.5	-2.16611e-05
335	-2.32393e-05
335.5	-2.42394e-05
336	-2.50422e-05
336.5	-2.57308e-05
337	-2.69561e-05
337.5	-2.85254e-05
338	-3.04134e-05
338.5	-3.34777e-05
339	-3.83295e-05
339.5	-4.45138e-05
340	-0.000339875
340.5	-0.000449702
341	0.00120953
341.5	5.80372e-05
342	-0.000544756
342.5	-0.000141134
343	-8.59895e-05
343.5	-6.3749e-05
344	-5.0018e-05
344.5	-4.23563e-05
345	-3.76095e-05
345.5	-3.29115e-05
346	-2.87423e-05
346.5	-2.74815e-05
347	-2.57398e-05
347.5	-2.27615e-05
348	-2.03243e-05
348.5	-1.86433e-05
349	-1.6753e-05
349.5	-1.55965e-05
350	-1.38897e-05
350.5	-1.27098e-05
351	-1.21594e-05
351.5	-1.28952e-05
352	-1.37975e-05
352.5	-1.58881e-05
353	-2.08721e-05
353.5	-2.65501e-05
354	-3.32251e-05
354.5	-7.45965e-05
355	-0.00144857
355.5	0.00171661
356	0.000362979
356.5	-0.000388735
357	-0.000194185
357.5	-0.000116312
358	-9.4477e-05
358.5	-7.47203e-05
359	-5.16685e-05
359.5	-4.20206e-05
360	-3.56566e-05
360.5	-2.68924e-05
361	-2.03873e-05
361.5	-1.85459e-05
362	-1.97589e-05
362.5	-2.04091e-05
363	-1.55984e-05
363.5	-1.4383e-05
364	-1.34181e-05
364.5	-1.35608e-05
365	-1.30311e-05
365.5	-1.22065e-05
366	-1.09653e-05
366.5	-1.02208e-05
367	-1.09088e-05
367.5	-1.27445e-05
368	-1.35957e-05
368.5	-1.46013e-05
369	-1.62946e-05
369.5	-1.71433e-05
370	-1.75366e-05
370.5	-1.82817e-05
371	-1.97598e-05
371.5	-2.15016e-05
372	-2.34881e-05
372.5	-2.61088e-05
373	-2.43357e-05
373.5	-2.62416e-05
374	-3.26459e-05
374.5	-4.7795e-05
375	-0.00021811
375.5	-0.00145985
376	0.0013587
376.5	0.000205704
377	-0.000488295
377.5	-0.000113269
378	-8.27251e-05
378.5	-7.48119e-05
379	-6.87349e-05
379.5	-6.73105e-05
380	-6.22808e-05
380.5	-5.56431e-05
381	-5.14789e-05
381.5	-4.69177e-05
382	-4.33044e-05
382.5	-3.97127e-05
383	-3.74101e-05
383.5	-3.54669e-05
384	-3.39613e-05
384.5	-3.33183e-05
385	-3.30945e-05
385.5	-3.29456e-05
386	-3.33524e-05
386.5	-3.59747e-05
387	-3.96913e-05
387.5	-4.4371e-05
388	-5.23457e-05
388.5	-9.32556e-05
389	-0.000924114
389.5	0.000714742
390	7.19661e-06
390.5	-0.000353204
391	-0.000196
391.5	-5.9209e-05
392	-5.88594e-05
392.5	-5.73875e-05
393	-4.83506e-05
393.5	-4.16446e-05
394	-3.70542e-05
394.5	-3.10419e-05
395	-2.6993e-05
395.5	-2.25209e-05
396	-1.93083e-05
396.5	-1.66818e-05
397	-1.50384e-05
397.5	-1.49739e-05
398	-1.59697e-05
398.5	-1.80535e-05
399	-2.0757e-05
399.5	-2.31111e-05
400	-2.5164e-05
400.5	-2.74631e-05
401	-2.99418e-05
401.5	-3.2198e-05
402	-3.42703e-05
402.5	-3.63565e-05
403	-3.93705e-05
403.5	-4.46318e-05
404	-6.20555e-05
404.5	-0.00049536
405	0.00119484
405.5	0.00050775
406	-0.000262718
406.5	-0.000404014
407	-6.71464e-05
407.5	-4.9633e-05
408	-5.62613e-05
408.5	-5.43578e-05
409	-4.58709e-05
409.5	-3.94041e-05
410	-3.00535e-05
410.5	-2.45499e-05
411	-2.14225e-05
411.5	-1.96825e-05
412	-1.81885e-05
412.5	-1.71465e-05
413	-1.73565e-05
413.5	-1.7919e-05
414	-1.87396e-05
414.5	-1.91496e-05
415	-1.96138e-05
415.5	-2.03288e-05
416	-2.11232e-05
416.5	-2.18471e-05
417	-2.21092e-05
417.5	-2.20061e-05
418	-2.20307e-05
418.5	-2.18187e-05
419	-2.15234e-05
419.5	-2.20473e-05
420	-2.26764e-05
420.5	-2.37423e-05
421	-2.54459e-05
421.5	-2.7117e-05
422	-3.04944e-05
422.5	-3.58758e-05
423	-0.00018703
423.5	-0.00114418
424	0.00180389
424.5	0.000132581
425	-0.000509437
425.5	-0.000155859
426	-8.6018e-05
426.5	-6.01512e-05
427	-4.44506e-05
427.5	-3.46458e-05
428	-2.84772e-05
428.5	-2.53086e-05
429	-2.40001e-05
429.5	-2.39373e-05
430	-2.39159e-05
430.5	-2.45529e-05
431	-2.52041e-05
431.5	-2.54315e-05
432	-2.54827e-05
432.5	-2.63399e-05
433	-2.77516e-05
433.5	-3.0303e-05
434	-3.32059e-05
434.5	-3.62285e-05
435	-3.96083e-05
435.5	-4.3563e-05
436	-4.97828e-05
436.5	-6.9978e-05
437	-0.000594937
437.5	0.000867233
438	0.000379125
438.5	-0.000321606
439	-0.000408402
439.5	-9.49346e-05
440	-7.43804e-05
440.5	-6.84723e-05
441	-5.46165e-05
441.5	-4.38593e-05
442	-3.62434e-05
442.5	-3.3149e-05
443	-3.23839e-05
443.5	-3.30913e-05
444	-3.51315e-05
444.5	-3.84458e-05
445	-4.08725e-05
445.5	-4.20453e-05
446	-4.21277e-05
446.5	-4.23274e-05
447	-4.2658e-05
447.5	-4.25723e-05
448	-4.26126e-05
448.5	-4.20415e-05
449	-4.13903e-05
449.5	-4.09381e-05
450	-3.34909e-05
450.5	-3.03881e-05
451	-2.96326e-05
451.5	-2.95021e-05
452	-2.55979e-05
452.5	-1.72273e-05
453	-1.45879e-05
453.5	-1.65134e-05
454	-1.73661e-05
454.5	-1.92435e-05
455	-1.96055e-05
455.5	-2.10463e-05
456	-2.2532e-05
456.5	-2.36857e-05
457	-2.52653e-05
457.5	-2.70023e-05
458	-2.90374e-05
458.5	-3.12489e-05
459	-3.38697e-05
459.5	-3.80896e-05
460	-4.30285e-05
460.5	-4.96338e-05
461	-6.16083e-05
461.5	-0.000236117
462	-0.00133894
462.5	0.0015635
463	5.6693e-05
463.5	-0.000384332
464	-0.000121743
464.5	-6.08318e-05
465	-5.88677e-05
465.5	-6.67672e-05
466	-6.95144e-05
466.5	-6.27705e-05
467	-5.70531e-05
467.5	-5.23159e-05
468	-4.84457e-05
468.5	-4.33143e-05
469	-3.73273e-05
469.5	-3.18087e-05
470	-2.92405e-05
470.5	-2.81461e-05
471	-2.78181e-05
471.5	-2.8322e-05
472	-2.90284e-05
472.5	-2.9017e-05
473	-2.86074e-05
473.5	-2.85608e-05
474	-2.9108e-05
474.5	-2.95722e-05
475	-3.196e-05
475.5	-3.63092e-05
476	-4.2512e-05
476.5	-5.19116e-05
477	-0.000113033
477.5	-0.00110787
478	0.000939476
478.5	1.42844e-05
479	-0.000356627
479.5	-0.000160328
480	-6.92505e-05
480.5	-7.58787e-05
481	-6.37649e-05
481.5	-5.99906e-05
482	-4.85169e-05
482.5	-3.7072e-05
483	-3.13492e-05
483.5	-2.84106e-05
484	-2.71933e-05
484.5	-2.7393e-05
485	-2.82508e-05
485.5	-2.93739e-05
486	-3.06009e-05
486.5	-3.10795e-05
487	-3.21636e-05
487.5	-3.30206e-05
488	-3.36355e-05
488.5	-3.36627e-05
489	-3.43517e-05
489.5	-3.36131e-05
490	-3.33101e-05
490.5	-3.31171e-05
491	-3.41447e-05
491.5	-3.59816e-05
492	-3.99795e-05
492.5	-5.63209e-05
493	-0.000438447
493.5	0.000940067
494	0.000448831
494.5	-0.000219132
495	-0.000394624
495.5	-8.85323e-05
496	-7.52686e-05
496.5	-5.9144e-05
497	-4.95361e-05
497.5	-3.93541e-05
498	-3.1512e-05
498.5	-2.60101e-05
499	-2.33261e-05
499.5	-2.5473e-05
500	-2.33676e-05
500.5	-2.00859e-05
501	-1.8511e-05
501.5	-1.87064e-05
502	-2.45326e-05
502.5	-2.50367e-05
503	-2.4376e-05
503.5	-2.57949e-05
504	-2.98422e-05
504.5	-3.18741e-05
505	-3.52851e-05
505.5	-3.44599e-05
506	-3.16029e-05
506.5	-3.17957e-05
507	-3.15043e-05
507.5	-3.13325e-05
508	-3.07929e-05
508.5	-3.21508e-05
509	-3.2958e-05
509.5	-3.28792e-05
510	-3.21554e-05
510.5	-3.09264e-05
511	-3.07979e-05
511.5	-3.21726e-05
512	-3.45441e-05
512.5	-3.73738e-05
513	-4.07778e-05
513.5	-4.80869e-05
514	-0.000104345
514.5	-0.00106975
515	0.000842593
515.5	-5.94325e-05
516	-0.000384508
516.5	-0.000133145
517	-4.62758e-05
517.5	-4.6364e-05
518	-4.59212e-05
518.5	-4.18223e-05
519	-3.79719e-05
519.5	-3.93881e-05
520	-4.78029e-05
520.5	-4.49644e-05
521	-4.32424e-05
521.5	-3.99985e-05
522	-3.57504e-05
522.5	-3.29938e-05
523	-3.15742e-05
523.5	-3.12754e-05
524	-3.12573e-05
524.5	-3.09446e-05
525	-3.03698e-05
525.5	-2.96518e-05
526	-2.90373e-05
526.5	-2.87618e-05
527	-2.91926e-05
527.5	-2.99244e-05
528	-3.14437e-05
528.5	-3.43577e-05
529	-4.16782e-05
529.5	-7.69879e-05
530	-0.00125524
530.5	0.0012277
531	0.00016606
531.5	-0.000288307
532	-0.000151807
532.5	-6.65953e-05
533	-5.57163e-05
533.5	-5.60359e-05
534	-5.40381e-05
534.5	-5.30644e-05
535	-5.36546e-05
535.5	-5.04021e-05
536	-4.42383e-05
536.5	-3.77004e-05
537	-3.21488e-05
537.5	-2.85662e-05
538	-2.73245e-05
538.5	-2.73698e-05
539	-2.80683e-05
539.5	-2.88507e-05
540	-2.92728e-05
540.5	-3.05883e-05
541	-3.31269e-05
541.5	-3.76921e-05
542	-5.03136e-05
542.5	-0.00033852
543	-0.000275528
543.5	0.00113614
544	-8.59494e-05
544.5	-0.000522492
545	-9.24144e-05
545.5	-5.57742e-05
546	-4.98803e-05
546.5	-4.62754e-05
547	-4.20642e-05
547.5	-3.76109e-05
548	-3.64257e-05
548.5	-3.34904e-05
549	-2.91076e-05
549.5	-2.54227e-05
550	-2.0862e-05
550.5	-1.60041e-05
551	-1.31232e-05
551.5	-1.13172e-05
552	-1.0443e-05
552.5	-1.00962e-05
553	-1.01435e-05
553.5	-1.06596e-05
554	-1.15361e-05
554.5	-1.22827e-05
555	-1.30085e-05
555.5	-1.34536e-05
556	-1.41668e-05
556.5	-1.50896e-05
557	-1.57114e-05
557.5	-1.6495e-05
558	-1.76396e-05
558.5	-2.0026e-05
559	-2.29958e-05
559.5	-2.69138e-05
560	-3.37204e-05
560.5	-6.11096e-05
561	-0.000646075
561.5	0.000724513
562	8.94703e-05
562.5	-0.000377712
563	-0.000298112
563.5	-8.30585e-05
564	-7.87301e-05
564.5	-7.27954e-05
565	-6.2813e-05
565.5	-4.94306e-05
566	-4.23713e-05
566.5	-3.64373e-05
567	-3.15058e-05
567.5	-2.83002e-05
568	-2.72252e-05
568.5	-2.69161e-05
569	-2.6735e-05
569.5	-2.63105e-05
570	-2.52442e-05
570.5	-2.46885e-05
571	-2.46247e-05
571.5	-2.57212e-05
572	-2.6466e-05
572.5	-2.68199e-05
573	-2.75224e-05
573.5	-2.95627e-05
574	-3.26406e-05
574.5	-3.67056e-05
575	-4.24538e-05
575.5	-5.42892e-05
576	-0.000295603
576.5	-0.00111028
577	0.00144546
577.5	6.22222e-05
578	-0.000472241
578.5	-0.000107237
579	-7.09945e-05
579.5	-6.74043e-05
580	-6.09579e-05
580.5	-5.19868e-05
581	-4.77392e-05
581.5	-3.9866e-05
582	-3.40343e-05
582.5	-2.95924e-05
583	-2.68046e-05
583.5	-2.50638e-05
584	-2.37504e-05
584.5	-2.26446e-05
585	-2.17225e-05
585.5	-2.12062e-05
586	-2.01805e-05
586.5	-1.85631e-05
587	-1.69494e-05
587.5	-1.55427e-05
588	-1.48426e-05
588.5	-1.47371e-05
589	-1.38465e-05
589.5	-1.27606e-05
590	-1.09841e-05
590.5	-6.63404e-06
591	-6.67824e-06
591.5	-6.12944e-06
592	5.10592e-07
592.5	-4.25766e-07
593	-1.13623e-07
593.5	1.01942e-05
594	8.36379e-06
594.5	5.17152e-06
595	4.59511e-06
595.5	2.77663e-06
596	1.61737e-06
596.5	8.7275e-07
597	-6.10187e-07
597.5	-3.37511e-06
598	-6.02126e-06
598.5	-7.88448e-06
599	-9.03492e-06
599.5	-8.86713e-06
600	-8.84887e-06
600.5	-9.8599e-06
601	-1.20751e-05
601.5	-1.55465e-05
602	-2.06921e-05
602.5	-2.74436e-05
603	-3.98012e-05
603.5	-0.000207915
604	-0.00120434
604.5	0.00158765
605	-4.47917e-05
605.5	-0.000456434
606	-0.000105191
606.5	-6.39389e-05
607	-5.73169e-05
607.5	-5.38107e-05
608	-4.74344e-05
608.5	-3.91336e-05
609	-3.47219e-05
609.5	-2.88203e-05
610	-2.37699e-05
610.5	-2.01605e-05
611	-1.80293e-05
611.5	-1.71581e-05
612	-1.80689e-05
612.5	-1.95145e-05
613	-2.05284e-05
613.5	-2.13223e-05
614	-2.22456e-05
614.5	-2.41049e-05
615	-2.62801e-05
615.5	-2.67963e-05
616	-2.81304e-05
616.5	-3.03622e-05
617	-3.34108e-05
617.5	-3.62131e-05
618	-4.19473e-05
618.5	-5.9486e-05
619	-0.000478804
619.5	0.00108245
620	0.000275905
620.5	-0.000290024
621	-0.000376942
621.5	-0.000113761
622	-0.000106515
622.5	-9.64637e-05
623	-7.93611e-05
623.5	-5.95592e-05
624	-4.34104e-05
624.5	-3.59877e-05
625	-3.39466e-05
625.5	-3.26876e-05
626	-2.62692e-05
626.5	-1.62073e-05
627	-1.00089e-05
627.5	-8.80556e-06
628	-1.08628e-05
628.5	-9.21355e-06
629	-7.43059e-06
629.5	-7.81649e-06
630	-8.67843e-06
630.5	-9.78455e-06
631	-1.15257e-05
631.5	-1.34941e-05
632	-1.61951e-05
632.5	-1.89397e-05
633	-2.28863e-05
633.5	-2.66131e-05
634	-3.01472e-05
634.5	-3.33285e-05
635	-3.66116e-05
635.5	-4.17298e-05
636	-5.65135e-05
636.5	-0.000357293
637	0.00136835
637.5	0.000951694
638	-0.00020669
638.5	-0.000449175
639	-7.40511e-05
639.5	-6.68993e-05
640	-6.20706e-05
640.5	-6.09484e-05
641	-5.79696e-05
641.5	-5.57217e-05
642	-5.13973e-05
642.5	-4.75105e-05
643	-4.23932e-05
643.5	-3.85932e-05
644	-3.54399e-05
644.5	-3.23027e-05
645	-2.95559e-05
645.5	-2.75063e-05
646	-2.64684e-05
646.5	-2.52379e-05
647	-2.37915e-05
647.5	-2.23479e-05
648	-2.10561e-05
648.5	-1.96057e-05
649	-1.82491e-05
649.5	-1.7301e-05
650	-1.7242e-05
650.5	-1.70627e-05
651	-1.81434e-05
651.5	-1.98622e-05
652	-1.88082e-05
652.5	-2.06402e-05
653	-2.28451e-05
653.5	-2.52537e-05
654	-2.89047e-05
654.5	-3.31073e-05
655	-3.63725e-05
655.5	-4.06646e-05
656	-0.000127958
656.5	-0.00139904
657	0.00174872
657.5	0.000292993
658	-0.000379486
658.5	-0.000165371
659	-9.11721e-05
659.5	-7.42697e-05
660	-6.41871e-05
660.5	-5.7482e-05
661	-5.16815e-05
661.5	-4.66367e-05
662	-4.22458e-05
662.5	-3.88008e-05
663	-3.61464e-05
663.5	-3.37448e-05
664	-3.26841e-05
664.5	-3.28572e-05
665	-3.29709e-05
665.5	-3.23845e-05
666	-3.17984e-05
666.5	-3.17373e-05
667	-3.18449e-05
667.5	-3.17734e-05
668	-3.18966e-05
668.5	-2.86652e-05
669	-2.60321e-05
669.5	-2.04164e-05
670	-1.73281e-05
670.5	-1.66885e-05
671	-1.5545e-05
671.5	-1.41924e-05
672	-1.55102e-05
672.5	-1.73065e-05
673	-1.88362e-05
673.5	-1.72109e-05
674	-1.85366e-05
674.5	-2.05375e-05
675	-2.24906e-05
675.5	-2.44395e-05
676	-2.63104e-05
676.5	-2.8057e-05
677	-2.96977e-05
677.5	-3.23969e-05
678	-3.73951e-05
678.5	-4.63579e-05
679	-7.43307e-05
679.5	-0.000600942
680	0.000684975
680.5	0.000129194
681	-0.00034622
681.5	-0.000294575
682	-7.78301e-05
682.5	-7.11567e-05
683	-6.31119e-05
683.5	-5.61924e-05
684	-5.74339e-05
684.5	-5.88895e-05
685	-5.22026e-05
685.5	-4.38713e-05
686	-3.72922e-05
686.5	-3.36425e-05
687	-3.15421e-05
687.5	-2.95957e-05
688	-2.71498e-05
688.5	-2.4925e-05
689	-2.28546e-05
689.5	-2.12889e-05
690	-1.98727e-05
690.5	-1.84723e-05
691	-1.80038e-05
691.5	-1.79839e-05
692	-1.78229e-05
692.5	-1.84756e-05
693	-2.00755e-05
693.5	-2.17454e-05
694	-2.31233e-05
694.5	-2.41641e-05
695	-2.42598e-05
695.5	-2.1063e-05
696	-2.33777e-05
696.5	-2.25362e-05
697	-2.20773e-05
697.5	-1.83289e-05
698	-2.04437e-05
698.5	-2.41231e-05
699	-2.10955e-05
699.5	-2.12668e-05
700	-2.53788e-05
700.5	-2.91972e-05
701	-3.20582e-05
701.5	-3.4795e-05
702	-3.83538e-05
702.5	-4.34076e-05
703	-5.13289e-05
703.5	-7.74287e-05
704	-0.000580575
704.5	0.00105878
705	0.000448173
705.5	-0.000297692
706	-0.00036889
706.5	-6.55694e-05
707	-5.03261e-05
707.5	-4.64922e-05
708	-4.47995e-05
708.5	-4.48169e-05
709	-4.78319e-05
709.5	-4.52315e-05
710	-4.41007e-05
710.5	-4.62294e-05
711	-4.3276e-05
711.5	-4.05174e-05
712	-3.69499e-05
712.5	-3.43618e-05
713	-3.35873e-05
713.5	-3.41418e-05
714	-3.39488e-05
714.5	-3.2618e-05
715	-3.01112e-05
715.5	-2.90381e-05
716	-2.8419e-05
716.5	-2.81146e-05
717	-2.80345e-05
717.5	-2.89645e-05
718	-2.97998e-05
718.5	-3.10287e-05
719	-3.28543e-05
719.5	-3.5524e-05
720	-3.95238e-05
720.5	-4.75498e-05
721	-8.20923e-05
721.5	-0.00085332
722	0.000721898
722.5	0.000106574
723	-0.000251663
723.5	-0.000194115
724	-6.29136e-05
724.5	-6.13289e-05
725	-5.76481e-05
725.5	-4.92976e-05
726	-4.19633e-05
726.5	-3.6541e-05
727	-2.96976e-05
727.5	-2.38272e-05
728	-1.9755e-05
728.5	-1.76516e-05
729	-1.66778e-05
729.5	-1.66524e-05
730	-1.7234e-05
730.5	-1.67545e-05
731	-1.58054e-05
731.5	-1.50085e-05
732	-1.52213e-05
732.5	-1.44446e-05
733	-1.60615e-05
733.5	-1.12249e-05
734	-5.97597e-06
734.5	-5.8133e-06
735	-5.41657e-06
735.5	-4.15808e-06
736	-2.08316e-06
736.5	-9.40901e-07
737	-4.45284e-06
737.5	-8.99967e-06
738	-3.22696e-06
738.5	6.49668e-06
739	5.52432e-06
739.5	5.86206e-06
740	-7.60486e-07
740.5	-5.09123e-06
741	-1.09347e-05
741.5	-1.24952e-05
742	-1.1283e-05
742.5	-8.81798e-06
743	-6.63194e-06
743.5	-3.08038e-06
744	-1.84079e-06
744.5	-1.22095e-06
745	-4.48658e-06
745.5	-5.21582e-06
746	-5.75587e-06
746.5	-8.18151e-06
747	-9.6287e-06
747.5	-1.00239e-05
748	-9.32248e-06
748.5	-1.08076e-05
749	-1.25278e-05
749.5	-1.41197e-05
750	-1.53174e-05
750.5	-1.65693e-05
751	-1.78365e-05
751.5	-1.9578e-05
752	-2.12668e-05
752.5	-2.29949e-05
753	-2.49888e-05
753.5	-2.2319e-05
754	-2.8043e-05
754.5	-5.02299e-05
755	-0.000537655
755.5	0.000494187
756	0.000330974
756.5	-0.000172688
757	-0.000324273
757.5	-7.20273e-05
758	-5.80228e-05
758.5	-5.32094e-05
759	-4.84357e-05
759.5	-3.91031e-05
760	-3.28372e-05
760.5	-3.05916e-05
761	-3.05105e-05
761.5	-3.03262e-05
762	-2.9935e-05
762.5	-3.00976e-05
763	-3.14338e-05
763.5	-3.26439e-05
764	-3.32207e-05
764.5	-3.35081e-05
765	-3.41006e-05
765.5	-3.50927e-05
766	-3.58101e-05
766.5	-3.64256e-05
767	-3.7366e-05
767.5	-3.93199e-05
768	-4.1755e-05
768.5	-4.55481e-05
769	-5.03719e-05
769.5	-0.000347583
770	0.000385156
770.5	0.00103984
771	-8.31979e-05
771.5	-0.000479996
772	-8.64472e-05
772.5	-6.05197e-05
773	-5.58842e-05
773.5	-5.39784e-05
774	-5.80131e-05
774.5	-5.57222e-05
775	-5.5334e-05
775.5	-5.08456e-05
776	-4.38543e-05
776.5	-3.92559e-05
777	-3.58497e-05
777.5	-3.3539e-05
778	-3.22262e-05
778.5	-3.21069e-05
779	-3.23527e-05
779.5	-3.25499e-05
780	-3.24524e-05
780.5	-3.2321e-05
781	-3.19963e-05
781.5	-3.17898e-05
782	-2.82948e-05
782.5	-2.80705e-05
783	-2.99633e-05
783.5	-3.35876e-05
784	-3.74055e-05
784.5	-5.38805e-05
785	-0.000404239
785.5	0.00161182
786	0.0010582
786.5	-0.000114688
787	-0.000461495
787.5	-9.74254e-05
788	-6.94918e-05
788.5	-5.80967e-05
789	-4.93487e-05
789.5	-4.30532e-05
790	-3.79216e-05
790.5	-3.391e-05
791	-3.16743e-05
791.5	-2.88524e-05
792	-2.63108e-05
792.5	-2.52935e-05
793	-2.50485e-05
793.5	-2.65196e-05
794	-2.78923e-05
794.5	-2.87368e-05
795	-2.81122e-05
795.5	-2.86085e-05
796	-2.95909e-05
796.5	-3.08256e-05
797	-3.2258e-05
797.5	-3.38846e-05
798	-3.22803e-05
798.5	-3.31655e-05
799	-3.61539e-05
799.5	-3.82377e-05
800	-3.43228e-05
800.5	-4.20802e-05
801	-0.000205874
801.5	-0.00119256
802	0.00121627
802.5	7.80599e-05
803	-0.000406048
803.5	-0.000181492
804	-7.60023e-05
804.5	-5.71685e-05
805	-4.57221e-05
805.5	-3.93975e-05
806	-3.55231e-05
806.5	-3.31789e-05
807	-3.15714e-05
807.5	-3.02638e-05
808	-2.93417e-05
808.5	-2.92333e-05
809	-2.91111e-05
809.5	-2.98711e-05
810	-3.30343e-05
810.5	-3.45794e-05
811	-3.50551e-05
811.5	-3.70644e-05
812	-3.9983e-05
812.5	-4.04578e-05
813	-4.34562e-05
813.5	-5.18614e-05
814	-0.000373507
814.5	-0.000967097
815	0.0018865
815.5	0.000118337
816	-0.00053415
816.5	-0.000167614
817	-0.000101603
817.5	-8.24242e-05
818	-7.10783e-05
818.5	-6.26967e-05
819	-5.73639e-05
819.5	-5.34416e-05
820	-4.99869e-05
820.5	-4.73629e-05
821	-4.55821e-05
821.5	-4.43245e-05
822	-4.30017e-05
822.5	-4.11149e-05
823	-3.90765e-05
823.5	-3.71775e-05
824	-3.56426e-05
824.5	-3.45111e-05
825	-3.33612e-05
825.5	-2.95271e-05
826	-3.05923e-05
826.5	-3.04945e-05
827	-3.46075e-05
827.5	-0.000122641
828	-0.000961734
828.5	0.0011273
829	0.000160154
829.5	-0.000415397
830	-0.000230918
830.5	-9.31834e-05
831	-7.5293e-05
831.5	-5.68729e-05
832	-4.38666e-05
832.5	-3.56367e-05
833	-3.03232e-05
833.5	-2.65921e-05
834	-2.39009e-05
834.5	-2.18049e-05
835	-2.00498e-05
835.5	-1.892e-05
836	-1.80853e-05
836.5	-1.87898e-05
837	-2.04716e-05
837.5	-2.2814e-05
838	-2.47846e-05
838.5	-2.66115e-05
839	-2.79283e-05
839.5	-2.91032e-05
840	-3.06656e-05
840.5	-3.28315e-05
841	-3.61311e-05
841.5	-3.99267e-05
842	-4.64171e-05
842.5	-0.000337571
843	0.000109211
843.5	0.00125012
844	-5.2138e-05
844.5	-0.000585131
845	-0.0001537
845.5	-9.79919e-05
846	-7.644e-05
846.5	-6.12626e-05
847	-5.13844e-05
847.5	-4.57847e-05
848	-4.22537e-05
848.5	-3.87163e-05
849	-3.73225e-05
849.5	-3.53883e-05
850	-3.17019e-05
850.5	-3.00654e-05
851	-3.00876e-05
851.5	-3.09568e-05
852	-3.33424e-05
852.5	-3.36329e-05
853	-3.36624e-05
853.5	-3.35944e-05
854	-3.2195e-05
854.5	-2.33511e-05
855	-1.95417e-05
855.5	-2.39245e-05
856	-2.74224e-05
856.5	-2.36499e-05
857	-1.69844e-05
857.5	-1.28797e-05
858	-1.26409e-05
858.5	-1.28896e-05
859	-9.26951e-06
859.5	-8.71755e-06
860	-8.06653e-06
860.5	-9.81737e-06
861	-1.11958e-05
861.5	-8.75821e-06
862	-7.5288e-06
862.5	-6.55411e-06
863	-6.80912e-06
863.5	-6.69136e-06
864	-7.31673e-06
864.5	-8.24748e-06
865	-9.83621e-06
865.5	-1.20209e-05
866	-1.47392e-05
866.5	-1.62088e-05
867	-1.43291e-05
867.5	-1.38751e-05
868	-1.53214e-05
868.5	-1.74694e-05
869	-1.93538e-05
869.5	-2.21451e-05
870	-2.66269e-05
870.5	-3.20525e-05
871	-5.57233e-05
871.5	-0.000528125
872	0.000744244
872.5	0.00061079
873	-0.000118811
873.5	-0.000384154
874	-8.98405e-05
874.5	-6.61719e-05
875	-5.32082e-05
875.5	-4.70311e-05
876	-4.23973e-05
876.5	-3.79219e-05
877	-3.46908e-05
877.5	-3.29359e-05
878	-3.26911e-05
878.5	-3.2831e-05
879	-3.3021e-05
879.5	-3.31895e-05
880	-3.30792e-05
880.5	-3.31933e-05
881	-3.30381e-05
881.5	-3.29528e-05
882	-3.32322e-05
882.5	-3.35337e-05
883	-3.32737e-05
883.5	-3.38938e-05
884	-3.53237e-05
884.5	-3.74703e-05
885	-3.69752e-05
885.5	-6.1058e-05
886	-0.000591018
886.5	0.00060144
887	0.000162445
887.5	-0.000315805
888	-0.000302765
888.5	-7.52741e-05
889	-6.31698e-05
889.5	-5.54399e-05
890	-4.73882e-05
890.5	-4.07948e-05
891	-3.62572e-05
891.5	-3.429e-05
892	-3.1189e-05
892.5	-3.09504e-05
893	-2.8862e-05
893.5	-2.67057e-05
894	-2.54277e-05
894.5	-2.48217e-05
895	-2.40536e-05
895.5	-2.33104e-05
896	-2.31314e-05
896.5	-2.42321e-05
897	-2.37803e-05
897.5	-2.47064e-05
898	-2.7956e-05
898.5	-3.21078e-05
899	-3.88772e-05
899.5	-4.6085e-05
900	-0.000124561
900.5	-0.00175395
901	0.00197279
901.5	0.000260223
902	-0.000416076
902.5	-0.000149607
903	-9.26885e-05
903.5	-7.85092e-05
904	-6.35521e-05
904.5	-5.38557e-05
905	-4.74308e-05
905.5	-4.31587e-05
906	-4.16924e-05
906.5	-4.11254e-05
907	-4.11454e-05
907.5	-4.08136e-05
908	-4.01282e-05
908.5	-3.93448e-05
909	-3.87339e-05
909.5	-3.92168e-05
910	-4.01736e-05
910.5	-4.22217e-05
911	-4.50293e-05
911.5	-5.0212e-05
912	-6.80014e-05
912.5	-0.000529805
913	0.000809253
913.5	0.000298277
914	-0.00031357
914.5	-0.000383503
915	-8.51753e-05
915.5	-8.84263e-05
916	-7.55816e-05
916.5	-5.67554e-05
917	-4.5154e-05
917.5	-3.83663e-05
918	-3.47814e-05
918.5	-3.26972e-05
919	-3.17963e-05
919.5	-3.14931e-05
920	-3.23263e-05
920.5	-3.3055e-05
921	-3.3666e-05
921.5	-3.55266e-05
922	-3.8891e-05
922.5	-4.51385e-05
923	-5.76274e-05
923.5	-0.000183606
924	-0.0013497
924.5	0.00140812
925	4.27834e-05
925.5	-0.000359778
926	-0.000125522
926.5	-5.65081e-05
927	-5.28764e-05
927.5	-5.84991e-05
928	-5.65451e-05
928.5	-5.77024e-05
929	-5.23687e-05
929.5	-4.70871e-05
930	-4.07791e-05
930.5	-3.62484e-05
931	-3.34916e-05
931.5	-3.13494e-05
932	-3.06142e-05
932.5	-3.07488e-05
933	-3.04193e-05
933.5	-3.01372e-05
934	-2.9997e-05
934.5	-2.99989e-05
935	-3.00335e-05
935.5	-2.98647e-05
936	-2.9756e-05
936.5	-3.06795e-05
937	-3.27457e-05
937.5	-3.68455e-05
938	-4.76925e-05
938.5	-0.000350598
939	-0.000821305
939.5	0.00124199
940	-4.80605e-05
940.5	-0.000480705
941	-8.38618e-05
941.5	-5.50754e-05
942	-6.34035e-05
942.5	-6.10196e-05
943	-5.14359e-05
943.5	-4.89654e-05
944	-4.11348e-05
944.5	-3.5743e-05
945	-3.13823e-05
945.5	-2.87e-05
946	-2.68965e-05
946.5	-2.50783e-05
947	-2.30258e-05
947.5	-2.25786e-05
948	-2.24601e-05
948.5	-2.21632e-05
949	-2.20947e-05
949.5	-2.22179e-05
950	-2.25288e-05
950.5	-2.35923e-05
951	-2.57323e-05
951.5	-2.92607e-05
952	-3.4926e-05
952.5	-4.70827e-05
953	-0.000105969
953.5	-0.00164939
954	0.00163672
954.5	0.000296257
955	-0.000346115
955.5	-0.000140045
956	-6.8571e-05
956.5	-5.62856e-05
957	-5.21402e-05
957.5	-4.33929e-05
958	-3.97702e-05
958.5	-3.27036e-05
959	-2.68869e-05
959.5	-2.45788e-05
960	-2.35239e-05
960.5	-2.43674e-05
961	-2.58723e-05
961.5	-2.94686e-05
962	-3.1123e-05
962.5	-3.20253e-05
963	-3.32004e-05
963.5	-3.47233e-05
964	-3.64897e-05
964.5	-4.00933e-05
965	-4.43448e-05
965.5	-5.1022e-05
966	-6.39261e-05
966.5	-0.000126384
967	-0.00142748
967.5	0.00127395
968	0.000225282
968.5	-0.00029865
969	-0.000167926
969.5	-9.22824e-05
970	-9.1948e-05
970.5	-8.56723e-05
971	-8.11399e-05
971.5	-6.99617e-05
972	-6.23127e-05
972.5	-5.39195e-05
973	-4.4937e-05
973.5	-3.74123e-05
974	-3.40119e-05
974.5	-2.99891e-05
975	-2.97084e-05
975.5	-2.64768e-05
976	-2.62905e-05
976.5	-2.52558e-05
977	-2.40411e-05
977.5	-2.32603e-05
978	-2.44881e-05
978.5	-2.70255e-05
979	-2.8108e-05
979.5	-3.36864e-05
980	-3.77725e-05
980.5	-3.959e-05
981	-3.39976e-05
981.5	-2.85691e-05
982	-2.71108e-05
982.5	-2.62856e-05
983	-2.49195e-05
983.5	-2.21681e-05
984	-2.06125e-05
984.5	-1.86828e-05
985	-1.75062e-05
985.5	-1.69266e-05
986	-1.73962e-05
986.5	-1.90281e-05
987	-2.07226e-05
987.5	-2.29067e-05
988	-2.51543e-05
988.5	-2.82553e-05
989	-3.37615e-05
989.5	-5.48099e-05
990	-0.000596855
990.5	0.000472434
991	2.17956e-05
991.5	-0.000292254
992	-0.000181428
992.5	-3.67937e-05
993	-3.02639e-05
993.5	-2.98131e-05
994	-2.97146e-05
994.5	-3.43125e-05
995	-3.59386e-05
995.5	-3.45078e-05
996	-3.50866e-05
996.5	-3.24705e-05
997	-2.88847e-05
997.5	-2.5487e-05
998	-2.41322e-05
998.5	-2.42045e-05
999	-2.47987e-05
999.5	-2.52395e-05
1000	-2.63141e-05
