0.073 534445
0.140 503410
0.246 461381
0.526 429342
0.921 684635
0.960 526620
1.252 432818
1.686 420607
2.138 410360
2.202 430749
2.444 484564
2.452 451162
3.332 400779
3.473 509802
4.748 522028
6.617 395527
7.471 503741
7.723 382954
8.049 396331
8.060 468054
8.284 393531
8.457 736772
9.393 422041
10.250 5667
11.000 5827
11.256 674680
11.271 438163
11.500 5416
11.525 18239
11.725 5776
12.000 5771
12.079 408174
12.275 5650
12.558 521974
12.575 5675
12.675 5745
12.800 5719
12.825 335735
12.925 5803
13.050 5620
13.084 352689
13.150 5720
13.221 423284
13.425 335950
13.475 335765
13.500 335897
13.500 338561
13.582 473073
13.775 336009
13.850 336040
13.925 335855
13.950 336071
13.975 18227
14.050 196465
14.100 335882
14.350 336131
14.377 497755
14.408 413556
14.425 335822
14.528 344891
14.625 336126
14.809 431030
14.825 18229
14.832 385040
14.891 358354
14.925 336006
15.200 335980
15.401 385590
15.425 18028
15.483 510222
15.616 657236
15.775 391870
15.860 508908
16.389 385549
16.650 18266
16.794 423042
16.853 384491
16.900 336007
17.125 335831
17.253 496159
17.456 420045
17.552 669530
17.850 18239
17.857 457205
18.132 339277
18.300 18121
18.452 440411
18.475 18156
19.252 393996
19.863 453225
20.284 463702
20.896 350538
20.924 464206
21.075 190715
21.100 18028
21.175 205179
21.455 407725
21.766 464477
21.775 216147
21.875 194811
22.158 475704
22.600 175699
22.800 199872
22.827 684931
23.039 440093
23.096 684280
23.148 441029
23.175 193548
23.675 18266
23.695 474671
23.775 18229
24.025 18227
24.075 199955
24.100 17916
24.150 201610
24.210 418984
24.222 387219
24.392 395524
24.400 197657
24.519 708150
24.525 201578
24.681 427760
24.802 589531
25.000 190208
25.059 405656
25.075 193575
25.536 429342
25.595 380225
25.605 344767
25.615 434406
25.648 459800
25.700 184961
25.700 211943
25.783 519396
25.900 198097
25.950 216655
26.000 2763
26.075 206227
26.100 191859
26.100 205677
26.125 196996
26.150 187477
26.199 676052
26.300 214944
26.325 192974
26.375 194162
26.398 542628
26.400 2669
26.400 2758
26.425 18156
26.425 204656
26.425 209070
26.433 410121
26.450 20560
26.450 206940
26.525 208530
26.525 2716
26.550 20558
26.575 20638
26.575 2733
26.625 20657
26.650 198298
26.675 194807
26.675 2647
26.700 2517
26.725 199948
26.725 212087
26.725 2712
26.725 5675
26.750 156877
26.750 197583
26.775 197140
26.775 205750
26.800 192536
26.800 20655
26.825 203961
26.875 194671
26.875 20561
26.875 2756
26.900 5620
26.925 20637
26.950 198889
27.000 2627
27.000 335765
27.025 335822
27.050 20585
27.075 2691
27.125 201241
27.125 5719
27.125 5803
27.150 5416
27.175 209245
27.225 197739
27.275 177597
27.275 335897
27.300 215417
27.300 5650
27.300 5776
27.350 203882
27.350 2648
27.375 177944
27.400 188469
27.450 5667
27.525 5720
27.550 185603
27.550 336131
27.600 203313
27.600 2535
27.650 191385
27.650 2741
27.675 201004
27.725 205715
27.775 198289
27.800 199852
27.800 202286
27.850 194790
27.850 5745
27.875 2671
27.925 211508
27.925 213112
28.025 196465
28.050 185424
28.050 213206
28.075 210349
28.100 206239
28.125 195870
28.150 192428
28.175 214215
28.400 193607
28.425 198804
28.475 18115
28.475 191796
28.475 194085
28.500 197126
28.525 194812
28.562 379126
28.575 203891
28.625 210868
28.775 198316
28.775 338561
28.775 5827
28.825 200990
28.825 203263
28.850 215529
28.900 175236
28.900 195885
28.925 196397
29.000 194183
29.000 2697
29.014 446427
29.025 336010
29.075 209774
29.075 336003
29.100 209085
29.150 194688
29.150 205088
29.150 209166
29.300 187852
29.325 335677
29.350 198748
29.350 202227
29.400 192522
29.425 199922
29.500 199319
29.500 205179
29.500 207334
29.500 209109
29.550 218801
29.575 203559
29.600 206897
29.650 193016
29.650 195347
29.675 194738
29.725 191903
29.850 203273
29.850 205685
29.903 427568
29.925 206184
29.975 195990
30.000 335801
30.030 422967
30.050 188563
30.050 197726
30.100 216405
30.125 205087
30.125 213765
30.125 336126
30.150 202323
30.175 197037
30.175 204425
30.200 336246
30.224 371370
30.247 390495
30.275 336187
30.300 336009
30.325 214283
30.325 335855
30.325 335883
30.325 335910
30.350 213636
30.375 199479
30.425 194810
30.425 200396
30.425 335892
30.450 201537
30.450 217117
29.400 828
30.450 335943
30.450 335980
30.475 197654
30.475 335882
30.500 214831
30.525 191248
30.525 199859
30.525 206938
30.525 222200
30.539 370567
30.550 190188
30.550 214909
30.550 335856
30.550 336006
30.557 431879
30.575 196478
30.575 209689
30.575 210298
30.600 216147
30.625 197804
30.650 203870
30.650 336040
30.675 198136
30.675 206857
30.675 335950
30.675 335951
30.700 196959
30.700 205798
30.750 206215
30.775 202870
30.775 231452
30.775 335826
30.775 336123
30.875 190715
30.875 207370
30.900 2763
30.900 335769
30.900 336215
30.900 336453
30.925 172842
30.925 197605
30.925 201046
30.925 336221
30.950 223058
30.950 336041
30.975 2758
31.000 2733
31.000 335831
31.025 198249
31.025 199255
31.075 186079
31.100 335735
31.125 201698
31.125 216009
31.125 2716
31.125 336184
31.150 197653
31.150 207407
31.150 207964
31.174 390603
31.175 336067
31.200 2712
31.200 336066
31.250 2669
31.300 2517
31.400 2647
31.400 336007
31.425 189525
31.425 2627
31.450 336071
31.500 191952
31.500 336220
31.600 195344
31.625 2691
31.650 2756
31.702 429699
31.750 197062
31.825 213755
32.042 490336
32.050 227989
32.100 188979
32.258 390315
32.350 175699
32.375 2535
32.525 376061
32.650 2741
33.049 460396
33.405 509721
33.443 430997
33.524 501941
33.758 447859
33.826 388763
34.260 418293
34.335 505962
34.555 392100
34.567 441813
34.600 335822
34.675 336131
34.700 335765
35.000 336010
35.107 748134
35.250 335910
35.562 349906
35.575 335677
35.775 336221
35.850 336215
35.925 336453
35.950 336187
36.000 335882
36.078 379445
36.125 335943
36.500 335897
36.600 336123
36.700 336009
36.725 336220
36.750 336003
36.800 335892
36.889 541706
36.925 335831
36.975 335883
37.000 335856
37.100 335826
37.497 451713
37.705 380183
37.967 542973
39.469 386599
40.087 527079
40.755 407584
40.769 365927
40.792 682750
40.909 476216
41.485 474010
41.598 537031
41.874 736875
41.898 478083
42.144 365054
42.150 18121
42.205 386322
42.375 428453
42.504 728898
43.596 700048
43.750 5719
45.011 662339
45.746 506890
45.825 5827
46.008 400779
46.271 503820
46.307 359997
46.750 5416
46.775 5803
46.875 5667
47.290 523335
47.300 5620
47.351 533191
47.355 504330
47.454 397004
47.500 5675
47.671 521045
48.175 5650
48.300 416904
48.325 5745
48.581 412795
48.596 454002
48.793 389590
48.850 5771
48.994 528094
49.003 514867
49.225 5776
49.452 396683
49.527 688060
49.764 374708
49.857 441426
49.994 383390
50.189 459455
50.400 17916
50.588 521569
51.419 482335
51.741 417706
51.850 18229
52.363 482208
52.542 477852
52.697 350319
53.125 18121
53.874 437519
53.894 440037
54.153 417172
54.274 507367
54.430 421998
54.524 391726
54.789 375939
55.333 364868
55.586 399061
56.033 426103
56.306 352655
56.343 440290
57.655 655975
57.748 445883
57.928 721948
58.138 531044
58.182 468741
58.258 346901
58.545 382151
58.977 471120
59.042 527814
47.975 828
59.331 467394
60.173 528676
60.319 517648
60.333 393629
60.600 336003
60.625 5827
60.980 378493
61.007 364096
61.263 400516
61.350 335951
61.489 470362
61.511 409879
61.575 5667
61.700 5771
61.755 484191
61.767 359819
61.816 523202
61.875 12446
62.092 419369
62.300 5650
62.690 343003
62.825 5620
62.950 5720
63.125 5719
63.150 5803
63.248 380513
63.500 336131
63.947 392733
63.980 718037
64.000 335677
64.000 338561
64.025 336184
64.099 731910
64.125 5416
64.217 621209
64.275 336041
64.325 402645
64.593 515657
64.745 386028
64.875 336067
64.950 336126
64.975 336010
65.157 540894
65.323 383128
65.825 336040
66.025 336220
66.229 688122
66.621 504325
66.767 397874
67.035 438041
67.281 382980
67.521 386960
67.700 11959
67.956 377578
68.149 677885
68.722 667615
68.859 528157
69.680 468043
69.881 511946
70.242 371303
70.283 402361
70.855 374301
71.022 357463
71.459 462430
71.479 354635
71.960 520428
72.157 473330
73.135 462109
73.427 541947
73.685 434920
73.823 444669
74.405 512559
74.545 456991
75.116 424884
75.235 500532
75.661 363154
75.926 429181
76.419 462408
76.806 733641
77.039 488608
77.175 5720
77.180 672293
77.300 5771
77.625 5650
77.761 733974
77.800 5803
77.825 5620
77.975 335822
78.125 5745
78.152 402891
78.200 5776
78.275 5667
78.313 375038
78.350 338561
78.475 5719
78.600 5416
78.758 731423
78.875 336040
79.026 383375
79.250 335910
79.275 209166
79.341 496647
62.775 828
76.375 828
79.455 509686
79.600 199479
79.753 497972
80.075 5827
80.334 459610
80.463 412612
80.743 454106
80.786 419593
81.051 481721
81.145 727286
81.212 538193
81.219 410407
81.389 454002
81.653 535764
81.800 17916
82.812 695790
83.007 396529
83.045 380169
83.059 376506
83.169 425443
83.174 423317
84.082 342818
85.425 12307
85.972 538778
86.079 389874
86.139 391945
86.647 437421
87.975 339823
88.794 679614
89.925 405842
89.985 393729
90.161 352893
90.644 386931
90.750 336131
90.825 5720
91.456 404786
91.598 491993
91.800 5667
91.850 12376
91.902 696592
92.164 488928
92.407 470516
92.425 214283
92.425 5719
92.425 5771
92.572 422302
92.725 5827
93.100 5675
93.301 723648
93.683 727924
93.766 439042
93.769 660902
93.825 5803
93.854 394355
93.867 387814
94.108 541189
94.425 5776
94.475 335826
94.538 503812
94.547 700312
94.613 445796
94.765 424378
94.825 336215
94.922 444633
94.973 494305
95.000 5745
95.000 726390
95.225 336221
95.249 525150
95.350 335951
95.352 541796
95.358 725120
95.700 5416
96.169 406609
96.375 336040
96.535 348860
97.309 516844
97.324 386890
99.655 692234
100.404 405228
100.433 475427
101.117 400991
101.211 716383
101.213 440279
101.317 381417
101.487 427736
101.549 525628
101.857 468213
101.974 423332
102.352 374491
102.409 391277
104.090 485507
104.896 388903
104.925 5667
105.264 540173
105.475 362916
105.580 456029
105.650 5776
105.723 371303
105.762 401106
105.850 5620
105.925 5650
92.400 828
105.979 438479
106.043 438163
106.226 504832
106.353 364544
106.513 456829
106.675 5416
106.800 5745
106.850 336007
107.104 398338
107.143 461946
107.269 350275
107.274 370958
107.325 2648
107.350 5827
107.400 12446
107.400 336221
107.675 5771
107.775 5803
107.925 5719
108.000 199852
108.022 499260
108.025 338561
108.214 428155
108.226 442725
108.375 5720
108.625 197126
108.662 428155
108.752 371835
109.282 500202
109.425 5675
109.797 399382
110.000 377790
110.043 477944
110.182 508335
110.350 335826
111.202 384012
111.213 416131
111.253 404602
111.300 206215
111.481 350978
111.575 194183
112.066 459739
112.462 391870
112.575 198289
112.675 208530
112.693 371914
112.775 190715
112.917 419593
113.275 192536
113.325 198316
113.375 367441
113.400 188563
113.750 2535
113.800 2697
113.972 404428
114.025 198889
114.067 542680
114.075 202286
114.258 341105
114.663 515169
114.975 177597
114.975 206940
115.200 2741
115.225 2763
115.425 194162
115.425 194738
115.975 205715
116.125 197657
116.126 521305
116.142 352893
116.175 194810
116.276 460053
116.325 215417
116.352 481908
116.600 194790
116.775 191903
116.924 501272
116.950 175236
116.975 197605
117.000 198804
117.075 203961
117.175 201241
117.250 2647
117.275 205750
117.325 191952
117.325 195870
117.325 20561
117.375 20560
117.473 339151
117.475 210298
117.577 714334
117.590 389445
117.625 198249
117.700 197726
117.724 387814
117.825 196465
117.879 420519
117.907 397167
118.000 190188
118.000 209109
118.007 507292
118.025 20657
108.700 828
118.025 206897
118.045 423052
118.050 195344
118.050 20558
118.075 2648
118.100 2716
118.225 203313
118.250 2669
118.275 203891
118.300 194811
118.350 187477
118.350 199859
118.350 2627
118.400 190208
118.425 194807
118.450 197654
118.450 203882
118.483 447970
118.500 193575
118.500 194812
118.525 210349
118.600 197739
118.625 187852
118.625 192522
118.625 197804
118.700 20655
118.725 20637
118.775 2671
118.775 2691
118.850 211943
118.875 2712
118.950 202870
118.975 2756
119.025 184961
119.025 197140
119.025 198298
119.025 20638
119.050 2733
119.075 209774
119.075 2517
119.100 202323
119.125 199955
119.175 185424
119.200 18227
119.225 207964
119.250 197126
119.275 204656
119.300 335801
119.350 198097
119.375 192428
119.375 196478
119.375 199948
119.400 201578
119.425 199922
119.425 335980
119.475 199872
119.500 203559
119.500 210868
119.500 335897
119.550 201004
119.575 206857
119.625 193607
119.625 2758
119.675 197062
119.675 335831
119.725 215529
119.731 403266
119.750 205179
119.775 172842
119.825 206938
119.850 2697
119.875 335892
119.900 199852
119.925 188469
119.925 199319
119.925 200990
119.925 209245
119.925 217117
119.925 520477
119.950 213765
120.000 336009
120.025 191248
120.025 197037
120.050 177944
120.054 424860
120.125 336010
120.150 209085
120.175 216147
120.175 335769
120.225 194085
120.250 336040
120.275 213206
120.275 2741
120.300 195990
120.325 206184
120.350 336041
120.375 20585
120.400 2763
120.450 202227
120.475 193548
120.475 205088
120.475 335856
120.525 335677
120.550 205087
120.625 195347
120.625 200396
120.625 205798
120.639 503848
120.675 198289
120.700 196996
120.775 203273
120.775 209689
120.775 212087
120.775 422901
120.825 198316
120.825 2535
120.875 335950
120.900 201698
120.900 213755
120.925 214944
120.950 335951
121.000 206227
121.025 207370
121.025 209166
121.050 335765
121.075 207407
121.100 204425
121.100 211508
121.127 381815
121.147 450595
121.150 205685
121.175 185603
121.175 209070
121.175 335735
121.175 336006
121.188 343791
121.250 199479
121.275 196959
121.300 197583
121.300 201610
121.300 205677
121.300 206215
121.300 206239
121.325 195885
121.325 216009
121.350 203870
121.375 335855
121.375 336007
121.375 5667
121.400 198748
121.450 201046
121.452 385674
121.475 196397
121.475 336071
121.500 192974
121.500 335826
121.550 189525
121.575 214215
121.625 156877
121.625 191859
121.656 486349
121.667 650491
121.700 186079
121.700 336131
121.713 448001
121.725 336221
121.750 190715
121.800 191385
121.800 214831
121.850 218801
121.875 336220
121.900 335883
121.950 193016
121.950 335882
121.975 201537
122.000 216405
122.025 336126
122.050 426788
122.075 188979
122.100 213112
122.125 198136
122.125 2647
122.157 413700
122.175 197653
122.250 191796
122.325 194671
122.325 203263
122.375 199255
122.375 336066
122.425 2648
122.450 214909
122.450 335943
122.500 214283
122.500 5771
122.589 522649
122.625 216655
122.750 223058
122.825 2627
122.843 489371
122.850 227989
122.850 335910
122.975 194688
122.995 382918
123.000 2669
123.000 2716
123.025 207334
123.175 2712
123.200 336215
123.275 2671
123.300 213636
123.318 688060
123.350 336184
123.400 2517
123.400 2733
123.401 442296
123.575 222200
123.650 175699
123.650 2691
123.850 2756
123.863 673483
123.900 336246
124.025 2758
124.150 335822
124.660 374593
124.725 335801
124.800 231452
124.875 215417
125.000 336010
125.125 335831
125.150 336067
125.300 335892
125.300 519396
125.309 461802
125.475 336453
125.525 335769
125.525 335980
125.825 335897
125.959 464176
125.975 336040
126.000 336123
126.050 336041
126.076 783946
126.200 335856
126.400 336187
126.430 406571
126.500 336071
126.800 336006
127.005 492512
127.025 336003
127.095 410859
127.150 335855
127.450 335950
127.593 416904
127.975 336126
128.025 336009
128.431 397041
129.111 472104
129.500 336215
129.980 354023
130.279 376618
130.408 498347
130.654 530842
130.874 390576
131.158 398708
131.174 416262
131.565 466886
131.936 361690
132.413 478699
132.787 537074
133.010 352689
133.375 338561
134.250 5675
134.750 5803
135.050 12448
135.475 5776
135.960 422625
135.963 427262
136.275 5719
136.368 504554
136.650 478153
136.650 5745
137.025 5650
137.375 5720
137.450 5827
137.625 5416
138.350 5771
138.375 5667
138.879 381326
139.457 399461
139.610 532070
141.578 734086
142.175 18266
142.428 342109
142.572 469216
142.899 487807
142.998 720215
143.039 353907
143.172 419713
143.682 465871
143.766 464465
143.962 704339
144.039 712411
144.133 487025
145.616 396902
145.725 12583
145.853 350011
137.625 828
146.318 507655
146.464 432838
146.643 466101
147.362 354325
147.394 490575
147.612 533191
147.699 416517
148.430 345656
148.980 343407
149.242 536739
149.349 414010
149.686 434941
150.093 476396
150.254 685044
150.309 496370
150.698 427384
151.046 378508
151.300 338561
151.650 5803
151.726 475335
151.775 5776
151.975 5620
152.197 456644
152.400 5719
152.518 341336
152.575 5667
152.675 5675
152.725 5416
152.875 5771
152.964 409773
153.424 526147
153.450 18229
153.675 335856
153.676 535092
153.721 655251
153.775 5720
153.852 460216
154.025 335950
154.175 5650
154.350 335677
154.500 335826
154.506 420219
154.650 335801
154.675 336187
154.791 455598
155.107 473033
155.407 445804
155.600 336215
155.634 343264
155.750 336006
155.954 398023
156.512 660054
156.525 335882
156.647 659249
156.900 12863
157.359 381992
157.682 514477
157.713 417314
157.983 522452
158.004 383021
158.200 12440
158.821 533788
158.882 698749
159.030 431087
159.154 454847
159.475 12026
160.016 372216
161.035 715982
161.250 535768
161.292 359184
161.422 769219
161.424 535302
161.527 404044
162.404 455323
162.881 421246
162.894 399061
163.020 525628
163.186 352621
163.247 666799
163.532 471253
163.723 431535
163.796 463702
164.162 541706
164.190 719996
164.293 491447
164.508 390189
164.749 461986
164.925 5827
165.123 675235
165.316 522461
165.457 744292
165.552 389461
165.675 5745
165.722 348047
166.050 5803
166.174 397874
166.600 5675
166.838 342908
166.863 413652
167.300 336041
167.645 375162
167.675 5771
166.575 828
167.900 5620
168.275 5776
168.507 490122
168.600 5416
168.624 519879
168.650 336009
168.765 361015
168.950 5650
169.025 5719
169.150 5667
169.311 442409
169.325 335950
169.475 336123
169.520 362827
169.812 389406
169.979 407160
170.000 207334
170.575 12765
171.570 530326
172.765 735505
172.839 501084
172.869 483736
172.963 474904
173.365 461986
173.421 422779
174.029 528000
174.572 427384
174.629 662523
175.081 339847
175.586 684280
175.800 17916
176.238 412957
176.545 385055
177.154 381673
177.181 445665
177.831 654116
177.837 393629
178.000 339115
178.124 378104
178.150 18156
178.296 474068
178.413 415265
180.050 338561
180.501 350011
180.894 361424
181.175 5827
181.250 5803
181.675 335765
181.706 449752
181.727 490460
181.932 343169
182.150 5675
182.271 422798
182.325 5416
182.684 409026
182.700 5620
182.775 5720
183.375 335943
183.388 465978
183.459 485659
183.750 336010
184.100 214831
184.400 5771
184.450 5745
184.460 451427
184.650 335951
184.890 643763
184.952 446985
185.000 5667
185.171 479567
185.176 390315
185.231 344861
185.846 503621
186.246 383882
186.248 740469
186.325 335910
186.446 389904
186.508 494665
186.675 18028
187.658 522695
187.804 465563
187.862 412676
187.947 475335
188.087 446147
189.087 423228
189.972 528989
190.544 424112
190.575 18121
190.579 347464
190.680 388828
190.736 431136
191.450 341409
191.554 372451
192.016 523170
192.034 378322
194.085 489966
195.075 335892
195.275 5667
195.476 492512
195.502 416678
195.700 5650
195.750 5675
184.700 828
195.811 358697
196.017 518963
196.204 443589
196.524 417263
196.607 505889
196.625 5719
196.796 537052
196.800 18239
196.809 495417
196.919 403782
197.100 5803
197.202 741481
197.225 5827
197.254 347767
197.372 685244
197.700 5720
197.800 5776
197.840 349259
197.861 438479
198.029 344287
198.125 5620
198.225 5416
198.525 5745
198.835 380466
199.375 5771
199.475 338561
201.189 367623
201.352 458058
201.446 356257
201.464 488724
201.701 485996
201.738 507418
201.856 356703
201.931 344638
202.525 357324
202.977 361787
203.029 480260
203.519 443114
203.826 351257
203.875 18121
203.919 399539
204.473 399440
204.858 386154
205.619 459422
205.846 375706
206.122 424545
206.187 499538
206.361 425053
206.677 543227
206.723 342469
207.536 667605
207.580 392741
207.795 538884
208.528 413950
208.686 407232
209.303 491279
209.455 378502
209.950 5720
209.966 379571
210.048 440288
210.300 11959
210.600 216009
211.025 5776
211.200 5667
211.366 524102
211.650 5745
211.700 190188
211.700 5416
211.700 5620
211.803 487284
212.200 510500
212.325 5675
212.375 5771
212.450 5650
212.485 382512
212.659 417172
212.700 5719
212.772 524684
213.050 338561
213.054 362095
213.300 5827
213.403 405324
213.794 526757
214.250 335951
214.761 350978
214.909 468407
215.079 537061
215.961 356667
215.999 380815
216.478 351785
216.509 485333
216.556 671230
216.831 397686
217.168 405484
217.424 365951
218.051 380472
218.139 542507
218.279 494174
218.320 440002
218.493 665831
218.840 342364
218.925 187477
212.975 828
219.029 452396
219.364 374708
219.375 2763
219.600 198298
219.734 350737
220.575 194811
220.735 652816
220.800 207407
221.000 202870
221.000 206940
221.166 533290
221.296 382380
222.256 478491
222.601 474458
222.651 465563
222.690 484861
222.867 495075
223.168 597887
223.272 520630
223.384 476803
223.452 357495
223.681 409238
223.691 489371
223.700 336010
223.800 209166
223.924 479932
224.175 216655
224.200 390853
224.400 200990
224.456 433501
224.499 402088
224.555 538396
224.625 195870
224.725 203559
224.800 214831
225.000 2697
225.025 197140
225.200 197726
225.250 193016
225.425 205715
225.535 380652
225.550 210298
225.567 390628
225.575 5720
225.640 395191
225.685 407181
225.800 5416
225.875 2716
225.875 5745
225.900 20657
226.025 5667
226.050 207370
226.075 209245
226.125 198289
226.150 216147
226.250 336009
226.375 205750
226.400 201046
226.575 5650
226.750 2763
227.025 5675
227.125 201610
227.175 196465
227.250 210349
227.276 399153
227.425 206857
227.486 426603
227.500 205685
227.525 5827
227.700 194810
227.700 205798
227.875 338561
227.900 215529
227.925 194812
227.925 335769
227.972 507556
227.975 2712
228.025 198316
228.050 209070
228.075 213765
228.100 20655
228.117 415857
228.125 216009
228.225 12376
228.275 204656
228.375 2758
228.400 197657
228.400 2741
228.450 336126
228.498 521770
228.500 5776
228.633 423458
228.653 504175
228.675 20561
228.706 440556
228.725 205179
228.750 197804
228.775 214944
228.875 156877
228.948 498990
228.983 537071
229.025 213755
229.025 2648
229.075 197062
229.150 20560
229.150 211508
229.150 223058
229.150 2627
229.225 195990
229.275 2733
229.425 196996
229.425 206897
229.450 20638
229.450 206938
229.500 213206
229.560 430221
229.700 197126
229.700 213112
229.853 514116
229.900 205087
229.925 336067
229.950 2671
229.975 212087
230.000 202286
230.075 206215
230.075 209774
230.275 335892
230.325 2669
230.360 399288
230.400 481445
230.425 197739
230.425 198889
230.475 2691
230.550 336221
230.554 527583
230.647 651743
230.700 2756
230.768 426861
230.775 197654
230.775 199922
230.800 336040
230.825 194085
230.925 201698
230.950 335950
230.955 490122
230.975 192536
230.975 20637
230.975 209109
231.050 208530
231.061 384470
231.149 724622
231.194 700312
231.225 197037
231.250 196478
231.250 197605
231.275 190208
231.275 191859
231.275 199479
231.275 336071
231.300 198136
231.365 441006
231.400 335951
231.425 202227
231.450 2697
231.450 2716
231.475 210868
231.550 201241
231.575 195885
231.600 194790
231.600 198249
231.600 207334
231.700 201578
231.700 2763
231.825 203891
231.875 202323
231.950 335831
232.000 214909
232.125 185603
232.275 198804
232.325 206239
232.325 2647
232.360 375939
232.375 194807
232.425 191903
232.425 205677
232.425 206227
232.444 526732
232.450 336453
232.496 467568
232.525 215417
232.575 209689
232.725 190188
232.725 336041
232.750 187852
232.750 203961
232.750 2517
232.775 205088
232.800 193607
232.825 336246
232.850 207407
233.025 336010
233.100 194688
233.125 335980
233.175 211943
229.725 828
233.225 188563
233.225 336123
233.250 335801
233.325 217117
233.375 214215
233.400 199948
233.450 191952
233.475 2741
233.500 214283
233.525 186079
233.525 203313
233.525 2758
233.575 184961
233.575 336220
233.625 199872
233.625 207964
233.725 185424
233.750 197653
233.800 194162
233.875 336131
233.876 363996
233.950 227989
234.000 191248
234.025 198298
234.025 336184
234.125 2712
234.150 195344
234.150 203263
234.275 203882
234.450 194671
234.475 199319
234.500 336007
234.550 2648
234.625 2627
234.625 335897
234.675 194738
234.700 201537
234.725 209085
234.775 193575
234.775 2733
234.800 189525
234.825 194183
234.850 335855
234.875 191385
234.875 199955
234.900 196959
234.975 231452
234.996 391849
235.075 192428
235.075 203870
235.150 206184
235.175 203273
235.200 2671
235.200 336009
235.205 705308
235.250 201004
235.275 335735
235.300 2756
235.375 196397
235.375 213636
235.475 192974
235.525 2691
235.529 444705
235.543 461436
235.550 198748
235.550 200990
235.600 192522
235.650 193548
235.683 439002
235.725 2669
235.875 716525
235.900 336006
235.957 406899
235.975 195347
235.975 336003
236.075 188469
236.153 417744
236.200 199255
236.375 204425
236.400 200396
236.550 197583
236.550 539006
236.575 199852
236.575 218801
236.595 519424
236.625 188979
236.625 198097
236.700 190715
236.775 336040
236.839 403782
236.925 177597
236.925 199859
236.925 335943
237.075 335950
237.200 335826
237.350 2647
237.350 505754
237.500 336071
237.600 216405
237.650 2535
237.775 335883
237.825 191796
237.850 222200
237.925 336215
237.950 175236
238.020 408965
238.025 20585
238.075 336126
238.125 2517
238.175 172842
238.275 195870
238.300 335822
238.300 336187
238.375 335910
238.400 335769
238.550 335882
238.575 336066
238.600 336453
238.675 335765
238.698 437749
238.700 2712
239.000 335677
239.050 156877
239.112 456278
239.132 490341
239.250 177944
239.294 690413
239.335 404157
239.350 2648
239.375 2733
239.575 335856
239.800 336123
240.075 336184
240.164 524228
240.350 335855
240.450 335735
240.850 175699
240.900 336003
241.100 335801
241.717 356257
241.756 525369
241.846 487127
242.100 2535
242.133 391027
242.300 336006
242.450 494058
242.500 335826
242.775 335943
243.210 486701
243.342 514614
243.600 335883
243.611 389874
243.616 384491
243.625 698955
243.633 436332
243.775 335910
243.800 335822
243.881 436656
244.000 335882
244.146 423284
244.502 743077
244.649 477944
244.773 492593
244.888 383666
245.777 495929
245.848 458877
246.371 359479
246.624 659939
246.800 383882
246.886 389937
246.936 506544
247.108 376091
247.123 673483
247.167 721948
247.521 501347
247.580 529633
248.025 5675
248.147 356008
248.244 406170
248.259 466763
248.300 5827
248.810 417519
248.918 358203
248.991 397463
249.250 392810
249.582 380948
249.630 698738
249.645 434469
249.757 418899
250.147 352682
250.200 647105
250.461 417720
251.256 539343
251.625 338561
251.825 5720
252.050 5620
252.059 380128
252.272 431434
252.639 421608
252.640 538199
252.758 501153
252.945 454106
252.975 336009
252.989 343751
250.800 828
253.058 385683
253.367 447473
253.864 514083
253.867 435266
253.936 367742
253.950 5416
254.075 5771
254.725 5667
254.741 724625
254.905 444646
254.975 5719
255.011 490529
255.321 349804
255.336 524102
255.972 397455
256.179 484564
256.355 668774
256.381 671887
257.672 396495
257.813 404761
258.112 420340
258.402 374414
259.091 700712
259.139 740467
259.218 714334
259.381 446427
259.424 342469
259.476 388828
259.947 404901
260.725 336187
261.004 499704
261.031 480468
261.324 360597
261.732 451746
261.763 506557
262.050 5675
262.250 5803
263.125 336215
263.471 381072
263.662 459455
264.400 5776
264.750 5650
265.550 5416
266.287 483526
266.449 404913
266.475 336123
266.550 5771
266.575 5620
266.738 473968
267.350 5745
267.420 390495
268.031 377592
268.420 665318
268.525 336003
269.115 498489
269.207 348047
269.362 432593
269.625 5720
269.661 469777
269.731 511621
269.732 378203
269.800 467155
269.941 357632
270.524 411830
270.545 657375
270.847 381543
271.010 347909
271.455 386671
271.734 697039
271.849 364096
271.871 371320
272.472 361424
273.183 535751
274.705 508335
275.061 456106
275.343 355425
275.396 490822
275.712 676052
275.735 520099
276.076 443968
276.517 436174
278.170 448764
278.250 5803
278.825 338561
279.102 451008
279.325 5675
279.378 473612
279.575 5650
280.250 5667
280.275 5416
280.280 427399
280.373 387219
280.500 5620
280.784 385727
280.975 5719
281.675 335883
281.700 5771
281.925 5827
282.203 487339
282.225 5745
282.498 390585
282.875 5720
263.400 828
282.350 828
282.879 378986
283.201 689655
283.233 676980
283.619 404640
283.653 407483
284.869 408862
285.085 418255
285.121 475293
285.907 525963
286.259 387719
286.410 463268
286.615 362827
286.622 526471
287.004 473555
287.032 647125
287.628 442502
287.764 423436
287.847 347186
287.900 465871
288.015 486254
288.200 408787
288.250 374301
288.285 396495
288.309 347540
288.837 483746
288.996 340628
289.052 495649
289.215 444924
289.328 401175
289.399 500856
289.841 468104
290.828 441101
291.315 493124
291.576 429858
291.684 366830
292.075 5827
292.145 415618
292.525 335892
292.610 392614
292.656 464958
292.820 341888
292.839 461535
293.075 5803
293.473 426402
293.481 457205
293.675 5776
293.797 540249
294.105 519396
294.175 5720
294.468 348202
294.540 374040
294.575 5416
295.125 5675
295.410 523692
295.475 5771
295.550 352682
295.625 336131
295.625 5719
296.100 336006
296.402 391184
296.500 5620
296.574 389178
297.173 395192
297.240 388831
297.302 411684
297.303 428401
297.500 18239
297.500 5667
297.522 421451
297.928 344287
298.091 525691
298.134 375162
298.213 374670
298.734 389668
298.925 12583
299.069 533089
299.157 713740
299.319 480895
299.325 522853
299.650 18115
299.807 495929
300.551 390251
300.888 388412
301.140 504494
301.150 18028
302.219 500072
302.241 382447
302.707 380791
302.873 386671
303.237 508175
303.550 416904
303.700 400280
303.775 348528
304.435 470475
304.943 362549
305.003 701286
305.221 498234
305.620 354771
305.898 512054
305.962 490487
306.468 342131
306.475 5827
296.675 828
306.817 458240
306.825 338561
307.175 336010
307.450 5650
307.600 5745
307.725 375700
307.850 216009
308.075 5720
308.346 418899
308.400 5675
308.425 5719
308.575 5803
308.614 481772
308.775 5771
308.852 446336
309.050 5667
309.052 415169
309.084 425840
309.100 12197
309.175 336067
309.425 5416
309.580 398623
309.604 357495
309.635 379927
309.681 489387
309.862 410360
309.904 432309
310.025 336007
310.217 475321
310.464 384753
310.525 335735
310.652 456785
310.900 336006
311.107 409773
311.380 452318
311.444 474939
311.451 440411
311.585 655192
311.670 398508
311.725 205798
311.929 483526
312.053 660902
312.327 380472
313.684 490862
313.955 425443
314.008 395424
314.394 463086
314.573 448005
314.625 18227
314.755 489859
315.101 359542
315.106 409729
315.611 672243
315.847 454847
316.758 489297
318.181 465842
318.274 396705
318.362 444770
318.549 435357
318.830 470592
318.919 449693
319.837 537651
320.011 503621
320.175 5803
320.175 5827
320.352 382954
320.388 506605
320.610 476045
322.025 5620
322.025 5667
322.075 5650
322.199 462276
322.250 5719
322.708 403012
322.795 377790
322.825 5776
322.890 363781
322.975 5416
323.025 5771
323.426 354137
323.581 523503
323.936 656750
324.024 695200
324.050 5745
324.471 365669
324.535 375038
324.600 336040
324.795 411737
324.925 5720
325.075 338561
325.225 203273
326.196 404901
326.218 447841
326.250 336007
326.273 445174
326.626 496130
327.060 526948
327.463 354537
328.407 421401
328.434 516949
329.050 485302
329.101 386992
310.125 828
323.325 828
329.664 400306
330.050 194807
330.415 522390
330.630 473592
330.992 434174
331.015 381473
331.290 431434
331.334 666799
331.386 509870
331.474 351378
332.098 380712
332.236 538810
333.130 727236
333.559 518963
334.531 449766
334.538 355819
334.953 594718
335.748 483903
335.889 361048
336.125 5675
336.450 5719
336.566 489859
336.600 5667
337.137 439648
337.300 5416
337.657 392695
337.700 5745
337.875 5771
338.000 5620
338.000 5803
338.015 537097
338.025 5650
338.175 5827
338.675 336215
338.725 5720
338.800 335892
338.800 338561
338.863 700712
339.250 196996
339.450 199319
339.544 381815
339.700 202870
339.832 350511
339.921 440673
340.556 510061
340.700 335826
340.884 414307
340.904 359719
341.283 507897
341.325 516949
341.325 5776
341.382 495075
341.687 536081
342.275 410646
342.654 359704
342.699 424135
342.814 539286
342.825 188469
342.904 493878
342.909 483879
342.912 521573
343.072 369622
343.077 415085
343.265 501516
343.500 2648
343.575 2741
343.672 356122
344.062 410029
344.408 494731
344.433 398618
344.750 2758
344.821 378322
344.872 448682
345.025 196465
345.150 203559
345.160 499145
345.350 18239
345.425 187852
345.486 380964
345.684 424135
345.965 381326
346.123 399694
346.175 194162
346.215 418255
347.289 495328
347.426 376717
347.529 389937
347.763 483824
347.969 506890
348.190 382165
348.225 198889
348.384 345321
348.425 198289
348.542 376618
348.912 341216
349.039 467568
349.354 342568
349.500 195344
349.525 199255
349.650 197726
350.028 444175
350.075 197804
340.475 828
350.325 198298
350.575 206215
350.825 5416
350.827 504325
351.275 5720
351.300 2627
351.325 192536
351.325 20561
351.450 5827
351.550 2697
351.599 543278
351.625 5719
351.659 420056
351.675 210868
351.697 530326
351.725 184961
351.776 501272
351.850 2741
351.870 459411
351.900 197739
351.950 202227
352.000 197654
352.025 197140
352.035 696555
352.075 18229
352.100 201046
352.125 2517
352.275 195990
352.361 345992
352.450 2716
352.475 20657
352.500 2763
352.525 5745
352.550 201537
352.825 197062
352.875 20560
352.900 5771
352.950 197605
352.950 202323
352.950 206940
352.975 2671
353.177 425758
353.200 187477
353.200 194810
353.200 216655
353.225 202286
353.300 199479
353.450 5650
353.479 497125
353.550 211943
353.600 197657
353.600 203961
353.675 190208
353.700 199955
353.725 210298
353.800 335855
353.875 205685
353.875 212087
353.981 383666
354.025 5667
354.125 197126
354.125 5803
354.150 204656
354.150 20558
354.175 198249
354.275 188563
354.300 156877
354.335 465783
354.375 201241
354.375 214283
354.400 200990
354.422 511318
354.450 194811
354.500 2648
354.525 191952
354.525 209166
354.550 205179
354.575 191903
354.650 193016
354.650 205798
354.650 20655
354.675 214831
354.750 2758
354.775 5620
354.825 194162
354.850 2691
354.925 206938
354.950 190188
355.025 192522
355.025 209245
355.050 216147
355.075 20638
355.100 209774
355.100 216009
355.125 2712
355.150 18239
355.250 2647
355.375 207407
355.375 338561
355.400 198316
355.450 191385
355.450 205715
355.100 828
355.525 335831
355.550 2669
355.550 335801
355.613 490571
355.625 193575
355.625 335769
355.675 2535
355.700 213206
355.725 335892
355.739 378354
355.775 196959
355.854 517942
355.875 336010
355.900 194790
355.900 198748
355.900 203891
355.950 335951
355.975 197037
356.018 354137
356.075 199948
356.100 207964
356.125 190715
356.125 202870
356.125 211508
356.150 191859
356.200 185603
356.200 336040
356.225 177597
356.250 2756
356.325 203559
356.325 203882
356.358 517670
356.400 199852
356.400 207334
356.450 2697
356.475 193607
356.475 201698
356.500 335980
356.500 336071
356.500 336131
356.550 198804
356.550 214944
356.625 205088
356.625 210349
356.650 20637
356.654 686875
356.700 2741
356.725 203273
356.725 2733
356.750 213765
356.875 205087
356.975 205677
357.025 209085
357.075 192428
357.075 2627
357.100 199319
357.150 194807
357.187 376335
357.250 2716
357.400 215417
357.425 194183
357.425 205750
357.450 193548
357.575 2763
357.625 194738
357.652 458240
357.725 188469
357.775 2517
357.825 196478
357.850 215529
357.875 199922
357.975 208530
358.049 536345
358.125 217117
358.150 195347
358.150 199872
358.150 213755
358.150 2671
358.300 194688
358.315 505072
358.325 201610
358.400 187852
358.400 199859
358.400 335826
358.475 194812
358.475 195870
358.575 206857
358.575 206897
358.575 214909
358.600 194671
358.625 209689
358.711 461065
358.850 196996
358.850 206239
358.900 207370
358.975 195885
359.000 336221
359.007 354998
359.025 197653
359.075 335950
359.100 203313
359.125 214215
359.136 380169
359.200 336220
359.250 175236
359.275 209070
359.425 194085
359.425 2758
359.450 196465
359.475 201578
359.475 336006
359.525 209109
359.525 2691
359.550 201004
359.575 336041
359.575 336066
359.600 188979
359.669 398508
359.775 2648
359.825 186079
359.900 335677
359.925 203870
359.925 336067
359.950 206227
359.950 336009
360.050 335735
360.050 335897
360.075 198136
360.100 189525
360.100 204425
360.175 336007
360.250 191248
360.321 481017
360.375 2647
360.450 2669
360.450 2712
360.450 335765
360.500 191796
360.525 203263
360.575 185424
360.607 431487
360.700 2535
360.775 197583
360.775 336184
360.850 213112
360.900 198097
360.925 196397
361.000 223058
361.219 515169
361.223 442404
361.275 177944
361.350 213636
361.500 335951
361.550 336010
361.575 172842
361.600 175699
361.625 335822
361.700 336003
361.725 2733
361.800 2756
361.850 200396
361.865 496001
361.871 455598
361.875 335943
361.925 192974
362.400 20585
362.400 336246
362.500 218801
362.750 2517
362.775 336040
362.821 381191
362.875 231452
362.900 335910
362.950 335855
363.350 336006
363.425 336123
363.468 731423
363.475 336215
363.500 336187
363.564 441982
363.750 222200
363.750 227989
363.850 336126
364.050 336453
364.081 375696
364.136 393729
364.206 516959
364.225 335882
364.375 335883
364.870 509013
364.976 387376
365.425 216405
365.587 356220
365.725 18229
366.086 371246
366.281 727065
366.350 336184
366.386 512559
366.400 335765
366.400 335822
366.620 524228
366.823 390648
367.406 382973
367.455 537856
367.500 336003
367.820 411871
367.883 432309
368.109 698738
368.492 361449
368.532 443636
368.756 497770
368.883 508157
369.025 335943
369.297 387219
369.359 354478
369.625 5675
370.475 335910
371.363 495181
371.436 522390
371.616 479912
371.677 505587
372.125 5620
372.145 340257
372.489 378208
372.661 431938
372.872 688858
373.055 384850
373.228 495328
373.675 5650
373.749 704726
373.861 451398
373.875 338561
374.025 5719
374.103 477673
374.151 339847
374.249 727924
374.264 654719
374.489 432887
374.952 447781
375.452 427357
375.737 445529
376.100 5827
376.250 17916
376.500 5803
377.475 5745
377.961 483644
378.103 665831
378.425 335677
378.741 394054
378.830 379486
378.968 413103
378.971 468530
379.361 722367
379.440 442296
379.531 497869
380.588 402072
380.684 342303
380.715 397463
381.137 503906
381.142 430826
381.343 417283
381.839 394054
382.618 458140
382.628 701286
382.727 511977
382.730 427877
382.902 395302
382.928 684348
383.609 348111
383.728 534067
384.454 359880
384.654 411096
384.711 364529
385.004 441199
385.399 371303
385.401 393386
385.850 335950
386.519 447781
387.425 336071
387.514 408328
387.675 5675
387.750 336453
388.312 462883
388.375 335765
388.390 416672
388.575 5776
388.925 5720
388.982 383052
389.085 392994
389.709 388831
389.725 336007
389.800 335951
390.075 335892
390.155 524392
390.300 5771
390.367 501921
390.475 5803
390.675 455707
390.747 473603
390.879 400306
390.900 5416
391.125 517741
391.250 336131
391.375 335980
391.625 335677
391.650 5667
375.475 828
389.200 828
391.675 338561
391.675 5719
391.892 486564
392.013 343394
392.031 681314
392.325 5620
392.502 392741
392.575 12100
392.600 336215
392.729 467145
392.925 18115
393.408 481721
393.575 600756
393.691 534053
393.700 335826
393.879 416716
394.233 521505
394.356 500253
394.836 345321
394.919 731910
395.092 407142
396.520 511886
396.601 420294
396.662 408668
396.962 430102
397.064 680674
397.254 461252
398.096 445804
398.259 476276
398.499 410307
398.539 426595
398.945 384218
399.472 390202
399.606 470362
399.936 376750
399.958 412499
401.086 403955
401.125 12197
401.474 516382
401.914 393988
402.350 5827
402.842 434854
402.942 371484
403.346 422041
403.450 5650
403.644 472628
403.702 425988
403.959 692234
404.060 543066
404.068 407602
404.525 5675
404.678 418565
404.775 5745
405.025 5803
405.400 5776
405.766 537130
406.050 5620
406.125 5720
406.150 336221
406.402 406667
406.478 489910
407.025 336123
407.150 5719
407.204 718210
407.487 349107
408.006 490822
408.008 346972
408.143 418655
409.047 466040
409.225 5771
409.315 424135
409.414 482130
409.473 531816
410.096 495359
410.507 493635
410.927 390315
411.501 715449
411.527 340392
411.585 528842
412.199 350538
412.821 357316
414.122 410366
414.140 450003
414.218 374414
414.603 401106
415.351 480679
415.509 480598
415.783 652816
415.929 451229
415.990 653369
416.242 527845
416.416 395677
417.191 503478
417.483 485996
417.696 407766
417.825 338561
417.934 378353
418.150 227989
418.619 706175
418.915 416497
419.125 5720
419.189 521346
404.850 828
419.346 339786
419.400 335950
419.475 5776
419.740 489993
419.800 5719
419.850 5620
420.050 5803
420.136 685044
420.250 336453
420.321 689357
420.350 5771
420.825 5675
420.900 5416
420.988 344431
421.050 5667
421.200 5745
421.525 5827
421.609 399077
421.712 379940
421.825 336003
422.100 203870
422.200 336006
422.312 391087
422.725 336066
423.498 681997
423.819 347249
423.973 373994
424.132 499954
424.415 408566
424.671 406815
424.754 388285
424.825 439585
425.720 449574
425.751 378502
426.126 653369
426.294 358697
426.627 524228
426.728 467394
426.777 480960
427.544 433382
428.348 446149
428.482 387327
428.556 351845
428.611 340264
429.430 772939
429.825 382219
429.866 702369
429.949 506982
430.126 344349
430.312 377855
430.422 409566
431.617 486564
432.632 477446
432.639 702447
432.785 419561
432.830 475098
432.975 5650
433.087 417808
433.273 348202
433.394 515533
433.807 437421
434.375 5675
434.716 475555
434.753 478751
435.000 5620
435.039 420294
435.375 335765
435.575 5771
435.625 335855
435.950 5416
436.050 336009
436.125 5803
436.375 5776
436.500 335950
436.680 439446
436.825 5745
436.975 5827
437.104 495071
437.158 462951
437.300 5719
437.675 335826
438.025 5720
438.152 397650
438.378 377694
438.544 700712
438.650 12765
438.804 656724
439.048 394783
439.427 370567
439.972 383021
440.014 659339
440.385 493260
440.387 386314
440.651 426103
440.767 443640
441.075 197126
441.408 411103
441.494 421608
441.559 348304
442.681 348971
442.683 483746
442.830 540173
423.550 828
437.325 828
442.985 539178
443.393 407455
444.109 382447
444.421 361366
444.545 339719
444.603 434941
445.185 397845
445.725 336220
445.937 427134
446.112 373001
446.169 412093
446.600 5827
446.700 5667
446.878 357455
446.930 402593
447.087 656604
447.600 338561
447.679 422967
447.800 5771
447.863 391226
448.144 541630
448.550 5719
448.754 512524
448.875 5675
449.075 5620
449.172 392685
449.275 5650
449.350 5745
449.652 514377
449.850 5416
449.850 5803
450.440 512054
450.540 534613
450.575 5720
450.944 347486
451.394 380747
451.401 387768
451.550 335950
451.666 727806
451.675 5776
452.350 335831
453.110 467547
453.346 526971
453.424 449957
453.654 386885
453.666 467799
453.761 353122
454.078 399209
454.526 645877
454.568 714801
454.722 374491
454.850 407766
455.365 474384
455.627 492512
455.944 723494
455.962 427106
456.003 354745
456.245 466886
456.566 411539
456.857 383975
457.114 409610
457.285 358703
457.345 393608
457.354 541442
457.801 668774
458.257 444956
458.396 404157
459.024 670814
459.050 480960
459.463 394054
459.774 527021
460.675 18115
460.908 395420
461.066 477484
461.115 416243
461.835 689240
461.875 5719
462.188 397167
462.257 514083
462.275 5827
462.450 5776
462.593 412773
462.610 539006
462.975 480621
462.990 405492
463.042 392614
463.200 336040
463.350 378348
463.558 535302
463.800 5620
463.956 444705
464.025 335856
464.350 5416
464.500 5675
464.800 5650
464.975 5720
465.000 202323
465.046 497869
465.150 335826
465.300 188563
465.300 5771
465.340 509574
462.075 828
465.400 5667
465.675 338561
465.750 5745
466.170 427478
466.296 408566
466.449 364529
466.598 386700
466.718 388764
466.825 655319
466.873 452671
466.878 398026
467.050 18239
467.221 532743
467.315 395420
467.728 417715
468.198 386498
468.411 416372
469.216 390692
469.597 478260
470.431 542973
471.079 460766
471.156 527336
471.294 721948
471.469 701286
472.097 410426
472.132 525150
472.493 476934
472.671 450943
472.700 194810
472.727 458560
473.065 400966
473.100 196465
473.300 18229
473.875 432593
474.321 464569
474.869 685879
475.122 403822
475.140 394077
475.425 5776
475.601 499538
475.604 541746
476.062 406321
476.125 5720
476.449 385240
476.550 5667
476.557 425078
476.649 477792
476.675 336071
476.681 393244
476.900 5803
477.050 5650
477.075 5827
477.122 399812
477.150 5771
477.238 499784
477.381 528445
477.385 411096
477.925 5416
477.950 5745
478.025 335822
478.225 5620
478.225 5719
478.278 393654
478.425 5675
478.700 214944
479.025 336126
479.126 476624
479.321 390853
479.475 335826
479.611 458140
479.825 335769
480.508 684280
480.660 447222
480.794 737438
480.849 349052
481.043 379472
481.148 421704
481.255 479612
482.026 493124
482.372 379043
482.692 420791
483.441 475058
483.475 18229
483.479 696507
483.847 495181
483.905 445529
484.328 515007
484.375 190208
484.975 499954
485.021 462819
485.722 341473
485.850 199922
486.025 2691
486.230 477733
486.282 432593
486.415 527294
486.439 404507
486.481 385247
486.523 413790
487.600 193607
487.876 342648
488.089 435423
477.650 828
488.677 389178
488.816 342608
489.025 190188
489.413 489064
489.452 395742
489.533 375700
489.750 187852
489.919 429889
490.150 198289
490.262 526156
490.300 5719
490.520 417095
490.575 5720
490.790 437421
490.846 382219
490.875 5827
490.947 401765
491.156 444956
491.688 371835
491.814 503478
491.900 336453
492.250 336220
492.350 5745
492.425 5776
492.600 338561
492.675 2716
492.800 5803
492.950 5416
493.050 194811
493.325 189525
493.479 720788
493.550 5675
493.600 5650
493.636 447254
493.713 492532
493.825 187477
493.965 436656
494.000 5771
494.246 526757
494.300 2627
494.450 209689
494.575 5667
494.600 172842
494.750 202870
494.800 2697
494.875 213206
495.025 20561
495.100 209166
495.325 335882
495.349 396212
495.431 454246
495.525 210349
495.550 2671
495.661 770013
495.700 205798
495.748 424974
495.900 206938
495.900 2647
495.925 197804
495.925 20560
496.000 205179
496.025 196959
496.050 204656
496.058 363231
496.075 205750
496.137 719996
496.200 2763
496.514 659465
496.575 203559
496.600 218801
496.625 2535
496.650 185603
496.725 197739
496.725 2648
496.775 381318
496.825 198804
496.900 2758
496.925 2712
496.975 2741
497.075 2517
497.137 405842
497.175 194162
497.225 190715
497.225 192428
497.250 197726
497.350 203961
497.350 2756
497.375 190208
497.450 192536
497.550 202286
497.553 385246
497.625 191385
497.700 202227
497.725 198298
497.725 209245
497.871 430102
498.000 177597
498.050 188979
498.150 208530
498.200 211508
498.325 188469
498.325 193016
493.350 828
498.350 191952
498.380 511577
498.400 194183
498.450 175236
498.500 199255
498.575 2669
498.675 207370
498.675 335892
498.700 194807
498.725 210868
498.750 202323
498.850 197126
498.860 444776
498.975 206215
499.050 195990
499.141 453279
499.225 2733
499.250 203882
499.268 467568
499.275 2691
499.276 461065
499.300 198889
499.325 201698
499.350 191796
499.400 206184
499.417 468080
499.475 197653
499.525 201241
499.675 193575
499.725 196465
499.850 195347
499.925 196478
499.950 184961
499.950 195870
500.025 188563
500.025 197140
500.025 199319
500.025 434054
500.050 335897
500.125 197583
500.225 194810
500.225 2716
500.250 210298
500.289 516504
500.325 198316
500.325 199922
500.350 204425
500.350 205088
500.350 213755
500.375 2697
500.443 359704
500.450 2627
500.525 191248
500.550 194671
500.550 216147
500.575 203891
500.575 207407
500.600 195344
500.600 213765
500.623 527010
500.625 200396
500.650 205087
500.787 655220
500.825 198249
500.875 191859
500.875 207334
500.950 192522
500.975 206897
501.000 197657
501.000 199948
501.050 200990
501.075 2671
501.100 156877
501.107 389490
501.150 194688
501.200 194790
501.200 215529
501.250 206940
501.250 209774
501.250 212087
501.275 206857
501.300 2647
501.425 194738
501.425 199872
501.425 20585
501.450 198097
501.475 191903
501.475 195885
501.500 196397
501.501 540894
501.550 193607
501.575 198748
501.575 2763
501.600 194085
501.625 197605
501.675 186079
501.700 197037
501.725 201578
501.725 216009
501.775 206239
501.800 214831
501.825 194812
501.825 205715
501.850 205677
501.875 201046
501.894 392371
501.975 203273
502.000 2648
502.025 197654
502.025 201537
502.025 2517
502.050 192974
502.050 198136
502.055 345999
502.160 541589
502.175 199955
502.200 2741
502.250 199479
502.252 397463
502.268 423528
502.325 193548
502.400 2758
502.402 454246
502.450 335980
502.450 336067
502.494 536950
502.500 214944
502.525 205685
502.537 464458
502.550 2535
502.575 336071
502.625 216655
502.629 667605
502.725 335951
502.750 201610
502.750 335769
502.825 199852
502.850 175699
502.850 203263
502.850 335950
502.875 336131
502.925 2712
503.000 335826
503.034 393244
503.050 199859
503.075 209109
503.100 335735
503.129 513784
503.175 201004
503.175 335831
503.200 336040
503.200 336041
503.250 336007
503.275 214283
503.275 216405
503.275 2756
503.300 177944
503.300 214909
503.325 203870
503.325 209085
503.325 335765
503.325 335883
503.350 335822
503.350 336221
503.375 335677
503.400 211943
503.400 336006
503.425 336220
503.450 2669
503.475 213636
503.600 336003
503.625 336184
503.650 336246
503.750 217117
503.752 672984
503.775 336066
503.800 215417
503.825 203313
503.825 336187
503.850 335855
503.900 336010
503.925 209070
503.925 2691
503.925 336126
503.950 197062
504.025 185424
504.025 335801
504.125 2733
504.125 335856
504.150 336123
504.166 414657
504.200 206227
504.250 223058
504.275 335943
504.275 336215
504.375 214215
504.381 398552
504.400 335892
504.450 335882
504.475 222200
504.525 202870
504.600 473669
504.750 196996
504.750 213112
504.800 2716
504.878 525679
504.900 336009
504.950 335910
505.200 207964
505.435 416243
505.525 227989
505.700 336453
505.875 209689
506.108 452197
506.250 231452
506.575 509625
506.635 366458
507.358 658945
507.573 744579
507.575 336071
507.650 336067
507.725 335883
508.025 336040
508.050 335822
508.100 336131
508.250 335980
508.275 336221
508.325 336007
508.375 335765
508.375 336184
508.450 335826
508.450 336126
508.650 336003
508.675 336066
508.800 336187
508.850 336123
508.850 336220
508.925 336215
508.975 336006
509.055 360360
509.150 335951
509.225 335855
509.225 335943
509.525 335910
509.841 527021
509.917 374996
510.528 446493
511.025 456405
512.360 752187
512.472 457477
512.581 441029
512.700 18227
513.038 400353
513.300 5416
513.387 406899
513.709 408406
513.802 349523
514.250 5620
514.759 523202
515.325 435694
515.400 517942
515.640 532070
515.868 522877
516.042 413375
516.200 338561
516.257 766411
516.299 460211
516.350 5745
516.362 726390
516.400 5667
516.488 473223
516.500 5675
517.070 375456
517.365 450943
517.500 5719
517.850 5827
518.275 5776
518.808 407443
518.950 335801
519.054 450553
519.187 509574
519.232 381065
519.500 12307
519.506 423276
519.570 413486
519.735 380907
519.735 502942
519.800 5771
519.900 433796
520.355 348971
520.550 18115
520.598 444662
520.718 507897
520.899 355478
521.184 405285
521.775 499782
521.779 425661
522.196 726390
522.231 424112
522.296 389445
522.550 396066
522.637 510162
522.997 427384
523.165 342670
523.413 346528
523.554 412147
514.650 828
523.558 454246
523.563 455732
523.658 386761
523.668 378203
523.830 465028
523.902 396688
524.246 480761
524.400 513133
524.425 485634
524.567 526248
524.889 440279
525.177 346972
526.202 359761
526.484 476003
526.610 381665
526.795 656604
526.906 661446
527.332 502980
527.477 542396
527.659 459455
528.159 355425
528.218 404761
528.250 5650
528.293 419584
528.350 335826
528.436 416984
528.545 415949
528.805 383672
529.100 724535
529.263 519127
529.766 371246
529.859 750618
529.870 538657
530.200 5745
530.700 12306
530.736 368301
530.845 492647
530.969 454522
530.991 712138
531.000 12765
531.138 427695
531.172 341216
531.350 5416
531.584 444906
531.675 5675
531.859 510601
531.875 5720
532.000 5620
532.255 344204
532.425 5719
532.461 438610
532.700 5667
532.750 5776
532.791 341518
532.875 335831
533.054 503555
533.224 504066
533.325 5803
533.396 369025
533.450 336071
533.507 457500
533.525 5827
533.675 336067
533.825 5771
534.654 508175
534.678 414290
534.790 654506
534.925 335735
535.546 468985
535.634 535064
535.652 716525
536.381 373797
536.533 426129
536.725 336453
537.029 539020
537.051 390202
537.177 436425
537.834 464259
538.980 354771
539.038 731423
539.368 360218
539.722 437626
540.059 509486
540.591 392096
540.905 381417
541.170 495955
541.327 498489
541.512 529067
541.659 491103
541.941 465619
542.078 409558
542.102 523900
542.315 473101
542.835 524368
543.303 541563
543.426 527814
543.597 347402
543.620 438041
544.050 338561
544.155 396683
544.650 5675
545.000 5650
530.125 828
542.975 828
545.404 395083
545.750 5667
546.050 5776
546.075 5719
546.279 347015
546.625 5827
546.725 5771
547.075 5745
547.175 5620
547.275 5803
547.825 335943
548.075 5720
548.194 369813
548.625 12168
548.806 445122
548.968 463918
549.257 446946
549.421 503812
549.757 443968
549.825 336003
549.900 335951
549.931 416795
550.020 467220
550.503 420056
551.058 512990
551.507 456029
551.789 397229
551.850 193548
552.016 414197
552.089 454266
552.637 377855
552.721 395379
553.295 392391
553.576 485261
553.741 458877
553.746 410879
554.483 511946
554.720 379218
554.863 414606
554.863 525691
554.875 395811
554.943 454625
555.044 473709
556.589 432460
556.737 486659
557.140 647093
557.460 370810
557.532 419472
557.648 523900
557.674 504647
557.824 391892
557.947 435585
558.321 370209
558.450 5416
558.574 407865
559.316 372681
559.775 5745
559.825 5650
559.825 5719
559.953 446149
560.210 347909
560.425 12409
560.431 433653
560.550 5776
560.600 5675
560.819 531097
560.883 482249
561.125 5827
561.150 5720
561.250 338561
561.525 5620
561.750 5771
562.034 407470
562.213 516836
562.470 379204
562.625 5667
562.650 207964
562.689 659939
562.783 341105
562.997 525845
563.725 5803
564.000 423197
564.094 452252
564.110 468407
564.454 662164
564.516 487284
564.905 537582
565.004 533279
565.054 362092
565.700 336246
566.208 342112
566.333 492361
566.575 346453
566.596 464552
567.134 379059
567.307 512641
567.478 358703
567.671 411737
567.725 197739
568.215 400745
568.227 725332
568.283 685044
561.250 828
569.375 18229
569.634 368764
569.698 677101
570.330 395420
570.523 440673
570.635 461868
570.840 487339
570.906 471463
571.247 533013
571.896 489966
572.165 456405
572.257 354958
572.269 393366
572.987 400353
573.350 5745
573.419 423332
573.475 5416
573.902 474671
574.100 5719
574.394 493696
574.572 459073
574.843 540834
574.899 531816
575.105 465842
575.175 385656
575.723 415085
575.800 5667
575.925 5771
576.024 455703
576.279 451757
576.460 390576
576.475 336071
576.475 338561
576.550 5827
576.584 390008
576.769 460713
577.082 386519
577.343 479600
577.400 5675
577.500 5776
577.593 383052
577.675 12863
577.687 383666
578.240 449460
578.275 210298
578.550 5803
579.000 336221
579.100 344767
579.225 336006
579.512 456242
579.564 440353
581.875 450691
582.208 531971
582.465 426007
582.955 441006
583.235 370514
583.778 377005
584.471 423436
584.560 359668
584.791 357331
584.797 367653
585.034 500072
585.248 468238
585.642 542483
586.040 470362
586.117 422824
586.900 5719
587.013 499397
587.390 357324
587.527 346901
587.915 542513
588.095 353816
588.286 441510
588.400 5667
588.600 5416
588.850 5803
589.387 353194
589.575 5776
589.925 5745
589.950 5771
589.975 12277
589.975 5650
590.020 389406
590.100 5620
590.100 5720
590.300 335831
590.452 478681
590.575 5675
590.854 410894
590.935 487807
591.272 463933
591.375 5827
591.644 390576
591.725 335943
591.729 491369
591.893 521770
591.925 336126
592.160 480756
592.250 336071
592.311 406321
592.325 336221
592.856 473317
576.525 828
593.027 382798
593.204 679545
593.775 202870
593.845 401408
594.303 362916
595.171 439929
595.595 363900
595.607 523314
595.664 505876
595.913 523692
596.163 739097
596.998 352299
597.136 651987
597.258 476530
597.356 404122
597.621 458240
597.750 197140
597.835 436510
597.853 431695
598.045 534035
598.285 502199
598.353 679614
598.863 446336
599.176 719066
599.507 462172
600.599 509013
602.050 5719
602.190 492268
602.243 599610
602.275 5416
602.725 5675
602.900 335765
602.920 521073
602.975 526789
603.620 538990
603.650 5720
603.725 338561
603.775 404602
603.886 448250
604.116 662900
604.300 5771
604.325 5745
604.375 5803
604.400 335980
604.458 419380
604.625 335951
604.665 528866
604.763 354771
605.075 5827
605.357 495359
605.368 410566
605.400 194738
605.417 352299
605.500 5776
605.550 395842
605.575 5650
605.739 391945
605.750 336007
606.125 216405
606.638 423042
607.091 539415
607.331 467547
607.900 190208
608.135 477852
608.231 357403
608.521 712138
608.826 412557
608.884 462951
609.070 423332
609.805 339495
610.221 507845
610.415 363278
610.484 387378
610.698 385561
610.704 511493
610.754 700214
610.799 380169
610.828 468104
610.884 470362
611.155 385461
611.209 463933
611.850 212087
612.125 2716
612.761 654506
612.775 215529
612.875 2712
612.880 513803
612.905 451338
613.125 209166
613.139 474527
613.175 201698
613.200 198249
613.382 360845
613.415 411267
613.425 195990
613.600 231452
613.774 400217
613.814 478402
613.864 344598
613.960 385883
614.375 213206
614.700 216147
604.050 828
615.050 201241
615.225 201537
615.250 214215
615.349 385549
615.425 215417
615.425 227989
615.525 205677
615.700 187477
615.775 204656
615.800 2763
615.819 359129
615.825 2741
615.847 502681
615.975 209070
615.986 426487
616.150 20655
616.150 2697
616.175 202227
616.200 20657
616.225 209689
616.250 209109
616.250 216009
616.375 20637
616.375 216655
616.450 20638
616.475 214909
616.603 491145
616.650 205750
616.675 207370
616.700 210298
616.825 205685
616.875 20561
616.925 209774
616.950 2756
616.975 199872
617.025 197654
617.025 214831
617.041 380948
617.075 2758
617.100 211508
617.125 20560
617.125 211943
617.150 209085
617.225 5667
617.250 194085
617.250 198298
617.250 223058
617.300 191952
617.325 207964
617.381 376717
617.500 192522
617.500 205798
617.550 194738
617.600 188563
617.650 194162
617.689 412557
617.700 2733
617.725 335735
617.750 195347
617.750 199319
617.750 336246
617.800 213112
617.813 530968
617.825 336453
617.900 204425
617.900 205715
617.900 2627
617.940 515751
618.000 386398
618.075 2671
618.100 2648
618.100 2716
618.125 206938
618.150 5620
618.250 20558
618.275 210349
618.375 213765
618.375 2517
618.400 194810
618.450 194671
618.450 2669
618.500 194790
618.525 213636
618.525 2691
618.550 336220
618.600 210868
618.625 206239
618.650 213755
618.675 5416
618.700 336131
618.725 205179
618.775 205087
618.850 222200
618.925 197726
619.050 20585
619.050 336221
619.100 207407
619.125 5720
619.150 193016
619.175 184961
619.185 345834
619.225 217117
619.225 336215
619.250 5650
619.250 5745
619.300 5771
619.325 201046
619.400 192536
619.400 206215
619.500 206184
619.500 209245
619.525 203961
619.575 5675
619.600 214944
619.625 198097
619.650 206897
619.750 216405
619.800 196996
619.800 336184
619.825 194183
619.825 201004
619.836 373358
619.850 2647
619.875 201610
619.925 187852
619.975 190208
619.975 198289
620.025 214283
620.050 336006
620.075 177597
620.100 197653
620.100 218801
620.125 2535
620.150 5719
620.175 191385
620.175 194688
620.175 194807
620.183 519606
620.225 198748
620.275 207334
620.300 199922
620.325 198316
620.325 2712
620.350 336010
620.475 197804
620.475 336123
620.500 208530
620.525 205088
620.525 2763
620.550 197126
620.550 335980
620.559 494062
620.675 203313
620.675 336187
620.700 185603
620.700 200990
620.750 197739
620.750 203882
620.750 335892
620.775 196465
620.825 198889
620.825 2741
620.825 336126
620.850 156877
620.875 203559
620.875 336071
620.925 195885
620.925 196478
620.925 203891
620.950 191859
620.975 206940
620.975 449246
620.995 477903
621.000 190188
621.000 191903
621.101 478759
621.103 484677
621.125 203273
621.150 2697
621.175 199255
621.175 363463
621.225 202286
621.225 336066
621.300 206227
621.325 199948
621.325 203263
621.350 193607
621.400 188979
621.400 335950
621.400 336003
621.425 197657
621.425 336040
621.450 202870
621.450 2756
621.486 449405
621.500 177944
621.525 194812
621.550 172842
621.550 198804
621.550 199852
621.550 199955
621.650 2758
621.675 197037
621.675 336009
619.350 828
621.700 196959
621.725 200396
621.750 185424
621.773 455703
621.775 197062
621.775 203870
621.775 336007
621.800 175236
621.875 202323
621.900 189525
621.925 199479
622.000 465563
622.025 335826
622.050 201578
622.052 511057
622.100 335883
622.125 195870
622.150 198249
622.175 197605
622.175 335855
622.225 188469
622.225 199859
622.250 335882
622.300 195344
622.325 206857
622.475 336041
622.575 2716
622.600 335910
622.603 393608
622.625 194811
622.625 2733
622.700 336067
622.725 197140
622.750 197583
622.750 2671
622.765 342109
622.900 191796
622.950 336453
623.025 335831
623.075 2517
623.075 2627
623.165 467799
623.200 2648
623.225 335765
623.234 449571
623.267 455598
623.275 190715
623.425 2669
623.425 2691
623.450 336220
623.525 186079
623.575 193575
623.600 198136
623.625 196397
623.939 587965
623.950 192974
623.968 480835
624.100 191248
624.250 175699
624.390 689073
624.400 192428
624.500 193548
624.501 345834
624.550 335801
624.650 335951
624.905 487339
625.000 2535
625.325 335856
625.350 2647
625.450 335677
625.525 335735
625.550 335822
625.650 335943
625.660 403228
625.900 336010
626.225 335769
626.550 336131
626.675 335897
626.864 441617
627.075 335892
627.250 336009
627.389 539765
627.425 336066
627.533 468082
627.650 335950
627.670 403256
627.900 335826
627.927 517747
628.050 335855
628.212 724569
628.237 780730
628.693 443422
629.103 376717
629.106 687175
629.214 426951
629.272 370945
629.849 488091
630.101 388624
630.438 497869
631.548 534613
631.999 721449
633.070 410990
633.538 345505
633.911 718037
634.196 362916
634.201 683816
634.228 466202
634.699 477792
634.839 440265
635.215 379759
635.352 401977
635.425 5803
635.725 5827
636.000 5650
636.775 18239
637.050 5771
637.372 520877
637.400 5719
637.637 448740
637.852 410110
637.943 371287
637.975 5667
638.031 473101
638.136 677210
638.307 371303
638.810 486254
638.850 5745
639.311 401977
639.750 338561
639.865 452308
639.927 530968
640.702 537582
642.153 358876
642.282 385981
642.391 520120
642.559 461321
642.777 486478
643.433 426570
643.775 12195
644.380 480345
644.858 505962
645.273 516836
646.132 484504
646.156 413177
646.339 674884
646.453 356620
647.034 474068
647.150 18227
647.254 474564
647.308 466113
647.480 471643
647.635 498990
647.771 410303
648.123 379739
648.243 484244
648.525 5776
648.548 433336
648.950 336221
649.070 479150
649.850 336067
649.975 336007
650.092 439585
650.254 681314
650.502 377428
650.539 396651
650.901 428876
650.975 335950
651.425 336131
651.553 531686
651.625 5650
651.761 531816
652.000 5719
652.075 336066
652.350 5416
652.550 5620
652.700 335831
652.823 468317
652.982 440424
653.025 5827
653.250 5675
653.301 471478
653.650 335855
653.786 540453
654.150 338561
654.287 374793
654.717 506202
654.750 335882
654.750 336040
654.843 676871
655.009 518211
655.875 17916
656.333 480770
657.062 543066
657.190 373033
657.206 415085
657.308 429137
657.550 12100
659.167 425877
659.289 395888
659.845 430749
660.363 396789
660.509 407181
660.524 715215
660.720 341164
636.900 828
656.600 828
660.869 436425
662.223 416650
662.307 341888
662.313 423403
662.914 417556
662.915 426129
662.920 492060
663.279 487918
663.299 486659
663.358 395527
663.824 451183
664.033 725332
664.164 538799
665.025 5745
665.275 536475
665.647 491302
665.650 5720
666.125 5667
666.175 5776
666.320 529939
666.525 5416
666.657 518873
666.906 485064
667.200 5675
667.550 5650
667.632 520844
667.873 441065
667.924 512414
668.000 5620
668.106 455957
668.151 667605
668.225 336040
668.350 5803
668.383 474692
668.895 382119
669.501 520147
669.547 510759
669.669 445883
669.875 338561
669.925 5827
670.034 398909
670.157 448040
670.387 407725
670.630 485549
671.100 18239
671.407 487867
671.484 674878
671.539 507845
672.585 355819
672.630 470475
673.063 466040
673.563 514029
673.652 392810
673.762 461792
673.947 527814
674.249 706354
674.333 455290
674.582 350269
674.657 368029
674.763 397602
674.971 524635
675.061 444336
675.141 528414
675.424 502023
675.761 402047
675.871 499784
676.853 527021
677.284 494030
678.225 5719
678.231 441135
678.642 354296
679.025 5416
679.187 449628
679.572 339976
679.852 507217
679.877 707843
680.198 419443
680.417 403275
680.485 455728
680.500 5827
680.550 336187
680.900 5675
680.925 5745
680.950 5720
681.013 709590
681.475 378226
681.650 5771
681.650 5776
681.900 5667
682.100 335950
682.134 732921
682.289 357455
682.650 5803
682.940 361054
683.192 393608
683.415 346389
683.825 407839
683.999 459282
684.025 185424
684.536 444776
684.730 437626
684.972 465783
679.775 828
686.116 452197
687.221 501121
687.369 510222
688.142 500503
688.821 487878
688.863 520120
688.912 521964
689.519 506605
691.475 18121
691.513 430826
691.538 353917
691.558 696819
691.850 5416
691.931 449910
692.000 5620
692.238 410303
692.792 445889
692.818 416650
692.853 388828
692.975 519553
693.125 5719
693.374 728914
693.575 5776
693.673 392371
693.719 435205
693.814 407635
694.050 5745
694.125 5650
694.150 338561
694.160 514867
694.250 5771
694.625 336184
694.987 475342
695.028 385474
695.083 398552
695.516 427029
695.550 336246
695.550 5720
695.556 653369
695.595 386992
695.750 5827
695.764 483871
695.800 5667
695.861 467961
696.013 443277
696.223 621209
696.591 470458
696.702 383603
696.802 380225
697.040 431024
697.208 408668
697.470 439473
697.801 466152
698.046 380225
698.579 670151
699.092 451347
700.631 499538
701.425 12197
702.646 345245
703.142 471000
704.013 382233
704.447 480960
704.514 490240
705.319 352246
705.334 430997
705.400 5416
705.675 5803
705.686 416307
705.801 445999
706.102 538783
706.122 518458
706.700 5650
706.755 383882
706.960 502196
706.975 5745
707.075 5827
707.450 5720
707.525 335980
707.581 447222
707.684 436765
707.975 5771
708.050 5719
708.246 369813
708.400 5620
708.425 335826
708.518 513926
708.594 350269
708.725 12277
708.762 460532
708.779 414229
708.914 395022
708.950 5675
709.285 428876
709.329 457231
709.338 658188
709.381 378502
709.384 464259
709.750 5776
710.094 515181
710.100 175236
710.168 517741
710.395 424698
704.325 828
710.409 375862
711.100 338561
711.325 335765
711.400 5667
711.504 509849
711.521 523503
712.826 422050
713.130 459422
713.407 397586
713.433 469523
713.475 455294
713.517 497099
713.591 459739
713.617 372572
713.631 442691
713.732 662164
713.947 378110
714.065 346151
714.526 392994
714.912 364296
715.290 514614
715.393 388992
715.740 520120
715.798 439381
716.254 477997
716.287 427877
717.085 535147
717.264 616408
717.305 414886
717.313 384528
717.359 396651
718.037 512559
718.167 504798
718.451 657231
718.650 198289
719.063 379058
719.175 203273
719.267 376457
719.496 487884
720.086 434738
720.125 5803
720.200 533527
720.430 482130
720.460 446561
720.469 360360
720.900 5771
720.968 524004
721.025 5650
721.050 335951
721.447 421712
721.550 5827
721.573 377130
721.639 439467
722.095 528157
722.200 197583
722.350 5720
722.750 5416
722.910 503848
723.080 400353
723.175 5620
723.191 450553
723.200 5776
723.375 5745
723.405 340085
723.782 434469
724.054 537071
724.200 335826
724.325 335735
724.340 404507
724.425 5675
724.500 418318
724.725 335892
725.241 500587
725.566 342118
725.919 413177
726.149 379927
726.166 454106
726.787 409557
726.857 509686
726.869 507989
727.452 387945
727.993 388627
728.084 357403
728.422 537097
728.675 199955
728.775 197140
728.775 2741
729.057 349649
729.225 187477
729.375 197739
729.522 349804
729.625 175236
729.750 209245
729.750 2671
729.950 195990
729.975 2517
730.455 397685
730.475 2648
730.477 346528
730.875 197126
731.033 404913
731.109 358703
721.700 828
731.350 208530
731.450 205750
731.650 190208
731.675 177597
731.700 2535
731.882 390495
731.900 213206
731.950 207407
731.961 408615
732.498 414951
732.550 187852
732.550 2697
732.700 202286
732.747 390052
732.925 216405
733.150 205179
733.150 20561
733.175 2763
733.200 190715
733.200 194811
733.275 197726
733.360 650491
733.375 188469
733.423 506912
733.425 192522
733.525 204656
733.650 203891
733.725 172842
733.825 20560
733.850 203559
733.850 206897
733.925 185603
734.075 197654
734.150 188563
734.201 354137
734.250 195344
734.275 191385
734.400 175699
734.425 190188
734.450 194183
734.450 2647
734.475 335801
734.525 184961
734.550 20558
734.650 2758
734.650 335677
734.700 2627
734.750 2669
734.800 198889
734.800 2517
734.825 5827
734.925 186079
734.975 193016
735.000 194807
735.050 5719
735.075 2741
735.100 191952
735.150 205715
735.225 189525
735.275 194810
735.300 198289
735.375 199479
735.375 203870
735.375 2716
735.425 197804
735.550 214831
735.600 20657
735.675 211943
735.700 197653
735.700 2671
735.725 5667
735.775 177944
735.866 436661
735.875 199859
735.900 335769
735.975 194162
735.975 335897
735.975 5745
736.025 199948
736.075 198298
736.101 385602
736.125 335735
736.136 416755
736.150 191248
736.150 202870
736.161 351652
736.200 5720
736.225 203882
736.225 2691
736.250 200396
736.300 5771
736.325 192536
736.325 205798
736.325 335831
736.375 2648
736.400 198249
736.445 395022
736.491 405071
736.600 20585
736.600 335892
736.625 196397
736.650 196478
736.700 211508
736.725 335765
736.775 201610
736.800 193575
736.800 198136
736.800 231452
736.825 194790
736.825 198804
736.825 203961
736.836 391166
736.875 194085
736.900 199319
736.925 2535
736.925 335951
736.950 201698
736.975 196465
736.975 20655
736.975 206938
737.075 185424
737.075 2712
737.079 435423
737.150 2697
737.175 195885
737.200 2756
737.225 191859
737.244 417996
737.250 203313
737.250 20638
737.275 197062
737.325 188979
737.350 336041
737.363 420045
737.389 494058
737.400 199922
737.425 197657
737.425 206184
737.450 192428
737.450 194812
737.450 209070
737.450 2733
737.525 193607
737.525 198316
737.525 335826
737.550 199852
737.600 335980
737.625 335856
737.650 197605
737.650 201241
737.675 210349
737.700 197037
737.700 198748
737.725 205087
737.775 205088
737.800 195347
737.825 209245
737.850 335822
737.875 195870
737.900 202323
737.925 199255
737.925 335882
737.950 193548
738.050 198097
738.075 194738
738.075 210298
738.075 2763
738.075 336009
738.175 20637
738.175 210868
738.200 197583
738.200 206940
738.200 216147
738.250 212087
738.275 191796
738.275 194671
738.325 336040
738.338 389715
738.350 191903
738.400 194688
738.400 205685
738.425 201578
738.425 336123
738.450 18227
738.450 201046
738.450 335950
738.465 446561
738.475 199872
738.500 209774
738.550 196959
738.750 196996
738.750 206215
738.775 202227
738.826 482208
738.875 206239
738.925 203263
738.925 206857
738.950 213765
738.975 192974
739.025 201004
739.050 203273
739.050 2647
739.125 215529
739.175 336071
739.275 2669
739.295 340913
739.375 336067
739.400 336131
739.425 201537
739.475 222200
739.525 214944
739.550 335943
739.564 523774
739.600 2741
739.650 335855
739.650 336007
739.775 205677
739.775 209689
739.800 200990
739.800 336010
739.825 216655
739.850 213755
739.875 209166
740.000 2758
740.134 473968
740.150 2716
740.225 214909
740.400 335801
740.425 336006
740.475 206227
740.475 207964
740.547 449954
740.575 209085
740.775 213112
740.825 209109
740.850 2691
740.875 391085
740.900 336066
740.986 388831
741.050 335910
741.200 223058
741.225 207370
741.250 336220
741.267 487938
741.275 213636
741.292 649226
741.362 526147
741.425 214215
741.500 207334
741.550 335883
741.575 217117
741.675 216009
741.691 689959
741.700 336215
741.750 215417
741.782 507162
741.800 204425
741.944 514165
741.994 395917
742.000 2756
742.200 214283
742.200 336184
742.225 2733
742.450 336246
742.623 410366
742.800 336221
742.875 227989
742.889 503848
743.038 423276
743.075 336003
743.125 335735
743.195 447473
743.200 218801
743.400 335951
743.450 335765
743.450 336187
743.828 431219
744.050 336126
744.400 5416
744.625 336009
744.708 656546
745.300 336041
745.859 366853
745.861 519424
746.595 411737
747.075 336453
747.150 336215
747.185 463067
747.674 441065
747.693 524004
747.863 339232
747.934 425988
748.219 507162
748.680 469715
748.696 376457
749.100 419693
749.516 527583
749.651 393063
749.711 476143
749.975 5675
751.100 338561
751.481 474844
751.600 375696
751.830 608419
752.074 443974
752.963 421614
753.063 363414
753.359 766800
753.375 5776
753.500 5719
753.621 517741
753.901 460216
754.226 497307
754.264 455598
754.482 531466
754.650 5650
754.819 500503
754.833 541630
755.050 5803
755.250 5720
755.448 418738
755.450 5827
756.009 743356
756.580 720215
756.902 479612
756.931 448001
756.959 381191
757.243 531784
757.291 523645
757.475 12409
757.707 483736
757.756 461381
757.995 452318
758.338 382886
758.956 460024
759.113 736200
759.281 657325
759.369 462740
759.430 426595
759.855 383251
760.050 339786
761.079 350275
761.712 413015
761.799 536448
762.053 689357
763.170 364096
763.869 723494
763.912 674884
763.972 528676
764.251 381891
764.802 349781
765.150 12277
765.500 335765
765.515 371023
765.550 5667
765.704 499954
765.842 395524
765.918 378322
766.300 5620
766.479 462740
767.175 5745
767.201 340264
767.280 502741
767.446 437749
767.775 387541
769.032 407725
769.106 458580
769.117 423332
769.509 685573
769.829 410566
769.845 540249
770.036 346015
770.355 344581
770.531 474052
770.575 5776
770.850 5416
771.029 348634
771.107 441107
771.173 526369
771.197 480026
771.475 5771
771.549 454773
771.575 5827
771.619 467513
771.832 438594
771.975 5719
772.441 739097
772.444 454625
772.473 684931
772.689 423276
772.698 449574
772.875 336067
773.041 449954
773.591 519872
773.821 428581
774.061 486109
774.488 525963
774.585 350275
774.998 505182
776.511 531097
777.125 12060
777.620 363154
777.962 455301
777.992 362827
778.328 407719
778.600 5675
778.737 421246
779.025 338561
755.325 828
769.950 828
779.240 721948
779.294 427695
779.433 416497
779.483 372687
779.525 335765
779.581 417283
779.966 507221
780.014 448740
780.045 402600
780.394 494011
780.650 5720
781.048 472008
781.261 388903
781.344 411148
781.371 483566
781.375 5667
781.477 354537
781.925 5650
782.225 5745
782.571 416517
783.068 392741
783.111 709590
783.435 485788
784.428 468054
785.346 353963
785.630 487459
786.300 476803
786.532 440150
786.700 336221
787.545 508211
787.650 336215
787.775 5416
788.670 521829
788.724 442896
788.731 481867
788.812 375392
788.875 12195
789.063 445672
789.107 485398
789.151 380679
789.481 447841
789.774 391425
789.788 506526
789.798 671230
790.009 703483
790.036 414840
790.483 420573
791.176 458580
791.345 537500
791.375 5620
791.504 462408
791.609 682847
792.224 418318
793.210 429759
793.814 533013
794.172 445529
794.489 379221
794.625 5667
794.626 455957
794.759 343791
795.075 11959
795.510 662164
795.600 338561
796.000 18028
796.400 5719
796.486 407358
796.575 5720
796.666 507330
796.825 209689
796.850 5771
796.986 440600
797.363 427528
797.443 395888
797.748 441017
797.807 492951
797.881 388624
798.100 5803
798.152 526084
798.179 392887
798.339 427877
798.358 387927
798.389 499145
798.750 5745
798.886 522453
799.027 478261
799.450 12100
799.450 5827
799.600 475555
799.776 378417
799.858 377428
800.200 480124
800.203 436174
800.472 341216
801.736 603317
801.821 342232
801.949 458690
802.014 411232
802.062 541589
802.718 461157
802.929 493393
802.964 743077
803.636 527583
785.400 828
801.625 828
804.191 667651
804.251 455845
804.917 526876
804.981 431030
805.472 414449
805.898 524392
806.158 654909
806.236 350458
806.245 393078
806.363 476624
806.439 386154
806.658 378335
806.773 347747
806.920 715630
807.025 5416
807.026 402757
807.241 470121
807.485 459832
807.490 446650
807.675 5675
807.772 382219
808.108 535120
808.231 521569
808.925 5620
809.020 520428
809.338 460216
809.626 398915
809.700 5776
809.950 335883
809.992 535786
810.013 347512
810.050 5745
810.166 459375
810.177 453100
810.250 5803
810.255 533788
810.450 335735
810.675 5650
810.800 5771
810.859 452892
811.013 397696
811.150 338561
811.217 448283
811.375 586601
811.476 503730
811.625 5827
811.843 449064
811.850 5667
811.890 416517
811.892 473855
811.900 5719
812.359 637164
812.475 12306
812.920 379938
813.495 658327
813.918 530206
814.164 391188
814.216 689959
814.295 356122
814.892 437010
815.052 514874
815.133 365054
815.622 770013
815.668 354771
816.793 485379
817.216 425840
817.596 342249
818.054 511318
818.292 503555
818.507 448001
818.689 385194
818.796 501740
819.208 393749
819.728 424112
821.805 383975
821.925 5675
822.098 537205
822.651 394879
822.862 342044
823.275 5720
823.325 5416
823.480 506126
823.787 714334
823.800 5650
824.009 511493
824.270 507659
824.350 5776
824.426 514802
824.600 5771
824.607 646547
824.660 364296
824.905 540894
825.025 5803
825.250 5667
825.425 5620
825.676 378417
825.691 478681
825.693 478402
825.803 432593
826.055 410541
826.075 5745
826.125 18239
814.525 828
826.275 335822
826.350 336221
826.359 418318
826.384 460211
826.530 490103
826.643 419384
826.850 347249
827.013 490523
827.300 5827
827.475 5719
827.675 336003
827.675 336066
828.200 336215
828.812 387679
829.079 377687
829.394 397686
830.008 397106
831.832 442517
832.730 464858
832.866 392101
832.957 412695
832.970 442509
833.323 634805
833.646 363916
833.692 411267
833.972 532856
834.095 369535
834.159 517083
834.206 396705
834.905 672293
835.445 420825
835.646 538538
835.783 437519
836.374 471463
836.392 526088
836.772 490575
837.150 402047
837.168 432488
837.185 371835
837.342 395079
837.500 370209
837.578 432731
837.630 460532
837.726 353400
838.300 5620
838.304 386258
838.377 432361
838.525 338561
838.700 5650
838.725 5827
838.750 335826
838.794 469340
838.875 5771
839.050 5675
839.075 5720
839.075 5776
839.182 344051
839.787 445390
839.825 18239
840.025 205088
840.304 486564
840.832 425445
840.850 433349
840.950 336187
841.000 5667
841.013 391151
841.025 5745
841.039 382816
841.075 335882
841.125 335855
841.131 435357
841.300 5719
841.800 177597
841.902 517741
841.925 362817
842.081 676371
842.105 452308
842.351 493124
842.377 392365
842.400 5416
842.449 397439
842.825 156877
842.950 198316
843.906 354949
843.968 458587
844.079 390012
844.350 2517
844.429 420519
844.925 2763
845.303 546753
845.475 192522
846.150 2535
846.169 347440
846.275 2671
846.437 402272
846.827 535170
846.950 2627
846.961 403012
846.970 530072
847.075 175236
847.248 662010
847.353 470121
828.175 828
842.975 828
847.700 185603
847.957 441483
848.000 188563
848.028 385461
848.100 196465
848.354 378335
848.500 197037
848.574 765115
848.925 192428
848.998 459539
849.100 2517
849.475 184961
849.600 194183
849.675 187852
849.875 191385
849.925 20561
850.025 186079
850.025 198889
850.175 191952
850.300 20560
850.350 197126
850.450 189525
850.450 194810
850.475 2697
850.500 201537
850.542 386671
850.550 2535
850.598 380513
850.675 201046
850.700 190715
850.714 429501
850.775 187477
850.825 335677
850.875 198289
850.925 2648
850.925 2741
850.975 20558
850.990 372590
851.175 2647
851.275 175699
851.321 391197
851.375 201578
851.400 190208
851.405 508908
851.464 397621
851.525 193016
851.525 194811
851.549 537130
851.600 194807
851.625 2669
851.650 193575
851.725 197739
851.725 2627
851.725 335801
851.750 199319
851.850 188469
851.900 336215
851.925 198298
851.942 447637
851.950 177944
852.000 203559
852.050 197605
852.050 335831
852.125 192536
852.175 193607
852.200 191248
852.200 199922
852.250 191903
852.250 335892
852.259 468238
852.275 190188
852.300 197140
852.300 205715
852.325 335735
852.325 5803
852.326 434719
852.375 335769
852.400 185424
852.400 198748
852.400 2716
852.425 197804
852.450 194812
852.450 195870
852.475 204656
852.625 202286
852.650 188979
852.650 198804
852.700 194688
852.700 196478
852.775 201610
852.825 200990
852.825 213765
852.875 194738
852.900 2758
852.925 209774
852.925 2671
852.978 404361
853.000 196397
853.000 199955
853.055 365218
853.075 191859
853.125 335897
853.150 194790
853.150 205798
853.200 197726
853.275 195990
853.350 198097
853.350 335765
853.375 198316
853.400 199872
853.400 20657
853.400 2763
853.450 195344
853.450 2712
853.500 195347
853.550 203870
853.572 418293
853.575 335826
853.600 201698
853.600 2691
853.625 212087
853.675 197653
853.700 5827
853.725 199852
853.750 12307
853.750 198249
853.750 203961
853.750 205179
853.775 194671
853.825 20585
853.925 203263
853.950 335855
853.975 197583
853.975 197657
854.100 206239
854.100 335856
854.175 202227
854.200 201241
854.250 206897
854.275 191796
854.275 194162
854.327 416946
854.350 335882
854.350 5720
854.375 5776
854.400 335822
854.425 195885
854.450 193548
854.450 199859
854.525 335951
854.550 196959
854.600 198136
854.625 197654
854.625 216147
854.650 197062
854.675 202323
854.750 206938
854.750 5771
854.800 194085
854.900 20638
855.000 335950
855.025 205685
855.025 20655
855.050 196996
855.100 214831
855.150 202870
855.175 2756
855.200 199255
855.200 199479
855.225 209245
855.250 20637
855.275 2697
855.325 211943
855.375 205750
855.375 335980
855.450 192974
855.502 655192
855.525 206940
855.600 2733
855.600 5745
855.606 383672
855.611 521073
855.625 203882
855.626 453981
855.650 205677
855.675 206857
855.725 200396
855.775 2741
855.825 2647
855.860 459832
855.975 203313
855.975 335883
856.000 203273
856.007 480001
856.050 335943
856.125 199948
856.125 336131
856.175 209689
856.250 335910
856.275 336041
856.300 207407
856.325 206184
856.450 205088
856.475 201004
856.475 205087
856.500 12765
856.500 336006
856.550 2669
856.575 206215
856.675 336010
856.700 336007
856.725 215417
856.725 2648
856.725 336071
856.800 336066
856.825 203891
856.825 210298
856.875 213206
856.900 209166
856.900 214944
856.903 427780
856.925 216405
856.945 344598
856.975 209109
856.975 2716
856.975 335677
856.975 335801
857.000 207334
857.025 210349
857.025 213755
857.075 207964
857.075 336067
857.100 215529
857.175 208530
857.200 336040
857.225 216655
857.275 207370
857.333 500532
857.352 353034
857.450 214215
857.500 210868
857.575 204425
857.575 213112
857.600 209085
857.625 2758
857.650 211508
857.750 2712
857.828 441107
858.000 2763
858.100 335892
858.175 206227
858.195 499704
858.266 462435
858.350 209070
858.425 336221
858.475 217117
858.550 336220
858.579 439467
858.625 335831
858.854 456657
858.925 336184
859.259 429858
859.425 336009
859.450 336003
859.475 335735
859.650 216009
859.800 214283
859.875 336126
860.025 214909
860.075 213636
860.375 336246
860.444 536081
860.625 218801
860.625 335950
860.675 396397
860.703 648673
860.900 335855
861.175 336215
861.221 347440
861.237 356620
861.275 336123
861.625 336187
862.150 344695
862.175 231452
862.200 336131
862.450 222200
862.550 227989
862.550 336453
862.694 499782
862.901 347249
863.526 363996
863.599 495071
863.637 523823
863.700 5416
863.902 348226
864.129 436332
864.421 445672
864.611 413480
864.915 407517
865.150 353773
865.432 444850
865.543 417461
866.059 502974
866.162 406546
866.270 441703
866.575 413865
866.847 389715
866.855 407443
867.075 5650
867.240 510061
867.375 338561
867.873 436151
867.950 336453
868.269 421255
868.882 491279
868.883 468184
869.020 442096
869.238 468530
869.425 344349
869.509 349049
869.649 491279
869.700 5719
869.761 467077
869.800 5667
870.236 486349
870.258 530309
870.793 355739
871.901 524791
872.046 508487
872.149 454886
872.300 5776
872.319 697290
872.374 423317
873.010 450162
873.092 400516
873.659 448701
874.108 616408
874.580 460432
874.733 458560
875.378 416678
875.412 405248
876.826 340868
877.000 336040
877.030 395978
877.511 703483
877.687 447297
877.851 508779
878.214 419693
878.875 206184
879.320 378203
879.339 448005
879.576 441617
879.645 399382
880.100 458058
881.129 449405
881.425 5620
881.470 527952
881.752 589531
881.825 5675
882.080 354958
882.091 431386
882.192 483098
882.243 449050
882.978 388764
883.093 421093
883.150 335801
883.847 408378
883.925 5827
884.129 387376
884.200 5803
884.813 511183
884.898 489910
884.925 335883
885.012 424920
885.122 422302
885.273 674884
885.725 5771
885.900 336067
886.088 350818
886.500 335980
886.750 336040
886.846 496647
887.012 431254
887.444 672003
887.449 478759
887.612 375700
888.037 454308
888.100 5720
888.352 527208
888.475 336041
888.678 343751
888.857 348111
888.893 442951
889.059 386761
889.100 5776
889.150 5416
889.200 336126
889.242 514858
889.355 534445
889.375 336071
889.460 344613
889.567 422313
889.785 413790
890.000 436510
890.409 429133
890.553 461850
890.823 358636
890.887 354715
871.825 828
886.275 828
891.098 726741
891.632 441703
891.775 336066
891.850 407181
892.130 681314
892.419 460766
892.923 531590
893.006 359880
893.115 471205
893.136 393988
893.542 466140
893.653 408306
893.758 724569
893.775 5667
894.009 363916
895.182 472892
895.431 400898
895.452 379059
895.480 517797
895.783 415666
896.100 5745
896.317 503744
896.525 338561
896.570 390585
896.591 490523
896.703 354325
896.975 744292
897.002 455323
897.040 423436
897.205 401175
897.275 394677
897.547 473968
897.700 335883
897.878 434389
898.020 439934
898.350 5650
898.606 587965
898.611 408615
898.950 5620
899.000 5675
899.092 419025
899.096 358912
899.883 724622
899.975 5776
900.675 335980
900.774 540453
900.869 395842
901.140 451222
901.771 517416
901.797 400966
902.100 5803
902.153 486458
902.234 438610
902.294 382670
902.480 384875
902.482 422967
902.682 448844
902.750 335910
903.100 12306
903.443 373174
903.655 385040
903.760 477631
904.004 486030
904.724 679257
904.754 654506
904.800 12765
905.697 482600
905.780 542464
906.044 518211
906.134 383927
906.214 419674
906.737 457082
906.975 469340
907.640 459282
907.724 441002
907.813 468661
908.334 432183
909.307 491369
909.310 486973
909.702 457326
909.771 444175
910.175 5771
910.418 543066
910.568 463308
910.720 685330
911.017 505118
911.150 5620
911.501 411148
911.558 391649
911.613 533527
911.614 423332
911.650 5719
911.975 5416
911.982 402039
912.100 5720
912.141 405136
912.200 5650
912.300 5776
912.325 5827
912.407 530423
912.433 527952
913.204 515914
900.550 828
912.825 828
913.446 467633
913.564 530363
913.818 478681
913.841 411684
914.013 391849
914.214 472846
914.305 478402
914.418 480577
915.213 689240
915.331 350319
915.375 12583
915.611 400589
915.848 376908
915.865 385657
916.048 510561
916.323 722335
916.398 487918
916.568 517741
916.683 447750
916.685 423837
916.922 422442
917.392 515657
917.450 12060
917.500 437519
917.630 402203
918.648 729144
918.888 703596
919.129 455689
919.373 474514
919.668 393822
920.116 411256
920.171 408615
920.321 474844
920.626 452010
922.025 12625
922.385 499650
922.455 465955
922.647 340628
922.921 371940
923.164 369813
923.389 422313
923.651 451166
923.847 714801
923.887 652816
924.075 5745
924.253 495075
924.500 338561
924.531 515657
924.900 5667
925.050 5620
925.301 493900
925.600 5720
925.669 419713
925.811 398435
925.850 5675
925.853 385656
925.864 539343
926.025 5803
926.050 5650
926.118 424378
926.321 396220
926.462 686875
926.555 454002
926.800 5771
927.220 503329
927.531 398305
927.550 5416
927.626 389834
927.900 5776
928.306 511431
928.772 486923
929.078 398830
929.492 441483
929.879 473855
930.324 404122
930.843 445665
930.910 478538
931.037 471632
931.056 524165
931.058 408668
931.748 419216
932.212 510200
932.515 496966
932.927 463933
933.074 392961
933.184 518932
933.307 396066
933.603 370691
933.816 536081
934.489 410224
935.141 406815
936.158 385214
936.274 427528
936.521 406634
936.725 202323
936.975 335765
937.037 487918
937.277 411737
937.650 5719
937.709 752187
937.988 386258
938.229 378104
924.100 828
938.350 5675
938.650 5827
938.863 359184
938.900 5620
939.026 382654
939.319 461986
939.768 504330
939.787 393078
939.950 5650
940.025 5745
940.801 373608
940.925 194183
941.150 5776
941.302 424545
941.847 403822
942.050 18156
942.129 470458
942.150 338561
942.281 495359
942.340 541706
942.694 523116
943.009 467925
943.074 404507
943.314 385549
943.325 5416
943.331 397586
943.538 535764
943.713 467568
943.810 511057
943.871 496234
943.901 526975
944.059 424112
944.446 397852
944.590 512594
944.838 449910
945.681 462305
945.810 525289
945.907 412795
946.625 689073
946.899 344695
947.153 489859
947.264 379196
947.346 511538
947.443 791306
947.613 376833
948.242 397239
949.167 421234
949.245 597887
949.617 447657
949.635 510200
949.900 5720
950.081 447792
950.342 457424
950.350 335882
950.362 396368
950.540 395842
950.772 347402
950.966 551276
951.394 462408
951.625 5803
951.888 447504
952.195 395917
952.200 335980
952.525 5620
952.725 5827
953.516 448809
953.575 5719
953.675 5650
953.676 529730
954.100 199922
954.625 5416
954.625 5771
954.775 5675
954.780 450162
955.073 517386
955.325 336184
955.518 430749
955.626 744292
955.763 393386
955.900 335765
955.950 336041
956.099 381391
956.275 5667
956.501 496305
956.546 345749
956.728 668027
956.821 533527
956.850 197062
957.025 190208
957.173 451928
957.231 395692
957.234 541863
957.623 458240
957.751 395192
957.787 503806
957.975 184961
958.161 387550
958.325 193575
958.787 526632
959.121 446465
959.138 500289
959.258 448809
939.000 828
953.575 828
959.439 348226
959.488 519606
959.795 447750
959.809 511577
960.021 658945
960.540 460293
960.975 193016
961.290 725777
961.391 724535
961.720 427528
961.917 720788
962.001 398520
962.282 488660
962.399 525963
962.521 441002
962.950 175236
963.274 727738
963.500 197726
963.686 509870
964.117 428226
964.204 409847
964.224 391027
964.450 197605
964.525 195870
964.663 382447
965.101 455247
965.250 5745
965.262 380379
965.470 456829
965.474 510643
966.125 5720
966.256 505520
966.625 5827
966.825 5620
967.250 199948
967.400 5650
967.525 5776
967.706 648128
967.725 338561
967.800 2647
967.800 5675
968.194 421684
968.350 5771
968.375 156877
968.475 191248
968.700 5719
968.725 213112
968.800 5803
968.925 398897
969.075 336246
969.200 2627
969.275 194688
969.300 5416
969.350 194807
969.383 539020
969.425 199319
969.500 195990
969.625 5667
969.639 449626
969.814 477896
970.100 2741
970.225 203961
970.500 2763
970.525 20561
970.591 387376
970.600 197126
970.625 215417
970.700 216655
970.770 667615
970.800 2697
970.850 335856
970.875 2716
970.886 546753
970.925 12376
971.000 212087
971.100 193016
971.329 423228
971.450 20560
971.500 203882
971.625 199852
971.675 196959
971.825 2758
971.950 2669
972.050 198097
972.200 194810
972.377 384873
972.400 202870
972.400 205715
972.400 207407
972.406 506392
972.425 184961
972.450 2648
972.475 198249
972.500 177597
972.514 387761
972.550 2712
972.675 205179
972.681 502942
972.700 2691
972.704 503906
972.850 199872
973.000 187477
967.125 828
973.000 192974
973.100 2671
973.150 199255
973.175 216147
973.200 194183
973.300 190208
973.300 202323
973.325 197739
973.399 420825
973.400 187852
973.400 194790
973.425 2733
973.475 194162
973.600 191385
973.775 192522
973.825 197140
973.836 510306
973.850 196478
973.850 198298
973.900 198136
973.912 741481
973.925 198889
973.975 2756
974.050 198748
974.075 202227
974.150 197583
974.175 200396
974.193 342469
974.200 213765
974.200 2517
974.250 206940
974.300 194811
974.325 335897
974.425 190715
974.425 204656
974.450 190188
974.450 201698
974.475 203313
974.475 213206
974.490 416650
974.550 195344
974.550 202286
974.600 196996
974.650 191952
974.700 205798
974.725 206215
974.741 523314
974.750 209689
974.751 530842
974.775 206239
974.825 192536
974.874 498347
974.890 477693
974.925 194085
974.925 195347
974.925 206938
974.975 197726
974.983 507248
975.075 206184
975.100 209070
975.150 201241
975.200 335951
975.250 188469
975.250 196465
975.250 205685
975.250 2535
975.250 2647
975.325 199479
975.350 222200
975.360 648601
975.375 188563
975.375 201578
975.450 188979
975.450 2627
975.475 335769
975.500 211508
975.600 208530
975.600 336006
975.600 336010
975.625 335831
975.700 201537
975.725 335826
975.745 340772
975.749 398708
975.800 201046
975.850 203273
975.900 195885
975.900 210298
975.900 210349
975.925 198804
975.925 203559
975.925 2763
976.000 197062
976.025 203263
976.050 197804
976.075 185603
976.075 193607
976.100 197037
976.125 205750
976.125 528758
976.150 193548
976.200 12511
976.300 201610
976.375 2741
976.400 206897
976.400 335765
976.475 214944
976.519 459739
976.525 336067
976.550 191859
976.550 197654
976.564 482914
976.575 193575
976.625 205677
976.625 215529
976.650 199922
976.675 203870
976.725 198289
976.725 214831
976.725 335735
976.750 209109
976.775 209774
976.800 191903
976.850 199955
976.850 201004
976.850 223058
976.875 211943
976.900 192428
976.950 189525
976.950 194738
976.975 210868
976.975 2716
976.975 335855
977.025 200990
977.075 2697
977.100 185424
977.150 197657
977.250 382074
977.275 194671
977.275 207370
977.300 194812
977.375 2648
977.400 198316
977.400 2758
977.452 383672
977.475 335892
977.500 175699
977.550 196397
977.550 203891
977.550 2691
977.575 207334
977.625 177944
977.625 205088
977.700 2712
977.725 336123
977.775 2669
977.850 209166
977.900 209245
977.975 335822
978.125 2671
978.125 336131
978.150 205087
978.225 186079
978.300 213755
978.300 336041
978.325 199859
978.350 197653
978.400 335882
978.425 336221
978.475 214909
978.489 643320
978.500 206857
978.525 336071
978.574 452832
978.625 199948
978.625 2733
978.650 2756
978.750 204425
978.775 336066
978.825 336007
978.875 336215
979.025 216655
979.050 335883
979.100 335801
979.150 335950
979.175 206227
979.175 335980
979.225 336220
979.250 335910
979.250 336246
979.275 172842
979.300 2517
979.375 335943
979.425 191248
979.425 336184
979.475 209085
979.500 207964
979.575 217117
979.600 216009
979.600 336040
979.700 214283
979.700 2647
979.716 380662
979.750 199319
979.750 336003
979.775 2535
979.825 213112
979.858 497869
979.875 336187
979.962 351378
980.000 336126
980.050 335677
980.050 336009
980.066 420372
980.261 669530
980.275 213636
980.325 191796
980.325 335856
980.350 2627
980.351 423276
980.450 336006
980.475 335951
980.475 336010
980.507 496966
980.508 655429
980.625 216405
980.650 214215
980.675 335769
980.700 335826
980.750 335831
980.875 335765
980.885 731423
980.925 336067
980.975 218801
981.022 410110
981.107 450729
981.356 456991
981.375 227989
981.407 519424
981.558 512853
981.600 335855
981.725 335735
981.797 398305
982.068 356290
982.251 490290
982.360 521426
982.500 335822
982.775 336123
982.791 542686
983.075 336453
983.125 231452
983.149 501153
983.503 359184
983.650 336215
983.775 336221
983.875 336131
984.000 335883
984.000 335910
984.075 336184
984.150 335943
984.158 421110
984.225 336066
984.242 435755
984.625 336246
984.693 434036
984.698 780334
984.800 514134
984.975 336003
985.079 522649
985.213 351998
985.331 704245
985.600 336007
985.675 336187
986.542 349052
986.955 443422
987.447 490806
987.710 367742
987.785 368764
988.083 450181
988.857 417996
988.881 460752
989.504 645877
989.549 408880
989.646 400779
989.762 404786
989.944 443000
989.945 468429
990.370 510500
990.420 431695
990.630 437108
990.750 338561
990.889 393095
991.022 356868
991.152 485810
991.225 5667
991.261 470592
991.463 389486
991.800 5650
991.883 375700
992.057 698265
992.175 437121
992.427 480124
992.450 5719
992.675 5827
993.000 5675
993.062 506657
990.250 828
993.303 488660
993.325 5776
993.343 494986
993.625 5771
993.706 479567
994.000 5416
994.200 5720
994.545 381249
995.503 369971
995.588 462430
996.233 439688
996.301 652816
996.764 443640
996.842 480104
997.139 394553
997.316 403782
997.717 444770
997.800 418293
997.985 388285
998.020 508908
998.207 442620
998.600 5745
998.817 395424
998.865 405228
999.686 654096
999.852 526474
999.934 376192
1000.012 479627
1000.152 456785
1000.371 494874
1000.873 424281
1000.921 464858
1001.911 458587
1002.255 683816
1002.336 344431
1003.574 414182
1003.739 491215
1004.037 500637
1005.502 342705
1005.690 440430
1005.975 5803
1005.994 340825
1006.368 445397
1006.380 449329
1006.525 5827
1006.555 390161
1006.848 420372
1007.375 5620
1007.500 5416
1007.970 476296
1008.171 374643
1008.200 336010
1008.200 5650
1008.251 533731
1008.350 336067
1008.384 411557
1008.414 457477
1008.725 5745
1008.850 5771
1008.900 5667
1009.006 703116
1009.039 487467
1009.237 398618
1009.250 336126
1009.475 5675
1009.525 335831
1009.900 5776
1009.973 384206
1010.271 397097
1010.296 402588
1010.415 489859
1010.571 451008
1010.600 5719
1010.611 698265
1010.758 477631
1010.822 416946
1011.294 384541
1011.753 494030
1012.581 338820
1012.920 410360
1013.047 536433
1013.609 375758
1013.658 364096
1014.139 505893
1015.191 379012
1015.817 488660
1015.818 340140
1016.277 370567
1016.700 541440
1016.979 382151
1016.981 398508
1017.341 468407
1017.366 450720
1018.396 514029
1018.693 537052
1018.903 656750
1019.018 711611
1019.146 526632
1019.240 381407
1019.538 700712
1020.025 338561
1020.210 347249
