0	0
0.5	3.49134e-25
1	1.96064e-25
1.5	7.82461e-26
2	-2.74724e-26
2.5	1.76773e-25
3	1.13425e-25
3.5	-1.01154e-07
4	-8.0332e-07
4.5	-1.73651e-06
5	-2.67855e-06
5.5	-3.34057e-06
6	-3.84669e-06
6.5	-4.23426e-06
7	-4.52134e-06
7.5	-4.79935e-06
8	-4.87766e-06
8.5	-5.08691e-06
9	-5.48228e-06
9.5	-5.99521e-06
10	-6.2988e-06
10.5	-6.39662e-06
11	-6.48099e-06
11.5	-6.88267e-06
12	-7.36803e-06
12.5	-7.7729e-06
13	-8.21768e-06
13.5	1.88372e-06
14	3.46819e-06
14.5	8.11422e-07
15	-2.00757e-06
15.5	-2.94732e-06
16	-3.90136e-06
16.5	-4.38246e-06
17	-5.32766e-06
17.5	-7.28264e-06
18	-8.1076e-06
18.5	-7.64096e-06
19	-6.11973e-06
19.5	-5.42744e-06
20	-4.45727e-06
20.5	-4.18076e-06
21	-4.3926e-06
21.5	-4.18164e-06
22	-3.72079e-06
22.5	-3.33045e-06
23	-3.1419e-06
23.5	-3.66324e-06
24	-4.40745e-06
24.5	-1.37232e-05
25	-9.86576e-06
25.5	-7.01398e-06
26	-4.90085e-06
26.5	-5.31935e-06
27	-7.45391e-06
27.5	-7.09262e-06
28	-1.0941e-05
28.5	-1.64216e-05
29	-1.76989e-05
29.5	-0.000115463
30	2.45923e-05
30.5	-2.87321e-05
31	0.00111994
31.5	0.000706171
32	8.05204e-06
32.5	-6.87501e-05
33	-4.59117e-05
33.5	-4.11362e-05
34	-0.000103687
34.5	5.94937e-05
35	-1.24667e-05
35.5	6.7794e-06
36	5.58376e-07
36.5	-3.50524e-06
37	-1.61728e-06
37.5	-4.22784e-07
38	1.16102e-07
38.5	2.40136e-07
39	2.09963e-08
39.5	-3.21757e-07
40	-4.42458e-07
40.5	-4.92544e-07
41	-5.35047e-07
41.5	-7.18695e-07
42	-9.33713e-07
42.5	-1.21798e-06
43	-1.45181e-06
43.5	-1.72215e-06
44	-2.03146e-06
44.5	-2.29526e-06
45	-2.60894e-06
45.5	-3.08505e-06
46	-3.68024e-06
46.5	-4.17467e-06
47	-4.57886e-06
47.5	-4.94223e-06
48	1.3543e-06
48.5	4.03165e-06
49	1.96419e-06
49.5	3.63788e-06
50	1.44071e-06
50.5	-1.88342e-06
51	-3.4523e-06
51.5	-3.86859e-06
52	-3.8673e-06
52.5	-2.31527e-06
53	-1.81722e-06
53.5	-1.83617e-06
54	2.79225e-07
54.5	1.42057e-06
55	1.23161e-06
55.5	4.35927e-07
56	-1.63646e-07
56.5	-5.82687e-07
57	-8.65586e-07
57.5	-1.15761e-06
58	-1.39197e-06
58.5	-1.74355e-06
59	-2.1958e-06
59.5	-2.75162e-06
60	-3.39979e-06
60.5	-3.95562e-06
61	-4.41468e-06
61.5	-4.96343e-06
62	-5.31696e-06
62.5	-4.62471e-06
63	-7.53168e-06
63.5	-7.34028e-06
64	-8.46806e-06
64.5	-9.14547e-06
65	-5.48656e-06
65.5	-6.54961e-06
66	-6.5905e-06
66.5	-5.89347e-06
67	-5.69087e-06
67.5	-4.88334e-06
68	-5.26294e-06
68.5	-5.44119e-06
69	-5.34445e-06
69.5	-5.23282e-06
70	-5.07547e-06
70.5	-5.02016e-06
71	-4.9261e-06
71.5	-4.72973e-06
72	-4.5082e-06
72.5	-4.40146e-06
73	-4.22012e-06
73.5	-4.1826e-06
74	-4.16063e-06
74.5	-4.35828e-06
75	-4.63004e-06
75.5	-4.86307e-06
76	-5.2044e-06
76.5	-5.53246e-06
77	-5.85627e-06
77.5	-6.03911e-06
78	-5.96484e-06
78.5	-5.82919e-06
79	-5.75946e-06
79.5	-5.75736e-06
80	1.44585e-06
80.5	2.10018e-06
81	1.37641e-07
81.5	-5.23929e-06
82	-7.63513e-06
82.5	-7.48944e-06
83	-6.24377e-06
83.5	-5.80529e-06
84	-3.19908e-06
84.5	-2.47828e-06
85	-2.02419e-06
85.5	-1.583e-06
86	-1.30358e-06
86.5	-1.32779e-06
87	-1.59476e-06
87.5	-1.94249e-06
88	-2.32129e-06
88.5	-2.75645e-06
89	-3.14586e-06
89.5	-3.49113e-06
90	-3.76017e-06
90.5	-3.95581e-06
91	-3.98607e-06
91.5	-4.10712e-06
92	-4.16329e-06
92.5	-4.2948e-06
93	-4.45949e-06
93.5	-4.63867e-06
94	-4.74413e-06
94.5	-4.87421e-06
95	-5.05449e-06
95.5	5.48643e-07
96	3.89398e-06
96.5	-2.29989e-07
97	-2.71367e-06
97.5	-3.21437e-06
98	-3.68042e-06
98.5	-4.48278e-06
99	-4.08794e-06
99.5	-3.95952e-06
100	-3.88653e-06
100.5	-3.53325e-06
101	-3.07235e-06
101.5	-2.77162e-06
102	-2.66588e-06
102.5	-2.79323e-06
103	-2.96232e-06
103.5	-3.03166e-06
104	-3.18948e-06
104.5	-3.60161e-06
105	-3.846e-06
105.5	-5.34717e-06
106	-4.82536e-06
106.5	-4.71315e-06
107	-7.61356e-06
107.5	-7.04542e-06
108	-7.10951e-06
108.5	-7.67304e-06
109	-9.12274e-06
109.5	-5.0263e-06
110	-5.68571e-06
110.5	-8.58332e-06
111	-8.63925e-06
111.5	-9.06806e-06
112	-8.39946e-06
112.5	-8.97362e-06
113	-1.09509e-05
113.5	-9.88459e-06
114	-9.53956e-06
114.5	-1.1244e-05
115	-1.01937e-05
115.5	-9.42002e-06
116	-9.84375e-06
116.5	-9.71275e-06
117	-9.49194e-06
117.5	-9.30617e-06
118	-1.04296e-05
118.5	-9.51944e-06
119	-8.70281e-06
119.5	-8.14422e-06
120	-8.65376e-06
120.5	-7.79176e-06
121	-8.60709e-06
121.5	-9.71417e-06
122	-1.00445e-05
122.5	-8.53092e-06
123	-8.29015e-06
123.5	-5.3127e-06
124	-5.58783e-06
124.5	-7.57952e-06
125	-8.32135e-06
125.5	-1.68725e-05
126	-1.60361e-05
126.5	-6.03001e-05
127	-2.82747e-05
127.5	0.000594651
128	0.000475791
128.5	0.00037275
129	-3.07075e-05
129.5	-4.3876e-05
130	-4.27915e-05
130.5	-3.31147e-05
131	-2.83289e-05
131.5	-3.22209e-05
132	-3.78517e-05
132.5	2.11278e-06
133	-4.6249e-05
133.5	0.000620164
134	0.000241317
134.5	0.000128622
135	-6.02268e-05
135.5	-6.82134e-05
136	-2.59087e-05
136.5	-1.06448e-05
137	-5.49067e-06
137.5	-3.34297e-06
138	-2.68414e-06
138.5	-2.70045e-06
139	-2.8775e-06
139.5	-3.20891e-06
140	-3.56796e-06
140.5	-3.88664e-06
141	-4.07813e-06
141.5	-4.2894e-06
142	-4.91734e-06
142.5	-5.57542e-06
143	-6.10292e-06
143.5	-6.40084e-06
144	-6.61555e-06
144.5	-7.06451e-06
145	-7.14714e-06
145.5	-2.86099e-06
146	3.96123e-08
146.5	-3.11213e-06
147	-5.3285e-06
147.5	-6.11619e-06
148	-5.46834e-06
148.5	-4.69326e-06
149	-5.06197e-06
149.5	-4.97995e-06
150	-5.2856e-06
150.5	-5.66738e-06
151	-3.74916e-06
151.5	-2.68587e-06
152	-2.269e-06
152.5	-2.23741e-06
153	-2.27827e-06
153.5	-2.24894e-06
154	-2.15616e-06
154.5	-2.01199e-06
155	-1.82614e-06
155.5	-1.69288e-06
156	-1.74738e-06
156.5	-1.88893e-06
157	-2.17025e-06
157.5	-2.53434e-06
158	-3.10917e-06
158.5	-3.74173e-06
159	-4.28273e-06
159.5	-4.96954e-06
160	-4.73739e-06
160.5	-6.03321e-06
161	-7.6857e-06
161.5	-8.54908e-06
162	-6.67491e-06
162.5	-6.07719e-06
163	-5.3486e-06
163.5	-5.44601e-06
164	-4.65274e-06
164.5	-4.78726e-06
165	-4.69056e-06
165.5	-4.09135e-06
166	-4.04835e-06
166.5	-4.12932e-06
167	-4.12182e-06
167.5	-4.22294e-06
168	-4.78349e-06
168.5	-5.70164e-06
169	-6.09364e-06
169.5	-6.15692e-06
170	-6.17038e-06
170.5	-6.2206e-06
171	-6.2675e-06
171.5	-6.3242e-06
172	-6.69768e-06
172.5	-7.10513e-06
173	-7.19997e-06
173.5	-7.26931e-06
174	-7.60837e-06
174.5	-7.87817e-06
175	-7.93776e-06
175.5	-5.43447e-06
176	-5.81064e-06
176.5	-3.68887e-06
177	-2.98759e-06
177.5	-3.14898e-06
178	-4.3646e-06
178.5	-4.81668e-06
179	-4.95853e-06
179.5	-5.25419e-06
180	-5.89144e-06
180.5	-6.09193e-06
181	-6.05416e-06
181.5	-5.9844e-06
182	-5.84766e-06
182.5	-5.81768e-06
183	-5.84222e-06
183.5	-5.86102e-06
184	-5.68538e-06
184.5	-5.58985e-06
185	-5.65428e-06
185.5	-5.72032e-06
186	-5.8388e-06
186.5	-5.91741e-06
187	-6.28015e-06
187.5	-6.93795e-06
188	-7.65672e-06
188.5	-8.53745e-06
189	-1.10402e-05
189.5	-5.24933e-05
190	-0.000235593
190.5	0.000301787
191	0.00011519
191.5	4.51626e-05
192	-0.000134183
192.5	-3.25738e-05
193	-8.46403e-06
193.5	-1.03678e-07
194	2.97054e-06
194.5	2.33427e-06
195	2.117e-06
195.5	1.26916e-06
196	4.29423e-07
196.5	-2.81484e-07
197	-9.08969e-07
197.5	-1.36048e-06
198	-2.02082e-06
198.5	-2.58703e-06
199	-3.10677e-06
199.5	-3.62907e-06
200	-4.01432e-06
200.5	-4.21513e-06
201	-4.34201e-06
201.5	-4.50864e-06
202	-4.83149e-06
202.5	-5.22554e-06
203	-5.5667e-06
203.5	-5.57702e-06
204	-5.49571e-06
204.5	-5.45764e-06
205	-5.70303e-06
205.5	-6.21028e-06
206	-3.17706e-06
206.5	-1.83796e-06
207	-2.69047e-06
207.5	-5.64324e-06
208	-8.08495e-06
208.5	-8.20644e-06
209	-8.06325e-06
209.5	-7.52266e-06
210	-7.03187e-06
210.5	-6.63064e-06
211	-6.34326e-06
211.5	-5.98276e-06
212	-5.7443e-06
212.5	-5.50369e-06
213	-5.3717e-06
213.5	-5.58783e-06
214	-6.05615e-06
214.5	-6.3269e-06
215	-7.58591e-06
215.5	-6.62125e-06
216	-6.67081e-06
216.5	-6.98671e-06
217	-7.40699e-06
217.5	-7.99907e-06
218	-8.89847e-06
218.5	-9.99978e-06
219	-8.9867e-06
219.5	-3.75992e-05
220	-0.000115222
220.5	-3.42356e-05
221	9.99681e-06
221.5	1.56809e-05
222	6.3386e-06
222.5	6.20531e-07
223	-4.14248e-06
223.5	-5.94537e-06
224	-7.00186e-06
224.5	-7.78046e-06
225	-8.40753e-06
225.5	-8.35524e-06
226	-9.7539e-06
226.5	-1.08895e-05
227	-1.01607e-05
227.5	-9.32944e-06
228	-5.53441e-06
228.5	-7.42175e-06
229	-5.71954e-06
229.5	-5.36402e-06
230	-5.49289e-06
230.5	-5.81578e-06
231	-6.18342e-06
231.5	-6.52158e-06
232	-7.01796e-06
232.5	-7.38554e-06
233	-7.65641e-06
233.5	-8.33023e-06
234	-5.32113e-06
234.5	-7.44865e-06
235	-1.15715e-05
235.5	-1.0271e-05
236	-8.41441e-06
236.5	-1.0121e-05
237	-9.2744e-06
237.5	-1.09685e-05
238	-1.07517e-05
238.5	-1.23752e-05
239	-1.31052e-05
239.5	-1.03502e-05
240	-1.00668e-05
240.5	-1.16293e-05
241	-8.6956e-06
241.5	-7.81474e-06
242	-4.9647e-06
242.5	-5.89704e-06
243	-7.90572e-06
243.5	-8.65149e-06
244	-8.40745e-06
244.5	-8.81216e-06
245	-5.4986e-06
245.5	-5.07766e-06
246	-9.63863e-06
246.5	-1.10991e-05
247	-1.15509e-05
247.5	-6.67818e-06
248	-1.49637e-05
248.5	-1.0717e-05
249	-8.0586e-06
249.5	-9.60198e-06
250	-1.52621e-05
250.5	-1.3514e-05
251	-3.51417e-05
251.5	1.91475e-05
252	-9.16551e-05
252.5	0.000568889
253	0.000267252
253.5	0.0001584
254	-3.82802e-05
254.5	-4.36173e-05
255	-2.30795e-05
255.5	-1.14359e-05
256	-5.94068e-06
256.5	-3.55544e-06
257	-2.5388e-06
257.5	-2.24749e-06
258	-2.16531e-06
258.5	-2.20361e-06
259	-2.36108e-06
259.5	-2.47238e-06
260	-2.54248e-06
260.5	-2.75587e-06
261	-2.85466e-06
261.5	-2.9423e-06
262	-3.16286e-06
262.5	-3.55551e-06
263	-4.14537e-06
263.5	-5.04924e-06
264	-5.91444e-06
264.5	-2.766e-06
265	-1.64777e-06
265.5	-2.3995e-06
266	-2.6771e-06
266.5	-3.14031e-06
267	-3.79866e-06
267.5	-5.72723e-06
268	-5.99095e-06
268.5	-6.22334e-06
269	-6.10299e-06
269.5	-6.23486e-06
270	-6.40845e-06
270.5	-6.24645e-06
271	-5.94891e-06
271.5	-5.78841e-06
272	-5.66415e-06
272.5	-5.71631e-06
273	-5.87235e-06
273.5	-6.56262e-06
274	-7.18009e-06
274.5	-7.48236e-06
275	-7.62662e-06
275.5	-7.72147e-06
276	-7.69066e-06
276.5	-7.69032e-06
277	-7.69871e-06
277.5	-7.66934e-06
278	-7.93498e-06
278.5	-8.40194e-06
279	-9.15831e-06
279.5	-9.269e-06
280	-7.1772e-06
280.5	-9.92862e-06
281	-2.89027e-05
281.5	-0.000159211
282	0.000597446
282.5	0.000257178
283	0.000127829
283.5	-9.89486e-05
284	-9.97171e-05
284.5	-2.35775e-05
285	-1.0546e-05
285.5	-5.281e-06
286	-3.77305e-06
286.5	-3.95199e-06
287	-4.51567e-06
287.5	-5.07691e-06
288	-5.5513e-06
288.5	-5.92793e-06
289	-6.17363e-06
289.5	-6.28844e-06
290	-6.25322e-06
290.5	-6.26075e-06
291	-6.09944e-06
291.5	-5.74809e-06
292	-5.27916e-06
292.5	-4.48258e-06
293	2.28192e-06
293.5	-6.10606e-10
294	-2.23884e-06
294.5	-3.1077e-06
295	-2.64198e-06
295.5	-2.60734e-06
296	-3.62388e-06
296.5	-4.3201e-06
297	-4.6019e-06
297.5	-4.2185e-06
298	-3.73949e-06
298.5	-3.39943e-06
299	-3.12085e-06
299.5	-2.93792e-06
300	-2.80193e-06
300.5	-2.57079e-06
301	-2.41422e-06
301.5	-2.30549e-06
302	-2.1362e-06
302.5	-2.17639e-06
303	-2.26832e-06
303.5	-2.22297e-06
304	-2.14258e-06
304.5	-2.13838e-06
305	-2.05436e-06
305.5	-1.80067e-06
306	-6.95076e-07
306.5	2.76326e-07
307	6.9893e-07
307.5	-2.44548e-07
308	-8.42533e-07
308.5	5.27142e-07
309	-5.78332e-07
309.5	-9.9134e-07
310	-1.65327e-06
310.5	-2.14588e-06
311	-2.38007e-06
311.5	-2.53531e-06
312	-2.44599e-06
312.5	-2.93471e-06
313	-3.19953e-06
313.5	-2.93134e-06
314	-2.70167e-06
314.5	-2.70386e-06
315	-2.4923e-06
315.5	-2.41674e-06
316	-2.39151e-06
316.5	-2.40035e-06
317	-2.46759e-06
317.5	-2.54063e-06
318	-2.59963e-06
318.5	-2.75167e-06
319	-2.84722e-06
319.5	-3.22553e-06
320	-2.00349e-06
320.5	-1.87671e-06
321	-1.31417e-06
321.5	-1.98272e-06
322	-9.94437e-07
322.5	1.1158e-06
323	1.25861e-06
323.5	8.01652e-07
324	-1.79859e-06
324.5	-4.36675e-07
325	-1.40488e-06
325.5	-1.85543e-06
326	-2.14001e-06
326.5	-3.27761e-06
327	-3.88968e-06
327.5	-4.05937e-06
328	-4.05093e-06
328.5	-3.96653e-06
329	-3.7429e-06
329.5	-3.4896e-06
330	-3.19797e-06
330.5	-2.83143e-06
331	-2.51865e-06
331.5	-2.13456e-06
332	-1.90865e-06
332.5	-1.84307e-06
333	-9.91927e-07
333.5	-1.48726e-06
334	-1.22222e-06
334.5	-1.086e-06
335	-1.43918e-06
335.5	-5.29343e-07
336	-1.69795e-06
336.5	-1.57908e-06
337	-1.94287e-06
337.5	-1.93784e-06
338	-2.18808e-06
338.5	-2.24126e-06
339	-2.54172e-06
339.5	-2.764e-06
340	-2.81304e-06
340.5	-2.71719e-06
341	-2.72779e-06
341.5	-2.89805e-06
342	-2.92934e-06
342.5	-3.00176e-06
343	-3.09375e-06
343.5	-3.33072e-06
344	-3.64699e-06
344.5	-3.84849e-06
345	-4.10837e-06
345.5	-4.37067e-06
346	-4.72013e-06
346.5	-4.86043e-06
347	-3.46028e-06
347.5	-2.99362e-06
348	-3.94857e-06
348.5	-2.53931e-06
349	-1.26264e-06
349.5	-6.7083e-07
350	-1.87521e-06
350.5	-3.99574e-06
351	-3.8175e-06
351.5	-3.54346e-06
352	-4.27698e-06
352.5	-4.96459e-06
353	-5.35618e-06
353.5	-5.43546e-06
354	-5.58599e-06
354.5	-5.6282e-06
355	-5.47235e-06
355.5	-5.27345e-06
356	-5.05498e-06
356.5	-4.89552e-06
357	-4.73613e-06
357.5	-4.4583e-06
358	-4.24898e-06
358.5	-4.25247e-06
359	-4.31502e-06
359.5	-4.29535e-06
360	-3.83709e-06
360.5	-3.40853e-06
361	-3.9515e-06
361.5	-3.17043e-06
362	-2.97939e-06
362.5	-4.33963e-06
363	-4.60695e-06
363.5	-3.38375e-06
364	-3.47814e-06
364.5	-2.7902e-06
365	-2.57974e-06
365.5	-2.74976e-06
366	-3.12666e-06
366.5	-3.53041e-06
367	-3.9395e-06
367.5	-4.26934e-06
368	-4.39585e-06
368.5	-4.04517e-06
369	-3.63552e-06
369.5	-3.48398e-06
370	-3.04943e-06
370.5	-2.51993e-06
371	-3.05104e-06
371.5	-8.55998e-07
372	-6.19275e-07
372.5	-1.06414e-06
373	-1.54206e-06
373.5	-1.27737e-06
374	-2.5419e-07
374.5	6.2021e-07
375	-1.09287e-06
375.5	-2.6124e-06
376	-2.3863e-06
376.5	-2.80529e-06
377	-2.86895e-06
377.5	-2.45166e-06
378	-1.90774e-06
378.5	-1.4979e-06
379	-1.15937e-06
379.5	-9.27616e-07
380	-2.19995e-06
380.5	-1.8521e-06
381	-1.90957e-06
381.5	-2.37801e-06
382	-3.97032e-06
382.5	-4.63545e-06
383	-4.97503e-06
383.5	-4.59645e-06
384	-4.19385e-06
384.5	-7.75512e-06
385	-7.92244e-06
385.5	-4.33864e-06
386	-3.54215e-06
386.5	-2.59263e-06
387	-4.64521e-06
387.5	-7.4757e-06
388	-9.67098e-06
388.5	-9.84122e-06
389	-1.57397e-05
389.5	-0.000126852
390	2.36596e-05
390.5	0.000518343
391	0.000392585
391.5	0.000125248
392	-6.85595e-05
392.5	-6.51577e-05
393	-4.39878e-05
393.5	-1.74094e-05
394	-1.92772e-05
394.5	-1.28871e-05
395	-4.15035e-06
395.5	-1.43432e-06
396	8.79809e-10
396.5	-1.27367e-07
397	-1.94572e-07
397.5	4.66549e-07
398	1.57796e-07
398.5	-9.82896e-08
399	-1.63098e-07
399.5	-3.21609e-07
400	-5.22241e-07
400.5	-7.43951e-07
401	-1.1108e-06
401.5	-1.50679e-06
402	-1.8498e-06
402.5	-2.03857e-06
403	3.9686e-07
403.5	-1.5062e-07
404	-1.53993e-06
404.5	-2.36633e-06
405	6.16097e-07
405.5	-4.7118e-07
406	-2.6183e-06
406.5	-3.70193e-06
407	-3.51501e-06
407.5	-3.62017e-06
408	-3.92936e-06
408.5	-3.95747e-06
409	-3.78922e-06
409.5	-3.6737e-06
410	-3.62524e-06
410.5	-3.67228e-06
411	-3.03899e-06
411.5	-3.27708e-06
412	-3.60942e-06
412.5	-3.86755e-06
413	-4.04323e-06
413.5	-4.06091e-06
414	-4.07991e-06
414.5	-4.22437e-06
415	-4.32275e-06
415.5	-4.49196e-06
416	-3.1981e-06
416.5	-3.15136e-06
417	-4.01012e-06
417.5	-4.42162e-06
418	-4.57437e-06
418.5	-4.67402e-06
419	-1.28809e-06
419.5	-1.45715e-06
420	-1.57678e-06
420.5	-7.21892e-07
421	-1.71942e-06
421.5	-1.76921e-06
422	-1.93219e-06
422.5	-1.66344e-06
423	-1.21563e-06
423.5	-6.84601e-07
424	-2.11107e-07
424.5	9.02346e-08
425	-8.3948e-08
425.5	-4.35923e-08
426	3.37525e-07
426.5	6.69831e-07
427	9.7717e-07
427.5	1.32903e-06
428	1.66745e-06
428.5	2.09119e-06
429	4.74334e-06
429.5	3.84548e-06
430	2.85448e-06
430.5	2.32789e-06
431	2.10657e-06
431.5	1.9494e-06
432	1.43318e-06
432.5	5.10492e-06
433	3.33149e-06
433.5	7.44984e-07
434	-1.26951e-06
434.5	-1.69006e-06
435	-1.13003e-06
435.5	-1.17331e-06
436	-1.14788e-06
436.5	-1.5953e-06
437	-2.20175e-06
437.5	-2.8028e-06
438	-3.35411e-06
438.5	-3.87884e-06
439	-4.0786e-06
439.5	-4.03013e-06
440	-3.76903e-06
440.5	-3.45325e-06
441	-3.21124e-06
441.5	-3.16933e-06
442	-3.14132e-06
442.5	-3.16128e-06
443	-3.58054e-06
443.5	-4.17878e-06
444	-4.93607e-06
444.5	2.8719e-07
445	-2.31711e-06
445.5	-3.15652e-06
446	-4.35382e-06
446.5	-4.42636e-06
447	-4.75315e-06
447.5	-4.61521e-06
448	-4.29372e-06
448.5	-4.59583e-06
449	-5.67223e-06
449.5	-5.85448e-06
450	-5.6462e-06
450.5	-5.60216e-06
451	-5.3792e-06
451.5	-5.10888e-06
452	-4.94969e-06
452.5	-4.72216e-06
453	-4.44716e-06
453.5	-4.2625e-06
454	-4.08179e-06
454.5	-4.01154e-06
455	-3.92414e-06
455.5	-4.09697e-06
456	-4.38823e-06
456.5	-4.8377e-06
457	-5.24156e-06
457.5	-5.58075e-06
458	-5.82643e-06
458.5	-5.75635e-06
459	-5.51046e-06
459.5	-2.65591e-06
460	-2.2344e-06
460.5	-3.50789e-06
461	-4.74312e-06
461.5	-4.26504e-06
462	-4.93626e-06
462.5	-5.39769e-06
463	-5.44898e-06
463.5	-5.23299e-06
464	-5.04239e-06
464.5	-4.59872e-06
465	-3.94631e-06
465.5	-4.39301e-06
466	-4.60442e-06
466.5	-4.49979e-06
467	-4.31997e-06
467.5	-4.2447e-06
468	-4.16811e-06
468.5	-4.01345e-06
469	-3.89645e-06
469.5	-3.74284e-06
470	-3.83955e-06
470.5	-3.79624e-06
471	-3.85004e-06
471.5	-3.97853e-06
472	-3.97256e-06
472.5	-1.97121e-06
473	-3.05406e-06
473.5	-1.62363e-06
474	-9.37168e-08
474.5	-2.6546e-06
475	-3.72719e-06
475.5	-5.02067e-06
476	-5.51592e-06
476.5	-6.33318e-06
477	-6.25271e-06
477.5	-6.14598e-06
478	-5.84383e-06
478.5	-5.53948e-06
479	-5.29333e-06
479.5	-5.0985e-06
480	-4.86494e-06
480.5	-4.6722e-06
481	-4.58999e-06
481.5	-4.60382e-06
482	-4.96199e-06
482.5	-6.67264e-06
483	-6.51124e-06
483.5	-6.76583e-06
484	-7.17533e-06
484.5	-7.54076e-06
485	-7.87431e-06
485.5	-8.19065e-06
486	-8.60264e-06
486.5	-9.11919e-06
487	-9.75155e-06
487.5	-7.72632e-06
488	-9.47998e-06
488.5	-7.17949e-06
489	-6.89136e-06
489.5	-8.88459e-06
490	-1.0365e-05
490.5	-1.16675e-05
491	-1.23468e-05
491.5	-1.18894e-05
492	-1.14511e-05
492.5	-1.13335e-05
493	-1.02501e-05
493.5	-9.27263e-06
494	-8.84685e-06
494.5	-8.06702e-06
495	-7.12544e-06
495.5	-6.32758e-06
496	-5.80403e-06
496.5	-5.47005e-06
497	-7.06348e-06
497.5	-7.59338e-06
498	-5.8697e-06
498.5	-5.05694e-06
499	-4.49977e-06
499.5	-3.89544e-06
500	-3.42342e-06
500.5	-3.01618e-06
501	-2.77046e-06
501.5	-2.69805e-06
502	-2.69908e-06
502.5	-3.8656e-06
503	4.59647e-06
503.5	-3.06845e-07
504	-3.62831e-06
504.5	-5.78085e-06
505	-6.73827e-06
505.5	-8.05866e-06
506	-7.64312e-06
506.5	-6.38358e-06
507	-9.03763e-06
507.5	-6.88605e-06
508	-7.93837e-06
508.5	-6.65785e-06
509	-5.82033e-06
509.5	-5.22863e-06
510	-5.02406e-06
510.5	-3.95082e-06
511	-5.32163e-06
511.5	-6.67339e-06
512	-8.76002e-06
512.5	-4.57399e-06
513	-4.70372e-06
513.5	-1.17178e-05
514	-9.87433e-06
514.5	-1.15477e-05
515	-1.08857e-05
515.5	-1.20631e-05
516	-9.38175e-06
516.5	-8.29378e-05
517	4.26212e-05
517.5	0.000445904
518	0.000323053
518.5	0.000119992
519	-0.000127596
519.5	-0.000150943
520	-5.17699e-05
520.5	-9.23652e-06
521	-5.70025e-06
521.5	-1.85282e-06
522	-1.40403e-07
522.5	2.85634e-06
523	3.29536e-06
523.5	3.9155e-06
524	4.02408e-06
524.5	4.01776e-06
525	4.00159e-06
525.5	4.0098e-06
526	4.12523e-06
526.5	4.15909e-06
527	4.05117e-06
527.5	3.86458e-06
528	3.68999e-06
528.5	3.35715e-06
529	2.95796e-06
529.5	2.55972e-06
530	2.24427e-06
530.5	1.80424e-06
531	9.63273e-07
531.5	1.62112e-07
532	-4.23706e-07
532.5	2.84853e-06
533	2.43923e-06
533.5	4.94849e-06
534	1.50792e-06
534.5	-1.17718e-06
535	-2.09813e-06
535.5	-3.98809e-06
536	-4.67465e-06
536.5	-3.89593e-06
537	-3.66147e-06
537.5	-3.45365e-06
538	-3.35867e-06
538.5	-3.33604e-06
539	-3.42068e-06
539.5	-3.55189e-06
540	-3.85065e-06
540.5	-4.15402e-06
541	-4.44138e-06
541.5	-4.75509e-06
542	-4.88554e-06
542.5	-4.62215e-06
543	-3.29552e-06
543.5	-3.59418e-06
544	-2.60928e-06
544.5	-3.22775e-06
545	-3.524e-06
545.5	-3.56724e-06
546	-2.00854e-06
546.5	-2.67985e-06
547	-3.37338e-06
547.5	-3.98907e-06
548	-4.51919e-06
548.5	-2.99802e-06
549	-3.43311e-06
549.5	-3.83529e-06
550	-3.83755e-06
550.5	-3.80486e-06
551	-3.59265e-06
551.5	-3.55045e-06
552	-3.83188e-06
552.5	-4.30989e-06
553	-4.72102e-06
553.5	-5.0008e-06
554	-5.1147e-06
554.5	-5.21472e-06
555	-5.61898e-06
555.5	-5.99401e-06
556	-6.43167e-06
556.5	-7.18262e-06
557	-4.62864e-06
557.5	-7.47034e-06
558	-1.12636e-05
558.5	-7.98198e-05
559	-0.000109678
559.5	-3.08839e-05
560	2.37607e-05
560.5	1.81384e-05
561	8.22263e-06
561.5	2.69949e-06
562	-3.7952e-07
562.5	-2.06801e-06
563	-2.93575e-06
563.5	-3.27396e-06
564	-3.38548e-06
564.5	-3.47085e-06
565	-3.65614e-06
565.5	-3.67044e-06
566	-3.54802e-06
566.5	-3.46636e-06
567	-3.2412e-06
567.5	-3.08126e-06
568	-3.00495e-06
568.5	-2.92211e-06
569	-2.97193e-06
569.5	-3.06793e-06
570	-3.17682e-06
570.5	-3.43295e-06
571	-3.78941e-06
571.5	-2.87858e-06
572	5.06463e-06
572.5	1.65283e-06
573	-1.137e-06
573.5	-2.37732e-06
574	-3.50698e-06
574.5	-3.53176e-06
575	-4.97253e-06
575.5	-5.68476e-06
576	-4.71162e-06
576.5	-4.01102e-06
577	-3.70584e-06
577.5	-3.7468e-06
578	-3.8958e-06
578.5	-4.10144e-06
579	-4.22832e-06
579.5	-4.30215e-06
580	-4.36674e-06
580.5	-4.40248e-06
581	-4.25892e-06
581.5	-4.04918e-06
582	-3.81638e-06
582.5	-3.61117e-06
583	-3.42925e-06
583.5	-3.32625e-06
584	-3.06033e-06
584.5	-2.77599e-06
585	-2.60095e-06
585.5	-2.45185e-06
586	-2.49041e-06
586.5	1.56236e-06
587	1.30007e-06
587.5	-1.83587e-07
588	-2.00627e-06
588.5	-2.7372e-06
589	-2.60981e-06
589.5	-2.4774e-06
590	-3.42619e-06
590.5	-3.6384e-06
591	-3.65799e-06
591.5	-3.64434e-06
592	-3.62998e-06
592.5	-3.81126e-06
593	-3.70496e-06
593.5	-3.24324e-06
594	-2.67444e-06
594.5	-2.2091e-06
595	-1.91406e-06
595.5	-1.83565e-06
596	-1.78958e-06
596.5	-1.8481e-06
597	-1.97446e-06
597.5	-1.93523e-06
598	-1.82822e-06
598.5	-1.64699e-06
599	8.01726e-07
599.5	1.90198e-06
600	1.32113e-06
600.5	2.35889e-06
601	1.21471e-06
601.5	-3.85243e-07
602	-1.39047e-06
602.5	-1.38488e-06
603	-1.18684e-06
603.5	-1.54e-06
604	-1.07308e-06
604.5	-8.6314e-07
605	-8.40772e-07
605.5	-9.51626e-07
606	-1.26775e-06
606.5	-1.70236e-06
607	-2.11739e-06
607.5	-2.50242e-06
608	-2.64516e-06
608.5	-3.53346e-06
609	-2.79525e-06
609.5	-3.21629e-06
610	-3.64116e-06
610.5	-3.88175e-06
611	-6.06103e-06
611.5	-4.5593e-06
612	-4.25899e-06
612.5	-3.74365e-06
613	-4.87805e-06
613.5	-3.95533e-06
614	-5.77471e-06
614.5	-8.36833e-06
615	-6.58554e-06
615.5	-1.09126e-05
616	-8.05619e-06
616.5	-8.62681e-06
617	-8.06016e-06
617.5	-8.75699e-06
618	-7.23892e-06
618.5	-1.28265e-05
619	-1.16435e-05
619.5	-1.31993e-05
620	-1.17124e-05
620.5	-9.31078e-06
621	-6.52516e-06
621.5	-8.76436e-06
622	-7.51916e-06
622.5	-7.20562e-06
623	-1.24079e-05
623.5	-9.13915e-06
624	-1.8678e-05
624.5	-2.90582e-05
625	-0.000204872
625.5	-5.30872e-05
626	0.000448794
626.5	0.000282928
627	4.33511e-05
627.5	-0.000152341
628	-0.000107483
628.5	-6.14224e-05
629	-0.000100553
629.5	7.86241e-05
630	-9.594e-05
630.5	0.000379758
631	0.000304482
631.5	-5.87158e-05
632	-4.86543e-05
632.5	-2.37402e-05
633	-1.06163e-05
633.5	-4.81296e-06
634	-2.57026e-06
634.5	-2.06916e-06
635	-2.18444e-06
635.5	-2.38059e-06
636	-2.668e-06
636.5	-2.98221e-06
637	-3.27297e-06
637.5	-3.57225e-06
638	-3.9883e-06
638.5	-4.49763e-06
639	-5.13616e-06
639.5	-2.28698e-06
640	-2.15982e-06
640.5	-4.28719e-07
641	-4.95671e-07
641.5	-2.35093e-06
642	-4.22055e-06
642.5	-5.34833e-06
643	-5.99316e-06
643.5	-6.3951e-06
644	-7.40303e-06
644.5	-8.3948e-06
645	-8.95836e-06
645.5	-9.12014e-06
646	-9.08719e-06
646.5	-8.95342e-06
647	-8.72997e-06
647.5	-8.55717e-06
648	-8.43109e-06
648.5	-8.37678e-06
649	-8.35751e-06
649.5	-8.32437e-06
650	-8.32101e-06
650.5	-8.4215e-06
651	-8.45049e-06
651.5	-8.47981e-06
652	-8.55216e-06
652.5	-8.78573e-06
653	-9.31796e-06
653.5	-5.19522e-06
654	-4.44401e-05
654.5	-0.000115353
655	-5.26854e-05
655.5	2.9005e-05
656	2.52486e-05
656.5	1.10449e-05
657	3.84308e-06
657.5	-3.17182e-07
658	-2.75453e-06
658.5	-4.18556e-06
659	-4.76502e-06
659.5	-4.71875e-06
660	-4.6759e-06
660.5	-4.87288e-06
661	-5.32306e-06
661.5	-5.75552e-06
662	-6.09303e-06
662.5	-6.28211e-06
663	-6.44142e-06
663.5	-6.58877e-06
664	-6.80436e-06
664.5	-6.99238e-06
665	-7.11166e-06
665.5	-7.38524e-06
666	-5.68779e-06
666.5	-6.45866e-06
667	-7.56366e-06
667.5	-5.23117e-06
668	-6.13698e-06
668.5	-6.63107e-06
669	-6.90619e-06
669.5	-7.09382e-06
670	-8.70101e-06
670.5	-9.80022e-06
671	-1.03013e-05
671.5	-1.01814e-05
672	-9.87707e-06
672.5	-9.52086e-06
673	-8.70394e-06
673.5	-8.33102e-06
674	-7.95473e-06
674.5	-7.70192e-06
675	-7.59777e-06
675.5	-7.47075e-06
676	-7.26535e-06
676.5	-7.17687e-06
677	-7.13224e-06
677.5	-7.21461e-06
678	-7.51684e-06
678.5	-8.02427e-06
679	-8.62175e-06
679.5	-9.1833e-06
680	-9.56823e-06
680.5	-9.79308e-06
681	-1.01023e-05
681.5	-7.63544e-06
682	-3.32718e-06
682.5	-6.85155e-06
683	-8.56849e-06
683.5	-9.69112e-06
684	-9.56425e-06
684.5	-9.10959e-06
685	-8.63907e-06
685.5	-8.20309e-06
686	-7.79001e-06
686.5	-7.64542e-06
687	-7.63631e-06
687.5	-7.66612e-06
688	-7.514e-06
688.5	-7.28269e-06
689	-7.0373e-06
689.5	-6.79445e-06
690	-6.41215e-06
690.5	-6.1421e-06
691	-5.88498e-06
691.5	-5.6592e-06
692	-5.36168e-06
692.5	-4.82904e-06
693	-4.50815e-06
693.5	-4.32789e-06
694	-4.23207e-06
694.5	-4.07632e-06
695	-1.30143e-06
695.5	8.09097e-07
696	-3.57588e-06
696.5	-3.70293e-06
697	-4.36959e-06
697.5	-4.4192e-06
698	-3.62269e-06
698.5	-2.37294e-06
699	-2.43484e-06
699.5	-2.89804e-06
700	-2.90406e-06
700.5	-2.89085e-06
701	-2.83615e-06
701.5	-2.7471e-06
702	-2.70252e-06
702.5	-2.63971e-06
703	-2.5289e-06
703.5	-2.32806e-06
704	-2.28211e-06
704.5	-2.33278e-06
705	-2.45591e-06
705.5	-2.74241e-06
706	-3.07043e-06
706.5	-3.41541e-06
707	-3.71862e-06
707.5	-3.90915e-06
708	-4.03288e-06
708.5	-3.73742e-06
709	-2.59674e-06
709.5	6.42823e-07
710	-2.48741e-06
710.5	-4.12182e-06
711	-4.41307e-06
711.5	-4.59569e-06
712	-4.4878e-06
712.5	-3.98838e-06
713	-3.78248e-06
713.5	-4.42738e-06
714	-4.12491e-06
714.5	-3.70132e-06
715	-3.56447e-06
715.5	-3.75213e-06
716	-4.0976e-06
716.5	-4.32575e-06
717	-4.38431e-06
717.5	-4.38671e-06
718	-4.44518e-06
718.5	-4.54044e-06
719	-4.74643e-06
719.5	-4.8228e-06
720	-4.92754e-06
720.5	-5.13234e-06
721	-5.37345e-06
721.5	-5.67089e-06
722	-5.88334e-06
722.5	-3.21863e-06
723	-2.85752e-06
723.5	-3.58641e-06
724	-2.50628e-06
724.5	-3.29037e-06
725	-4.66689e-06
725.5	-5.43995e-06
726	-5.45774e-06
726.5	-6.42984e-06
727	-6.05271e-06
727.5	-4.78048e-06
728	-4.02493e-06
728.5	-3.3857e-06
729	-3.11164e-06
729.5	-3.0623e-06
730	-3.00948e-06
730.5	-3.07668e-06
731	-3.12479e-06
731.5	-3.24966e-06
732	-3.32499e-06
732.5	-3.5345e-06
733	-3.71432e-06
733.5	-3.82795e-06
734	-3.91183e-06
734.5	-4.4038e-06
735	-5.17591e-06
735.5	-5.76891e-06
736	-6.12459e-06
736.5	-3.96114e-06
737	-1.24883e-06
737.5	-4.18804e-06
738	-5.7773e-06
738.5	-6.23467e-06
739	-7.21657e-06
739.5	-7.87642e-06
740	-7.67667e-06
740.5	-7.49225e-06
741	-8.01126e-06
741.5	-7.51389e-06
742	-7.29418e-06
742.5	-7.22629e-06
743	-7.29321e-06
743.5	-7.3768e-06
744	-7.48446e-06
744.5	-7.48898e-06
745	-9.53201e-06
745.5	-1.17159e-05
746	-6.10185e-06
746.5	-4.75169e-06
747	-3.70535e-06
747.5	-4.21947e-06
748	-4.23751e-06
748.5	-5.29709e-06
749	-1.21613e-06
749.5	-2.61867e-06
750	-9.58461e-07
750.5	-2.33581e-06
751	-1.34335e-06
751.5	2.70766e-08
752	-5.45225e-06
752.5	-3.65474e-06
753	-2.17543e-06
753.5	-9.20948e-06
754	-1.74797e-05
754.5	-8.52025e-05
755	3.69757e-05
755.5	-9.95468e-05
756	0.000455249
756.5	0.000648609
757	0.000348591
757.5	9.46732e-05
758	-9.56528e-05
758.5	-0.000143897
759	-8.92644e-05
759.5	-5.67622e-05
760	-5.70263e-06
760.5	1.4218e-06
761	6.5563e-07
761.5	2.21825e-06
762	1.60795e-06
762.5	1.00592e-06
763	6.09579e-07
763.5	1.86023e-07
764	-1.04569e-07
764.5	-2.2034e-07
765	-4.86655e-07
765.5	-7.5842e-07
766	-9.40678e-07
766.5	-1.20091e-06
767	-1.79373e-06
767.5	-2.20985e-06
768	-2.39898e-06
768.5	-2.55211e-06
769	-2.76738e-06
769.5	-2.94366e-06
770	-3.25978e-06
770.5	-3.70607e-06
771	-4.1221e-06
771.5	-4.49983e-06
772	2.46787e-06
772.5	6.93677e-06
773	8.9895e-07
773.5	-1.51316e-06
774	-2.90373e-06
774.5	-2.73633e-06
775	-2.8922e-06
775.5	-4.46804e-06
776	-5.31165e-06
776.5	-5.77994e-06
777	-6.17134e-06
777.5	-6.47445e-06
778	-6.72857e-06
778.5	-6.59601e-06
779	-7.70038e-06
779.5	-8.45711e-06
780	-8.80548e-06
780.5	-8.87709e-06
781	-8.85837e-06
781.5	-8.78497e-06
782	-8.67668e-06
782.5	-8.47189e-06
783	-8.19772e-06
783.5	-7.94731e-06
784	-7.76516e-06
784.5	-7.61773e-06
785	-7.84561e-06
785.5	-7.74275e-06
786	-7.44665e-06
786.5	-5.87202e-06
787	2.25408e-06
787.5	-2.16444e-06
788	-4.00773e-06
788.5	-4.64198e-06
789	-4.27181e-06
789.5	-5.75705e-06
790	-5.68934e-06
790.5	-6.09637e-06
791	-5.99117e-06
791.5	-5.72484e-06
792	-5.29112e-06
792.5	-5.026e-06
793	-5.04822e-06
793.5	-5.12431e-06
794	-5.19777e-06
794.5	-5.34808e-06
795	-5.65778e-06
795.5	-6.05568e-06
796	-6.2984e-06
796.5	-5.23189e-06
797	-6.10046e-06
797.5	-5.97388e-06
798	-7.06201e-06
798.5	-7.77151e-06
799	-7.20381e-06
799.5	-7.50082e-06
800	-8.85954e-06
800.5	-7.47649e-06
801	-8.66766e-06
801.5	-1.02473e-05
802	-1.42311e-05
802.5	-9.16958e-05
803	-6.61898e-05
803.5	-1.49805e-05
804	3.11669e-05
804.5	1.62531e-05
805	7.02064e-06
805.5	1.61125e-06
806	-1.95886e-06
806.5	-4.41832e-06
807	-5.99774e-06
807.5	-6.96905e-06
808	-7.81938e-06
808.5	-8.55885e-06
809	-9.21169e-06
809.5	-9.77451e-06
810	-1.0329e-05
810.5	-1.08455e-05
811	-1.15088e-05
811.5	-1.18784e-05
812	-1.19479e-05
812.5	-1.17024e-05
813	-1.10464e-05
813.5	-3.60983e-06
814	-6.15219e-06
814.5	-8.26293e-06
815	-8.70668e-06
815.5	-7.3803e-06
816	-6.7151e-06
816.5	-6.18532e-06
817	-5.44891e-06
817.5	-3.14552e-06
818	-2.05161e-06
818.5	-2.60926e-06
819	-3.41343e-06
819.5	-4.55444e-06
820	-4.93166e-06
820.5	-5.226e-06
821	-5.42112e-06
821.5	-5.50719e-06
822	-5.53669e-06
822.5	-3.91551e-06
823	-2.08306e-06
823.5	-2.56735e-06
824	-2.82496e-06
824.5	-3.63568e-06
825	-3.48733e-06
825.5	-4.03106e-06
826	-3.98942e-06
826.5	-3.93089e-06
827	-4.00395e-06
827.5	-3.78103e-06
828	-3.34344e-06
828.5	-2.88896e-06
829	-3.36522e-06
829.5	-2.96782e-06
830	-3.30273e-06
830.5	-3.46118e-06
831	-4.47824e-06
831.5	-3.6407e-06
832	-3.45518e-06
832.5	-3.32165e-06
833	-3.3201e-06
833.5	-3.24563e-06
834	-3.27841e-06
834.5	-3.48097e-06
835	-4.50762e-06
835.5	-2.96859e-06
836	-2.26538e-06
836.5	-3.093e-06
837	-8.12295e-07
837.5	-2.1547e-06
838	-3.0116e-06
838.5	-3.99748e-06
839	-5.48938e-06
839.5	-6.04924e-06
840	-6.45801e-06
840.5	-6.82587e-06
841	-6.83462e-06
841.5	-6.93075e-06
842	-7.02596e-06
842.5	-7.09524e-06
843	-7.17964e-06
843.5	-7.01761e-06
844	-7.18645e-06
844.5	-7.18948e-06
845	-7.01427e-06
845.5	-6.77691e-06
846	-6.52766e-06
846.5	-6.2946e-06
847	-6.25249e-06
847.5	-6.1555e-06
848	-6.07453e-06
848.5	-5.96491e-06
849	-8.63867e-06
849.5	-9.75048e-06
850	-7.58002e-06
850.5	-7.58004e-06
851	-5.87625e-06
851.5	-6.31923e-06
852	-6.20689e-06
852.5	-3.10648e-07
853	-7.31838e-07
853.5	-4.11458e-06
854	-4.36619e-06
854.5	-3.64284e-06
855	-5.87737e-06
855.5	-4.57028e-06
856	-5.37385e-06
856.5	-7.89916e-06
857	-5.92266e-06
857.5	-5.27664e-06
858	-5.2533e-06
858.5	-5.39449e-06
859	-4.05939e-06
859.5	-2.05092e-06
860	-4.72219e-06
860.5	-2.96134e-06
861	-3.04809e-06
861.5	-4.04443e-06
862	-7.92849e-06
862.5	-9.00833e-06
863	-1.32744e-05
863.5	-1.38211e-05
864	-1.25368e-05
864.5	-6.94258e-06
865	-9.10121e-06
865.5	-6.53559e-06
866	-1.0548e-06
866.5	-1.5895e-05
867	-1.23652e-05
867.5	-5.95173e-06
868	-9.46668e-06
868.5	-1.28728e-05
869	-1.49974e-05
869.5	-2.21434e-05
870	-6.98545e-05
870.5	4.91189e-05
871	0.000249675
871.5	0.00047824
872	0.000293588
872.5	-7.02269e-06
873	-7.58198e-05
873.5	-3.67684e-05
874	-1.86791e-05
874.5	-1.02948e-05
875	-7.86642e-06
875.5	-2.14934e-06
876	-1.07523e-06
876.5	-1.16333e-06
877	-1.50275e-06
877.5	-2.01157e-06
878	-2.41109e-06
878.5	-2.84555e-06
879	-3.15886e-06
879.5	-3.27229e-06
880	-3.22677e-06
880.5	-3.02725e-06
881	-2.71967e-06
881.5	-2.52623e-06
882	-2.24271e-06
882.5	-2.11348e-06
883	-2.417e-06
883.5	-2.83988e-06
884	-3.32819e-06
884.5	-3.73338e-06
885	-3.92088e-06
885.5	2.28644e-06
886	6.47723e-06
886.5	7.0253e-06
887	2.24771e-06
887.5	1.74728e-07
888	-1.90887e-06
888.5	-2.37086e-06
889	-2.4697e-06
889.5	-2.29719e-06
890	-2.012e-06
890.5	-1.521e-06
891	-1.16817e-06
891.5	-1.06998e-06
892	-1.12623e-06
892.5	-1.017e-06
893	-8.9866e-07
893.5	-6.6107e-07
894	-5.2481e-07
894.5	-7.90761e-07
895	-1.01002e-06
895.5	-1.17614e-06
896	-1.40142e-06
896.5	-1.72792e-06
897	-2.03886e-06
897.5	-2.28358e-06
898	-2.49157e-06
898.5	-2.66389e-06
899	-2.71136e-06
899.5	-2.0034e-06
900	-3.92191e-06
900.5	-6.12741e-06
901	-4.55202e-06
901.5	-8.40595e-07
902	-2.23785e-06
902.5	-1.90255e-06
903	-1.46405e-06
903.5	-1.80073e-06
904	-1.52677e-06
904.5	-1.78757e-06
905	-2.07909e-06
905.5	-2.1503e-06
906	-2.0758e-06
906.5	-2.02488e-06
907	-2.04183e-06
907.5	-2.17532e-06
908	-2.32209e-06
908.5	-2.725e-06
909	-3.35465e-06
909.5	-3.97301e-06
910	-4.54836e-06
910.5	-4.83669e-06
911	-5.01854e-06
911.5	-5.30107e-06
912	-5.62398e-06
912.5	-6.16265e-06
913	-7.18851e-06
913.5	-9.31791e-06
914	-6.91365e-05
914.5	-0.0002253
915	0.000211606
915.5	7.30528e-05
916	8.29022e-05
916.5	-0.00011894
917	-4.77187e-05
917.5	-1.40278e-05
918	-3.8544e-06
918.5	-6.9773e-07
919	-2.25253e-07
919.5	-1.12112e-06
920	-2.28784e-06
920.5	-2.79491e-06
921	-2.88738e-06
921.5	-2.91043e-06
922	-2.97091e-06
922.5	-3.00373e-06
923	-2.75176e-06
923.5	-2.67137e-06
924	-2.6689e-06
924.5	-2.69483e-06
925	-2.8641e-06
925.5	-2.9161e-06
926	-3.16521e-06
926.5	-3.67716e-06
927	-4.41397e-06
927.5	-5.1044e-06
928	-5.65976e-06
928.5	-6.04424e-06
929	-6.4473e-06
929.5	-6.95875e-06
930	-9.39399e-07
930.5	-2.08797e-06
931	-5.8185e-06
931.5	-8.5929e-06
932	-8.34502e-06
932.5	-7.45586e-06
933	-7.15411e-06
933.5	-7.29372e-06
934	-7.45961e-06
934.5	-7.42093e-06
935	-7.52826e-06
935.5	-7.31198e-06
936	-6.99507e-06
936.5	-6.57384e-06
937	-6.32523e-06
937.5	-5.85903e-06
938	-5.45605e-06
938.5	-5.276e-06
939	-5.15171e-06
939.5	-5.17791e-06
940	-5.09104e-06
940.5	-5.03039e-06
941	-5.94697e-06
941.5	-5.0508e-06
942	-4.94518e-06
942.5	-4.94758e-06
943	-4.89119e-06
943.5	-5.00402e-06
944	-5.16789e-06
944.5	-5.33931e-06
945	-5.50654e-06
945.5	-5.78264e-06
946	-6.60564e-06
946.5	2.65071e-06
947	-3.22027e-06
947.5	-1.82715e-05
948	-7.71476e-05
948.5	-4.44205e-05
949	-4.02313e-06
949.5	2.10797e-05
950	1.23259e-05
950.5	6.33805e-06
951	2.46034e-06
951.5	2.04618e-10
952	-1.16212e-06
952.5	-1.73949e-06
953	-2.10943e-06
953.5	-2.45162e-06
954	-2.87755e-06
954.5	-3.26187e-06
955	-3.75007e-06
955.5	-4.27671e-06
956	-4.54062e-06
956.5	-4.34891e-06
957	-4.23357e-06
957.5	-4.43295e-06
958	-5.04583e-06
958.5	-5.85454e-06
959	-6.33609e-06
959.5	-9.60543e-06
960	-7.53755e-05
960.5	-0.000134925
961	0.000271723
961.5	0.000353112
962	0.000198498
962.5	-0.000111072
963	-0.000113732
963.5	-2.28435e-05
964	-8.31447e-06
964.5	-2.3688e-06
965	-1.24587e-06
965.5	-2.19927e-06
966	-4.21893e-06
966.5	-6.84807e-06
967	-6.81665e-06
967.5	-6.98136e-06
968	-7.22828e-06
968.5	-7.53309e-06
969	-7.83505e-06
969.5	-7.86588e-06
970	-8.75451e-06
970.5	-7.34541e-06
971	-6.8627e-06
971.5	-9.63208e-06
972	-6.12802e-06
972.5	-6.8737e-06
973	-7.14437e-06
973.5	-7.36488e-06
974	-7.5044e-06
974.5	-8.02619e-06
975	-9.19245e-06
975.5	-9.6218e-06
976	-8.90144e-05
976.5	-0.000141846
977	4.16741e-05
977.5	4.77575e-05
978	1.73223e-05
978.5	2.646e-06
979	-1.55856e-06
979.5	-3.74669e-06
980	-4.8972e-06
980.5	-6.21359e-06
981	-5.22991e-06
981.5	-5.94356e-06
982	-6.45538e-06
982.5	-6.78578e-06
983	-7.42172e-06
983.5	-6.2025e-06
984	-8.44871e-06
984.5	-7.85768e-06
985	-6.87693e-06
985.5	-6.60924e-06
986	-5.97596e-06
986.5	-8.09577e-06
987	-7.67927e-06
987.5	-9.11297e-06
988	-9.83313e-06
988.5	-8.60352e-06
989	-9.2449e-06
989.5	-9.08585e-06
990	-1.02598e-05
990.5	-5.93323e-06
991	-3.14209e-06
991.5	-7.69681e-06
992	-1.29899e-05
992.5	-1.59788e-05
993	-1.2207e-05
993.5	-1.59028e-05
994	-1.50457e-05
994.5	-1.23893e-05
995	-9.36438e-06
995.5	-5.61459e-06
996	-6.36546e-06
996.5	-9.97598e-06
997	-8.95887e-06
997.5	-8.78354e-05
998	3.93112e-05
998.5	-4.05979e-05
999	0.000491011
999.5	0.000240197
1000	3.38581e-05
