0	0
0.5	-4.7226e-26
1	-1.43071e-25
1.5	3.62368e-26
2	1.08031e-25
2.5	-1.96927e-26
3	-3.84147e-27
3.5	-3.75041e-27
4	-5.72275e-09
4.5	-1.86416e-07
5	-5.01669e-07
5.5	-7.77951e-07
6	-1.07095e-06
6.5	-1.56023e-06
7	-2.2941e-06
7.5	-2.99211e-06
8	-3.56673e-06
8.5	-3.95286e-06
9	-4.17221e-06
9.5	-4.37725e-06
10	-4.54776e-06
10.5	-4.81461e-06
11	-5.11095e-06
11.5	-5.3061e-06
12	-5.48752e-06
12.5	-5.68207e-06
13	-5.7575e-06
13.5	-5.73432e-06
14	-5.64981e-06
14.5	-4.96592e-06
15	-4.68059e-06
15.5	-4.95787e-06
16	-4.70992e-06
16.5	-4.58568e-06
17	-4.69098e-06
17.5	-5.4311e-06
18	-5.90411e-06
18.5	-6.13284e-06
19	-6.01174e-06
19.5	-5.87985e-06
20	-5.77406e-06
20.5	-5.70844e-06
21	-5.98311e-06
21.5	-6.33144e-06
22	-6.66167e-06
22.5	-6.9469e-06
23	-7.20832e-06
23.5	-7.62832e-06
24	-8.31624e-06
24.5	-9.67079e-06
25	-1.57784e-05
25.5	-0.000142852
26	0.000123297
26.5	4.30802e-07
27	-5.0592e-05
27.5	-3.83138e-05
28	-9.90402e-06
28.5	-8.18517e-06
29	-7.47911e-06
29.5	-7.93559e-06
30	-9.26816e-06
30.5	-1.02265e-05
31	-1.00086e-05
31.5	-8.67119e-06
32	-7.72687e-06
32.5	-6.38643e-06
33	-6.02304e-06
33.5	-6.09583e-06
34	-6.3469e-06
34.5	-6.27842e-06
35	-5.2954e-06
35.5	-4.02388e-06
36	-3.4818e-06
36.5	-3.42956e-06
37	-3.67103e-06
37.5	-3.87366e-06
38	-4.33806e-06
38.5	-4.74889e-06
39	-5.08165e-06
39.5	-5.43635e-06
40	-5.77396e-06
40.5	-6.03595e-06
41	-6.35337e-06
41.5	-7.04263e-06
42	-7.62766e-06
42.5	-8.12383e-06
43	-8.61607e-06
43.5	-9.3931e-06
44	-1.11795e-05
44.5	-2.24669e-05
45	-0.000214184
45.5	0.00018798
46	-1.094e-05
46.5	-5.65684e-05
47	-2.6455e-05
47.5	-1.38417e-05
48	-1.38097e-05
48.5	-1.38831e-05
49	-1.29176e-05
49.5	-1.17737e-05
50	-1.02903e-05
50.5	-9.34041e-06
51	-8.50658e-06
51.5	-7.9102e-06
52	-7.57959e-06
52.5	-7.3837e-06
53	-7.21672e-06
53.5	-7.1053e-06
54	-7.00494e-06
54.5	-6.88997e-06
55	-6.73539e-06
55.5	-6.69289e-06
56	-6.77268e-06
56.5	-6.78736e-06
57	-6.80045e-06
57.5	-6.91492e-06
58	-7.30671e-06
58.5	-8.21119e-06
59	-1.1732e-05
59.5	-9.35642e-05
60	0.000199192
60.5	6.79194e-05
61	-4.63752e-05
61.5	-6.51762e-05
62	-9.72683e-06
62.5	-7.07935e-06
63	-7.14689e-06
63.5	-7.47881e-06
64	-9.83439e-06
64.5	-9.85435e-06
65	-8.58973e-06
65.5	-7.50907e-06
66	-6.69588e-06
66.5	-6.10255e-06
67	-5.67934e-06
67.5	-5.26177e-06
68	-5.0327e-06
68.5	-4.92317e-06
69	-4.84046e-06
69.5	-4.64187e-06
70	-4.63931e-06
70.5	-4.77415e-06
71	-4.94599e-06
71.5	-5.19319e-06
72	-5.29982e-06
72.5	-5.27327e-06
73	-5.37753e-06
73.5	-5.54849e-06
74	-5.69744e-06
74.5	-5.90285e-06
75	-6.21235e-06
75.5	-6.62096e-06
76	-7.29041e-06
76.5	-8.81011e-06
77	-3.58635e-05
77.5	-0.000227037
78	0.000196898
78.5	-1.25367e-05
79	-6.85901e-05
79.5	-2.58809e-05
80	-6.51896e-06
80.5	-5.88292e-06
81	-6.43131e-06
81.5	-6.84102e-06
82	-6.23213e-06
82.5	-5.53456e-06
83	-5.17923e-06
83.5	-4.89782e-06
84	-4.62698e-06
84.5	-4.49881e-06
85	-4.50267e-06
85.5	-4.54608e-06
86	-4.50039e-06
86.5	-4.39268e-06
87	-4.27802e-06
87.5	-4.16671e-06
88	-4.1266e-06
88.5	-4.02567e-06
89	-4.00272e-06
89.5	-3.97702e-06
90	-3.92915e-06
90.5	-3.76171e-06
91	-3.75103e-06
91.5	-3.98562e-06
92	-4.46067e-06
92.5	-5.14106e-06
93	-6.40628e-06
93.5	-1.04923e-05
94	-0.000106315
94.5	6.81104e-05
95	3.72441e-05
95.5	-3.37805e-05
96	-5.57721e-05
96.5	-1.41265e-05
97	-9.5563e-06
97.5	-7.239e-06
98	-5.67923e-06
98.5	-4.55853e-06
99	-4.31526e-06
99.5	-4.56441e-06
100	-4.87073e-06
100.5	-5.16286e-06
101	-5.41524e-06
101.5	-5.59431e-06
102	-5.79553e-06
102.5	-5.89148e-06
103	-5.94999e-06
103.5	-6.03315e-06
104	-6.15215e-06
104.5	-6.19934e-06
105	-6.15925e-06
105.5	-6.06463e-06
106	-5.94496e-06
106.5	-5.88031e-06
107	-5.90169e-06
107.5	-6.0089e-06
108	-6.2982e-06
108.5	-6.82815e-06
109	-7.53666e-06
109.5	-9.50515e-06
110	-6.34571e-05
110.5	0.000242782
111	0.000171858
111.5	-2.20383e-05
112	-7.9272e-05
112.5	-1.56845e-05
113	-1.08648e-05
113.5	-9.84936e-06
114	-8.33078e-06
114.5	-7.19934e-06
115	-6.36997e-06
115.5	-5.88737e-06
116	-5.68667e-06
116.5	-5.70976e-06
117	-5.68717e-06
117.5	-5.71606e-06
118	-5.83354e-06
118.5	-6.04571e-06
119	-6.46122e-06
119.5	-6.81924e-06
120	-6.93332e-06
120.5	-6.89789e-06
121	-7.05731e-06
121.5	-7.10406e-06
122	-7.23206e-06
122.5	-7.3852e-06
123	-7.77921e-06
123.5	-8.1604e-06
124	-8.14283e-06
124.5	-8.08348e-06
125	-7.62188e-06
125.5	-8.30087e-06
126	-9.44471e-06
126.5	-9.28636e-06
127	-9.02375e-06
127.5	-7.46069e-06
128	-6.19409e-06
128.5	-4.76911e-06
129	-3.53522e-06
129.5	-3.21136e-06
130	-3.9635e-06
130.5	-4.99239e-06
131	-6.26094e-06
131.5	-7.39531e-06
132	-7.79315e-06
132.5	-7.32271e-06
133	-6.37215e-06
133.5	-6.1673e-06
134	-5.34734e-06
134.5	-4.27132e-06
135	-3.61083e-06
135.5	-3.24934e-06
136	-3.07629e-06
136.5	-2.97659e-06
137	-2.97252e-06
137.5	-3.11253e-06
138	-3.41497e-06
138.5	-3.7431e-06
139	-4.16141e-06
139.5	-4.56413e-06
140	-5.05226e-06
140.5	-5.58674e-06
141	-6.64368e-06
141.5	-1.13708e-05
142	-0.000118384
142.5	0.000119465
143	1.58269e-05
143.5	-6.84739e-05
144	-4.9853e-05
144.5	-9.16609e-06
145	-8.64082e-06
145.5	-9.15795e-06
146	-9.74973e-06
146.5	-8.47866e-06
147	-7.87538e-06
147.5	-6.47511e-06
148	-5.26013e-06
148.5	-4.48463e-06
149	-4.0914e-06
149.5	-3.83018e-06
150	-3.65229e-06
150.5	-3.52125e-06
151	-3.53224e-06
151.5	-3.54337e-06
152	-3.45281e-06
152.5	-3.39293e-06
153	-3.42308e-06
153.5	-3.57453e-06
154	-3.66566e-06
154.5	-3.69712e-06
155	-3.70934e-06
155.5	-3.69321e-06
156	-3.70085e-06
156.5	-3.79816e-06
157	-4.04088e-06
157.5	-4.15936e-06
158	-4.34027e-06
158.5	-4.72123e-06
159	-5.23776e-06
159.5	-5.85962e-06
160	-7.25705e-06
160.5	-1.15902e-05
161	-9.96968e-05
161.5	8.21093e-05
162	7.6856e-05
162.5	-3.09887e-05
163	-6.46668e-05
163.5	-1.51005e-05
164	-1.07541e-05
164.5	-8.42646e-06
165	-6.80752e-06
165.5	-5.86481e-06
166	-5.425e-06
166.5	-5.2519e-06
167	-5.08176e-06
167.5	-4.9643e-06
168	-5.05726e-06
168.5	-5.19068e-06
169	-5.3014e-06
169.5	-5.39551e-06
170	-5.44799e-06
170.5	-5.51112e-06
171	-5.67852e-06
171.5	-5.99911e-06
172	-6.47759e-06
172.5	-7.10867e-06
173	-7.7755e-06
173.5	-8.52917e-06
174	-9.82311e-06
174.5	-1.355e-05
175	-8.72057e-05
175.5	0.000231413
176	0.000170862
176.5	-2.63145e-05
177	-8.12657e-05
177.5	-1.6497e-05
178	-1.08642e-05
178.5	-9.13385e-06
179	-7.70314e-06
179.5	-6.55205e-06
180	-6.00304e-06
180.5	-5.98719e-06
181	-6.03585e-06
181.5	-6.07903e-06
182	-6.08741e-06
182.5	-6.0345e-06
183	-5.92287e-06
183.5	-5.76748e-06
184	-5.67456e-06
184.5	-5.75788e-06
185	-5.81397e-06
185.5	-5.85083e-06
186	-6.00722e-06
186.5	-6.13251e-06
187	-6.20733e-06
187.5	-6.31361e-06
188	-6.4856e-06
188.5	-6.08218e-06
189	-6.0958e-06
189.5	-6.32407e-06
190	-6.63649e-06
190.5	-6.28269e-06
191	-6.24268e-06
191.5	-5.96993e-06
192	-5.82703e-06
192.5	-6.55297e-06
193	-7.46919e-06
193.5	-8.02789e-06
194	-8.14435e-06
194.5	-8.42562e-06
195	-8.74524e-06
195.5	-9.23589e-06
196	-1.02614e-05
196.5	-1.87778e-05
197	-0.000133542
197.5	0.000139764
198	4.58041e-05
198.5	-7.40671e-05
199	-6.15382e-05
199.5	-1.01574e-05
200	-7.35441e-06
200.5	-6.96506e-06
201	-6.98315e-06
201.5	-6.76924e-06
202	-6.42053e-06
202.5	-6.0158e-06
203	-5.79959e-06
203.5	-5.87448e-06
204	-6.1747e-06
204.5	-6.32749e-06
205	-6.19803e-06
205.5	-5.81351e-06
206	-5.65919e-06
206.5	-5.32906e-06
207	-5.32987e-06
207.5	-5.1984e-06
208	-5.1069e-06
208.5	-5.09207e-06
209	-5.10559e-06
209.5	-5.0317e-06
210	-4.95498e-06
210.5	-5.2279e-06
211	-5.64987e-06
211.5	-5.98305e-06
212	-6.17606e-06
212.5	-6.32119e-06
213	-6.47946e-06
213.5	-6.65327e-06
214	-6.82909e-06
214.5	-7.33168e-06
215	-8.17077e-06
215.5	-9.83335e-06
216	-1.45183e-05
216.5	-0.000112123
217	0.000137304
217.5	0.000101654
218	-1.17491e-05
218.5	-6.0372e-05
219	-1.27728e-05
219.5	-1.14181e-05
220	-1.22117e-05
220.5	-1.11487e-05
221	-9.51099e-06
221.5	-7.98767e-06
222	-7.17464e-06
222.5	-6.77366e-06
223	-6.33832e-06
223.5	-5.91684e-06
224	-5.6938e-06
224.5	-5.63385e-06
225	-5.60016e-06
225.5	-5.59988e-06
226	-5.79232e-06
226.5	-6.08705e-06
227	-6.31915e-06
227.5	-6.25274e-06
228	-6.11257e-06
228.5	-5.98953e-06
229	-6.00687e-06
229.5	-6.32752e-06
230	-7.48556e-06
230.5	-1.49749e-05
231	-0.000169975
231.5	0.00014101
232	1.21954e-06
232.5	-5.72667e-05
233	-2.94801e-05
233.5	-8.07905e-06
234	-7.0309e-06
234.5	-6.36601e-06
235	-6.21293e-06
235.5	-4.68427e-06
236	-3.83535e-06
236.5	-3.41446e-06
237	-2.9203e-06
237.5	-2.5948e-06
238	-2.72637e-06
238.5	-3.12807e-06
239	-3.50668e-06
239.5	-3.65135e-06
240	-3.69346e-06
240.5	-3.85422e-06
241	-4.2245e-06
241.5	-4.19553e-06
242	-4.28355e-06
242.5	-4.52818e-06
243	-4.7252e-06
243.5	-4.64142e-06
244	-4.87873e-06
244.5	-5.16386e-06
245	-5.60291e-06
245.5	-5.58517e-06
246	-5.41618e-06
246.5	-5.43141e-06
247	-5.75333e-06
247.5	-5.82377e-06
248	-5.45378e-06
248.5	-4.45626e-06
249	-3.2542e-06
249.5	-2.42931e-06
250	-1.83156e-06
250.5	-2.98787e-06
251	-4.37393e-06
251.5	-5.62974e-06
252	-6.34732e-06
252.5	-6.18528e-06
253	-6.12047e-06
253.5	-4.6254e-06
254	-3.24045e-06
254.5	-2.49927e-06
255	-2.25036e-06
255.5	-2.298e-06
256	-2.65177e-06
256.5	-3.0112e-06
257	-3.29902e-06
257.5	-3.50884e-06
258	-3.68525e-06
258.5	-4.00249e-06
259	-4.37561e-06
259.5	-4.76728e-06
260	-5.11541e-06
260.5	-5.31633e-06
261	-5.60005e-06
261.5	-6.95223e-06
262	-1.103e-05
262.5	-9.98333e-05
263	0.000104295
263.5	3.60251e-05
264	-5.75862e-05
264.5	-5.06048e-05
265	-1.05665e-05
265.5	-9.64663e-06
266	-9.44868e-06
266.5	-9.55145e-06
267	-9.73371e-06
267.5	-8.9423e-06
268	-8.08431e-06
268.5	-7.42927e-06
269	-6.86515e-06
269.5	-6.15023e-06
270	-5.50783e-06
270.5	-5.01129e-06
271	-4.60069e-06
271.5	-4.30881e-06
272	-4.07835e-06
272.5	-3.91268e-06
273	-3.78741e-06
273.5	-3.83195e-06
274	-3.97989e-06
274.5	-4.23793e-06
275	-4.69723e-06
275.5	-5.35643e-06
276	-6.2759e-06
276.5	-7.23679e-06
277	-1.09904e-05
277.5	-7.37052e-05
278	0.000208556
278.5	0.00021964
279	1.2533e-05
279.5	-8.24044e-05
280	-1.4298e-05
280.5	-1.01105e-05
281	-8.73522e-06
281.5	-8.64516e-06
282	-8.35409e-06
282.5	-7.72558e-06
283	-6.44163e-06
283.5	-5.6936e-06
284	-5.44538e-06
284.5	-5.59732e-06
285	-5.93584e-06
285.5	-6.11855e-06
286	-6.16413e-06
286.5	-6.16239e-06
287	-6.16032e-06
287.5	-6.29865e-06
288	-6.44279e-06
288.5	-6.56539e-06
289	-6.76515e-06
289.5	-7.02185e-06
290	-7.16593e-06
290.5	-7.28139e-06
291	-7.47619e-06
291.5	-7.52355e-06
292	-8.65168e-06
292.5	-1.60256e-05
293	-0.000155267
293.5	0.00014656
294	1.35716e-06
294.5	-6.69234e-05
295	-3.82604e-05
295.5	-1.21359e-05
296	-1.11364e-05
296.5	-9.01136e-06
297	-7.16854e-06
297.5	-5.63642e-06
298	-5.23108e-06
298.5	-4.96283e-06
299	-4.85027e-06
299.5	-4.9267e-06
300	-4.97932e-06
300.5	-4.9549e-06
301	-4.89738e-06
301.5	-4.76943e-06
302	-4.75221e-06
302.5	-4.69238e-06
303	-4.63222e-06
303.5	-4.272e-06
304	-4.1448e-06
304.5	-4.27194e-06
305	-4.52714e-06
305.5	-4.74778e-06
306	-4.915e-06
306.5	-5.01201e-06
307	-4.59058e-06
307.5	-4.33628e-06
308	-3.8909e-06
308.5	-4.52224e-06
309	-4.76033e-06
309.5	-5.07664e-06
310	-5.33894e-06
310.5	-5.25421e-06
311	-5.13943e-06
311.5	-4.532e-06
312	-4.43634e-06
312.5	-4.36192e-06
313	-4.24707e-06
313.5	-4.25946e-06
314	-4.35862e-06
314.5	-4.60986e-06
315	-4.85137e-06
315.5	-5.02412e-06
316	-5.11879e-06
316.5	-5.25348e-06
317	-5.42023e-06
317.5	-5.60204e-06
318	-5.95741e-06
318.5	-6.60337e-06
319	-7.06098e-06
319.5	-7.91708e-06
320	-1.43706e-05
320.5	-0.000119021
321	0.000100557
321.5	2.92781e-05
322	-5.06696e-05
322.5	-4.10197e-05
323	-1.23186e-05
323.5	-9.92044e-06
324	-1.00707e-05
324.5	-8.92202e-06
325	-7.85577e-06
325.5	-7.11537e-06
326	-6.59826e-06
326.5	-6.18409e-06
327	-5.81548e-06
327.5	-5.55423e-06
328	-5.41026e-06
328.5	-5.66895e-06
329	-6.04866e-06
329.5	-6.52478e-06
330	-7.01624e-06
330.5	-7.43124e-06
331	-7.56861e-06
331.5	-7.70153e-06
332	-7.72443e-06
332.5	-8.03077e-06
333	-8.19177e-06
333.5	-8.284e-06
334	-8.34432e-06
334.5	-8.64184e-06
335	-8.75965e-06
335.5	-8.67266e-06
336	-7.20982e-06
336.5	-6.51882e-06
337	-6.28741e-06
337.5	-6.11448e-06
338	-6.18086e-06
338.5	-6.30725e-06
339	-6.36645e-06
339.5	-6.61408e-06
340	-6.81161e-06
340.5	-6.79295e-06
341	-6.76529e-06
341.5	-6.80857e-06
342	-6.8895e-06
342.5	-6.99545e-06
343	-7.18808e-06
343.5	-7.55561e-06
344	-8.20638e-06
344.5	-8.94756e-06
345	-1.71331e-05
345.5	-0.000153833
346	0.000155264
346.5	7.88211e-06
347	-6.70859e-05
347.5	-3.73712e-05
348	-1.17877e-05
348.5	-1.03198e-05
349	-1.02518e-05
349.5	-9.18063e-06
350	-8.154e-06
350.5	-7.34427e-06
351	-7.10686e-06
351.5	-6.87483e-06
352	-6.73292e-06
352.5	-6.61577e-06
353	-6.56119e-06
353.5	-6.60602e-06
354	-6.72689e-06
354.5	-6.6165e-06
355	-6.36119e-06
355.5	-6.24802e-06
356	-6.17757e-06
356.5	-6.09873e-06
357	-6.00398e-06
357.5	-5.91764e-06
358	-6.08353e-06
358.5	-6.54247e-06
359	-7.4929e-06
359.5	-9.83285e-06
360	-6.64922e-05
360.5	-0.000126281
361	0.000241163
361.5	-1.1527e-05
362	-9.12616e-05
362.5	-1.80563e-05
363	-1.15226e-05
363.5	-1.23402e-05
364	-1.09763e-05
364.5	-9.63168e-06
365	-8.4815e-06
365.5	-7.77224e-06
366	-7.41142e-06
366.5	-7.31849e-06
367	-7.41535e-06
367.5	-7.80007e-06
368	-8.20613e-06
368.5	-8.62385e-06
369	-9.22087e-06
369.5	-1.0004e-05
370	-1.14708e-05
370.5	-1.57223e-05
371	-0.000136507
371.5	0.000160497
372	0.000153452
372.5	-2.3549e-05
373	-7.72113e-05
373.5	-1.35965e-05
374	-8.92245e-06
374.5	-7.70454e-06
375	-7.42114e-06
375.5	-6.53909e-06
376	-5.35294e-06
376.5	-4.21241e-06
377	-3.66417e-06
377.5	-3.25631e-06
378	-3.2156e-06
378.5	-3.40305e-06
379	-3.77795e-06
379.5	-4.4916e-06
380	-4.55042e-06
380.5	-4.2983e-06
381	-4.61476e-06
381.5	-5.43511e-06
382	-6.09006e-06
382.5	-6.70887e-06
383	-8.47307e-06
383.5	-6.75012e-05
384	-0.000134717
384.5	0.000241288
385	-1.53247e-05
385.5	-9.14443e-05
386	-1.97397e-05
386.5	-1.37824e-05
387	-1.47097e-05
387.5	-1.53101e-05
388	-1.42474e-05
388.5	-1.14781e-05
389	-9.98957e-06
389.5	-8.59545e-06
390	-6.85763e-06
390.5	-5.77141e-06
391	-5.45723e-06
391.5	-4.55761e-06
392	-3.39435e-06
392.5	-2.67234e-06
393	-2.28077e-06
393.5	-2.05638e-06
394	-1.92495e-06
394.5	-2.21514e-06
395	-2.74898e-06
395.5	-3.40896e-06
396	-3.98903e-06
396.5	-4.61287e-06
397	-5.36779e-06
397.5	-6.05795e-06
398	-6.95365e-06
398.5	-8.79604e-06
399	-3.00075e-05
399.5	-0.000187898
400	0.000246157
400.5	-1.41029e-05
401	-8.24838e-05
401.5	-1.4304e-05
402	-8.95229e-06
402.5	-1.0511e-05
403	-9.90477e-06
403.5	-8.81474e-06
404	-8.67516e-06
404.5	-8.49108e-06
405	-7.17902e-06
405.5	-6.09641e-06
406	-5.33287e-06
406.5	-4.96528e-06
407	-4.87601e-06
407.5	-4.913e-06
408	-5.07984e-06
408.5	-5.27307e-06
409	-5.56699e-06
409.5	-5.79582e-06
410	-6.0693e-06
410.5	-6.53838e-06
411	-7.2066e-06
411.5	-8.11118e-06
412	-1.30528e-05
412.5	-0.000106053
413	9.49586e-05
413.5	5.17724e-05
414	-5.25373e-05
414.5	-5.81044e-05
415	-1.00805e-05
415.5	-7.89638e-06
416	-7.39719e-06
416.5	-7.51836e-06
417	-6.9063e-06
417.5	-6.21387e-06
418	-5.26946e-06
418.5	-4.78536e-06
419	-4.18082e-06
419.5	-3.7624e-06
420	-3.5073e-06
420.5	-3.44433e-06
421	-3.48026e-06
421.5	-3.33329e-06
422	-3.16671e-06
422.5	-3.08362e-06
423	-3.2083e-06
423.5	-3.37903e-06
424	-3.53392e-06
424.5	-3.77385e-06
425	-4.00943e-06
425.5	-4.30256e-06
426	-4.62283e-06
426.5	-5.04838e-06
427	-5.53072e-06
427.5	-6.10946e-06
428	-7.63261e-06
428.5	-3.66533e-05
429	-0.000226519
429.5	0.00028298
430	-9.83357e-06
430.5	-7.72416e-05
431	-1.62571e-05
431.5	-4.44779e-06
432	-3.62353e-06
432.5	-5.48509e-06
433	-4.95535e-06
433.5	-5.40505e-06
434	-4.79177e-06
434.5	-4.29034e-06
435	-3.94154e-06
435.5	-3.54171e-06
436	-3.33553e-06
436.5	-3.10465e-06
437	-2.85085e-06
437.5	-2.61501e-06
438	-2.4247e-06
438.5	-2.30279e-06
439	-2.20521e-06
439.5	-2.03032e-06
440	-2.10045e-06
440.5	-2.53134e-06
441	-2.89113e-06
441.5	-3.20891e-06
442	-3.49192e-06
442.5	-3.76901e-06
443	-3.74599e-06
443.5	-3.69261e-06
444	-3.72908e-06
444.5	-3.67846e-06
445	-3.55203e-06
445.5	-3.93609e-06
446	-4.16646e-06
446.5	-3.68897e-06
447	-3.26555e-06
447.5	-3.6906e-06
448	-4.13846e-06
448.5	-4.34899e-06
449	-4.31954e-06
449.5	-4.08799e-06
450	-3.58312e-06
450.5	-3.72674e-06
451	-4.03431e-06
451.5	-4.36897e-06
452	-4.39215e-06
452.5	-4.70262e-06
453	-5.23025e-06
453.5	-5.86635e-06
454	-6.54473e-06
454.5	-7.42464e-06
455	-8.92326e-06
455.5	-1.30366e-05
456	-9.86558e-05
456.5	0.000166093
457	8.17612e-05
457.5	-4.99575e-05
458	-6.8369e-05
458.5	-1.56725e-05
459	-1.31937e-05
459.5	-1.14849e-05
460	-9.91719e-06
460.5	-8.65106e-06
461	-7.60131e-06
461.5	-6.98878e-06
462	-6.76283e-06
462.5	-6.56095e-06
463	-6.36059e-06
463.5	-6.22229e-06
464	-6.17306e-06
464.5	-6.14956e-06
465	-6.01054e-06
465.5	-6.04661e-06
466	-6.20422e-06
466.5	-6.453e-06
467	-6.90504e-06
467.5	-7.81579e-06
468	-1.06979e-05
468.5	-6.82956e-05
469	0.000276151
469.5	0.000165144
470	-3.44818e-05
470.5	-8.0426e-05
471	-1.06242e-05
471.5	-6.68299e-06
472	-5.93206e-06
472.5	-5.71033e-06
473	-7.7701e-06
473.5	-6.93941e-06
474	-5.40847e-06
474.5	-4.35729e-06
475	-3.77916e-06
475.5	-3.39865e-06
476	-3.31032e-06
476.5	-3.4782e-06
477	-3.63119e-06
477.5	-3.65837e-06
478	-3.71483e-06
478.5	-3.63909e-06
479	-3.64611e-06
479.5	-3.88866e-06
480	-4.03159e-06
480.5	-4.11098e-06
481	-4.13864e-06
481.5	-4.15873e-06
482	-4.17123e-06
482.5	-4.18554e-06
483	-4.28273e-06
483.5	-4.64035e-06
484	-5.26132e-06
484.5	-6.50787e-06
485	-1.19125e-05
485.5	-0.000121986
486	9.65352e-05
486.5	1.92949e-05
487	-4.95774e-05
487.5	-4.28176e-05
488	-1.01672e-05
488.5	-8.91832e-06
489	-6.98701e-06
489.5	-5.73362e-06
490	-5.28495e-06
490.5	-4.85004e-06
491	-4.39549e-06
491.5	-4.32767e-06
492	-4.2727e-06
492.5	-4.33606e-06
493	-4.50706e-06
493.5	-4.64435e-06
494	-4.73836e-06
494.5	-4.80051e-06
495	-4.95976e-06
495.5	-5.10416e-06
496	-5.3257e-06
496.5	-5.54054e-06
497	-5.84396e-06
497.5	-6.13556e-06
498	-6.47557e-06
498.5	-6.98305e-06
499	-7.89013e-06
499.5	-1.01042e-05
500	-6.08261e-05
500.5	-0.000205628
501	0.000304533
501.5	-4.07027e-06
502	-7.89758e-05
502.5	-1.83293e-05
503	-8.64224e-06
503.5	-9.09982e-06
504	-7.7093e-06
504.5	-6.97473e-06
505	-5.91576e-06
505.5	-5.0746e-06
506	-4.52901e-06
506.5	-4.31559e-06
507	-4.32493e-06
507.5	-4.50773e-06
508	-4.53643e-06
508.5	-4.23668e-06
509	-3.83533e-06
509.5	-3.78188e-06
510	-4.07407e-06
510.5	-4.00795e-06
511	-3.70641e-06
511.5	-3.86141e-06
512	-4.3189e-06
512.5	-4.53828e-06
513	-4.06508e-06
513.5	-3.94541e-06
514	-3.79357e-06
514.5	-4.5059e-06
515	-4.53833e-06
515.5	-4.08158e-06
516	-3.14247e-06
516.5	-3.01365e-06
517	-3.23316e-06
517.5	-2.65823e-06
518	-1.31051e-06
518.5	-2.96433e-07
519	-8.79273e-07
519.5	-2.46573e-06
520	-2.83506e-06
520.5	-2.81105e-06
521	-2.32942e-06
521.5	-1.51256e-06
522	-7.48063e-07
522.5	-2.20388e-07
523	3.00363e-07
523.5	5.53432e-07
524	4.59959e-07
524.5	2.02094e-07
525	-1.06076e-07
525.5	-4.54345e-07
526	-8.73015e-07
526.5	-1.45318e-06
527	-2.0677e-06
527.5	-2.61829e-06
528	-3.31615e-06
528.5	-4.07816e-06
529	-4.81541e-06
529.5	-5.75899e-06
530	-6.83026e-06
530.5	-8.44872e-06
531	-1.24568e-05
531.5	-9.79314e-05
532	9.54828e-05
532.5	8.03457e-05
533	-2.34624e-05
533.5	-5.29496e-05
534	-1.07683e-05
534.5	-8.74413e-06
535	-8.16699e-06
535.5	-7.7775e-06
536	-7.49538e-06
536.5	-7.17561e-06
537	-6.78466e-06
537.5	-6.38031e-06
538	-6.08871e-06
538.5	-5.86254e-06
539	-5.64646e-06
539.5	-5.41049e-06
540	-5.11612e-06
540.5	-4.77548e-06
541	-4.43311e-06
541.5	-4.08909e-06
542	-3.75386e-06
542.5	-3.32661e-06
543	-3.24978e-06
543.5	-3.19347e-06
544	-3.17309e-06
544.5	-3.43113e-06
545	-3.44466e-06
545.5	-3.80111e-06
546	-4.19886e-06
546.5	-4.42768e-06
547	-4.43745e-06
547.5	-4.53405e-06
548	-4.34609e-06
548.5	-4.66271e-06
549	-5.02474e-06
549.5	-5.20694e-06
550	-5.4032e-06
550.5	-5.50258e-06
551	-5.59584e-06
551.5	-5.57717e-06
552	-5.4803e-06
552.5	-5.36864e-06
553	-5.30888e-06
553.5	-5.34016e-06
554	-5.55979e-06
554.5	-5.82217e-06
555	-6.13674e-06
555.5	-6.37065e-06
556	-6.51108e-06
556.5	-6.81101e-06
557	-5.54398e-06
557.5	-8.09962e-06
558	-6.29947e-05
558.5	0.000200228
559	0.000173706
559.5	-1.6423e-05
560	-7.67391e-05
560.5	-1.42545e-05
561	-1.00979e-05
561.5	-8.3134e-06
562	-7.17576e-06
562.5	-6.98111e-06
563	-6.72085e-06
563.5	-6.5398e-06
564	-6.54974e-06
564.5	-6.48204e-06
565	-6.32417e-06
565.5	-6.17121e-06
566	-6.07445e-06
566.5	-6.20454e-06
567	-6.30685e-06
567.5	-6.43171e-06
568	-6.53414e-06
568.5	-6.60051e-06
569	-6.64159e-06
569.5	-6.8115e-06
570	-6.92506e-06
570.5	-6.7365e-06
571	-7.01682e-06
571.5	-7.29194e-06
572	-8.05567e-06
572.5	-1.10809e-05
573	-9.0822e-05
573.5	0.000355256
574	0.000189136
574.5	-3.93659e-05
575	-8.86627e-05
575.5	-1.49595e-05
576	-8.22041e-06
576.5	-6.24674e-06
577	-5.44772e-06
577.5	-5.17078e-06
578	-4.98564e-06
578.5	-4.84294e-06
579	-4.72175e-06
579.5	-4.66906e-06
580	-4.64833e-06
580.5	-4.8001e-06
581	-4.94425e-06
581.5	-5.10501e-06
582	-5.22728e-06
582.5	-5.36479e-06
583	-5.50857e-06
583.5	-5.87091e-06
584	-6.35795e-06
584.5	-7.11346e-06
585	-8.61233e-06
585.5	-1.41576e-05
586	-0.000180453
586.5	0.000154717
587	4.75034e-05
587.5	-4.16409e-05
588	-4.19993e-05
588.5	-1.51263e-05
589	-1.05079e-05
589.5	-8.03122e-06
590	-6.19292e-06
590.5	-4.99688e-06
591	-4.3086e-06
591.5	-3.93997e-06
592	-3.62509e-06
592.5	-3.31026e-06
593	-3.18651e-06
593.5	-3.19606e-06
594	-3.63275e-06
594.5	-4.35732e-06
595	-5.15128e-06
595.5	-5.943e-06
596	-6.75789e-06
596.5	-7.62064e-06
597	-8.55975e-06
597.5	-9.52464e-06
598	-1.08262e-05
598.5	-1.42671e-05
599	-7.37044e-05
599.5	0.000213385
600	0.000159645
600.5	-1.44245e-05
601	-8.07413e-05
601.5	-2.00979e-05
602	-1.51406e-05
602.5	-1.20715e-05
603	-1.04675e-05
603.5	-8.3505e-06
604	-6.90425e-06
604.5	-6.06649e-06
605	-5.71655e-06
605.5	-5.57815e-06
606	-5.65022e-06
606.5	-5.70983e-06
607	-5.67465e-06
607.5	-5.57746e-06
608	-5.69871e-06
608.5	-5.83163e-06
609	-5.92414e-06
609.5	-6.03685e-06
610	-6.12148e-06
610.5	-6.1204e-06
611	-6.13387e-06
611.5	-6.13168e-06
612	-6.0886e-06
612.5	-6.2104e-06
613	-6.64097e-06
613.5	-7.69927e-06
614	-9.84901e-06
614.5	-6.27765e-05
615	3.80966e-05
615.5	0.0002019
616	-1.68749e-05
616.5	-9.28807e-05
617	-1.77767e-05
617.5	-9.83015e-06
618	-7.22834e-06
618.5	-5.17472e-06
619	-3.92917e-06
619.5	-3.49005e-06
620	-3.47087e-06
620.5	-3.33883e-06
621	-3.10986e-06
621.5	-2.96662e-06
622	-2.59016e-06
622.5	-2.57271e-06
623	-2.58284e-06
623.5	-3.26567e-06
624	-4.02178e-06
624.5	-3.59616e-06
625	-3.59741e-06
625.5	-3.69811e-06
626	-4.01167e-06
626.5	-3.95694e-06
627	-4.08074e-06
627.5	-4.07259e-06
628	-4.38436e-06
628.5	-5.05668e-06
629	-5.6382e-06
629.5	-5.68877e-06
630	-5.99691e-06
630.5	-5.81124e-06
631	-5.3182e-06
631.5	-4.20922e-06
632	-2.78691e-06
632.5	-2.06651e-06
633	-1.71044e-06
633.5	-1.64513e-06
634	-1.81402e-06
634.5	-2.26508e-06
635	-2.85475e-06
635.5	-3.4108e-06
636	-3.96932e-06
636.5	-4.69076e-06
637	-5.86145e-06
637.5	-8.46867e-06
638	-6.28946e-05
638.5	0.00013806
639	0.000152954
639.5	-1.18503e-05
640	-6.80876e-05
640.5	-1.11547e-05
641	-9.02707e-06
641.5	-8.26668e-06
642	-6.37356e-06
642.5	-5.08642e-06
643	-4.57267e-06
643.5	-3.68382e-06
644	-2.85391e-06
644.5	-2.26464e-06
645	-2.0175e-06
645.5	-2.18926e-06
646	-2.38701e-06
646.5	-2.54609e-06
647	-2.65029e-06
647.5	-2.70416e-06
648	-2.87363e-06
648.5	-3.06423e-06
649	-3.25697e-06
649.5	-3.40405e-06
650	-3.60296e-06
650.5	-3.95217e-06
651	-4.46631e-06
651.5	-5.24316e-06
652	-6.3322e-06
652.5	-8.43114e-06
653	-3.80685e-05
653.5	-0.000216647
654	0.000290786
654.5	-5.00337e-06
655	-8.49722e-05
655.5	-2.17331e-05
656	-1.18819e-05
656.5	-1.0288e-05
657	-9.22222e-06
657.5	-8.49828e-06
658	-7.56279e-06
658.5	-6.86864e-06
659	-6.26353e-06
659.5	-5.91182e-06
660	-5.68075e-06
660.5	-5.57699e-06
661	-5.4204e-06
661.5	-5.24728e-06
662	-5.08698e-06
662.5	-4.92312e-06
663	-4.75178e-06
663.5	-4.60639e-06
664	-4.51967e-06
664.5	-4.43668e-06
665	-4.35438e-06
665.5	-4.29683e-06
666	-4.21743e-06
666.5	-4.17202e-06
667	-4.0169e-06
667.5	-4.00744e-06
668	-3.84262e-06
668.5	-4.38555e-06
669	-4.3099e-06
669.5	-5.04923e-06
670	-5.73041e-06
670.5	-5.61465e-06
671	-5.41414e-06
671.5	-5.59993e-06
672	-5.83719e-06
672.5	-6.05214e-06
673	-6.33123e-06
673.5	-6.56385e-06
674	-6.74251e-06
674.5	-6.8799e-06
675	-6.95897e-06
675.5	-7.16956e-06
676	-7.50086e-06
676.5	-7.91877e-06
677	-8.66626e-06
677.5	-1.01824e-05
678	-1.6603e-05
678.5	-0.000139884
679	0.000133562
679.5	7.27764e-06
680	-6.4313e-05
680.5	-3.98531e-05
681	-1.20288e-05
681.5	-1.22886e-05
682	-1.13675e-05
682.5	-1.02292e-05
683	-9.4604e-06
683.5	-8.83421e-06
684	-7.38718e-06
684.5	-6.39219e-06
685	-5.82129e-06
685.5	-5.73317e-06
686	-5.88592e-06
686.5	-5.97457e-06
687	-6.08424e-06
687.5	-6.18265e-06
688	-6.31959e-06
688.5	-6.5723e-06
689	-6.79244e-06
689.5	-6.90442e-06
690	-7.01386e-06
690.5	-7.12423e-06
691	-7.38997e-06
691.5	-7.69698e-06
692	-8.1038e-06
692.5	-8.79435e-06
693	-9.78346e-06
693.5	-1.14773e-05
694	-1.67666e-05
694.5	-0.000157146
695	0.000137945
695.5	8.10818e-05
696	-3.71932e-05
696.5	-5.32705e-05
697	-1.71046e-05
697.5	-1.2784e-05
698	-1.03209e-05
698.5	-8.78535e-06
699	-7.59484e-06
699.5	-6.95174e-06
700	-6.68399e-06
700.5	-6.65602e-06
701	-6.70718e-06
701.5	-6.7347e-06
702	-6.67458e-06
702.5	-6.57452e-06
703	-6.54115e-06
703.5	-6.62939e-06
704	-6.65713e-06
704.5	-6.71648e-06
705	-6.87355e-06
705.5	-7.17143e-06
706	-7.88444e-06
706.5	-1.04424e-05
707	-6.69671e-05
707.5	0.000200926
708	0.000177799
708.5	-3.01739e-05
709	-8.85848e-05
709.5	-1.31418e-05
710	-1.21471e-05
710.5	-1.04215e-05
711	-7.91179e-06
711.5	-6.38822e-06
712	-5.24711e-06
712.5	-4.59595e-06
713	-4.30579e-06
713.5	-4.22644e-06
714	-4.25235e-06
714.5	-4.29808e-06
715	-4.30964e-06
715.5	-4.38076e-06
716	-4.48433e-06
716.5	-4.53426e-06
717	-4.51957e-06
717.5	-4.63598e-06
718	-4.89973e-06
718.5	-5.14038e-06
719	-5.4836e-06
719.5	-6.08084e-06
720	-6.85867e-06
720.5	-8.19173e-06
721	-1.20762e-05
721.5	-8.5451e-05
722	0.000155292
722.5	0.000127584
723	-1.78474e-05
723.5	-7.47956e-05
724	-1.30937e-05
724.5	-9.36219e-06
725	-7.56355e-06
725.5	-5.67356e-06
726	-4.61022e-06
726.5	-3.91639e-06
727	-3.51088e-06
727.5	-3.48172e-06
728	-3.41197e-06
728.5	-3.51962e-06
729	-3.74554e-06
729.5	-3.97378e-06
730	-4.11213e-06
730.5	-4.17501e-06
731	-4.17506e-06
731.5	-4.25978e-06
732	-4.51558e-06
732.5	-4.7991e-06
733	-5.0852e-06
733.5	-5.30271e-06
734	-5.56107e-06
734.5	-5.89305e-06
735	-6.16422e-06
735.5	-6.15691e-06
736	-7.10773e-06
736.5	-1.05836e-05
737	-8.00883e-05
737.5	0.000233822
738	0.000168737
738.5	-4.70809e-06
739	-7.79209e-05
739.5	-1.49814e-05
740	-8.31263e-06
740.5	-5.2515e-06
741	-4.32632e-06
741.5	-3.46167e-06
742	-3.09121e-06
742.5	-3.02301e-06
743	-3.33188e-06
743.5	-3.61688e-06
744	-3.93973e-06
744.5	-4.66513e-06
745	-5.43391e-06
745.5	-6.26097e-06
746	-7.21524e-06
746.5	-7.58976e-06
747	-7.86583e-06
747.5	-8.39479e-06
748	-9.47148e-06
748.5	-1.13896e-05
749	-3.2505e-05
749.5	-0.000221277
750	0.000274837
750.5	-1.09282e-06
751	-7.83201e-05
751.5	-2.20188e-05
752	-1.63531e-05
752.5	-1.73604e-05
753	-1.55942e-05
753.5	-1.39984e-05
754	-1.22319e-05
754.5	-1.17692e-05
755	-1.04732e-05
755.5	-9.29241e-06
756	-8.82359e-06
756.5	-8.51888e-06
757	-8.2712e-06
757.5	-8.16932e-06
758	-7.43502e-06
758.5	-7.14344e-06
759	-6.76845e-06
759.5	-5.72101e-06
760	-4.92957e-06
760.5	-4.50745e-06
761	-4.2788e-06
761.5	-4.12708e-06
762	-4.02127e-06
762.5	-3.92954e-06
763	-3.8508e-06
763.5	-3.83261e-06
764	-3.94251e-06
764.5	-4.17755e-06
765	-4.48539e-06
765.5	-4.73504e-06
766	-4.93217e-06
766.5	-5.16399e-06
767	-5.34018e-06
767.5	-5.35942e-06
768	-5.43122e-06
768.5	-5.64158e-06
769	-5.98428e-06
769.5	-6.09276e-06
770	-6.80551e-06
770.5	-8.6232e-06
771	-4.49426e-05
771.5	-0.000226552
772	0.000310317
772.5	1.87694e-05
773	-7.66006e-05
773.5	-2.38897e-05
774	-1.18011e-05
774.5	-8.87478e-06
775	-7.23896e-06
775.5	-6.47636e-06
776	-5.92411e-06
776.5	-5.26407e-06
777	-4.78436e-06
777.5	-4.45914e-06
778	-4.28378e-06
778.5	-4.15135e-06
779	-4.13963e-06
779.5	-4.21407e-06
780	-4.35316e-06
780.5	-4.51713e-06
781	-4.76757e-06
781.5	-5.01772e-06
782	-5.42375e-06
782.5	-5.97103e-06
783	-6.78881e-06
783.5	-8.17311e-06
784	-4.98012e-05
784.5	-0.000220361
785	0.000261215
785.5	-1.85715e-06
786	-7.66791e-05
786.5	-2.41738e-05
787	-1.12147e-05
787.5	-1.03986e-05
788	-1.02921e-05
788.5	-1.06836e-05
789	-1.04678e-05
789.5	-9.87629e-06
790	-9.21501e-06
790.5	-8.74188e-06
791	-8.58859e-06
791.5	-8.44711e-06
792	-8.39715e-06
792.5	-8.40957e-06
793	-8.49178e-06
793.5	-8.59632e-06
794	-8.68096e-06
794.5	-8.79761e-06
795	-9.36061e-06
795.5	-1.09483e-05
796	-1.97878e-05
796.5	-0.000173846
797	0.000140028
797.5	2.58887e-05
798	-4.46551e-05
798.5	-3.77956e-05
799	-1.14158e-05
799.5	-1.01067e-05
800	-1.08581e-05
800.5	-1.00421e-05
801	-8.65968e-06
801.5	-7.7085e-06
802	-7.22239e-06
802.5	-7.07607e-06
803	-6.9679e-06
803.5	-7.057e-06
804	-7.2618e-06
804.5	-7.43071e-06
805	-7.61683e-06
805.5	-7.80853e-06
806	-8.02695e-06
806.5	-8.1646e-06
807	-8.30795e-06
807.5	-8.4813e-06
808	-8.88328e-06
808.5	-9.84959e-06
809	-1.23669e-05
809.5	-4.83798e-05
810	-0.000351417
810.5	0.000279632
811	4.86357e-05
811.5	-8.59287e-05
812	-1.9394e-05
812.5	-1.06099e-05
813	-7.69088e-06
813.5	-6.24989e-06
814	-6.22067e-06
814.5	-6.94102e-06
815	-6.12902e-06
815.5	-5.55463e-06
816	-5.44944e-06
816.5	-5.40427e-06
817	-5.4462e-06
817.5	-5.63673e-06
818	-5.88618e-06
818.5	-6.02809e-06
819	-6.02825e-06
819.5	-5.86901e-06
820	-5.75225e-06
820.5	-5.64436e-06
821	-5.50355e-06
821.5	-5.44294e-06
822	-5.48464e-06
822.5	-5.6767e-06
823	-5.85093e-06
823.5	-6.0112e-06
824	-7.04005e-06
824.5	-1.09483e-05
825	-9.54387e-05
825.5	0.000150802
826	9.08007e-05
826.5	-4.25378e-05
827	-6.77464e-05
827.5	-1.30287e-05
828	-8.46208e-06
828.5	-6.92942e-06
829	-6.2086e-06
829.5	-5.45121e-06
830	-4.97524e-06
830.5	-4.39862e-06
831	-3.97044e-06
831.5	-3.93861e-06
832	-4.14286e-06
832.5	-4.46745e-06
833	-4.71132e-06
833.5	-4.92331e-06
834	-5.09181e-06
834.5	-5.20113e-06
835	-5.30695e-06
835.5	-5.33215e-06
836	-5.45813e-06
836.5	-5.90488e-06
837	-6.80952e-06
837.5	-1.02437e-05
838	-9.72546e-05
838.5	0.000156981
839	6.49035e-05
839.5	-6.32802e-05
840	-7.45164e-05
840.5	-1.3843e-05
841	-9.42028e-06
841.5	-7.201e-06
842	-5.78681e-06
842.5	-5.25786e-06
843	-4.65653e-06
843.5	-4.06491e-06
844	-3.84434e-06
844.5	-3.90573e-06
845	-4.0437e-06
845.5	-4.37248e-06
846	-4.75817e-06
846.5	-5.15925e-06
847	-5.49723e-06
847.5	-5.71091e-06
848	-5.95916e-06
848.5	-6.33966e-06
849	-6.79327e-06
849.5	-7.45277e-06
850	-8.64215e-06
850.5	-1.17075e-05
851	-8.63077e-05
851.5	0.000282675
852	0.000100417
852.5	-4.7332e-05
853	-7.50815e-05
853.5	-1.63241e-05
854	-1.32562e-05
854.5	-1.16798e-05
855	-9.17828e-06
855.5	-7.61084e-06
856	-6.60023e-06
856.5	-5.95855e-06
857	-5.64679e-06
857.5	-5.54661e-06
858	-5.47877e-06
858.5	-5.44273e-06
859	-5.44079e-06
859.5	-5.42636e-06
860	-5.394e-06
860.5	-5.3425e-06
861	-5.26874e-06
861.5	-5.17068e-06
862	-5.00471e-06
862.5	-4.81658e-06
863	-4.66844e-06
863.5	-4.56065e-06
864	-4.4803e-06
864.5	-4.36413e-06
865	-4.17874e-06
865.5	-4.07194e-06
866	-3.9417e-06
866.5	-3.74162e-06
867	-4.08475e-06
867.5	-4.86648e-06
868	-5.10846e-06
868.5	-4.3809e-06
869	-3.99836e-06
869.5	-3.79404e-06
870	-3.20905e-06
870.5	-2.55767e-06
871	-2.44795e-06
871.5	-3.46474e-06
872	-3.86015e-06
872.5	-4.51501e-06
873	-5.40709e-06
873.5	-5.16413e-06
874	-4.82689e-06
874.5	-3.81471e-06
875	-3.19609e-06
875.5	-3.11844e-06
876	-2.94169e-06
876.5	-2.45251e-06
877	-2.01826e-06
877.5	-1.87029e-06
878	-1.74017e-06
878.5	-1.70781e-06
879	-1.54432e-06
879.5	-1.43595e-06
880	-1.46762e-06
880.5	-1.6539e-06
881	-2.04313e-06
881.5	-2.56109e-06
882	-3.05451e-06
882.5	-3.4644e-06
883	-3.94257e-06
883.5	-4.47455e-06
884	-5.03351e-06
884.5	-5.74931e-06
885	-7.05784e-06
885.5	-1.3822e-05
886	-0.000161725
886.5	0.000133787
887	-4.98606e-06
887.5	-6.73679e-05
888	-3.60985e-05
888.5	-9.8773e-06
889	-9.06287e-06
889.5	-8.09845e-06
890	-6.73119e-06
890.5	-6.2056e-06
891	-5.68259e-06
891.5	-5.52384e-06
892	-5.25081e-06
892.5	-5.00314e-06
893	-4.82247e-06
893.5	-4.75001e-06
894	-4.72423e-06
894.5	-4.58856e-06
895	-4.40865e-06
895.5	-4.24239e-06
896	-4.13216e-06
896.5	-4.00921e-06
897	-3.99501e-06
897.5	-3.95319e-06
898	-3.89434e-06
898.5	-3.82256e-06
899	-3.81287e-06
899.5	-4.0356e-06
900	-4.45562e-06
900.5	-4.83979e-06
901	-5.11261e-06
901.5	-5.04066e-06
902	-5.02436e-06
902.5	-5.34507e-06
903	-5.45009e-06
903.5	-5.97016e-06
904	-6.06701e-06
904.5	-6.09173e-06
905	-7.82226e-06
905.5	-9.1684e-06
906	-9.95324e-06
906.5	-1.1089e-05
907	-1.34593e-05
907.5	-7.3156e-05
908	-0.000211697
908.5	0.000277649
909	8.58711e-07
909.5	-8.15749e-05
910	-2.1589e-05
910.5	-1.06002e-05
911	-9.08266e-06
911.5	-8.4018e-06
912	-8.05736e-06
912.5	-7.7188e-06
913	-7.4111e-06
913.5	-7.2668e-06
914	-7.20927e-06
914.5	-7.08831e-06
915	-6.88453e-06
915.5	-6.75685e-06
916	-6.72488e-06
916.5	-6.53743e-06
917	-6.46625e-06
917.5	-6.51953e-06
918	-6.40801e-06
918.5	-6.11439e-06
919	-5.87317e-06
919.5	-5.36278e-06
920	-5.03189e-06
920.5	-4.84077e-06
921	-4.59287e-06
921.5	-4.65012e-06
922	-4.76397e-06
922.5	-4.80705e-06
923	-4.83471e-06
923.5	-4.90229e-06
924	-5.00145e-06
924.5	-5.04741e-06
925	-4.96217e-06
925.5	-4.80867e-06
926	-4.61703e-06
926.5	-4.37521e-06
927	-4.10984e-06
927.5	-3.76462e-06
928	-3.49587e-06
928.5	-3.39549e-06
929	-3.23628e-06
929.5	-3.07655e-06
930	-3.13244e-06
930.5	-3.44627e-06
931	-3.86018e-06
931.5	-4.29792e-06
932	-4.97633e-06
932.5	-5.3575e-06
933	-5.44301e-06
933.5	-6.64779e-06
934	-6.32518e-05
934.5	-0.000150653
935	0.000299009
935.5	-1.6967e-06
936	-9.29712e-05
936.5	-1.99941e-05
937	-1.01931e-05
937.5	-8.04583e-06
938	-7.0952e-06
938.5	-6.57667e-06
939	-6.03234e-06
939.5	-5.49305e-06
940	-5.12267e-06
940.5	-4.87794e-06
941	-4.66256e-06
941.5	-4.43955e-06
942	-4.20463e-06
942.5	-3.94368e-06
943	-3.74324e-06
943.5	-3.53515e-06
944	-3.40491e-06
944.5	-3.32721e-06
945	-3.37625e-06
945.5	-3.37695e-06
946	-2.55429e-06
946.5	-2.17716e-06
947	-2.1565e-06
947.5	-2.32881e-06
948	-2.61307e-06
948.5	-2.8658e-06
949	-3.26363e-06
949.5	-3.62954e-06
950	-3.75171e-06
950.5	-3.63354e-06
951	-3.86128e-06
951.5	-4.09341e-06
952	-4.2611e-06
952.5	-4.22549e-06
953	-4.17965e-06
953.5	-4.44593e-06
954	-4.53449e-06
954.5	-4.50668e-06
955	-4.58222e-06
955.5	-4.68133e-06
956	-4.80861e-06
956.5	-4.97727e-06
957	-5.27752e-06
957.5	-5.71382e-06
958	-6.34705e-06
958.5	-7.66987e-06
959	-1.14744e-05
959.5	-9.23628e-05
960	0.000101848
960.5	3.05937e-05
961	-5.20216e-05
961.5	-4.94106e-05
962	-1.29608e-05
962.5	-1.15961e-05
963	-9.99485e-06
963.5	-8.57965e-06
964	-7.42147e-06
964.5	-6.92908e-06
965	-6.53002e-06
965.5	-6.18503e-06
966	-5.93335e-06
966.5	-5.83143e-06
967	-5.70004e-06
967.5	-5.62389e-06
968	-5.6306e-06
968.5	-5.63527e-06
969	-5.6507e-06
969.5	-5.79548e-06
970	-6.00032e-06
970.5	-6.13271e-06
971	-6.21921e-06
971.5	-6.40355e-06
972	-6.57909e-06
972.5	-6.65992e-06
973	-6.96934e-06
973.5	-7.58311e-06
974	-9.1491e-06
974.5	-5.39864e-05
975	-0.000226986
975.5	0.000268111
976	3.74935e-07
976.5	-8.36394e-05
977	-2.62384e-05
977.5	-1.25681e-05
978	-9.87443e-06
978.5	-6.95971e-06
979	-5.23159e-06
979.5	-4.38769e-06
980	-3.949e-06
980.5	-3.79853e-06
981	-3.84981e-06
981.5	-4.24512e-06
982	-4.57587e-06
982.5	-4.67399e-06
983	-4.66699e-06
983.5	-4.59673e-06
984	-4.34485e-06
984.5	-4.1023e-06
985	-4.28299e-06
985.5	-4.4963e-06
986	-4.57551e-06
986.5	-4.76591e-06
987	-5.14183e-06
987.5	-5.39149e-06
988	-5.63586e-06
988.5	-5.93192e-06
989	-6.2685e-06
989.5	-6.35447e-06
990	-5.61517e-06
990.5	-5.23169e-06
991	-4.7857e-06
991.5	-4.33496e-06
992	-3.72193e-06
992.5	-3.50196e-06
993	-1.76701e-06
993.5	-1.76315e-06
994	-2.38347e-06
994.5	-3.03148e-06
995	-3.31332e-06
995.5	-3.99275e-06
996	-4.24572e-06
996.5	-4.80536e-06
997	-4.99386e-06
997.5	-4.78553e-06
998	-4.45681e-06
998.5	-3.87907e-06
999	-3.35955e-06
999.5	-3.00364e-06
1000	-3.15457e-06
