0.916 520096
1.155 468769
1.306 465589
1.310 476338
1.591 491600
1.739 537549
2.640 763061
2.651 399789
2.705 463959
3.107 775660
3.548 479928
3.558 465503
3.700 506093
4.142 530985
4.162 420664
4.490 479109
5.762 466749
5.954 470724
6.248 494199
6.629 499265
6.660 506209
6.679 503565
7.042 519673
7.197 488576
7.376 540714
7.513 533984
7.913 490416
8.249 512384
8.638 468551
8.703 479063
8.804 772197
10.559 529811
10.687 518667
10.699 522124
10.887 461765
10.975 6821
11.100 7209
11.117 480394
11.197 371051
11.275 7183
11.497 504837
11.550 7235
11.732 479915
11.769 513628
11.871 372512
11.895 505022
12.050 19562
12.306 482346
12.400 19325
12.425 7266
12.475 19282
12.525 6920
12.585 773915
13.125 19402
13.139 535381
13.175 7083
13.175 7215
13.344 510754
13.400 7030
13.475 7211
13.825 338117
14.275 316815
14.275 338116
14.401 532645
14.552 517229
14.750 338269
15.041 494544
15.175 338738
15.250 337934
15.350 338138
15.463 497074
15.483 510222
15.500 313976
15.573 517229
15.600 338299
15.850 19557
15.925 338118
16.300 316829
16.303 436763
16.306 523892
16.382 786819
16.727 782532
16.850 7210
17.036 472754
17.606 530525
17.726 515710
17.800 19514
18.025 19565
18.353 516501
18.625 19562
18.830 483238
19.042 418885
19.100 19487
19.675 19325
19.763 520677
19.934 509330
19.962 536256
19.999 489149
20.164 515648
20.218 459656
20.434 434852
20.861 418885
21.150 19402
21.200 418885
21.350 316274
21.550 326506
21.925 324667
22.250 324298
22.300 318534
22.900 329993
23.125 332308
23.150 316238
23.214 537145
23.225 19282
23.250 331110
23.300 318536
23.400 322551
23.675 321390
23.699 514466
23.779 535270
24.064 515526
24.169 520775
24.325 321405
24.550 7054
24.633 414610
24.725 19487
25.100 325368
25.219 382819
25.550 321413
25.575 322516
25.575 328313
25.575 332708
25.716 472631
25.750 324834
25.810 462574
25.900 318563
26.000 321973
26.125 3427
26.225 326040
26.250 309909
26.275 3579
26.325 324262
26.350 316797
26.400 21168
26.475 3601
26.547 489406
26.550 315134
26.550 315642
26.550 321809
26.550 6920
26.600 322362
26.625 21285
26.625 318455
26.650 21218
26.650 3533
26.681 540108
26.700 21203
26.725 319671
26.725 326028
26.725 328248
26.725 337934
26.800 21251
26.800 327176
26.808 460419
26.811 479063
26.825 21236
26.850 21189
26.850 324868
26.900 311512
26.975 315089
27.025 330047
27.025 332312
27.050 331734
27.075 3534
27.100 326570
27.200 21187
27.275 322525
27.275 325381
27.275 3599
27.275 3625
27.325 330588
27.326 477197
27.350 313976
27.375 338054
27.400 7210
27.425 3514
27.450 321938
27.450 6821
27.500 3491
27.500 3642
27.500 3665
27.575 317372
27.575 317381
27.600 3644
27.625 331794
27.650 322553
27.675 322573
27.700 319015
27.700 330014
27.800 318562
27.825 322597
27.906 459659
27.950 320244
27.975 302409
25.725 1404
27.975 3620
28.008 521446
28.025 19565
28.042 414001
28.050 316268
28.050 332305
28.075 7083
28.100 338146
28.125 3581
28.175 7030
28.200 338029
28.200 7266
28.250 316214
28.275 316775
28.275 3448
28.325 321999
28.334 486635
28.375 315105
28.375 7235
28.400 301208
28.400 324280
28.425 312635
28.450 315707
28.500 318485
28.550 321968
28.550 3645
28.550 7183
28.575 322299
28.575 328337
28.625 315076
28.625 332380
28.650 320831
28.675 319691
28.758 492214
28.799 471183
28.875 330031
28.925 338269
28.950 317934
28.975 324331
28.975 338048
29.050 321418
29.100 328315
29.200 322002
29.250 317938
29.250 320869
29.250 321943
29.275 321942
29.275 326038
29.275 470393
29.300 314549
29.325 7215
29.400 298373
29.400 319675
29.425 323723
29.425 324879
29.425 327766
29.450 316271
29.450 326628
29.475 321449
29.500 321428
29.608 373011
29.650 317941
29.650 323103
29.675 324146
29.725 324893
29.750 328235
29.800 322019
29.825 320238
29.825 326506
29.850 337693
29.860 476920
29.900 317979
29.900 319095
29.925 301210
29.925 317422
29.950 322532
29.975 310456
29.975 315671
29.975 320842
29.975 325942
30.000 329426
30.025 317919
30.050 298449
30.075 320843
30.100 324788
30.125 317434
30.125 329442
30.175 338049
30.200 316829
30.225 318005
30.225 321447
30.250 337993
30.275 304150
30.275 337938
30.300 328853
30.325 316815
30.350 317933
30.350 338138
30.375 338262
30.392 488558
30.400 320234
30.400 320250
30.400 328303
30.400 338290
30.450 316245
30.450 326529
30.450 338116
30.500 338089
30.525 319710
30.525 325440
30.550 329459
30.550 338025
30.550 338292
30.550 338324
30.582 532627
30.625 316857
30.625 338022
30.625 338117
30.650 337964
30.650 338053
30.700 320851
30.700 324873
30.700 329907
30.725 337966
30.750 309944
30.750 316841
30.750 324888
30.800 321967
30.825 297854
30.825 337939
30.825 338236
30.825 338293
30.850 338113
30.875 338206
30.900 321957
30.900 325951
30.924 478616
30.925 338326
30.950 338145
30.975 325938
30.975 3427
31.000 314397
31.000 338087
31.000 338118
31.025 320839
31.025 327131
31.050 338299
31.075 338142
31.100 3601
31.121 775516
31.200 337965
31.200 338028
31.200 338237
31.225 3533
31.225 3579
31.250 325385
31.275 327192
31.300 317923
31.300 337969
31.375 326001
31.424 765519
31.425 324298
31.450 3534
31.475 324322
31.475 327699
31.500 327691
31.575 331220
31.625 3625
31.675 324246
31.725 3599
31.750 327716
31.800 320262
31.825 3665
31.850 332282
31.850 3642
31.900 319099
31.950 3514
32.092 486911
32.100 3644
32.225 327664
32.250 3491
32.300 316274
33.049 460396
33.350 338177
33.509 537702
33.560 488078
33.578 471757
33.779 486740
33.850 3645
34.086 481140
34.111 515027
34.267 491538
34.319 760838
34.359 477065
34.600 337934
34.859 788383
35.000 338146
35.462 523632
35.553 506265
35.700 338054
35.825 338237
35.888 493128
36.000 338117
36.050 337939
36.158 469565
36.225 338269
36.250 338048
36.349 478247
36.500 338025
36.500 338324
36.525 338299
36.700 338326
36.775 337693
36.925 337938
36.925 338118
36.971 470155
37.268 768097
37.275 338290
37.603 502896
37.712 774431
37.789 393042
37.897 506093
37.954 499110
37.979 776349
38.042 502028
38.072 499005
38.395 506741
38.980 452824
39.803 510300
40.253 494367
40.256 770996
40.259 477010
40.523 507070
40.531 529733
40.557 532232
40.572 777833
40.794 496300
40.947 759988
41.084 757430
41.423 422298
41.799 513877
42.305 482473
42.377 501055
42.920 474608
43.138 467018
43.212 404660
43.615 476585
44.075 7083
44.496 474093
44.750 7235
45.107 519585
45.170 378120
45.198 383222
45.200 7030
45.265 438330
45.892 480870
45.975 7183
46.057 531864
46.150 7209
46.325 338738
46.494 479545
46.872 520307
47.050 6920
47.150 525868
47.203 401841
47.312 482266
47.325 7215
47.475 6821
47.671 521045
47.700 7211
47.787 769762
47.962 459557
47.975 7210
49.870 526792
50.249 760915
50.394 410369
50.803 779311
51.078 512404
51.389 767106
51.917 537517
52.058 431804
52.134 514243
52.463 530197
52.534 498876
53.086 779591
53.257 787787
53.561 526580
54.022 508362
54.578 431804
56.247 391517
56.449 513337
57.183 457975
57.371 786819
57.745 477940
58.002 491927
58.059 524097
58.513 516000
58.998 529412
59.153 768518
59.720 499713
59.998 472555
60.183 487189
60.354 506741
60.455 502738
60.475 7030
60.575 7210
45.125 1404
59.850 1404
60.700 7083
60.975 6821
61.025 338029
61.175 338269
61.175 7183
61.675 7054
61.835 480687
61.975 6920
62.098 478418
62.302 482094
62.331 479100
62.675 7235
63.434 487663
63.700 338089
63.875 7266
63.950 7209
64.139 481085
64.200 337969
64.300 338048
64.300 784112
64.450 338237
64.475 338299
64.500 775016
64.700 15920
64.750 7211
64.925 338138
65.000 338053
65.125 7215
65.216 507954
65.696 516361
65.825 338236
66.230 543374
66.326 404671
66.564 484467
66.612 529589
67.457 375422
67.752 498949
67.989 483692
68.859 528157
69.491 521070
69.514 764391
69.515 419943
70.573 501748
70.659 465554
71.086 510016
71.129 463878
72.372 515464
72.843 530400
72.877 487683
72.981 487204
73.324 491864
74.675 19565
74.849 498093
74.872 527776
75.172 464417
75.198 516007
75.921 458715
76.020 515589
76.425 502159
76.534 771671
76.575 338738
76.900 7183
77.425 7211
77.575 7083
77.755 388174
78.021 484719
78.125 7054
78.219 504988
78.269 519929
78.275 7210
78.359 377144
78.448 788383
78.780 487683
79.325 7266
79.550 337938
79.719 493275
79.753 497972
79.825 6821
79.900 7209
79.925 15676
79.932 527074
80.000 7235
80.325 338138
80.384 470174
80.450 6920
80.602 501506
81.050 7215
81.100 338326
81.174 491985
81.325 15744
81.600 528034
82.350 338290
82.451 466828
82.567 477394
83.210 527804
83.450 464074
83.522 464672
83.669 414204
83.850 484556
84.030 511426
84.274 430627
84.349 506076
77.625 1404
84.448 469452
84.596 487038
85.228 505259
85.541 479545
85.846 468691
86.162 497834
86.540 468261
86.551 499725
86.858 502351
86.905 491494
87.315 391517
87.386 528610
87.439 522917
88.046 466323
88.239 457906
88.339 536571
88.430 537143
88.509 449191
89.066 533666
90.466 483128
90.550 470783
91.245 779383
91.629 506093
91.661 475896
92.075 6920
92.175 7054
92.200 7030
92.271 524790
92.450 7183
92.750 7210
92.795 498602
92.850 337693
93.050 7083
93.062 517920
93.079 477201
93.409 464511
93.494 507902
93.624 489276
93.900 6821
93.950 15745
94.050 19557
94.100 7211
94.275 7235
94.343 397897
94.405 512771
94.450 7215
94.507 781736
94.600 7209
94.891 495501
94.966 790032
95.096 512069
95.528 472853
95.633 476718
95.886 486740
95.950 338237
96.193 472593
96.654 521936
96.701 733766
97.240 473695
97.339 527828
98.141 499944
98.472 502864
98.675 19565
99.437 777275
100.007 387671
100.450 473466
100.498 461954
101.535 469046
102.464 504817
102.512 486690
102.990 491527
103.117 486087
103.269 524147
103.289 504579
103.923 379074
104.090 485507
104.107 501037
105.025 338738
105.428 491696
105.583 464417
105.589 469452
105.875 537612
105.925 7266
106.020 507799
106.495 468200
106.513 456829
106.619 762795
106.758 506508
107.000 7083
107.175 7183
107.325 530539
107.325 7030
107.750 7215
108.608 464199
108.619 485913
108.675 7211
108.743 505947
108.814 475770
109.010 465966
109.050 6821
109.298 463245
109.625 7209
94.275 1404
110.075 7054
110.150 7210
110.160 487668
110.332 464030
110.450 490577
110.615 486299
110.925 7235
111.250 15780
111.584 542940
112.396 533666
112.650 331794
112.880 511109
113.042 476161
114.120 506797
114.124 475920
114.165 490696
114.259 507368
114.644 424271
115.066 781147
115.625 319671
116.175 324888
116.430 470466
116.820 517081
117.049 470363
117.100 499345
117.232 397479
117.269 485126
117.550 322299
117.963 762865
118.143 493688
118.235 766929
119.275 529829
119.326 474023
119.584 780574
119.725 324879
119.800 521477
120.300 317938
120.475 321809
120.500 7183
120.750 328313
120.850 325942
121.175 318485
121.175 6920
121.300 325381
121.350 322516
121.475 7083
121.656 486349
121.675 7266
121.850 7211
122.050 322019
122.325 497926
122.375 7209
122.400 316268
122.448 754685
122.650 297854
122.675 3491
122.725 315134
122.875 6821
122.896 483692
122.900 319691
123.000 318005
123.150 331220
123.275 321973
123.275 3448
123.325 7235
123.375 7210
123.475 304150
123.523 782676
123.525 320843
123.550 3533
123.618 480675
123.650 316245
123.650 324667
123.688 515417
123.725 3620
123.775 318562
123.800 7215
123.825 318534
123.825 3427
123.965 388729
124.050 324146
124.050 3514
124.087 484457
124.137 513218
124.190 500759
124.225 3665
124.300 338146
124.375 3644
124.425 3645
124.450 327699
124.500 316214
124.500 330588
124.525 298373
124.575 7054
124.725 321390
124.800 316797
124.800 3579
124.800 3642
124.825 3534
124.850 314549
124.875 338738
124.900 21251
110.400 1404
124.925 21187
124.950 21168
124.975 327176
125.000 21285
125.000 316274
125.002 344322
125.025 21218
125.050 327691
125.078 507014
125.097 377247
125.122 420664
125.150 330014
125.225 15818
125.225 21236
125.225 326038
125.309 461802
125.412 515389
125.500 320234
125.550 3581
125.550 3599
125.575 21189
125.600 21203
125.650 3601
125.752 481730
125.841 487100
125.849 458742
125.850 320262
125.900 317934
125.929 483250
125.975 3625
126.000 331794
126.075 314397
126.100 320250
126.225 302409
126.250 315076
126.277 495425
126.400 316775
126.400 332380
126.425 315105
126.450 322532
126.475 317979
126.475 320869
126.500 321968
126.524 426769
126.525 309909
126.550 338049
126.600 301210
126.625 298449
126.675 321938
126.700 324246
126.700 324868
126.775 323103
126.775 326028
126.800 327664
126.825 326628
126.875 324834
126.900 324322
126.950 319015
126.987 474119
127.000 316815
127.025 324280
127.025 330047
127.025 337993
127.025 338054
127.025 441844
127.100 312635
127.150 325951
127.200 320244
127.225 322573
127.300 322597
127.350 319675
127.350 326570
127.350 332308
127.437 538914
127.475 317923
127.550 328337
127.575 315089
127.650 320839
127.650 332708
127.675 338048
127.700 328853
127.725 319099
127.725 322551
127.725 324262
127.750 329426
127.775 326040
127.800 317434
127.800 320238
127.825 320842
127.850 309944
127.875 317372
127.875 324298
127.900 324873
127.925 316857
127.950 321999
127.953 469833
128.025 310456
128.025 321405
128.040 536600
128.075 321449
128.075 328303
128.100 319095
128.100 338113
128.175 319671
128.225 301208
128.225 321418
128.225 338236
128.250 316841
128.275 318536
128.275 327192
128.300 317919
128.322 444725
128.325 316238
128.325 337938
128.325 337965
128.325 338177
128.375 328248
128.390 430071
128.400 325368
128.400 337934
128.400 3491
128.425 311512
128.425 337939
128.450 315671
128.500 329993
128.500 338269
128.525 315642
128.525 321447
128.525 328315
128.550 338025
128.575 321943
128.600 317422
128.600 338022
128.625 3448
128.675 320831
128.675 329459
128.675 338089
128.700 322362
128.700 324888
128.725 337964
128.775 327766
128.800 3427
128.825 316271
128.825 338262
128.875 338142
128.875 3533
128.900 317381
128.900 338206
128.975 326001
128.975 338087
129.000 322553
129.000 332282
129.025 338053
129.029 539880
129.075 323723
129.075 328235
129.125 319710
129.125 321942
129.125 327131
129.125 337969
129.150 3665
129.200 315707
129.200 338028
129.250 324893
129.275 325385
129.300 327716
129.300 3514
129.325 338117
129.325 338118
129.325 3620
129.326 469339
129.375 338299
129.400 322002
129.425 3644
129.450 337693
129.450 338324
129.475 3534
129.525 324788
129.550 338237
129.550 338326
129.575 318563
129.575 338116
129.600 326506
129.600 329442
129.675 321413
129.675 338290
129.750 3645
129.800 326529
129.800 329907
129.825 338029
129.825 338293
129.850 321967
129.875 317941
129.875 331110
129.875 332312
129.950 331734
130.000 3642
130.050 320851
130.050 338145
130.125 324331
130.125 332305
130.175 325938
130.250 330031
130.253 487805
130.275 3579
130.306 481151
130.450 321428
130.450 322525
130.475 338292
130.500 325440
130.525 317933
130.550 313976
130.600 316829
130.600 3601
130.608 524678
130.675 3581
130.750 318455
130.750 3599
130.750 3625
130.875 537083
130.900 321957
130.913 389959
130.933 393112
131.827 791134
132.061 490540
132.095 505992
132.413 478699
132.450 338049
132.651 401030
132.800 338146
132.850 337966
132.875 338138
132.878 472034
133.188 511998
133.400 338089
133.525 338048
133.526 438285
133.875 338177
133.902 507668
134.097 516686
134.350 337964
134.350 338025
134.425 338022
134.425 338206
134.430 468303
134.503 532645
134.528 486328
134.550 338269
134.650 337993
135.050 338117
135.200 338326
135.375 338113
135.423 472146
135.500 338029
135.725 338116
135.950 338299
136.528 489774
136.563 529361
136.570 468303
136.650 478153
137.392 484512
137.572 484137
138.016 486275
138.797 514239
138.879 381326
139.026 506076
139.236 478935
139.248 496224
139.414 485998
140.014 467114
140.058 477924
140.675 19402
140.804 516636
141.062 463973
141.370 489045
141.725 6920
141.958 467114
142.225 7054
142.575 7030
142.600 6821
142.763 476851
142.899 487807
143.167 528499
143.282 474925
143.325 338738
143.450 7235
143.504 482902
143.575 7210
143.600 7183
143.625 7211
143.633 491338
143.766 464465
143.824 497850
144.150 7266
144.675 7209
144.917 504838
146.109 499975
147.181 778318
147.407 461686
147.806 506303
148.308 466828
148.661 508435
149.019 514690
149.554 483041
149.694 526351
149.780 519600
142.250 1404
151.649 461959
151.731 485291
152.460 520051
152.680 489837
152.697 476920
153.063 499419
153.190 477683
153.460 464025
153.579 520096
153.597 464750
154.472 511101
154.536 527975
154.831 497414
154.834 442526
155.216 478013
155.873 477556
155.990 404991
156.034 457975
156.350 337993
156.651 542827
157.150 338118
157.275 338236
157.418 482054
157.600 7083
157.847 461718
157.850 338028
157.900 7235
158.232 511998
158.400 7030
158.575 337966
158.800 338326
158.800 7215
158.821 533788
158.900 338738
159.097 491338
159.100 338049
159.125 7210
159.147 493231
159.225 6821
159.275 7054
159.300 338206
159.425 337934
159.643 404671
159.658 516620
159.855 494881
159.873 537153
160.160 771671
160.475 337964
160.500 337969
160.524 464832
160.550 6920
160.552 775016
160.602 486851
161.275 7209
161.375 338146
162.100 338293
162.139 528148
162.246 487787
162.959 485479
163.403 755978
164.016 473303
164.304 382600
164.319 772845
164.528 500769
164.899 398796
165.579 509302
165.638 491182
165.855 462537
166.743 488105
166.768 484490
166.930 506797
166.997 528610
167.116 474854
167.433 506602
167.644 509170
167.645 375162
168.383 696971
168.787 507168
169.285 507244
169.663 515195
169.975 15676
170.179 370949
170.359 490582
170.589 467108
171.157 480926
171.525 7183
171.850 7211
171.942 458672
172.026 534418
172.305 497089
172.475 7266
172.878 485381
172.963 474904
173.450 7054
173.975 7209
174.025 7083
174.050 6920
174.926 483609
175.025 7235
175.027 516714
175.142 764952
175.291 768065
161.300 1404
175.325 7030
175.957 439120
176.033 530604
176.234 483869
176.532 457927
176.725 337938
176.975 7215
177.069 498729
177.099 457269
177.124 400104
177.398 509271
177.414 511372
177.860 435231
178.296 474068
178.775 19402
180.396 520806
180.778 496767
180.821 392903
180.842 439698
180.878 785335
181.112 370178
181.787 771507
181.958 529688
182.050 19562
182.053 531881
182.152 716224
183.668 486542
184.062 516537
184.140 491886
185.022 539892
185.100 7210
185.757 425995
186.504 493460
186.742 459292
186.900 338738
186.924 542292
187.075 6821
187.170 470814
187.275 7054
187.400 7183
187.560 484719
187.850 338177
188.025 7215
188.075 7211
188.250 7030
188.525 6920
188.600 7266
188.675 338236
188.900 337969
188.965 513067
189.025 7235
189.502 392382
189.512 388174
189.514 425995
189.581 480534
189.709 478979
189.888 499511
190.028 496532
190.240 480534
190.275 15920
190.375 7083
190.426 511095
190.818 491927
191.325 338138
191.462 500862
191.726 519400
191.988 382600
192.091 493422
192.347 408219
192.530 527335
192.907 472703
192.916 470506
193.534 456483
194.503 738569
195.377 786182
196.449 490390
196.626 496942
196.626 531268
197.028 775517
197.062 494993
197.165 374597
197.854 515421
198.092 522140
198.248 479333
198.621 473995
198.999 473695
199.024 479140
199.048 464722
199.493 483133
199.665 442279
200.066 755960
200.300 7054
200.385 539742
200.404 461722
200.773 414035
200.850 7210
200.899 387244
201.625 7183
201.871 458184
201.925 7083
202.015 506265
202.090 705385
175.375 1404
197.275 1404
202.125 7209
202.208 526973
202.497 536550
202.601 785416
202.925 6920
203.025 338049
203.125 7266
203.225 6821
203.625 321809
203.800 7235
204.028 388965
204.148 507799
204.250 338116
204.250 7030
204.697 426819
204.975 7211
205.843 535137
205.867 466363
206.409 404671
206.861 378328
206.868 469978
206.913 716259
206.951 483293
207.270 415559
207.401 476920
207.402 503087
207.463 771140
207.583 517229
208.706 524822
208.732 496170
208.794 467809
210.193 406655
210.287 761350
210.692 511853
210.918 789073
211.206 462367
211.752 500480
211.780 501136
211.841 784487
212.066 421825
212.178 540108
212.259 426022
212.450 297854
212.485 382512
212.933 461916
212.995 515894
213.266 478687
214.045 433095
214.061 379168
214.325 7215
214.412 756836
214.705 527317
215.115 513062
215.122 540592
215.674 469140
215.975 6821
216.047 750772
216.227 537060
216.240 513749
216.300 751355
216.375 7083
216.625 338738
216.650 7210
216.775 7054
216.940 489574
217.250 7235
217.325 7211
217.359 537056
217.578 768909
217.600 6920
218.213 526655
218.829 458814
218.950 7030
219.425 7183
219.475 322525
219.500 314549
219.829 499461
220.420 487308
220.702 527632
220.750 488793
221.586 521446
221.797 418758
222.229 479538
222.359 783701
222.478 516620
222.663 513041
222.839 382819
223.005 516652
223.200 540543
223.232 532373
223.995 473622
224.003 518326
224.022 757457
224.031 506508
224.032 488220
224.170 458814
224.259 467690
224.266 494502
224.601 453238
224.630 476043
225.128 503019
225.187 501809
216.825 1404
225.451 488829
226.217 486777
226.695 514466
227.335 478054
228.403 467527
228.680 491435
228.725 329993
229.060 487559
229.475 7210
229.598 496082
229.625 7054
229.963 483292
230.600 7266
231.124 530536
231.200 7211
231.375 6821
231.397 538420
231.400 6920
231.500 7209
231.573 466273
231.600 7215
231.806 525397
232.325 338738
232.625 7183
232.850 7235
233.025 7030
233.528 460184
233.650 317422
233.837 485291
233.967 472598
234.311 786770
234.425 338236
234.700 322573
234.750 338292
234.875 19402
235.219 771891
235.300 322553
235.682 395644
235.800 326628
236.031 458746
236.581 513337
236.593 508886
236.786 468308
237.088 510016
237.400 297854
237.825 3427
237.877 506806
238.098 483132
238.138 518364
238.175 317938
238.200 302409
238.388 492276
238.756 771893
238.790 531547
238.802 484719
239.072 491527
239.225 318485
239.356 475638
239.619 484454
239.645 457314
239.735 493931
239.950 3514
240.178 482623
240.250 304150
240.300 328313
240.607 506076
240.725 322019
240.775 497860
240.891 477166
241.475 320262
241.525 317979
241.550 316214
241.550 321938
241.576 427254
241.667 515417
241.700 310456
241.959 468720
241.974 486718
242.026 526367
242.050 3448
242.050 3491
242.225 301208
242.235 498513
242.525 298373
243.170 531170
243.375 337693
243.400 324868
243.450 301210
243.465 497931
243.575 21189
243.600 298449
243.625 21187
243.700 316797
243.785 464672
243.850 21168
243.850 3427
243.918 779802
244.075 21203
244.075 317919
244.075 319671
244.075 323103
244.119 528148
231.175 1404
244.125 317422
244.150 322573
244.175 315642
244.175 321418
244.175 3533
244.218 468142
244.275 3599
244.375 317933
244.400 21218
244.400 321447
244.500 332380
244.650 330588
244.700 321968
244.725 317941
244.800 316857
244.825 323723
245.050 3534
245.100 320238
245.100 322532
245.125 21236
245.125 321390
245.125 7209
245.175 322002
245.186 523618
245.200 317372
245.200 318563
245.200 324322
245.200 7183
245.225 320831
245.225 320839
245.275 318534
245.298 521309
245.325 324788
245.325 329459
245.375 309909
245.375 316775
245.400 316268
245.400 317934
245.400 337938
245.400 3642
245.475 315134
245.650 3581
245.700 21251
245.700 319691
245.700 327176
245.775 313976
245.775 316841
245.775 320244
245.775 321405
245.775 327716
245.784 529358
245.800 21285
245.800 314397
245.825 321413
245.825 327699
245.850 319095
245.900 320842
245.900 321973
245.975 316829
246.000 315105
246.025 7211
246.050 311512
246.050 3645
246.125 324146
246.150 320234
246.150 322525
246.175 315671
246.175 3625
246.200 315089
246.225 321809
246.350 3665
246.375 315076
246.375 327664
246.400 316274
246.400 317381
246.450 3579
246.475 316815
246.500 320869
246.575 324879
246.600 320250
246.600 3644
246.643 508965
246.650 337964
246.675 314549
246.675 320851
246.675 3448
246.700 309944
246.700 3514
246.750 329993
246.750 3601
246.825 319675
246.825 330047
246.875 3620
246.900 321967
246.925 315707
246.925 318562
246.925 326040
246.950 324893
246.975 324262
247.000 3491
247.025 337969
247.050 317923
247.075 338025
247.100 322553
247.125 337993
247.150 321943
247.175 318455
247.175 321449
247.175 327766
247.175 328853
247.225 319710
247.225 326028
247.225 328248
247.250 320843
247.300 330014
247.325 326038
247.350 322597
247.350 328315
247.400 332305
247.425 327131
247.500 318536
247.500 328235
247.500 338022
247.550 316238
247.550 338054
247.575 325951
247.575 326001
247.625 324298
247.625 337966
247.643 504169
247.675 325942
247.700 312635
247.700 318005
247.700 325938
247.719 467634
247.750 324331
247.769 496320
247.775 316245
247.775 328303
247.875 331734
247.900 322551
247.900 338142
247.950 319099
247.950 328337
247.975 338049
248.000 338145
248.000 338177
248.025 322516
248.075 329907
248.075 337939
248.075 338087
248.150 325440
248.175 331220
248.175 338116
248.225 324667
248.300 331794
248.325 325381
248.325 338089
248.350 324873
248.400 326506
248.400 326529
248.400 338048
248.475 330031
248.500 316271
248.500 319015
248.549 764391
248.550 317938
248.575 338138
248.600 321428
248.600 332282
248.609 777587
248.625 3533
248.650 326570
248.700 327691
248.800 338293
248.850 338146
248.858 472716
248.900 324888
248.925 321999
248.950 324246
248.950 3599
249.000 337965
249.000 338117
249.050 329442
249.075 317434
249.100 325385
249.147 488558
249.175 322362
249.175 327192
249.175 338236
249.175 338738
249.275 324280
249.300 338028
249.325 324834
249.325 338262
249.349 534212
249.350 331110
249.350 338326
249.375 325368
249.375 337934
249.389 407236
249.400 338324
249.425 321957
249.425 338029
249.450 338206
249.475 338299
249.500 332708
249.550 338292
249.725 3534
249.772 494628
249.795 523486
249.800 15353
249.825 338237
249.875 321942
249.925 338053
249.950 3642
250.075 338290
250.125 537953
250.200 338269
250.275 329426
250.300 3581
250.350 322299
250.550 332312
250.650 3645
250.846 511212
250.872 423727
250.922 464832
250.954 465702
250.975 3665
251.036 496582
251.050 3625
251.125 332308
251.150 3644
251.187 489986
251.350 754200
251.521 457906
251.525 338118
251.700 338113
251.750 3620
251.838 469171
252.250 517784
252.292 505335
252.600 338142
252.962 479109
253.053 499679
253.225 338177
253.375 338089
253.678 512084
253.945 484924
254.275 338326
254.331 508972
254.438 518079
254.800 709852
254.810 500127
254.897 462471
255.047 792106
255.833 523927
256.801 513877
257.199 522320
257.343 463313
257.350 6821
257.701 793350
258.133 473544
258.208 485271
258.444 772587
258.981 471102
259.325 485073
259.808 541754
260.324 472480
261.460 491765
261.547 350988
261.575 7030
261.590 461070
261.980 521162
261.987 763434
262.022 467058
262.403 477688
262.711 485215
263.000 7054
263.147 463039
263.154 488558
263.280 517784
263.475 15678
263.600 7210
263.650 15922
264.129 531881
264.243 513678
264.298 505296
264.402 481309
264.483 466894
264.515 380302
264.525 338738
265.220 529104
265.575 7266
266.340 518471
266.710 496110
266.939 483293
267.131 524250
267.945 426022
268.437 486635
268.655 531864
269.231 509350
269.713 418549
269.992 512388
270.060 466241
270.721 469489
262.800 1404
271.213 538411
271.312 415677
271.434 505947
271.471 494901
271.899 513731
272.872 497553
272.975 6821
273.081 458998
273.624 473534
273.857 462341
274.200 6920
274.306 476435
274.482 457131
274.489 777317
274.775 7215
274.833 471127
275.158 459699
275.735 520099
275.810 473534
275.859 498439
275.915 504579
276.125 337693
276.227 503746
276.700 338087
276.757 481140
276.975 7209
277.188 475443
277.260 493822
277.524 502222
277.597 496463
277.612 485578
277.773 480656
278.127 426022
278.150 7210
278.692 485998
278.825 7083
278.850 7054
278.875 338089
278.875 7183
278.975 338053
279.100 7235
279.625 338022
279.906 460132
280.490 467822
280.525 7266
280.614 491840
280.675 7211
280.794 702108
280.802 483609
280.985 483609
281.120 505124
281.700 338738
281.763 393247
281.821 499018
282.725 515417
282.824 471912
283.789 791153
284.182 487430
284.272 756003
284.341 517432
284.667 499852
284.885 779686
285.212 494611
285.317 508369
285.408 473171
285.670 513811
285.714 462080
285.801 534214
285.841 489599
285.925 485744
286.159 506637
286.424 424271
286.603 497372
287.506 530965
288.075 6821
288.350 337938
289.142 487222
289.694 765520
289.885 502159
289.953 501055
289.959 503452
290.175 763061
290.758 739562
290.930 536467
291.050 338299
291.189 475865
291.237 526203
291.350 7215
291.375 7054
291.450 7030
291.500 540357
291.775 338206
291.964 374229
292.254 500308
292.375 6920
292.575 7210
292.625 15920
292.800 7183
293.075 338049
293.137 750039
293.250 7211
293.450 7209
277.900 1404
293.200 1404
293.550 7235
293.616 499679
293.631 465898
293.688 465575
293.883 495888
294.393 483668
294.403 492711
294.425 16056
294.625 7266
295.604 756003
295.783 431804
296.053 487167
296.450 15676
296.517 502527
296.577 513514
297.168 487559
297.371 478763
297.472 509125
298.088 483051
298.134 375162
298.466 447245
299.309 527710
299.404 462597
299.796 506193
300.125 6821
300.140 477084
300.190 503746
300.722 787766
300.947 372316
301.043 758851
301.696 496066
302.025 15709
302.292 502758
303.575 7083
303.973 497234
304.375 7215
304.400 7235
304.429 789073
304.529 519471
304.650 7054
304.823 468200
305.049 534318
305.414 482187
305.418 471269
305.700 7210
305.886 513514
306.468 469158
306.500 338738
306.718 425670
307.303 766223
307.475 338269
307.950 7266
308.614 481772
308.745 465239
309.033 747366
309.809 761375
310.507 775802
310.841 755322
312.424 521895
312.575 483298
312.708 770989
312.726 520592
313.064 471269
313.196 494871
313.368 471474
313.876 541684
313.996 722353
314.314 515741
314.842 496654
314.874 469489
315.051 475176
315.201 448364
315.600 6821
315.773 497074
316.125 7030
316.280 395172
316.475 7209
316.903 483293
316.955 509246
317.082 503110
317.221 502799
317.272 539031
317.675 7211
317.811 472182
317.858 785416
318.599 515027
318.600 7183
318.925 7266
319.021 528488
319.236 480787
319.414 527399
319.824 464506
319.869 538274
320.445 418106
320.450 7235
320.625 7210
321.162 493848
322.025 338262
323.069 482007
323.806 471475
323.939 492515
324.043 478935
320.775 1404
324.382 495565
324.526 530684
324.675 487686
324.711 467598
325.052 498588
325.064 490334
325.083 471913
325.554 537153
325.796 409372
325.836 761375
326.085 429535
326.300 515417
326.476 436467
327.800 6920
327.818 521966
328.475 6821
328.779 481639
329.017 438285
329.300 7211
329.600 7215
330.300 7083
330.350 7054
331.109 534349
331.345 461686
331.619 415026
332.319 448096
332.388 534212
332.650 7210
332.700 7266
332.750 7209
332.800 7030
332.928 372625
332.950 338118
332.950 338738
333.650 337966
334.076 758251
334.536 470813
334.583 766145
334.619 726068
334.662 471003
335.469 494814
335.860 492504
335.878 482044
335.925 468971
335.958 459355
336.249 537901
336.279 466810
336.675 15920
336.881 444873
336.958 484061
337.109 520594
337.270 496390
337.338 756728
337.892 752506
337.957 500223
338.454 762158
338.500 15712
339.511 510241
339.934 474854
339.967 464969
340.039 517640
340.112 490435
340.310 484924
340.322 463767
340.411 517692
340.975 6920
341.203 532895
341.429 474154
342.134 768284
342.302 410369
342.463 523652
342.630 469459
342.650 7054
342.754 482824
343.100 7183
343.619 483050
343.737 473251
344.035 526283
344.216 520594
344.522 496930
344.626 537323
344.675 7083
344.821 757487
345.100 338236
345.214 428730
345.250 7235
345.457 479327
345.517 484194
345.550 7210
345.625 7209
345.965 381326
346.200 7215
346.500 780763
346.581 414277
346.700 7211
346.825 338054
347.424 421176
347.475 7266
349.514 475046
349.669 471360
349.751 464810
349.942 474854
345.700 1404
350.487 521851
350.527 469352
350.607 537587
350.610 491264
350.629 505919
350.717 467114
350.728 508229
350.745 533547
350.958 466363
351.350 6821
352.159 484454
353.550 504649
353.945 480130
354.003 540160
354.186 529368
354.498 773095
354.623 500005
355.155 499378
355.276 492289
355.512 504169
355.757 511109
355.766 528044
356.061 485753
356.139 541443
356.273 489916
356.774 444873
356.967 540092
357.051 525646
357.150 6920
357.535 766223
357.610 521715
357.771 505039
357.775 7054
357.788 459909
357.806 469459
358.261 495698
358.323 500432
358.474 529361
358.681 474955
358.959 436467
358.972 755433
359.249 540169
359.278 527669
359.543 520144
359.550 338738
359.696 470795
359.746 498578
359.800 7083
359.875 7210
359.921 539163
359.936 484801
360.000 7209
360.044 511853
360.350 7235
360.607 516399
360.950 7183
360.961 473539
361.057 515902
361.138 402819
361.425 7211
361.436 485374
361.711 521575
362.113 480375
362.250 7215
362.407 538819
362.584 390771
362.592 470971
362.732 503319
363.031 493590
363.215 530684
363.859 480366
363.875 498477
363.909 790032
363.987 506553
365.150 526271
365.263 459670
365.299 500419
365.474 392382
365.985 497834
366.203 462977
366.604 541052
366.652 536435
366.975 6821
367.373 475549
367.564 509422
368.243 463959
368.371 434014
368.532 443636
368.777 512430
369.030 386758
369.419 490117
369.611 514159
369.646 531650
369.815 439503
370.346 538072
370.475 513731
370.879 488670
370.991 526937
371.136 534369
371.300 7266
371.677 505587
371.750 7030
360.500 1404
371.325 1404
371.864 499679
372.180 476717
372.197 503985
372.350 7054
372.415 489306
372.475 7209
372.523 479793
372.647 481368
373.230 483846
373.480 470525
373.681 466810
373.700 338087
373.700 7215
373.925 7211
374.129 430427
374.359 400104
374.519 504548
374.561 478195
374.662 488008
374.790 461132
375.034 465173
375.122 536571
375.429 515384
375.475 327192
375.643 503657
375.825 338326
375.878 529358
375.950 298373
376.025 297854
376.203 538343
376.500 19562
376.521 407603
376.586 459557
376.644 425100
376.800 338269
376.825 7083
376.950 7183
377.026 475549
377.220 488320
377.408 524890
377.448 461502
377.961 472972
378.000 298449
378.150 301210
378.150 780018
378.175 317372
378.265 482346
378.393 481417
378.493 494557
378.575 3448
378.650 3427
378.875 319095
379.125 337693
379.223 505374
379.375 302409
379.450 316214
379.450 3514
379.500 520394
379.700 323103
379.873 480394
380.200 301208
380.326 475896
380.350 317422
380.403 387457
380.525 304150
380.546 521477
380.575 318485
380.575 3491
380.625 21168
380.800 3534
380.868 370312
380.875 317938
381.049 388130
381.100 317919
381.125 3533
381.137 503906
381.150 21189
381.225 330014
381.250 21187
381.250 321390
381.500 320831
381.657 472701
381.696 498326
381.750 314549
381.964 482076
382.018 462341
382.175 309909
382.225 322597
382.250 315671
382.325 317381
382.372 529119
382.375 309944
382.449 486413
382.500 311512
382.575 21218
382.575 316797
382.625 316857
382.700 21203
382.725 315642
382.725 319691
382.750 315707
382.750 317923
382.800 316245
382.874 532252
382.875 324868
382.900 320250
382.925 316829
383.019 499507
383.025 313976
383.050 316271
383.107 472678
383.150 316775
383.200 317979
383.225 317434
383.250 316238
383.275 320238
383.300 3448
383.325 315105
383.350 315089
383.375 21236
383.375 328248
383.375 328313
383.400 320839
383.450 316841
383.450 321938
383.463 499852
383.525 319675
383.575 314397
383.600 322019
383.650 21251
383.650 3581
383.675 322525
383.675 337964
383.700 317933
383.700 322573
383.800 315134
383.850 321418
383.900 316274
383.925 322002
383.950 21285
383.950 324879
383.975 310456
384.000 321405
384.050 318534
384.100 320843
384.100 328337
384.125 318562
384.125 325942
384.137 472098
384.150 315076
384.150 319015
384.150 3601
384.152 491264
384.175 318005
384.200 316268
384.225 322553
384.225 324262
384.225 324873
384.250 337934
384.250 337993
384.275 318536
384.300 316815
384.300 319710
384.325 321973
384.350 338022
384.350 3579
384.425 326028
384.475 322551
384.475 337938
384.500 337965
384.504 464787
384.525 320869
384.525 3514
384.548 471363
384.550 318563
384.550 338025
384.575 325385
384.575 327176
384.650 312635
384.650 326038
384.650 327699
384.650 3620
384.708 414035
384.725 321449
384.750 320244
384.775 320262
384.775 321447
384.875 324322
384.875 329459
384.900 337939
384.975 319099
384.975 324298
384.975 329993
384.975 3625
385.025 328315
385.077 527615
385.125 319671
385.125 3599
385.150 3491
385.175 321967
385.200 328303
385.238 785987
385.250 317934
385.250 320234
384.000 1404
385.250 321942
385.275 322516
385.275 324893
385.325 320842
385.325 326529
385.325 327131
385.350 320851
385.350 325938
385.350 337969
385.400 317941
385.425 321413
385.450 329907
385.451 476554
385.475 3534
385.522 504885
385.550 324834
385.575 322532
385.600 337966
385.600 3533
385.625 326001
385.725 321957
385.775 326040
385.800 325951
385.800 338117
385.850 324331
385.850 325440
385.850 328853
385.900 3645
385.925 338089
385.950 318455
385.975 325381
385.975 326506
386.000 321968
386.000 331794
386.000 338087
386.000 338142
386.025 321809
386.036 479805
386.050 321428
386.050 326570
386.050 327664
386.200 321999
386.225 324246
386.225 332305
386.267 500344
386.275 327716
386.275 3665
386.300 331734
386.350 323723
386.350 3642
386.369 419642
386.375 330588
386.400 338146
386.400 3644
386.425 324788
386.425 338116
386.450 322362
386.475 330031
386.500 338049
386.525 321943
386.650 327192
386.675 327766
386.750 338054
386.750 338145
386.775 338029
386.825 330047
386.850 338053
386.875 484264
386.900 324280
387.000 338118
387.025 325368
387.050 338028
387.050 338113
387.100 332312
387.175 332708
387.225 327691
387.250 338048
387.275 324146
387.284 479319
387.425 326628
387.450 328235
387.450 329442
387.523 498190
387.558 768097
387.575 324667
387.625 338236
387.700 322299
387.700 338206
387.725 332380
387.850 338177
387.875 324888
387.875 331220
388.200 338326
388.225 3601
388.250 3581
388.425 338292
388.475 332282
388.475 338262
388.475 338293
388.575 338237
388.600 329426
388.600 338138
388.700 332308
388.725 331110
388.750 338324
388.775 338299
388.850 3620
388.956 459465
389.001 462642
389.350 3625
389.425 338290
389.464 412091
389.787 483635
389.850 338269
390.150 3645
390.164 517050
390.550 3665
390.825 338142
390.886 536212
391.020 457862
391.150 337969
391.517 521246
391.595 376872
391.620 504446
391.637 497409
391.693 403031
391.800 15708
391.949 522209
391.975 338089
392.030 537902
392.367 487461
392.410 391117
392.446 458830
393.038 528499
393.061 487222
393.107 481384
393.211 776408
393.730 531067
393.829 484264
394.608 477439
395.241 479266
395.425 15818
395.450 538222
396.244 508033
396.281 529995
396.540 505482
396.708 470886
397.342 458720
397.723 509350
398.313 522849
398.357 502738
398.369 467521
398.379 780296
398.667 481363
398.875 7054
398.997 534155
399.006 526367
399.100 7030
399.346 487663
399.604 472234
400.118 527610
400.304 468456
400.395 475747
400.550 6920
400.645 791134
400.800 7266
400.941 541154
401.000 7235
401.150 7210
401.250 15919
401.300 7183
401.450 338738
401.568 458045
401.593 476656
401.634 768873
401.925 7209
402.050 7211
402.378 501809
402.621 386900
402.685 502043
402.909 479540
403.210 537902
403.610 493728
404.041 370896
404.060 769764
404.318 487663
404.357 775517
404.399 463369
404.476 783701
404.698 515032
404.746 394983
405.164 514599
405.220 494544
405.347 527610
406.362 489916
406.640 520887
407.500 472024
407.751 776273
407.950 6821
408.011 462531
408.301 490696
408.469 527150
408.542 486328
408.725 478111
399.525 1404
409.022 543006
410.284 421907
411.339 468750
411.426 439485
412.363 399980
412.635 521511
412.769 475438
412.900 7083
413.614 489087
413.691 491182
413.745 486134
413.975 7211
414.196 404164
414.288 537347
414.554 495778
414.924 538001
415.100 7183
415.300 6920
415.449 375422
415.850 7215
415.965 458121
416.150 7209
416.336 537784
416.675 19402
416.769 466749
417.095 465614
417.288 397833
417.353 529811
417.655 511255
417.925 338116
418.150 7210
418.267 406872
419.194 486497
419.328 768284
419.806 465527
419.973 528079
419.975 338087
420.208 490379
420.954 474489
421.001 377407
421.554 764923
421.566 533957
421.712 379940
422.017 482106
422.162 418183
422.566 485019
422.583 480548
422.941 475115
423.263 467032
423.767 473431
423.798 467412
424.456 756021
424.880 444725
426.976 465239
427.602 513130
428.169 385719
428.362 789097
428.369 499637
428.766 475702
428.934 469202
429.075 7266
429.100 6920
429.448 494871
429.575 338738
429.723 473449
429.875 15919
429.975 7210
430.193 486745
430.246 498051
430.275 7235
430.550 318485
430.689 520594
431.075 7215
431.550 7030
431.744 478467
431.961 484193
432.175 19325
432.230 766929
432.603 496455
432.760 429356
433.072 479334
434.753 478751
435.208 508425
435.269 524412
435.506 493207
435.843 485628
436.300 6821
436.506 763063
436.759 490334
436.772 518087
436.847 378479
437.150 514104
437.758 474778
438.197 433946
438.729 538222
439.750 7083
440.485 477428
440.675 15709
441.112 496974
441.266 474452
441.425 7054
441.550 7211
412.800 1404
429.050 1404
441.682 486748
441.960 467834
442.300 338089
442.395 540750
442.455 527335
442.476 513731
442.635 513684
442.825 7183
442.896 497172
443.075 7215
443.300 7210
443.425 7209
443.451 537759
443.575 7235
443.585 498086
443.692 783701
444.069 491840
444.416 509246
444.556 529466
444.987 500132
445.013 516958
445.320 491881
445.929 530197
445.994 500862
446.216 439798
446.325 7030
446.475 6920
447.031 472907
447.337 497921
447.342 499018
447.742 529692
447.795 406391
448.059 390862
448.550 6821
448.706 531722
449.190 506209
449.306 485691
449.313 498477
449.417 758795
449.485 537060
449.771 440206
449.841 342960
450.056 526766
450.719 529406
450.958 528824
451.394 518231
452.351 535370
452.388 485251
452.503 790973
452.611 506797
452.701 760073
452.711 461536
452.874 782073
452.909 481826
453.034 465527
453.424 449957
453.508 513731
453.811 504148
454.075 7210
454.219 526185
454.670 477010
454.685 518639
454.950 7054
455.025 7266
455.100 7211
455.422 756247
455.725 7215
455.775 7030
456.591 392240
456.657 748767
456.750 7235
456.773 529104
456.824 764868
456.925 7209
457.318 482346
457.325 7183
457.447 514879
457.705 529185
457.815 538420
457.826 531990
458.070 531547
458.307 434008
458.431 487726
458.507 410203
458.840 533396
458.875 6920
458.888 407603
458.931 536449
459.665 479805
459.700 338138
460.074 484021
460.306 462642
460.363 461536
460.364 471651
460.538 746002
460.755 482706
461.077 484569
461.446 527274
461.518 524790
461.650 6821
461.680 460202
463.167 485753
456.325 1404
463.667 541844
463.726 487663
463.789 455838
463.971 463245
464.324 536623
464.873 485592
464.932 424271
465.340 509574
466.426 379734
466.556 733766
466.798 472593
466.855 527669
467.096 480993
468.306 499007
468.539 542892
468.600 338738
468.870 514092
469.269 464025
469.550 7210
469.625 7054
469.625 7083
469.650 7030
469.940 428730
470.175 7215
470.297 455186
470.444 784737
470.820 792925
471.314 527285
471.703 786770
471.800 7266
471.825 7211
471.975 7235
472.257 492018
472.427 503565
472.759 487147
472.806 517452
472.864 517276
472.955 473975
473.350 7183
473.777 436262
473.850 338049
473.975 6920
474.137 464782
474.286 394666
474.471 518059
474.622 501427
474.750 338324
474.800 318005
475.100 6821
475.633 541129
475.676 534006
475.753 524412
475.895 505064
475.907 475115
475.980 467436
476.135 507218
477.321 533338
477.853 422358
477.964 496582
478.017 476884
478.331 503637
478.445 543046
478.469 519925
479.137 462513
479.810 487871
479.825 458838
480.060 537653
480.140 481731
480.172 498504
480.221 535381
481.630 500461
481.672 466981
482.050 15738
482.137 541299
482.147 473055
482.311 503019
483.168 481086
483.172 498326
483.334 530696
483.350 7209
483.691 532741
483.734 525448
483.737 522505
483.757 414204
483.973 507859
484.050 7266
484.477 531355
484.778 521436
484.925 7211
484.964 531763
485.000 7215
485.250 7054
485.925 15952
485.973 475046
486.325 7235
486.346 478247
486.375 7083
486.487 727982
486.600 338113
486.700 7183
486.790 495880
486.850 6821
468.900 1404
485.725 1404
486.925 317938
487.225 338048
487.225 7030
487.397 496942
487.613 531634
488.025 7210
488.450 6920
488.718 492214
488.767 409685
489.055 531454
489.150 338138
489.179 514927
489.435 444541
490.376 491193
490.880 494628
491.027 439485
491.106 465661
491.862 418183
492.036 501682
492.230 533688
492.533 466247
492.603 481062
493.355 792925
493.392 533224
493.667 493688
493.802 493926
494.134 466987
494.810 486387
494.949 509306
495.008 509941
495.058 514957
495.591 528168
496.046 484467
496.216 768518
496.240 480656
496.301 751335
496.315 497834
496.980 469731
497.174 765144
497.351 464669
497.499 497295
497.654 540018
498.136 523015
498.175 338738
498.218 469472
498.223 527175
498.825 7209
498.875 7083
498.890 527854
499.725 7211
500.010 460988
500.025 7215
500.100 7266
500.225 7235
500.425 7054
500.647 488202
500.650 337939
500.662 497553
500.697 487683
501.000 7030
501.200 7210
501.625 338236
501.750 6920
501.826 479705
501.975 326028
502.978 757430
503.528 472678
503.657 487996
503.834 459465
504.079 510341
504.398 473695
504.600 473669
504.713 510744
504.975 6821
505.100 3601
505.817 477924
505.819 458121
506.374 477094
506.575 318485
506.775 298373
507.100 3427
507.375 326628
507.628 782645
507.867 495198
508.175 320250
508.300 297854
508.675 324868
508.812 453238
508.978 765520
508.995 483304
509.325 3491
509.374 476536
509.411 517640
509.775 302409
509.820 521855
509.955 537215
510.075 503673
510.093 499652
510.175 317938
510.350 316214
510.350 321447
510.375 3448
500.525 1404
510.650 298449
510.950 3533
510.975 321390
511.025 316815
511.056 455662
511.100 301210
511.200 311512
511.250 301208
511.275 320831
511.350 21168
511.450 317979
511.575 337693
511.600 323103
511.625 321968
511.650 21189
511.700 21187
511.725 3514
511.771 522213
511.850 315642
511.950 21203
511.950 317372
511.975 330014
512.000 318563
512.000 320262
512.075 304150
512.075 3534
512.200 317919
512.350 21218
512.385 522788
512.600 310456
512.625 319671
512.625 3427
512.638 492715
512.775 327664
512.900 322525
512.974 445524
512.975 324879
513.025 312635
513.050 316841
513.050 317422
513.050 328313
513.075 321418
513.150 21236
513.200 316775
513.275 317941
513.350 314397
513.375 319015
513.400 321405
513.400 330588
513.425 393035
513.450 317933
513.475 21251
513.475 315671
513.500 325951
513.550 315076
513.550 3579
513.575 320842
513.600 332305
513.625 315105
513.625 321428
513.675 320869
513.725 317923
513.725 322551
513.750 315089
513.775 316238
513.800 316274
513.800 322573
513.825 320244
513.850 309944
513.850 316271
513.950 7209
513.975 314549
514.025 322553
514.026 385568
514.050 317381
514.075 328315
514.108 519929
514.125 309909
514.125 337965
514.175 3642
514.250 21285
514.250 326028
514.250 338022
514.275 321999
514.275 324262
514.325 317434
514.325 337934
514.350 315707
514.350 319691
514.350 320839
514.350 322002
514.350 337993
514.350 3491
514.400 321413
514.425 338025
514.450 316829
514.450 321973
514.475 315134
514.475 316857
514.475 3599
514.500 318534
514.500 3601
514.525 320843
514.525 337964
514.575 319095
514.575 321809
514.625 325942
514.625 337938
514.675 337969
514.700 318562
514.700 337966
514.725 330031
514.750 328235
514.775 3581
514.775 7215
514.850 329907
514.900 326038
514.925 313976
514.950 320238
514.950 338087
514.975 316245
514.975 318455
514.975 320851
515.000 316268
515.000 320234
515.025 316797
515.025 7266
515.050 318536
515.050 326001
515.075 321938
515.075 326529
515.075 328248
515.075 338049
515.108 499652
515.125 328337
515.174 473067
515.175 324888
515.200 322019
515.200 324873
515.200 327131
515.275 319710
515.277 474093
515.300 324146
515.300 329993
515.300 337939
515.319 503178
515.325 330047
515.325 7235
515.334 460054
515.360 514982
515.375 325938
515.400 322362
515.400 324834
515.425 338053
515.425 7211
515.450 326040
515.450 327176
515.450 331734
515.450 3620
515.500 3625
515.525 319675
515.525 322597
515.525 3645
515.530 389226
515.550 321942
515.550 322532
515.575 338029
515.600 325381
515.625 325368
515.634 373878
515.650 326506
515.750 317934
515.750 325440
515.775 338054
515.800 327766
515.800 329442
515.800 338117
515.800 3533
515.825 322516
515.825 327716
515.825 328303
515.825 332708
515.825 338089
515.825 338116
515.825 778518
515.850 321967
515.850 325385
515.900 327699
515.925 3644
515.950 320250
515.950 338145
515.950 3665
515.962 541528
515.975 324331
516.000 338738
516.025 324298
516.025 338138
516.030 508913
516.050 338146
516.075 321957
516.100 319099
516.125 324667
516.128 762285
516.150 322299
516.175 321449
516.175 331110
516.200 326628
516.225 338048
516.275 326570
516.275 327691
516.300 318005
516.300 3514
516.375 337693
516.400 329459
516.450 323723
516.450 324788
516.475 3534
516.525 324246
516.525 338177
516.575 324893
516.575 332308
516.600 324322
516.600 327192
516.600 328853
516.650 338142
516.675 321943
516.700 338206
516.725 332312
516.750 338262
516.875 338292
517.000 338118
517.025 324280
517.050 338290
517.125 338237
517.200 331794
517.250 338236
517.275 331220
517.324 469076
517.325 338028
517.385 509716
517.400 506044
517.450 338326
517.500 338293
517.575 338324
517.600 329426
517.648 463998
517.825 3579
517.845 444725
518.000 332282
518.228 487038
518.250 332380
518.325 338269
518.600 338113
518.650 338299
518.919 473666
519.187 509574
519.450 337965
519.500 338022
519.575 3642
519.732 499314
519.792 507157
520.375 3665
520.445 519620
520.600 337969
520.625 338087
521.102 476958
521.625 338142
521.714 507859
522.104 506265
522.256 503656
522.769 791471
522.798 483939
523.003 481672
523.848 475831
524.082 538249
524.324 782073
524.416 764025
524.577 520832
524.642 457914
525.763 439798
525.766 760959
526.151 473679
526.608 479915
527.121 479472
527.875 6920
527.973 477482
528.173 526736
528.825 7054
529.015 516418
529.175 468920
529.534 484821
529.719 788124
529.887 489916
530.000 7183
530.270 430178
530.300 529478
530.634 485073
531.085 512830
531.681 490494
532.009 449630
532.321 538343
532.951 470466
533.054 503555
534.259 516714
534.317 497372
534.902 490925
531.800 1404
536.484 508794
538.053 493766
538.100 16056
538.293 760243
538.350 19402
538.589 470982
538.775 7210
539.025 6821
539.342 505807
540.579 481551
540.666 524147
540.816 511290
540.908 444725
541.145 499005
541.335 513466
541.450 7083
541.542 491881
541.549 427254
541.550 337969
541.622 504988
541.639 486275
541.659 491103
541.750 6920
542.000 338049
542.019 526226
542.200 337693
542.774 532627
542.915 522788
543.300 337939
543.325 7266
543.723 528824
543.775 7211
543.900 338738
544.089 494319
544.090 474728
544.350 7209
544.375 7215
544.400 338299
544.425 7235
544.588 458184
545.226 457131
545.234 771893
545.666 488504
546.291 488413
546.452 507014
546.488 506234
546.750 338237
546.761 371125
547.046 760005
547.228 473691
547.432 492153
548.544 386900
549.017 768873
549.167 467389
549.425 19487
549.523 500113
550.020 467220
550.155 760234
550.318 492621
550.325 19562
551.103 475606
551.414 468900
551.802 523184
551.812 420901
552.172 445524
552.223 472024
552.511 458051
552.741 471269
552.904 484680
553.550 6920
553.600 7030
553.650 6821
553.875 7183
554.382 514365
554.500 15744
554.530 483133
554.650 7054
554.706 481853
554.809 522140
554.949 489382
555.341 537702
556.075 7210
556.200 338054
556.617 760243
556.797 771011
556.800 338117
557.011 478038
557.104 491424
557.115 726245
557.135 788637
557.140 496654
557.244 521936
557.625 7209
557.792 515384
557.850 7211
558.295 460901
558.384 506287
558.579 394983
559.000 338326
559.225 7266
559.712 491765
559.968 529875
558.425 1404
560.000 338324
560.098 512715
560.271 501217
560.630 524010
560.650 15988
560.881 542710
560.904 446958
561.859 511259
562.604 504817
562.612 471143
562.926 786718
562.997 525845
563.721 540148
565.881 439798
566.014 449191
566.036 540901
566.050 19282
566.246 482803
567.050 6821
567.158 519545
567.241 497195
567.915 516415
568.250 7215
568.413 529688
568.470 442526
568.517 464225
568.805 747203
568.807 528038
568.901 460419
569.150 7266
569.225 7211
569.240 528082
569.375 7054
569.650 7235
569.700 338116
569.742 474417
569.825 338738
570.100 6920
570.125 7083
570.175 7030
570.200 7183
570.515 653190
570.746 766222
570.800 330014
570.825 338236
570.831 371753
570.987 491600
571.766 506791
571.975 7209
571.978 489216
572.225 338262
572.441 485417
572.525 338048
572.863 470174
572.920 527857
573.112 510299
573.181 488750
573.323 468441
573.691 514423
573.741 529104
573.895 502625
573.910 466931
573.943 499070
574.261 524833
574.959 480769
575.807 519673
576.009 494298
576.303 537256
576.365 526585
576.752 444873
576.778 522291
576.839 537145
577.202 458938
577.507 523104
577.664 488182
577.689 462293
577.922 383612
578.549 465471
579.106 498473
579.409 530525
579.538 480173
579.557 492007
579.872 476319
580.301 517692
580.489 417615
580.544 462513
580.782 538343
581.224 474782
581.273 515823
581.676 517598
581.725 488284
581.845 540592
582.055 506887
582.150 7210
582.215 528148
582.934 768942
583.425 7054
583.950 7266
583.975 338089
584.325 6821
584.450 338738
584.500 338236
573.400 1404
584.544 530495
584.545 775660
584.774 509422
584.850 7083
584.875 7211
584.883 469472
584.950 6920
584.975 7235
585.075 7030
585.300 338028
585.400 754685
585.467 524901
585.600 337969
586.050 7215
586.175 7183
586.198 479190
586.475 7209
586.675 338324
586.850 338117
586.909 534961
586.912 463998
587.379 372439
587.430 528648
588.117 507343
588.188 477482
588.286 441510
588.373 532734
588.424 498244
588.628 542489
588.678 517640
589.152 522116
589.383 729381
590.117 754776
590.396 506139
590.450 753382
590.673 732168
590.935 487807
591.272 463933
591.642 482984
591.693 491985
591.823 467230
592.252 543072
592.525 482346
592.573 534827
592.600 464782
592.901 499345
593.173 468691
593.354 534176
593.437 473956
593.818 470155
594.537 507461
594.894 524616
595.155 378120
595.349 534961
595.647 762974
595.816 511407
595.978 532905
595.996 529555
596.110 467177
596.279 473995
596.279 529466
596.437 512225
596.448 407782
596.536 504153
596.600 7083
597.350 7054
597.375 6920
597.500 338116
597.600 7030
597.925 7210
598.015 522381
598.166 443044
598.235 753994
598.325 338236
598.325 6821
598.572 512631
598.640 497196
598.907 477146
599.272 420901
599.500 7209
599.500 7211
599.500 7266
599.825 326028
599.855 491701
600.125 7183
600.225 338290
600.419 469812
600.450 7235
600.600 338326
600.624 485350
601.300 338292
601.557 443364
602.265 774260
602.936 526251
603.765 528870
604.085 503089
604.500 322597
604.566 528562
604.770 421176
605.019 511214
605.570 495425
605.582 514456
586.200 1404
599.375 1404
605.666 482391
605.674 474584
606.638 521611
607.005 508612
607.269 511095
608.238 485055
608.379 494881
608.525 16056
608.540 468971
609.192 489028
609.305 489923
609.351 490030
609.719 459648
610.309 528058
610.348 460139
610.350 338738
610.550 6821
610.896 500134
611.209 463933
611.250 7215
611.525 7209
611.750 7210
611.765 417039
611.775 316815
611.950 7183
612.125 7030
612.575 326506
612.750 338177
612.825 318563
612.835 789117
612.925 7083
613.075 7211
613.275 7235
613.400 337938
613.493 485609
613.500 497822
613.575 320831
613.750 331110
613.832 538303
613.900 6920
614.060 510809
614.331 395172
614.344 473606
614.349 539955
614.352 515909
614.575 7266
614.650 325381
614.700 337993
614.737 519608
614.775 338087
614.825 7054
615.000 322516
615.325 320244
615.348 514039
615.441 487663
615.650 321390
615.776 781147
615.825 302409
616.232 502864
616.325 315105
616.325 316214
617.225 3514
617.758 452824
617.877 505261
617.976 517074
618.025 315089
618.147 472460
618.150 328313
618.266 489240
618.300 315642
618.300 3491
618.354 525518
618.600 316274
618.861 461182
618.900 3601
618.950 321413
619.015 523554
619.170 509847
619.300 324262
619.350 322525
619.400 3533
619.577 533619
619.600 319675
619.609 402456
619.625 3599
619.815 524616
619.825 324298
619.850 321809
619.875 328337
619.925 3644
619.975 328248
620.050 320234
620.125 324322
620.150 322573
620.225 315134
620.250 297854
620.275 319710
620.300 317422
620.325 301210
620.400 3448
620.425 324667
620.436 496463
614.950 1404
620.675 329993
620.703 478687
620.745 777100
620.875 328315
620.925 3581
620.975 319015
621.000 298373
621.050 301208
621.075 3579
621.216 518744
621.225 3427
621.250 330047
621.300 318005
621.300 330031
621.315 480457
621.325 318536
621.325 319671
621.350 3534
621.475 317941
621.500 313976
621.500 332308
621.550 321938
621.575 321999
621.775 317938
621.875 298449
621.900 322551
621.971 488793
622.275 309909
622.275 328853
622.400 322553
622.429 490086
622.450 319691
622.450 3665
622.525 318485
622.600 21218
622.600 321405
622.600 324888
622.700 317979
622.725 337693
622.750 321968
622.750 321973
622.800 21251
622.800 331220
622.832 473103
622.875 317434
622.894 446256
622.900 317934
622.975 405654
623.100 321418
623.150 3642
623.153 458184
623.175 311512
623.229 766915
623.300 325385
623.325 316797
623.375 324246
623.400 312635
623.450 21285
623.525 315076
623.600 314397
623.625 304150
623.675 325440
623.725 327766
623.775 318534
623.798 470225
623.800 322597
623.825 3625
623.850 322362
623.853 524695
623.900 310456
623.900 332708
623.925 317372
623.975 3491
624.000 317919
624.025 325942
624.050 326028
624.075 325368
624.075 326628
624.100 316775
624.100 3514
624.125 320842
624.125 320851
624.125 326001
624.150 309944
624.150 314549
624.150 330014
624.150 338022
624.175 3620
624.203 461959
624.207 525670
624.225 318562
624.225 337934
624.275 337965
624.300 338054
624.325 320843
624.325 329459
624.328 419642
624.350 317381
624.375 316829
624.375 337969
624.375 338049
624.375 3533
624.400 320869
624.425 316238
624.450 320839
624.450 324868
624.450 325951
624.450 326038
624.475 328235
624.500 322019
624.500 332282
624.500 338029
624.541 457417
624.550 319095
624.550 320250
624.550 3601
624.575 337993
624.600 316245
624.600 327664
624.600 337964
624.625 316268
624.650 316857
624.650 321447
624.650 325381
624.650 332305
624.650 3645
624.675 327691
624.675 337966
624.700 332380
624.700 337939
624.700 338138
624.800 321942
624.800 331110
624.814 489134
624.843 476351
624.850 3448
624.875 329907
624.875 331794
624.900 316841
624.900 327699
624.900 338053
624.925 321390
624.925 337938
624.925 338089
624.950 322516
624.975 338048
625.000 318455
625.000 320244
625.000 3599
625.025 321967
625.025 324834
625.025 327176
625.025 338025
625.075 324879
625.100 324788
625.150 338113
625.169 477578
625.175 325938
625.175 331734
625.200 338118
625.200 338206
625.225 338262
625.275 338145
625.300 326506
625.325 329442
625.350 316271
625.400 317923
625.400 338087
625.400 338146
625.412 487461
625.425 338028
625.425 338177
625.425 3644
625.500 338117
625.500 338290
625.525 324873
625.525 338324
625.550 320262
625.600 330588
625.625 338142
625.650 329426
625.650 338269
625.675 338116
625.675 338292
625.700 315671
625.700 321943
625.700 326529
625.725 317933
625.775 322532
625.800 327131
625.800 338299
625.900 324893
625.900 3579
625.925 321428
625.925 338236
625.975 326570
625.975 338293
625.998 523184
626.000 338326
626.025 323723
626.050 315707
626.075 320238
626.100 326040
626.150 3581
626.225 3534
626.275 332312
626.275 338237
626.300 324331
626.400 324146
626.400 324280
626.425 321449
626.425 327716
626.500 322299
626.525 328303
626.600 319099
626.750 321957
626.800 322002
626.875 323103
627.017 470671
627.275 327192
627.304 497600
627.425 3665
627.900 337693
628.150 3642
628.285 460202
628.425 3625
628.522 491538
628.764 513709
628.850 338022
628.900 337969
628.925 337934
628.959 467018
628.961 455802
629.100 337993
629.100 338048
629.175 337966
629.175 338054
629.200 338089
629.275 338053
629.330 504548
629.350 338025
629.600 337964
629.700 337938
629.725 337939
629.725 337965
629.775 338049
629.775 338087
629.875 338206
629.950 338292
629.975 338290
630.000 338324
630.075 338145
630.150 338142
630.200 338177
630.250 338118
630.253 507559
630.279 464750
630.475 338029
630.550 338028
630.575 338146
630.589 469489
630.702 507244
630.725 338117
630.750 338326
630.878 765007
630.962 520592
630.975 338269
631.066 487666
631.076 535395
631.367 767633
631.650 338237
632.100 537649
632.420 474929
632.886 531490
632.961 469565
633.242 480336
633.658 489085
633.742 461086
633.752 541960
634.884 519141
635.010 445524
635.206 531170
635.325 6821
635.390 467773
635.484 523938
635.536 350988
635.577 747366
636.150 6920
636.459 521166
636.602 542489
636.940 475409
636.944 469241
637.475 7030
637.779 524357
637.975 7054
638.125 7183
638.156 505333
638.258 475809
639.400 7266
639.562 460718
639.800 7215
640.050 338738
640.132 451541
640.700 15708
641.377 521299
641.498 479267
638.400 1404
641.644 764391
641.683 765446
641.929 474209
641.963 380014
642.211 473928
642.576 511749
643.050 535825
643.072 469168
643.282 484924
644.285 496523
644.335 470090
644.579 538303
645.032 508360
646.101 472376
646.659 762974
646.794 473233
647.034 474068
647.611 471230
647.639 750039
647.648 461628
647.734 777762
647.802 460184
647.892 537902
648.275 508435
648.822 523759
649.076 463939
649.462 414973
649.479 513559
650.169 488937
650.299 748717
650.575 6920
650.685 418166
650.725 7209
650.814 406655
650.833 487906
650.833 537056
650.954 445162
650.984 527769
651.000 6821
651.270 777561
651.550 7210
651.750 337993
652.000 7083
652.075 338054
652.475 7235
652.580 502723
652.790 478957
653.025 7215
653.068 541293
653.160 539236
653.183 539741
653.229 480354
653.301 471478
653.525 7054
653.609 494719
654.000 7266
654.435 759551
654.561 533562
654.800 479481
654.866 436262
655.175 7211
655.805 531355
655.898 372556
656.128 487147
656.912 762188
657.266 467956
658.072 394060
660.251 364565
660.870 507902
661.882 440787
662.518 520247
662.954 487038
663.093 405447
663.282 498651
663.373 516497
663.585 767430
663.775 6920
663.875 7183
664.225 338738
664.259 485728
664.356 467871
664.425 6821
664.603 388174
664.643 501961
664.725 7083
664.740 494096
665.463 471479
665.500 7030
665.550 7266
665.624 756003
666.000 337964
666.190 514092
666.423 472703
666.781 541356
666.835 485490
666.906 485064
667.150 7210
667.262 522895
667.375 7209
667.675 338116
667.675 7215
667.875 337965
653.550 1404
668.020 342096
668.561 500684
668.577 458028
668.750 338292
668.789 537349
668.856 503339
669.188 487994
669.503 475747
670.091 458184
670.334 380832
670.918 495525
671.917 775297
671.935 474209
672.110 527797
672.520 490490
672.872 537612
673.194 432953
673.482 781094
674.010 511255
674.068 467613
674.710 464793
674.787 393509
674.872 389226
675.403 386024
675.633 518814
676.330 499295
676.938 754200
677.264 523632
677.325 6920
677.750 7083
677.808 760243
677.950 6821
678.152 517839
678.192 485827
678.325 7235
678.664 489521
679.182 517640
679.375 7266
679.625 462642
679.828 537612
679.900 7054
680.000 337965
680.000 7030
680.350 7211
680.675 338738
680.929 488550
681.050 7209
681.212 469202
681.325 338206
681.582 647087
681.770 532712
681.877 472907
681.949 499713
682.400 461536
682.421 502567
682.557 491658
683.059 465607
683.196 784737
683.750 518687
684.580 763415
684.826 511255
685.317 465280
686.159 520592
686.423 421126
686.828 499515
686.847 513684
686.873 467497
687.093 534712
687.171 497600
687.369 510222
687.462 750014
687.535 478020
687.749 522816
688.355 499515
688.655 388130
688.702 474415
688.814 473233
688.998 506818
689.118 521409
689.282 410454
689.453 535978
689.940 508612
690.261 517477
690.825 6821
690.900 7215
691.175 7210
691.750 7183
691.900 7030
692.239 498949
692.400 320238
692.575 6920
692.656 531488
692.963 470813
693.419 698249
693.535 493123
693.575 7083
693.725 7235
693.847 487559
693.924 517347
694.140 479100
694.173 470529
694.371 480094
678.725 1404
694.725 1404
694.800 338025
694.825 7209
694.911 395616
694.930 471183
695.150 338087
695.200 7211
695.431 484512
695.533 517820
695.965 514927
696.191 464672
696.197 435231
696.398 370896
696.567 488922
696.739 541443
697.567 513651
697.592 480874
697.703 475176
698.875 476839
698.923 534070
698.926 509885
699.123 506357
699.905 481021
699.962 472017
700.472 516733
700.509 499713
701.080 518079
701.382 515512
701.525 518231
703.015 484088
703.605 482391
703.655 523985
703.800 7054
703.805 478418
704.268 500250
704.546 488440
705.000 7266
705.003 532775
705.050 338738
705.244 509675
705.496 475162
705.869 784737
705.954 519327
706.248 503746
706.248 507785
706.375 7210
706.450 6920
706.500 7083
706.625 7215
706.682 503657
706.725 7030
706.800 338324
707.000 7183
707.052 499378
707.078 504907
707.473 524147
707.675 7211
707.749 510002
707.829 480094
708.150 6821
708.222 519827
708.300 7209
708.425 338142
708.750 338293
708.922 533729
709.223 534040
709.392 532978
709.625 326529
710.094 515181
710.230 492596
710.307 518059
710.784 479560
711.764 516118
711.916 514422
712.003 507226
712.689 538343
713.026 477940
713.365 410069
713.449 538410
713.685 526301
713.921 526247
713.969 492082
714.027 539236
714.169 477906
714.202 462223
714.633 482623
715.449 515741
715.598 436624
715.886 501691
716.026 512041
716.163 792831
716.598 781609
716.630 479540
716.683 481773
716.895 543006
717.965 531901
718.192 507736
718.350 338293
718.725 7235
719.019 535096
719.338 541684
719.475 7054
719.496 487884
707.425 1404
719.629 485753
719.719 529260
719.787 539955
720.029 466187
720.030 540622
720.050 7215
720.250 7209
720.665 542330
720.842 407660
720.875 338738
720.950 6920
721.299 480394
721.325 7083
721.348 523845
721.550 7183
721.575 7211
722.095 528157
722.123 466273
722.275 7030
722.400 338262
722.800 7266
723.064 471319
723.207 490582
723.350 338326
723.462 481527
723.838 511109
724.075 7210
724.309 482670
724.607 426587
724.863 760838
725.627 519589
725.675 491085
725.807 476319
727.596 495413
727.683 471336
727.688 460734
727.703 529285
727.767 541688
727.870 522897
727.936 466848
727.981 760838
728.196 538197
728.573 488576
729.148 461617
729.232 526203
729.593 516940
729.675 320244
730.242 777587
730.518 512041
731.022 466719
731.115 477419
731.875 6821
731.945 514791
732.105 472617
732.156 461617
732.176 470397
732.273 762924
732.300 6920
732.473 513228
732.474 528812
732.514 511585
732.934 507559
732.950 7235
733.525 7030
733.653 415026
733.707 421636
733.825 7054
733.900 7209
733.940 480094
733.986 498098
734.477 780763
734.501 460139
734.550 7083
734.648 510438
734.673 517839
734.687 494555
734.800 7215
734.825 7211
734.975 337993
735.175 338028
735.545 523057
735.550 332380
735.575 7183
735.903 473976
736.375 338048
737.152 489868
737.520 499172
737.550 7210
737.568 500951
737.645 522505
737.934 535673
738.082 499584
738.337 520823
738.456 472558
738.544 530174
739.009 515220
739.121 512920
739.700 320851
739.736 492675
740.277 769554
740.425 315642
740.443 488964
721.850 1404
737.375 1404
740.483 768097
740.667 790077
740.849 480090
740.875 322597
741.103 786173
741.299 375422
741.360 499731
741.481 490970
741.522 492225
741.528 473091
741.830 762986
742.187 471466
742.283 415677
742.600 325440
742.750 317938
742.750 329426
742.827 779333
742.900 3601
743.082 445162
743.100 318562
743.235 466092
743.559 521511
743.635 411796
743.672 468175
744.058 792618
744.187 467527
744.277 521070
744.450 316214
744.725 317979
745.200 327766
745.444 490369
745.775 302409
746.157 750039
746.325 7266
746.543 393112
746.599 467990
746.757 472460
746.771 519327
746.848 755576
746.900 318485
747.053 468177
747.175 320244
747.375 313976
747.375 327699
747.675 3448
747.725 324879
747.750 297854
747.875 322553
747.875 3427
747.900 298449
747.950 7054
748.025 3581
748.050 6920
748.200 325951
748.360 705539
748.500 7211
748.525 328313
748.556 470181
748.600 21187
748.600 338048
748.625 322573
748.650 326040
748.750 7030
748.775 317372
748.800 298373
748.875 324298
748.900 3620
748.925 317934
748.950 316238
748.950 3534
748.975 21189
749.050 326628
749.100 311512
749.100 7183
749.125 21168
749.125 3514
749.146 493247
749.175 7215
749.300 21203
749.325 321447
749.350 316829
749.475 3644
749.550 3491
749.600 314397
749.625 301208
749.650 304150
749.701 483540
749.750 309944
749.775 316245
749.800 309909
749.802 512384
749.875 316797
749.900 21236
749.921 504255
749.925 317422
749.925 320839
749.950 319710
750.000 21218
750.050 337693
750.075 326570
750.100 3625
750.149 457452
749.550 1404
750.150 338022
750.225 21285
750.225 324873
750.275 321942
750.300 3533
750.325 21251
750.350 330014
750.350 7235
750.425 317919
750.450 315671
750.550 3579
750.575 7083
750.635 490229
750.750 317381
750.775 331794
750.825 322525
750.850 320831
750.850 325381
750.850 3665
750.875 7209
750.900 321405
750.925 316271
750.950 315707
750.950 3599
751.000 315134
751.000 3645
751.025 323103
751.050 327664
751.075 328337
751.125 319691
751.150 321943
751.159 463998
751.225 316815
751.225 318563
751.225 331220
751.250 319099
751.250 320238
751.275 301210
751.275 322019
751.300 317923
751.300 319095
751.300 320234
751.300 320262
751.375 315089
751.400 324322
751.500 321413
751.600 3642
751.650 316268
751.650 3601
751.675 330031
751.727 495425
751.750 325942
751.825 321390
751.850 322551
751.875 324868
751.900 328315
751.950 319675
751.975 325440
752.025 325938
752.125 320843
752.125 327691
752.150 322532
752.150 338029
752.175 324280
752.200 320250
752.225 326038
752.250 329459
752.250 338087
752.275 310456
752.275 321973
752.275 326028
752.275 332312
752.275 3448
752.300 338089
752.325 317938
752.325 321418
752.325 3427
752.350 338028
752.350 338118
752.375 320869
752.418 478093
752.425 321809
752.425 321999
752.450 318005
752.450 337969
752.475 338117
752.500 315105
752.525 316841
752.575 315076
752.593 475162
752.650 321938
752.675 19402
752.675 317434
752.725 316775
752.742 489439
752.800 314549
752.850 321968
752.875 318534
752.900 329993
752.900 338146
752.925 320851
752.925 322516
752.975 324262
752.975 330047
753.075 338049
753.100 316274
753.100 337993
753.125 337964
753.150 329442
753.175 316857
753.175 326001
753.175 330588
753.175 338142
753.175 338326
753.200 320842
753.200 338113
753.225 317933
753.300 324331
753.300 338206
753.325 322002
753.325 338145
753.350 328235
753.375 321449
753.375 338116
753.400 3581
753.410 472678
753.411 473055
753.425 321428
753.425 337934
753.525 332308
753.600 319671
753.625 481605
753.650 321967
753.675 312635
753.700 324888
753.750 322299
753.757 433306
753.775 328303
753.775 337938
753.800 325368
753.800 327131
753.900 338299
753.925 326506
753.950 338025
753.975 319015
753.975 331734
754.000 326529
754.025 3514
754.050 3534
754.075 318536
754.075 331110
754.100 337965
754.125 321957
754.125 338054
754.300 324893
754.300 327192
754.325 324788
754.325 338324
754.333 531533
754.350 325385
754.350 3620
754.375 324667
754.400 327176
754.400 337939
754.400 338292
754.400 3644
754.500 337966
754.500 3491
754.525 318455
754.575 329907
754.600 338236
754.775 328248
754.875 322362
754.950 324834
754.950 328853
754.975 3625
755.000 323723
755.075 317941
755.100 324246
755.100 332282
755.124 493688
755.150 329426
755.225 332380
755.227 512402
755.411 446720
755.475 3533
755.567 499614
755.750 3599
755.775 3645
755.800 327716
755.950 332305
755.950 3665
756.000 3601
756.025 338290
756.175 338048
756.275 3642
756.375 338053
756.548 534214
756.650 338177
756.783 540373
756.875 338293
756.975 338237
757.275 337693
757.700 332708
757.725 338028
757.893 489134
757.900 338089
757.995 441650
758.225 338029
758.225 338326
758.600 338087
758.700 338142
758.725 338146
758.825 338262
759.075 338049
759.535 463255
759.599 487565
759.962 496081
760.338 525462
760.400 338113
760.605 727982
760.829 469812
760.957 491881
761.268 493626
762.057 533876
762.119 487948
762.404 490379
762.912 451914
763.534 514844
763.557 392382
763.704 393035
764.496 782365
764.772 503761
765.064 495333
765.890 493231
766.072 489599
766.096 511214
766.175 6821
766.393 489027
766.461 492524
766.656 509817
766.875 7266
766.911 476161
767.194 495778
767.210 435044
767.437 485354
767.439 496093
767.506 503746
767.683 523927
767.750 7054
768.011 471275
768.038 461545
768.246 488504
768.725 338738
768.800 7215
768.875 7030
768.989 513651
769.400 7210
769.510 528469
769.541 532534
769.663 485609
769.700 7209
769.874 513749
770.408 771507
770.666 501313
770.672 499097
770.717 508257
770.871 479956
771.250 19402
771.283 478731
771.497 383146
771.568 527514
771.653 764361
772.050 7183
772.344 390771
772.550 7235
773.114 517640
773.589 483250
774.430 481417
774.582 472558
774.998 505182
775.021 511272
775.449 792925
775.551 476707
776.084 393696
776.464 486387
777.067 496377
777.321 487994
777.437 490334
778.264 464528
778.394 474795
778.465 531040
779.546 510241
779.610 401741
779.642 463056
779.699 774545
779.723 390059
779.925 6821
780.240 488162
780.267 518662
780.300 6920
780.398 507014
780.718 530985
781.037 526496
781.235 476161
781.275 15678
771.575 1404
781.545 492450
781.750 337693
782.149 478957
782.336 418022
782.678 527150
782.725 756267
782.821 479190
782.829 457906
783.000 7209
783.094 520762
783.367 487663
783.416 493073
784.013 478247
784.267 503895
784.359 507094
784.418 491164
784.475 7211
784.507 517491
784.737 530197
785.041 472905
785.150 337969
785.150 7210
785.275 529491
785.825 7054
785.894 378328
786.081 517982
786.100 779311
786.325 338292
786.475 19282
787.096 760699
787.442 514515
787.592 380105
788.079 483863
788.281 436979
788.406 515676
788.450 404671
789.429 518743
789.524 507368
790.190 511407
790.495 533754
791.183 465575
791.279 543046
791.816 470090
792.138 765041
792.293 533071
792.802 401905
792.986 472017
793.206 490243
793.363 513311
793.567 719138
793.590 436722
793.699 492039
793.932 464836
794.078 466241
794.227 494814
794.328 506209
794.356 510709
795.015 494572
795.350 6821
795.724 470356
795.725 7054
795.759 792925
795.849 377398
796.400 7083
796.428 527710
796.540 481486
796.564 758851
796.625 7266
796.750 7183
796.829 535160
796.915 344322
796.925 7215
797.053 529412
797.287 474244
798.358 778497
798.359 532178
798.525 337965
798.737 469978
798.800 7235
798.825 771782
798.950 7210
799.162 481773
799.268 783717
799.425 7209
799.435 494848
799.584 509062
799.600 338269
799.750 460118
800.156 747781
800.437 471910
801.198 530300
801.245 465898
801.560 530536
801.777 418183
802.194 472146
802.828 505296
803.254 468134
803.848 524695
804.201 500223
804.389 478731
804.854 376872
804.917 526876
784.575 1404
796.675 1404
805.460 757457
805.661 512041
805.980 394970
806.119 504148
806.189 522124
806.658 522471
806.933 488829
806.939 484164
807.393 523755
807.517 498581
807.727 522917
807.950 7030
808.050 6821
808.077 473729
808.325 6920
808.403 770781
808.512 431595
809.575 472754
809.694 460382
809.720 524833
809.831 480257
809.852 494719
809.979 421176
809.992 535786
810.000 15712
810.031 739562
810.056 472904
810.200 338206
810.250 19402
810.255 533788
810.457 461686
810.718 473305
810.825 7215
810.925 7211
810.950 7266
811.100 7235
811.129 482706
811.175 7183
811.375 338738
811.450 7054
811.497 519950
811.693 418022
812.360 491927
812.575 7209
812.650 338290
812.671 467773
813.025 7210
813.159 479473
813.458 473606
813.822 482781
813.829 521299
814.215 475549
814.425 338236
814.553 473544
814.624 499070
814.650 15988
814.811 531533
816.034 515421
816.225 508369
816.348 479408
817.229 512623
817.308 532670
818.091 397897
818.292 503555
818.932 521370
819.254 375117
819.900 6920
820.145 377407
820.367 515392
820.622 391517
820.801 491574
820.850 6821
821.077 478765
821.750 7030
821.971 491947
822.100 7083
822.212 764923
822.626 497935
822.896 495435
823.191 472701
824.050 7054
824.172 514690
824.200 7211
824.726 445162
824.733 479140
825.025 7235
825.300 461722
825.421 491928
825.425 7210
825.965 491432
826.150 7215
826.244 500127
826.250 19487
826.419 489497
826.473 470724
826.525 7209
826.850 19514
826.900 327176
827.239 425161
827.475 338738
827.499 513311
827.579 489521
809.975 1404
825.325 1404
827.687 782007
827.739 764682
827.973 505145
828.090 458715
828.247 528667
828.409 495435
828.693 425487
828.879 509915
828.923 489087
829.291 518291
829.847 394060
830.150 484137
830.174 463632
830.534 509915
831.280 533876
831.414 491377
831.514 474093
831.524 484177
831.650 541931
832.148 739747
832.320 395767
832.640 464139
832.766 448364
832.875 518396
833.721 480914
833.763 508089
834.019 426073
834.127 516575
834.546 467342
834.718 756021
834.801 496653
835.081 790180
835.150 463313
835.472 494881
835.875 6821
836.175 7210
836.425 338048
836.425 6920
836.637 478054
836.825 7083
836.939 513684
837.275 7211
837.775 7209
838.024 494298
838.103 441650
838.125 337965
838.400 338053
838.425 7183
838.500 338324
838.868 464074
839.150 7215
839.275 7266
839.301 513841
839.400 338299
839.900 7235
840.200 323103
840.334 783183
840.372 743635
840.530 459591
840.625 7030
840.708 464782
840.929 756678
841.671 466393
841.759 394609
841.892 476525
842.010 505947
842.110 482192
842.166 474331
842.309 521111
842.468 462034
842.663 494660
842.680 503628
842.992 418022
843.015 779333
843.094 474955
843.343 481730
843.362 499731
843.674 406655
843.765 463245
844.013 722955
844.118 464369
844.589 472617
844.887 760073
845.188 403147
845.850 461586
846.120 765499
847.020 497196
847.150 6821
847.313 764732
847.625 484025
848.177 461152
848.344 779377
848.389 518667
848.394 412091
848.404 480375
848.497 743680
848.625 315642
848.875 7054
849.532 497160
849.625 6920
849.725 7211
849.775 331110
838.325 1404
849.975 322299
850.025 7210
850.125 7030
850.349 483293
850.400 338029
850.575 7083
850.594 473938
850.677 517674
850.875 7215
851.200 7183
851.250 7235
851.425 338738
852.039 480926
852.207 403031
852.350 7209
852.550 338087
852.792 790077
853.000 338262
853.800 472678
854.098 527592
854.722 417039
854.795 543072
854.851 751422
855.662 501672
855.712 519726
856.368 477942
857.560 522060
857.900 19565
858.271 491338
858.554 372512
859.265 780565
860.042 517276
860.131 513806
860.472 502160
861.379 524357
861.425 322299
861.726 440163
861.750 6821
861.840 474259
861.859 528820
862.045 449701
862.325 332708
862.499 780705
862.600 7083
862.741 476273
862.749 483315
862.875 322362
863.011 774532
863.016 494826
863.050 327699
863.075 7210
863.175 7211
863.334 460805
863.350 311512
863.425 6920
863.575 320851
863.775 7030
863.975 319671
864.046 522209
864.050 324298
864.100 321968
864.175 7209
864.500 327131
864.525 321413
864.550 3599
864.600 3642
864.775 325942
864.850 317422
864.850 7235
864.862 477715
865.000 338118
865.000 7183
865.036 510267
865.125 316271
865.160 492214
865.200 317919
865.200 3620
865.300 7266
865.350 3665
865.400 324322
865.425 328235
865.433 519498
865.475 3579
865.500 7215
865.600 338262
865.750 324146
865.750 338324
865.800 317923
865.800 318562
865.800 3533
865.800 3601
865.900 21168
865.925 321809
865.925 3644
866.050 315089
866.100 315707
866.100 320244
866.150 3645
866.152 495735
866.175 21285
866.175 315671
866.225 320262
851.375 1404
866.225 3534
866.250 316775
866.250 3625
866.275 324888
866.350 331110
866.415 474420
866.500 3581
866.525 316268
866.550 21218
866.550 326628
866.559 477142
866.625 21251
866.625 328248
866.750 21203
866.775 21187
867.000 301208
867.050 21236
867.300 316857
867.300 324834
867.325 324246
867.350 327664
867.375 325381
867.422 481982
867.525 328315
867.526 530715
867.625 324667
867.625 3491
867.675 318563
867.675 3427
867.675 3514
867.700 318485
867.700 318534
867.750 326529
867.800 332312
867.825 328303
867.900 330047
867.925 324873
867.950 321943
867.950 329907
868.025 321390
868.025 322019
868.100 325951
868.125 326506
868.150 324331
868.175 326570
868.225 304150
868.225 327192
868.225 329442
868.225 3448
868.250 322525
868.275 321428
868.325 331220
868.325 338138
868.350 325368
868.525 320869
868.550 323723
868.636 705385
868.700 338113
868.725 338048
868.775 324868
868.875 332308
868.900 319015
868.900 320843
868.925 329426
869.125 315134
869.125 316238
869.125 320842
869.150 316815
869.250 301210
869.250 316214
869.250 322597
869.250 324262
869.300 316245
869.350 324280
869.375 316841
869.425 324879
869.450 318536
869.450 327176
869.525 326038
869.572 508391
869.625 321447
869.650 331794
869.650 3642
869.675 319099
869.700 317934
869.700 321973
869.700 326001
869.704 494188
869.750 322573
869.750 326040
869.850 327766
869.900 321999
869.925 325938
870.025 317938
870.025 320831
870.025 323103
870.075 322551
870.075 338116
870.100 309944
870.100 328853
870.125 338025
870.150 321942
870.175 321405
870.225 326028
870.236 486349
870.250 309909
870.275 319675
870.350 322532
870.375 318455
870.398 500748
870.400 337993
870.400 338117
870.400 3620
870.425 322002
870.450 319095
870.450 320234
870.475 330588
870.500 302409
870.500 3599
870.600 321938
870.600 324893
870.625 316797
870.625 331734
870.625 337934
870.625 338142
870.650 338054
870.650 3665
870.675 332282
870.700 322553
870.725 317372
870.725 318005
870.750 315642
870.850 338049
870.850 338269
870.850 3533
870.861 489406
870.875 3601
870.900 338293
870.950 322516
870.950 327691
870.975 338089
871.000 3644
871.125 315076
871.125 321967
871.125 325440
871.150 317979
871.150 337965
871.175 328337
871.200 321418
871.200 332305
871.200 338237
871.225 3645
871.300 3579
871.325 312635
871.375 330014
871.400 3534
871.440 513709
871.500 324788
871.525 329459
871.550 338299
871.550 3625
871.600 317434
871.600 319710
871.600 338029
871.625 320238
871.625 337938
871.625 3581
871.643 543374
871.675 328313
871.700 325385
871.750 329993
871.775 317933
871.775 337969
871.825 321957
871.850 330031
871.900 314397
871.900 332380
872.025 313976
872.125 298373
872.125 298449
872.125 319691
872.150 315105
872.225 327716
872.275 310456
872.325 314549
872.359 467075
872.450 3491
872.500 317941
872.725 316829
872.725 321449
872.775 320250
872.825 297854
872.875 317381
872.898 512430
873.000 320839
873.100 3514
873.125 3427
873.225 316274
873.275 3448
873.375 338028
873.475 338118
873.500 338087
873.525 338290
873.575 338145
873.575 338292
873.725 338146
873.800 337693
873.800 337939
873.800 337964
873.875 338053
873.896 495522
873.962 471242
874.150 338262
874.400 338326
874.450 338206
874.550 338324
874.700 338113
874.800 338236
875.000 338048
875.025 337966
875.025 338025
875.031 464168
875.047 491658
875.050 338177
875.075 338089
875.250 338022
875.300 337993
875.300 338117
875.325 337934
875.444 475809
875.671 514373
875.735 497737
875.825 338237
875.850 337965
876.075 338269
876.096 536550
876.175 337938
876.200 338054
876.317 430469
876.509 499378
876.834 510057
876.994 522897
877.008 430787
877.107 473842
877.250 337969
877.369 464672
877.570 756223
877.750 502680
877.851 508779
878.209 511420
878.270 475320
878.950 337693
879.126 779377
879.468 473363
879.484 786362
880.124 393730
880.223 461132
880.361 370896
880.732 456627
881.600 469254
882.041 756257
882.589 515392
882.847 423281
883.122 527803
883.319 502026
883.442 527211
884.075 7266
884.300 7054
884.325 7235
884.591 466683
884.725 338738
884.959 474657
884.974 380099
885.044 467114
885.084 536352
885.480 464025
885.531 527938
885.550 7183
885.625 6920
885.700 7211
885.888 540404
886.075 7210
886.348 487451
886.475 788107
886.647 780565
886.875 7209
887.100 7083
887.640 515915
888.059 508886
888.125 6821
888.275 7030
888.376 426769
888.506 464832
889.150 789260
889.916 466744
890.353 519327
890.797 536467
891.767 461765
892.430 508825
892.780 490178
893.045 778550
893.410 540652
893.455 789910
893.867 500867
894.441 529720
895.289 543236
886.200 1404
895.462 779597
895.835 470357
896.176 509170
896.187 713289
896.420 477620
896.545 518972
897.850 338116
897.950 338113
898.275 7215
898.493 788107
899.105 755505
899.330 490925
899.649 516940
899.675 7083
899.681 470357
900.025 786608
900.098 503985
900.275 338262
900.382 469463
900.396 512388
900.450 7266
900.622 475324
900.650 337969
900.900 7030
900.925 7210
900.950 7235
901.025 338269
901.029 472967
901.101 775660
901.119 517066
901.173 393042
901.387 758813
901.450 338290
901.686 466810
901.771 517416
901.789 466105
902.100 338738
902.125 338029
902.200 7054
902.375 6821
902.825 6920
903.350 526779
903.900 338028
904.150 337938
904.500 338293
905.397 466178
905.643 488748
906.047 539864
906.747 401054
907.045 771782
907.286 516804
907.360 781609
907.460 779383
907.830 540955
908.579 452662
908.615 374597
908.649 403031
908.785 499170
909.088 480039
909.341 785987
909.678 485728
910.072 512477
910.556 461402
910.799 510520
911.899 458672
912.149 495425
912.538 476351
912.975 7209
913.125 7183
913.500 775130
913.518 474657
913.807 457975
913.850 7211
914.400 7083
914.418 480577
914.625 517820
914.758 458045
914.900 338028
915.125 7235
915.325 6920
915.950 7266
916.325 7210
916.650 337969
916.754 496919
916.916 473055
916.925 7030
917.183 480354
917.201 482076
917.344 429535
917.500 6821
917.675 7215
918.024 521895
918.280 468668
918.387 524544
918.425 338053
918.550 338089
918.760 535987
918.900 338116
919.299 432104
920.078 788637
921.250 19557
921.387 499975
908.100 1404
921.540 460395
923.021 502243
923.706 379072
923.990 506003
924.015 512323
924.071 464836
924.670 386203
924.816 510709
924.977 510341
925.521 480549
925.885 372447
925.944 506003
926.425 535205
926.432 382985
926.550 473956
926.833 522333
927.148 527009
927.204 477065
927.801 464380
928.203 501748
928.222 769554
928.700 338738
928.865 490740
929.300 7183
929.423 510460
929.625 6920
929.800 7054
930.125 7215
930.150 7210
930.164 496141
930.300 7211
930.356 461015
930.629 762865
931.025 7030
931.140 755525
931.286 501298
931.294 415679
931.434 758795
931.481 366304
931.561 517174
931.565 463056
931.575 7083
931.875 338054
932.000 338236
932.072 476352
932.300 7209
932.811 463245
932.875 338293
932.925 337938
932.927 463933
933.894 485486
934.083 783304
934.100 327766
934.175 19282
934.385 470506
935.453 515421
935.473 443434
936.270 502587
936.655 458419
937.127 433106
938.867 415508
939.541 526792
939.811 373928
940.444 503178
940.755 485712
940.779 492193
941.004 467963
941.200 7235
941.373 378228
941.437 516636
941.556 467365
941.580 463266
941.656 475549
942.525 7210
942.550 7266
942.621 528403
942.648 378959
942.657 515195
942.799 438614
942.950 7215
943.014 478093
943.512 492289
943.620 509771
943.650 6821
943.672 535858
944.025 322362
944.100 337938
944.175 7054
944.850 7183
945.195 756015
945.274 401054
945.300 7211
945.400 338738
945.458 521162
945.750 7209
946.025 337969
946.176 519688
946.516 524065
946.534 490003
946.647 506522
946.719 514440
946.775 7030
934.525 1404
947.100 315089
947.125 6920
947.346 511538
948.470 505022
949.136 461182
949.655 482114
949.694 465424
949.850 301210
949.948 470181
950.047 469479
950.081 447792
950.774 534961
950.882 487204
950.925 318455
951.370 475589
951.376 793350
951.746 525858
952.431 776273
952.857 525612
953.278 532670
953.404 782306
953.625 516552
953.628 500231
953.760 494993
954.497 517820
954.608 482824
954.688 776408
954.765 490485
955.290 525612
955.546 463565
955.697 506287
955.884 441265
956.514 448096
956.708 541136
956.833 466289
956.892 788799
957.193 477579
957.341 433621
957.455 506357
957.675 7209
957.800 7235
958.350 7210
958.500 7083
958.764 541347
958.850 7215
958.875 7266
958.925 7183
959.055 757492
959.119 502182
959.128 539741
959.474 487308
959.650 338025
959.675 7030
960.200 6821
960.584 471183
961.250 6920
961.275 7054
961.450 325381
961.464 510782
961.800 338738
961.800 7211
961.964 780952
961.994 527915
962.529 479672
962.676 499007
963.090 514423
963.248 425186
963.794 750039
964.367 460988
964.478 432953
965.186 531067
965.407 475865
965.470 456829
965.807 482984
965.852 375422
966.437 475162
966.808 519205
967.831 766415
968.879 491204
968.982 513900
968.996 483863
969.058 780721
969.527 496908
970.875 7209
971.035 471319
971.442 487380
971.504 778532
971.842 787969
971.860 477193
971.975 7083
972.199 471474
972.350 7235
972.400 6920
972.623 776236
972.704 503906
972.745 507343
972.850 7266
972.851 489439
972.950 7210
973.400 7215
973.704 401905
973.799 529555
959.800 1404
973.825 6821
973.958 487863
974.017 535096
974.175 321390
974.400 7030
974.400 7211
974.575 7183
974.734 470740
975.029 543022
975.475 338028
975.619 527769
975.675 15712
975.759 516007
975.946 530454
976.225 337969
976.394 487713
976.759 469833
976.800 338087
976.967 499802
977.098 447395
977.139 472341
977.277 536892
977.410 773702
977.773 468746
977.785 774532
977.800 330047
977.950 331110
977.967 542916
978.350 315089
978.461 472182
978.538 540750
980.625 3579
980.853 486718
981.075 508913
981.143 767231
981.161 468902
981.194 474795
981.450 325440
981.525 369719
981.729 383620
982.125 328313
982.275 321447
982.643 463056
983.225 316214
983.575 326040
983.662 474071
983.782 758795
984.750 326628
984.875 326506
985.025 320831
985.180 519858
985.575 320851
985.675 310456
985.775 338290
985.800 314549
985.987 768279
985.991 511095
986.100 317422
986.100 329442
986.125 330588
986.150 7183
986.225 312635
986.325 6821
986.475 7030
986.533 408219
986.575 3625
986.725 3491
986.735 749994
986.756 469536
986.862 496736
987.150 321413
987.425 3645
987.475 317923
987.525 326028
987.600 297854
987.625 322019
987.650 320262
987.725 7054
987.750 3665
987.775 332305
987.800 316271
987.850 21236
987.950 316268
988.000 325942
988.050 328303
988.175 7235
988.200 3601
988.375 319015
988.475 7215
988.500 21251
988.525 7209
988.550 328235
988.600 21285
988.625 316245
988.675 318485
988.675 324893
988.700 338138
988.775 327766
988.925 319099
988.975 327131
988.975 7211
989.000 3620
975.075 1404
989.125 21218
989.150 315089
989.200 321418
989.325 317381
989.350 21203
989.375 3427
989.375 3579
989.400 315105
989.400 338738
989.425 21189
989.425 301210
989.425 330014
989.450 6920
989.500 3642
989.550 7083
989.600 3599
989.625 3644
989.650 324298
989.725 21187
989.750 327691
989.775 3448
989.793 485753
989.800 325951
989.800 3514
989.800 7266
989.900 332380
989.925 327192
989.975 317979
990.025 318563
990.025 320238
990.150 318562
990.200 298373
990.275 21168
990.275 317941
990.300 327176
990.325 328853
990.425 3533
990.445 526452
990.450 3534
990.467 760073
990.500 319691
990.500 327716
990.525 326001
990.525 328315
990.550 321938
990.575 7210
990.600 318005
990.700 3581
990.825 316274
990.825 316841
990.825 317938
990.875 320244
990.900 317933
990.900 324280
990.925 328337
990.936 487380
991.010 481085
991.025 321973
991.075 319675
991.300 317434
991.325 321428
991.325 332308
991.350 316815
991.350 322597
991.425 326529
991.500 338236
991.600 338237
991.725 324879
991.800 315134
991.850 337939
991.900 321967
991.914 488504
992.000 326570
992.025 321999
992.025 338028
992.050 332312
992.075 338113
992.100 327664
992.100 330031
992.175 331220
992.200 314397
992.275 326038
992.300 316238
992.300 327699
992.375 317934
992.425 309909
992.450 324888
992.475 3625
992.501 501961
992.575 315642
992.600 320869
992.600 321390
992.625 301208
992.650 476077
992.700 324262
992.707 515636
992.725 316857
992.725 337934
992.750 324834
992.775 338146
992.790 464168
992.800 322551
992.825 337964
992.875 338206
992.900 316775
992.900 325938
992.903 529196
992.925 320234
992.975 324868
993.000 321968
993.000 530110
993.025 304150
993.025 338025
993.050 325381
993.075 329993
993.125 3491
993.150 318534
993.150 320843
993.150 324246
993.150 324331
993.225 3645
993.275 3601
993.300 324667
993.300 328313
993.300 338048
993.300 338293
993.300 3665
993.343 494986
993.350 319710
993.350 325440
993.400 329459
993.450 324146
993.475 316797
993.475 318536
993.487 491864
993.550 322553
993.550 323723
993.581 499461
993.600 311512
993.675 328248
993.675 337993
993.725 321943
993.725 331794
993.725 338142
993.725 338292
993.750 338022
993.800 319671
993.950 298449
993.950 321405
993.950 322516
994.025 317372
994.050 321809
994.175 331110
994.200 337969
994.250 316829
994.300 330047
994.400 324322
994.400 338326
994.475 338054
994.475 3599
994.500 322573
994.525 320839
994.525 332282
994.550 322002
994.550 323103
994.600 3427
994.650 329907
994.650 3620
994.650 3642
994.675 315671
994.675 318455
994.687 438074
994.750 338118
994.825 329426
994.825 338053
994.850 324873
994.900 3644
994.925 322532
994.925 325385
994.925 3514
994.925 3579
994.950 320842
994.973 443434
995.000 3448
995.025 320250
995.075 321957
995.150 337693
995.150 338049
995.250 315076
995.275 319095
995.325 313976
995.325 322525
995.400 3533
995.425 337966
995.500 321449
995.575 309944
995.575 321942
995.625 3534
995.675 324788
995.710 480391
995.775 317919
995.850 332708
995.900 3581
996.000 302409
996.100 325368
996.125 326040
996.225 315707
996.326 481551
996.375 322362
996.450 322299
996.573 516418
996.636 383620
996.675 338117
996.892 542401
997.050 338087
997.105 467236
997.132 498651
997.200 338324
997.250 338029
997.282 514791
997.300 338299
997.325 331734
997.475 338237
997.625 338177
997.650 338269
997.825 338145
997.950 338290
998.125 338116
998.250 338236
998.275 338262
998.317 426769
998.332 759551
998.351 512021
998.450 338089
998.625 337964
998.652 477142
998.678 508435
998.828 768100
998.900 337938
998.950 338028
998.975 338025
999.100 338146
999.250 338293
999.375 338113
999.719 474760
999.775 337939
999.813 517674
999.953 466744
1000.025 338206
1000.125 337993
1000.269 469761
1000.350 338054
1000.500 338053
1000.574 470369
1000.678 515905
1000.878 526736
1000.950 338049
1001.050 338138
1001.389 540148
1001.819 471634
1001.872 485592
1002.339 497931
1002.865 538684
1003.418 469161
1003.436 503089
1003.746 696971
1004.154 523759
1004.289 742169
1004.342 478997
1004.837 506087
1004.852 504418
1005.032 512211
1005.256 463729
1005.266 468691
1005.381 497409
1005.381 772853
1005.436 790077
1005.875 481717
1005.990 482112
1006.925 338738
1006.945 760828
1007.451 786147
1007.559 483051
1007.611 367087
1007.700 7266
1007.851 471842
1007.870 448971
1007.875 7210
1008.263 471102
1009.000 6920
1009.069 501744
1009.242 512477
1009.325 7183
1009.450 7211
1009.475 7030
1009.605 418549
1009.825 786173
1010.150 7054
1010.456 464635
1010.534 524073
1010.825 6821
1011.075 3665
1011.123 484264
1011.200 7209
1011.656 533995
1011.725 7083
