0	0
0.5	1.51503e-24
1	-3.63204e-28
1.5	3.49708e-25
2	1.28229e-24
2.5	2.62369e-24
3	1.28236e-24
3.5	-1.77825e-08
4	-1.43263e-07
4.5	-4.50672e-07
5	-9.51995e-07
5.5	-1.69652e-06
6	-2.57805e-06
6.5	-3.53081e-06
7	-4.26496e-06
7.5	-4.89782e-06
8	-5.34006e-06
8.5	-5.8335e-06
9	-6.0805e-06
9.5	-6.30237e-06
10	-6.24595e-06
10.5	-6.14436e-06
11	-6.08129e-06
11.5	-5.98811e-06
12	-5.91167e-06
12.5	-6.00897e-06
13	-6.06012e-06
13.5	-5.52225e-06
14	-4.39957e-06
14.5	-2.2942e-06
15	-2.16332e-06
15.5	-2.03834e-06
16	-2.47653e-06
16.5	-2.24051e-06
17	-2.60895e-06
17.5	-3.54717e-06
18	-4.13339e-06
18.5	-3.74328e-06
19	-3.34905e-06
19.5	-2.96334e-06
20	-3.0723e-06
20.5	-3.0407e-06
21	-2.85214e-06
21.5	-2.7355e-06
22	-2.77692e-06
22.5	-2.86291e-06
23	-9.47775e-06
23.5	-7.84065e-06
24	-5.56843e-06
24.5	-6.16983e-06
25	-1.11416e-05
25.5	-1.29885e-05
26	-5.64418e-06
26.5	-1.03145e-05
27	-1.22686e-05
27.5	-1.61635e-05
28	-5.81664e-05
28.5	2.15039e-05
29	0.0001827
29.5	5.0797e-06
30	-9.47663e-05
30.5	-5.14173e-05
31	-4.94311e-05
31.5	-6.09373e-05
32	-4.68259e-05
32.5	3.27392e-05
33	-1.30314e-05
33.5	5.90145e-05
34	-3.5634e-06
34.5	4.74485e-05
35	-4.82692e-05
35.5	-3.19362e-05
36	-9.91243e-06
36.5	-1.00983e-05
37	-2.31992e-06
37.5	6.45824e-06
38	4.75009e-06
38.5	2.952e-06
39	1.31526e-06
39.5	-2.95435e-06
40	-7.50362e-06
40.5	-7.70822e-06
41	-6.32269e-06
41.5	-5.06993e-06
42	-3.90461e-06
42.5	-3.20608e-06
43	-2.82692e-06
43.5	-2.65824e-06
44	-2.57959e-06
44.5	-2.33155e-06
45	-2.09963e-06
45.5	-1.96126e-06
46	-1.9303e-06
46.5	-1.9432e-06
47	-1.86387e-06
47.5	-1.92519e-06
48	-2.08577e-06
48.5	-2.31906e-06
49	-2.53026e-06
49.5	-2.75471e-06
50	-2.2288e-06
50.5	1.76795e-06
51	2.54116e-06
51.5	2.25962e-06
52	1.4383e-06
52.5	-2.6122e-07
53	-7.88489e-07
53.5	-2.00419e-06
54	-2.81954e-06
54.5	-3.17896e-06
55	-3.67082e-06
55.5	-4.18624e-06
56	-4.0711e-06
56.5	-3.83789e-06
57	-3.58831e-06
57.5	-3.32356e-06
58	-3.19343e-06
58.5	-3.24297e-06
59	-3.38722e-06
59.5	-3.70167e-06
60	-4.13763e-06
60.5	-4.53534e-06
61	-4.79362e-06
61.5	-4.927e-06
62	-5.02175e-06
62.5	-5.03858e-06
63	-5.0419e-06
63.5	-5.63303e-06
64	-6.16675e-06
64.5	-6.04631e-06
65	-6.77622e-06
65.5	-6.49191e-06
66	-6.28138e-06
66.5	-3.86021e-06
67	-3.29175e-06
67.5	-2.61006e-06
68	-2.7219e-07
68.5	-5.46888e-07
69	-4.3532e-06
69.5	-4.83697e-06
70	-4.98091e-06
70.5	-5.92162e-06
71	-6.61193e-06
71.5	-6.54682e-06
72	-6.23414e-06
72.5	-5.96858e-06
73	-5.71039e-06
73.5	-5.44786e-06
74	-5.25571e-06
74.5	-5.22135e-06
75	-5.25537e-06
75.5	-5.28514e-06
76	-5.35307e-06
76.5	-5.36547e-06
77	-5.4205e-06
77.5	-5.37939e-06
78	-5.42228e-06
78.5	-5.52336e-06
79	-5.69977e-06
79.5	-4.77653e-06
80	-4.92851e-06
80.5	-3.92179e-06
81	-3.0908e-06
81.5	-4.26964e-06
82	-3.56977e-06
82.5	-3.1549e-06
83	-3.354e-06
83.5	-4.63838e-06
84	-4.95862e-06
84.5	-5.08886e-06
85	-6.10064e-06
85.5	-5.52915e-06
86	-5.00037e-06
86.5	-4.72882e-06
87	-4.61143e-06
87.5	-4.5727e-06
88	-4.49963e-06
88.5	-4.58768e-06
89	-4.65421e-06
89.5	-4.53141e-06
90	-4.40665e-06
90.5	-4.26837e-06
91	-4.11992e-06
91.5	-4.10008e-06
92	-4.12737e-06
92.5	-4.03237e-06
93	-3.48194e-06
93.5	-3.75253e-06
94	-3.94473e-06
94.5	-3.9824e-06
95	-3.64376e-06
95.5	-1.09577e-06
96	1.21977e-06
96.5	-4.94603e-07
97	-1.22997e-06
97.5	-9.19469e-07
98	-1.37481e-06
98.5	-1.88482e-06
99	-2.35808e-06
99.5	-2.5729e-06
100	-3.09019e-06
100.5	-3.25595e-06
101	-3.09807e-06
101.5	-2.9817e-06
102	-2.86633e-06
102.5	-2.9108e-06
103	-3.01837e-06
103.5	-3.21607e-06
104	-3.43263e-06
104.5	-4.45136e-06
105	-5.8718e-06
105.5	-5.09726e-06
106	-5.04834e-06
106.5	-5.30785e-06
107	-4.47592e-06
107.5	-4.0775e-06
108	-4.55864e-06
108.5	-5.09815e-06
109	-5.51077e-06
109.5	-4.65601e-06
110	-6.52923e-06
110.5	-4.88393e-06
111	-6.73202e-06
111.5	-2.13083e-06
112	-2.73374e-06
112.5	-4.67916e-06
113	-5.61018e-06
113.5	-9.23725e-06
114	-7.9162e-06
114.5	-6.75715e-06
115	-6.26282e-06
115.5	-8.83625e-06
116	-7.71767e-06
116.5	-6.71678e-06
117	-9.64075e-06
117.5	-1.03971e-05
118	-1.31582e-05
118.5	-1.44659e-05
119	-1.48883e-05
119.5	-6.46202e-05
120	-1.15305e-05
120.5	0.000181335
121	2.66978e-05
121.5	-0.00011949
122	-3.78968e-05
122.5	-4.63559e-05
123	-5.47717e-05
123.5	-7.93484e-05
124	5.06651e-05
124.5	1.69831e-05
125	0.000147797
125.5	-0.00016104
126	-0.000171231
126.5	-5.44027e-05
127	-2.47623e-05
127.5	-2.03175e-05
128	-7.23641e-07
128.5	4.10046e-06
129	8.18366e-06
129.5	2.09683e-06
130	-1.07196e-05
130.5	-6.43291e-06
131	-4.44139e-06
131.5	-6.7125e-06
132	-6.17972e-06
132.5	-5.88163e-06
133	-7.53206e-06
133.5	-9.45971e-06
134	-9.07679e-06
134.5	-7.81425e-06
135	-7.00535e-06
135.5	-6.77379e-06
136	-6.86273e-06
136.5	-6.99087e-06
137	-7.10443e-06
137.5	-7.09495e-06
138	-7.01979e-06
138.5	-7.01231e-06
139	-6.93734e-06
139.5	-6.74819e-06
140	-6.49443e-06
140.5	-6.23063e-06
141	-3.45327e-06
141.5	-1.81112e-06
142	-8.98946e-07
142.5	-8.3158e-07
143	-1.03131e-06
143.5	-9.49087e-07
144	-2.01102e-06
144.5	-2.86395e-06
145	-3.92656e-06
145.5	-4.43309e-06
146	-4.52759e-06
146.5	-4.814e-06
147	-5.05788e-06
147.5	-5.21972e-06
148	-5.37633e-06
148.5	-5.5095e-06
149	-5.48872e-06
149.5	-5.49302e-06
150	-5.39573e-06
150.5	-5.24165e-06
151	-5.17399e-06
151.5	-5.08694e-06
152	-4.93399e-06
152.5	-4.70631e-06
153	-4.47502e-06
153.5	-4.40482e-06
154	-4.33431e-06
154.5	-4.30556e-06
155	-2.92612e-06
155.5	-2.36142e-06
156	-1.31395e-06
156.5	-2.64054e-06
157	-2.95801e-06
157.5	-2.02421e-06
158	-1.36446e-06
158.5	-2.7585e-06
159	-3.61095e-06
159.5	-3.60132e-06
160	-4.07073e-06
160.5	-4.23625e-06
161	-4.08027e-06
161.5	-3.96755e-06
162	-3.84528e-06
162.5	-3.76041e-06
163	-3.76251e-06
163.5	-3.61995e-06
164	-3.50978e-06
164.5	-3.45627e-06
165	-3.40483e-06
165.5	-3.35321e-06
166	-3.28718e-06
166.5	-3.21763e-06
167	-3.13498e-06
167.5	-3.15045e-06
168	-3.30973e-06
168.5	-3.47563e-06
169	-3.58322e-06
169.5	-3.84505e-06
170	-4.12643e-06
170.5	-4.15049e-06
171	-3.26655e-06
171.5	-3.53414e-06
172	-2.99886e-06
172.5	-2.22989e-06
173	-2.08557e-06
173.5	-1.193e-06
174	-2.32308e-06
174.5	-2.51561e-06
175	-2.13509e-06
175.5	-2.69163e-06
176	-3.30515e-06
176.5	-3.86901e-06
177	-4.27795e-06
177.5	-4.48288e-06
178	-4.64262e-06
178.5	-4.70041e-06
179	-4.68038e-06
179.5	-4.57235e-06
180	-4.39413e-06
180.5	-4.28643e-06
181	-4.25233e-06
181.5	-4.26647e-06
182	-4.27697e-06
182.5	-4.2403e-06
183	-4.20672e-06
183.5	-4.03755e-06
184	-2.44365e-06
184.5	-2.72684e-06
185	-2.90787e-06
185.5	-2.65383e-06
186	-4.07908e-06
186.5	-8.23879e-06
187	-6.43055e-06
187.5	-4.62125e-06
188	-4.52062e-06
188.5	-3.11221e-06
189	-7.15687e-06
189.5	-8.91292e-06
190	-6.40181e-06
190.5	-4.96975e-06
191	-4.24156e-06
191.5	-3.89419e-06
192	-3.70335e-06
192.5	-3.57475e-06
193	-3.50672e-06
193.5	-3.42091e-06
194	-3.47513e-06
194.5	-3.6352e-06
195	-3.7753e-06
195.5	-4.02195e-06
196	-4.34033e-06
196.5	-4.60085e-06
197	-4.38243e-06
197.5	-4.18528e-06
198	-4.44917e-06
198.5	-4.43535e-06
199	-4.00605e-06
199.5	-1.91499e-06
200	-1.45726e-06
200.5	-1.80866e-06
201	-1.14169e-06
201.5	1.0716e-06
202	-5.04891e-07
202.5	-1.13053e-06
203	-7.64486e-06
203.5	-6.56122e-06
204	-5.66809e-06
204.5	-5.05158e-06
205	-5.46212e-06
205.5	-5.96585e-06
206	-6.03731e-06
206.5	-6.03996e-06
207	-6.05315e-06
207.5	-6.08962e-06
208	-6.05696e-06
208.5	-6.15685e-06
209	-6.2442e-06
209.5	-6.23345e-06
210	-6.17018e-06
210.5	-6.08078e-06
211	-6.03897e-06
211.5	-6.05133e-06
212	-5.9726e-06
212.5	-5.75186e-06
213	-5.52948e-06
213.5	-5.24549e-06
214	-4.93348e-06
214.5	-2.43483e-06
215	-3.44619e-07
215.5	1.50038e-06
216	2.53138e-06
216.5	3.35186e-07
217	-9.28836e-07
217.5	-2.43778e-06
218	-2.91681e-06
218.5	-3.37064e-06
219	-3.95133e-06
219.5	-9.09836e-06
220	-1.07436e-05
220.5	-8.96415e-06
221	-7.54309e-06
221.5	-1.10029e-05
222	-7.33008e-06
222.5	-6.34767e-06
223	-1.45984e-05
223.5	-2.09977e-05
224	-2.89324e-05
224.5	-8.07826e-05
225	3.27306e-05
225.5	0.000218229
226	1.36264e-05
226.5	-0.000105087
227	-4.52758e-05
227.5	-3.9488e-05
228	-4.18151e-05
228.5	-7.10851e-05
229	-6.8025e-05
229.5	4.93626e-05
230	7.13782e-05
230.5	1.69543e-05
231	-0.000210968
231.5	-8.8314e-05
232	-4.65287e-05
232.5	-1.96262e-05
233	-1.16838e-05
233.5	2.01109e-06
234	9.51347e-06
234.5	1.02711e-05
235	5.68985e-06
235.5	1.45842e-06
236	8.37539e-08
236.5	-8.25056e-07
237	-2.6129e-06
237.5	-3.04593e-06
238	-3.84096e-06
238.5	-4.16815e-06
239	-4.18718e-06
239.5	-4.14055e-06
240	-4.0929e-06
240.5	-3.66186e-06
241	-3.24109e-06
241.5	-2.88333e-06
242	-2.58026e-06
242.5	-2.37654e-06
243	-1.63072e-06
243.5	-7.78547e-07
244	-9.11693e-07
244.5	-1.46588e-06
245	-1.72837e-06
245.5	-2.241e-06
246	-1.8771e-06
246.5	-1.32161e-06
247	-1.73397e-06
247.5	-2.99468e-07
248	-1.01889e-06
248.5	-2.03287e-06
249	-2.99527e-06
249.5	-3.64626e-06
250	-3.98101e-06
250.5	-4.11729e-06
251	-3.58578e-06
251.5	-3.88975e-06
252	-4.27929e-06
252.5	-4.59348e-06
253	-4.81128e-06
253.5	-5.02447e-06
254	-5.25662e-06
254.5	-5.33215e-06
255	-5.50208e-06
255.5	-5.69222e-06
256	-5.86332e-06
256.5	-5.90849e-06
257	-5.8629e-06
257.5	-5.77616e-06
258	-5.71214e-06
258.5	-4.29772e-06
259	-4.29646e-06
259.5	-4.52114e-06
260	-4.46402e-06
260.5	-3.70005e-06
261	-3.9443e-06
261.5	-3.61889e-06
262	-2.04816e-06
262.5	-1.47955e-06
263	-2.56712e-06
263.5	-3.75544e-06
264	-2.86967e-06
264.5	-3.12869e-06
265	-3.30057e-06
265.5	-3.31276e-06
266	-3.19657e-06
266.5	-2.99495e-06
267	-2.89845e-06
267.5	-2.99068e-06
268	-3.15333e-06
268.5	-3.50278e-06
269	-4.03898e-06
269.5	-4.53767e-06
270	-5.07886e-06
270.5	-5.61578e-06
271	-6.00315e-06
271.5	-6.19068e-06
272	-6.27928e-06
272.5	-6.32258e-06
273	-6.26813e-06
273.5	-5.97763e-06
274	-5.15373e-06
274.5	-3.11684e-06
275	-2.54864e-06
275.5	-3.37448e-06
276	-2.41192e-06
276.5	-2.19898e-06
277	-1.21199e-06
277.5	-1.94793e-06
278	-2.94963e-06
278.5	-3.54309e-06
279	-3.7712e-06
279.5	-3.82376e-06
280	-3.76587e-06
280.5	-3.67998e-06
281	-3.63595e-06
281.5	-3.78933e-06
282	-3.98223e-06
282.5	-4.09606e-06
283	-4.14921e-06
283.5	-4.1637e-06
284	-4.08731e-06
284.5	-3.98852e-06
285	-3.93984e-06
285.5	-3.84938e-06
286	-3.79544e-06
286.5	-3.66322e-06
287	-2.25929e-06
287.5	-1.82024e-06
288	-2.08093e-06
288.5	-1.22914e-06
289	-1.4316e-06
289.5	-3.9279e-07
290	1.32192e-08
290.5	3.64197e-08
291	-3.04525e-06
291.5	-1.22648e-06
292	-3.6495e-06
292.5	-4.13663e-06
293	-4.29388e-06
293.5	-4.46465e-06
294	-4.84875e-06
294.5	-5.33498e-06
295	-5.80135e-06
295.5	-6.17991e-06
296	-6.28577e-06
296.5	-6.28361e-06
297	-6.18498e-06
297.5	-6.01621e-06
298	-5.83852e-06
298.5	-5.7062e-06
299	-5.77997e-06
299.5	-5.85103e-06
300	-5.72378e-06
300.5	-4.76454e-06
301	-4.50354e-06
301.5	-4.6322e-06
302	-4.68127e-06
302.5	-3.4042e-06
303	-6.54458e-07
303.5	7.50009e-07
304	-2.09576e-07
304.5	-2.23397e-07
305	-7.59465e-07
305.5	-1.15479e-06
306	-1.61774e-06
306.5	-2.70021e-06
307	-3.51733e-06
307.5	-4.02916e-06
308	-4.26475e-06
308.5	-4.4053e-06
309	-4.51506e-06
309.5	-4.61438e-06
310	-4.87757e-06
310.5	-5.21082e-06
311	-5.56753e-06
311.5	-5.84983e-06
312	-5.95286e-06
312.5	-5.90246e-06
313	-5.69045e-06
313.5	-5.37378e-06
314	-4.93109e-06
314.5	-4.52451e-06
315	-2.54554e-06
315.5	-1.40281e-06
316	-1.48139e-06
316.5	-6.6796e-08
317	1.88112e-07
317.5	3.64558e-07
318	2.03102e-06
318.5	-1.53869e-06
319	-2.04878e-06
319.5	-2.20496e-06
320	-3.76762e-06
320.5	-3.64106e-06
321	-3.15939e-06
321.5	-2.93647e-06
322	-2.83442e-06
322.5	-2.93384e-06
323	-3.02657e-06
323.5	-3.03847e-06
324	-3.13699e-06
324.5	-3.20557e-06
325	-4.29764e-06
325.5	-3.36681e-06
326	-2.63455e-06
326.5	-2.83803e-06
327	-2.89069e-06
327.5	-2.78021e-06
328	-2.70933e-06
328.5	-2.71856e-06
329	-3.62202e-06
329.5	-1.77723e-06
330	-2.45342e-06
330.5	-1.75567e-06
331	-1.9893e-06
331.5	-1.88053e-06
332	-2.03706e-06
332.5	-3.07604e-06
333	-3.11323e-06
333.5	-3.65871e-06
334	-3.94332e-06
334.5	-5.51697e-06
335	-5.57625e-06
335.5	-3.07255e-06
336	-3.36301e-06
336.5	-5.23389e-06
337	-5.84499e-06
337.5	-5.75605e-06
338	-5.69613e-06
338.5	-7.69491e-06
339	-9.52704e-06
339.5	-7.17193e-06
340	-8.44311e-06
340.5	-6.40655e-06
341	-5.85064e-06
341.5	-5.65029e-06
342	-5.61412e-06
342.5	-5.70807e-06
343	-6.3942e-06
343.5	-1.84225e-05
344	-1.6975e-05
344.5	-1.76087e-05
345	-1.62715e-05
345.5	-5.12368e-05
346	2.86495e-05
346.5	0.000107734
347	9.49351e-05
347.5	-0.000110702
348	-4.77167e-05
348.5	-5.45784e-05
349	-4.25351e-05
349.5	-4.1841e-05
350	-2.56923e-05
350.5	-5.77494e-05
351	3.21726e-05
351.5	3.10495e-05
352	0.000165881
352.5	-0.000168254
353	-0.00015678
353.5	-5.43197e-05
354	-2.64252e-05
354.5	-1.65151e-05
355	-1.28584e-05
355.5	-5.27106e-06
356	-3.66664e-06
356.5	-5.87509e-06
357	-7.52613e-06
357.5	-7.5325e-06
358	-6.08757e-06
358.5	-7.39015e-06
359	-5.88331e-06
359.5	-6.39443e-06
360	-6.49716e-06
360.5	-6.64486e-06
361	-6.64645e-06
361.5	-6.33982e-06
362	-6.14664e-06
362.5	-6.11523e-06
363	-6.0164e-06
363.5	-5.97509e-06
364	-5.98587e-06
364.5	-6.01511e-06
365	-6.21374e-06
365.5	-6.57013e-06
366	-6.93923e-06
366.5	-7.21954e-06
367	-7.52252e-06
367.5	-7.57026e-06
368	-3.72708e-06
368.5	-2.27508e-06
369	-2.83777e-06
369.5	-4.16957e-06
370	-4.073e-06
370.5	-5.42676e-06
371	-6.48576e-06
371.5	-6.96461e-06
372	-7.0034e-06
372.5	-6.27094e-06
373	-6.15189e-06
373.5	-6.36382e-06
374	-6.53623e-06
374.5	-6.88799e-06
375	-7.25297e-06
375.5	-7.44961e-06
376	-7.52336e-06
376.5	-7.46465e-06
377	-7.34043e-06
377.5	-7.25354e-06
378	-7.22278e-06
378.5	-7.08106e-06
379	-6.85859e-06
379.5	-6.60358e-06
380	-6.35499e-06
380.5	-6.15189e-06
381	-6.09731e-06
381.5	-6.14334e-06
382	-6.24953e-06
382.5	-6.27451e-06
383	-5.28171e-06
383.5	-1.06696e-06
384	-1.52946e-07
384.5	1.85164e-05
385	0.000171274
385.5	-8.12305e-05
386	-4.44848e-05
386.5	-2.05041e-05
387	-1.25124e-05
387.5	-8.27743e-06
388	-6.56082e-06
388.5	-5.97162e-06
389	-5.80274e-06
389.5	-6.05364e-06
390	-6.27522e-06
390.5	-6.41698e-06
391	-6.69699e-06
391.5	-7.10688e-06
392	-7.41781e-06
392.5	-7.50657e-06
393	-7.45921e-06
393.5	-7.27619e-06
394	-6.98911e-06
394.5	-6.77773e-06
395	-6.61385e-06
395.5	-6.42062e-06
396	-6.32937e-06
396.5	-6.3161e-06
397	-6.2636e-06
397.5	-6.25728e-06
398	-6.31881e-06
398.5	-5.60047e-06
399	-4.39012e-06
399.5	-4.22085e-06
400	-3.44172e-06
400.5	-3.52211e-06
401	-3.09605e-06
401.5	-2.88352e-06
402	-4.70183e-06
402.5	-5.30412e-06
403	-4.69135e-06
403.5	-5.03048e-06
404	-5.56544e-06
404.5	-5.88987e-06
405	-6.05518e-06
405.5	-6.2721e-06
406	-6.39728e-06
406.5	-6.44953e-06
407	-6.45408e-06
407.5	-6.37213e-06
408	-6.25193e-06
408.5	-5.9896e-06
409	-5.65563e-06
409.5	-5.29331e-06
410	-4.96849e-06
410.5	-4.63098e-06
411	-4.36193e-06
411.5	-4.36978e-06
412	-4.45573e-06
412.5	-4.51863e-06
413	-3.03377e-06
413.5	-2.82925e-06
414	-3.0783e-06
414.5	-1.74441e-06
415	-5.15855e-07
415.5	-2.88116e-06
416	-4.1842e-06
416.5	-3.2817e-06
417	-3.43687e-06
417.5	-3.73231e-06
418	-3.37517e-06
418.5	-3.65321e-06
419	-3.79315e-06
419.5	-3.86013e-06
420	-3.94191e-06
420.5	-4.02013e-06
421	-4.06346e-06
421.5	-4.03206e-06
422	-3.93518e-06
422.5	-3.77578e-06
423	-3.53188e-06
423.5	-3.33476e-06
424	-3.39752e-06
424.5	-3.56182e-06
425	-3.64812e-06
425.5	-3.78051e-06
426	-3.97923e-06
426.5	-4.29597e-06
427	-4.4979e-06
427.5	-4.09373e-06
428	-1.41374e-06
428.5	4.52215e-07
429	-1.74719e-06
429.5	-3.23832e-06
430	-3.51114e-06
430.5	-4.69011e-06
431	-6.03929e-06
431.5	-6.16608e-06
432	-6.32491e-06
432.5	-1.0202e-05
433	-8.94773e-06
433.5	-7.20512e-06
434	-6.38004e-06
434.5	-7.52194e-06
435	-6.71006e-06
435.5	-6.10244e-06
436	-5.70029e-06
436.5	-5.40126e-06
437	-5.19612e-06
437.5	-8.22012e-06
438	-5.66343e-06
438.5	-5.02997e-06
439	-4.74286e-06
439.5	-4.6957e-06
440	-4.9251e-06
440.5	-5.20762e-06
441	-5.40233e-06
441.5	-4.3838e-06
442	-3.16597e-06
442.5	-1.70539e-06
443	-5.39333e-06
443.5	-6.58232e-06
444	-6.05499e-06
444.5	-8.19054e-06
445	-1.18429e-05
445.5	-9.78558e-06
446	-8.16937e-06
446.5	-1.24766e-05
447	-9.6483e-06
447.5	-7.83736e-06
448	-7.13185e-06
448.5	-6.85478e-06
449	-6.87191e-06
449.5	-6.96342e-06
450	-7.17509e-06
450.5	-7.6239e-06
451	-8.59589e-06
451.5	-9.67125e-06
452	-9.48849e-06
452.5	-9.27176e-06
453	-9.12872e-06
453.5	-8.98288e-06
454	-9.21922e-06
454.5	-9.53316e-06
455	-8.9309e-06
455.5	-8.73616e-06
456	-1.1303e-05
456.5	-8.25114e-06
457	-4.61103e-06
457.5	-3.77595e-06
458	-3.34431e-06
458.5	-5.49214e-06
459	-6.20321e-06
459.5	-7.16106e-06
460	-8.13626e-06
460.5	-8.322e-06
461	-7.53069e-06
461.5	-7.35001e-06
462	-7.24102e-06
462.5	-7.04183e-06
463	-6.78142e-06
463.5	-6.54233e-06
464	-6.39648e-06
464.5	-6.23564e-06
465	-7.28204e-06
465.5	-7.99447e-06
466	-9.9771e-06
466.5	-7.78089e-06
467	-6.49867e-06
467.5	-8.90594e-06
468	-8.29946e-06
468.5	-1.0019e-05
469	-1.24173e-05
469.5	-1.29553e-05
470	-9.96868e-06
470.5	-9.27697e-06
471	-8.95252e-06
471.5	-7.21707e-06
472	-7.88532e-06
472.5	-9.08972e-06
473	-1.41789e-06
473.5	-2.14597e-06
474	-2.39429e-06
474.5	-7.64421e-06
475	-8.79009e-06
475.5	-7.0705e-06
476	-4.42655e-06
476.5	-5.04269e-06
477	-9.06836e-06
477.5	-8.89002e-06
478	-2.3991e-05
478.5	-7.13957e-05
479	7.73254e-05
479.5	1.85604e-05
480	7.86558e-05
480.5	-0.000173256
481	-8.41057e-05
481.5	-5.82067e-05
482	-4.94512e-05
482.5	-4.17631e-05
483	-2.24253e-05
483.5	4.08569e-05
484	4.18392e-06
484.5	7.05556e-05
485	-0.000240735
485.5	-0.000124361
486	-3.04059e-05
486.5	-1.06511e-05
487	-4.88478e-06
487.5	-5.69063e-06
488	-4.67841e-06
488.5	-6.49076e-06
489	-8.29511e-06
489.5	-8.59151e-06
490	-8.61634e-06
490.5	-8.27213e-06
491	-8.14257e-06
491.5	-7.86165e-06
492	-7.22214e-06
492.5	-6.73184e-06
493	-6.37423e-06
493.5	-6.34071e-06
494	-6.37831e-06
494.5	-6.34691e-06
495	-6.28976e-06
495.5	-6.25807e-06
496	-6.3134e-06
496.5	-6.4144e-06
497	-6.42569e-06
497.5	-6.55442e-06
498	-4.60492e-06
498.5	4.70225e-08
499	1.14331e-06
499.5	-3.7844e-07
500	-2.64781e-06
500.5	-4.38769e-06
501	-5.48759e-06
501.5	-6.13871e-06
502	-6.52626e-06
502.5	-6.70062e-06
503	-6.77686e-06
503.5	-6.7931e-06
504	-6.66309e-06
504.5	-6.44369e-06
505	-6.08392e-06
505.5	-5.6177e-06
506	-5.38386e-06
506.5	-5.26721e-06
507	-5.11133e-06
507.5	-4.923e-06
508	-4.5579e-06
508.5	-4.08977e-06
509	-3.59508e-06
509.5	-3.07878e-06
510	-2.49248e-06
510.5	-2.06738e-06
511	-5.95402e-07
511.5	6.53844e-07
512	1.06504e-06
512.5	2.35063e-06
513	1.79844e-06
513.5	1.26641e-06
514	1.16823e-06
514.5	1.31304e-07
515	-5.33256e-07
515.5	-2.51024e-06
516	-1.39363e-06
516.5	-9.22862e-07
517	-9.87762e-07
517.5	-1.11768e-06
518	-1.423e-06
518.5	-1.71881e-06
519	-2.02569e-06
519.5	-2.41875e-06
520	-2.76356e-06
520.5	-3.0693e-06
521	-3.19836e-06
521.5	-3.19427e-06
522	-3.09864e-06
522.5	-2.97294e-06
523	-2.85234e-06
523.5	-2.79941e-06
524	-2.9692e-06
524.5	-3.22831e-06
525	-3.38093e-06
525.5	-3.47333e-06
526	-3.52345e-06
526.5	-1.39778e-06
527	-2.50182e-07
527.5	1.48293e-06
528	1.63091e-06
528.5	1.58559e-06
529	-8.43905e-07
529.5	-2.10085e-06
530	-2.32027e-06
530.5	-2.67791e-06
531	-3.21374e-06
531.5	-4.26309e-06
532	-4.45759e-06
532.5	-4.41862e-06
533	-6.97268e-06
533.5	-5.48079e-06
534	-5.05837e-06
534.5	-5.16954e-06
535	-5.33189e-06
535.5	-5.41111e-06
536	-5.52184e-06
536.5	-5.63676e-06
537	-5.69246e-06
537.5	-5.85638e-06
538	-5.98887e-06
538.5	-6.26261e-06
539	-6.4971e-06
539.5	-5.97372e-06
540	-5.85861e-06
540.5	-5.80882e-06
541	-5.09753e-06
541.5	-5.03291e-06
542	-3.94688e-06
542.5	-3.74189e-06
543	-2.92769e-06
543.5	-5.56095e-06
544	-5.30869e-06
544.5	-4.71586e-06
545	-5.04467e-06
545.5	-5.40432e-06
546	-5.69528e-06
546.5	-5.95877e-06
547	-6.17664e-06
547.5	-6.29971e-06
548	-6.41145e-06
548.5	-6.54374e-06
549	-6.67265e-06
549.5	-6.71327e-06
550	-6.6938e-06
550.5	-6.60177e-06
551	-6.44423e-06
551.5	-6.27545e-06
552	-6.13312e-06
552.5	-6.11415e-06
553	-6.01496e-06
553.5	-5.7762e-06
554	-5.47174e-06
554.5	-5.13155e-06
555	-2.53059e-06
555.5	-5.53695e-07
556	-5.03458e-07
556.5	2.12195e-06
557	2.87934e-06
557.5	1.16701e-07
558	-2.67963e-06
558.5	-6.42813e-06
559	-4.79603e-06
559.5	-5.45481e-06
560	-5.40506e-06
560.5	-5.31624e-06
561	-5.20339e-06
561.5	-5.162e-06
562	-5.15073e-06
562.5	-5.20558e-06
563	-5.31472e-06
563.5	-9.6487e-06
564	-8.57429e-06
564.5	-7.44903e-06
565	-6.96256e-06
565.5	-6.7404e-06
566	-6.50719e-06
566.5	-6.12665e-06
567	-5.70089e-06
567.5	-5.31411e-06
568	-4.93558e-06
568.5	-4.54504e-06
569	-4.23457e-06
569.5	-6.1593e-06
570	-2.44495e-06
570.5	-3.74474e-06
571	-2.49198e-06
571.5	-4.02828e-06
572	-2.5547e-06
572.5	-2.37361e-06
573	-3.54726e-06
573.5	-7.18915e-06
574	-5.4648e-06
574.5	-4.59628e-06
575	-4.12497e-06
575.5	-3.77474e-06
576	-3.63223e-06
576.5	-3.59299e-06
577	-3.57457e-06
577.5	-3.57732e-06
578	-3.56825e-06
578.5	-3.55001e-06
579	-3.54516e-06
579.5	-3.69462e-06
580	-3.84182e-06
580.5	-4.09609e-06
581	-4.31728e-06
581.5	-4.43407e-06
582	-4.58909e-06
582.5	-4.64728e-06
583	-4.68183e-06
583.5	-9.77647e-06
584	-8.34981e-06
584.5	-8.51863e-06
585	-8.93858e-06
585.5	-6.69054e-06
586	-4.29818e-06
586.5	-3.63123e-06
587	-3.91091e-06
587.5	-5.0965e-06
588	-1.31e-05
588.5	-1.04846e-05
589	-1.44386e-05
589.5	-9.047e-06
590	-6.59115e-06
590.5	-5.47885e-06
591	-4.95052e-06
591.5	-4.82231e-06
592	-2.99508e-06
592.5	-3.28758e-06
593	-4.26255e-06
593.5	-7.64318e-06
594	-1.27188e-05
594.5	-2.24171e-05
595	-2.23175e-05
595.5	-5.33747e-05
596	3.99041e-05
596.5	2.76787e-05
597	5.33709e-05
597.5	-0.000124738
598	-5.68343e-05
598.5	-2.30016e-05
599	-2.60596e-05
599.5	-3.04456e-05
600	-3.61164e-05
600.5	-3.05848e-05
601	-3.83038e-05
601.5	-7.11898e-05
602	6.3483e-05
602.5	7.15925e-05
603	8.1031e-05
603.5	-0.000206138
604	-0.000111914
604.5	-4.72507e-05
605	-2.71148e-05
605.5	-2.05548e-05
606	-1.46677e-05
606.5	2.13797e-06
607	2.04937e-07
607.5	-5.48496e-06
608	3.19762e-06
608.5	4.26276e-06
609	3.94102e-06
609.5	1.04791e-06
610	-1.62783e-06
610.5	-3.58363e-06
611	-6.20285e-06
611.5	-8.93602e-06
612	-9.40901e-06
612.5	-9.3949e-06
613	-8.42376e-06
613.5	-7.61796e-06
614	-7.0876e-06
614.5	-6.94861e-06
615	-6.94521e-06
615.5	-6.99182e-06
616	-7.09631e-06
616.5	-7.11685e-06
617	-7.1425e-06
617.5	-7.08486e-06
618	-6.96969e-06
618.5	-6.96777e-06
619	-7.15785e-06
619.5	-7.43451e-06
620	-7.18572e-06
620.5	-5.88177e-06
621	-6.0691e-06
621.5	-3.63365e-06
622	-2.34743e-06
622.5	-8.35838e-07
623	5.60469e-07
623.5	-5.96817e-07
624	-2.06697e-06
624.5	-3.25193e-06
625	-4.19894e-06
625.5	-4.96265e-06
626	-5.51254e-06
626.5	-5.81817e-06
627	-5.97952e-06
627.5	-6.1309e-06
628	-6.28799e-06
628.5	-6.42238e-06
629	-6.39409e-06
629.5	-6.34318e-06
630	-6.35884e-06
630.5	-6.29824e-06
631	-6.18138e-06
631.5	-6.03701e-06
632	-5.94491e-06
632.5	-5.87476e-06
633	-5.85115e-06
633.5	-5.76849e-06
634	-5.72249e-06
634.5	-4.44429e-06
635	-4.3921e-06
635.5	-4.54281e-06
636	-4.61405e-06
636.5	-5.13378e-06
637	-3.37558e-06
637.5	-3.75136e-06
638	-5.28136e-06
638.5	-6.50339e-06
639	-7.29487e-06
639.5	-7.93844e-06
640	-8.3373e-06
640.5	-7.97232e-06
641	-8.00666e-06
641.5	-7.8313e-06
642	-7.78599e-06
642.5	-7.46328e-06
643	-7.1707e-06
643.5	-6.94031e-06
644	-6.80271e-06
644.5	-6.78848e-06
645	-6.83708e-06
645.5	-6.91494e-06
646	-6.99269e-06
646.5	-7.18912e-06
647	-7.46464e-06
647.5	-7.64448e-06
648	-7.77044e-06
648.5	-7.91193e-06
649	-7.89705e-06
649.5	-7.77334e-06
650	-7.57992e-06
650.5	-4.72956e-06
651	-2.44028e-06
651.5	1.45245e-06
652	3.66157e-06
652.5	2.78034e-06
653	2.84008e-07
653.5	-1.68395e-06
654	-2.80914e-06
654.5	-3.41434e-06
655	-4.31372e-06
655.5	-7.91515e-06
656	-6.9749e-06
656.5	-6.08127e-06
657	-5.59479e-06
657.5	-5.28719e-06
658	-5.20834e-06
658.5	-5.42874e-06
659	-5.64908e-06
659.5	-5.82457e-06
660	-5.90304e-06
660.5	-5.9543e-06
661	-5.90001e-06
661.5	-5.83554e-06
662	-5.74416e-06
662.5	-5.63599e-06
663	-5.49764e-06
663.5	-5.29669e-06
664	-5.03206e-06
664.5	-4.76572e-06
665	-3.00941e-06
665.5	-1.52135e-06
666	-1.74059e-06
666.5	-2.13317e-06
667	-1.58676e-06
667.5	-2.14582e-06
668	-2.34101e-06
668.5	-1.734e-06
669	-1.76769e-06
669.5	-1.14212e-06
670	-1.88707e-06
670.5	-2.55359e-06
671	-2.9685e-06
671.5	-3.39233e-06
672	-3.74967e-06
672.5	-4.02745e-06
673	-4.28526e-06
673.5	-4.46769e-06
674	-4.63335e-06
674.5	-4.79793e-06
675	-5.03451e-06
675.5	-5.35171e-06
676	-5.60878e-06
676.5	-5.71124e-06
677	-5.69907e-06
677.5	-5.69098e-06
678	-5.66965e-06
678.5	-5.66602e-06
679	-5.104e-06
679.5	-2.55715e-06
680	-2.645e-06
680.5	-3.32791e-06
681	-2.38486e-06
681.5	-8.07513e-07
682	-1.35335e-06
682.5	-2.93969e-06
683	-3.45577e-06
683.5	-2.25934e-06
684	-2.68722e-06
684.5	-5.64862e-06
685	-8.08025e-06
685.5	-1.04953e-05
686	-8.24795e-06
686.5	-6.87859e-06
687	-6.42444e-06
687.5	-6.40101e-06
688	-6.57725e-06
688.5	-6.73774e-06
689	-6.75939e-06
689.5	-6.68074e-06
690	-6.65339e-06
690.5	-6.67181e-06
691	-6.62834e-06
691.5	-6.52499e-06
692	-6.33845e-06
692.5	-6.17179e-06
693	-6.13389e-06
693.5	-4.38004e-06
694	-3.88258e-06
694.5	-4.25076e-06
695	-5.33249e-06
695.5	-5.16131e-06
696	-3.15502e-06
696.5	-3.33401e-06
697	-4.02545e-06
697.5	-3.90988e-06
698	-7.80978e-06
698.5	-5.94762e-06
699	-4.30168e-06
699.5	-4.30325e-06
700	-4.51729e-06
700.5	-4.92524e-06
701	-5.33482e-06
701.5	-5.66586e-06
702	-5.74694e-06
702.5	-1.11066e-05
703	-1.00788e-05
703.5	-9.9814e-06
704	-8.247e-06
704.5	-7.23866e-06
705	-6.55134e-06
705.5	-6.21143e-06
706	-7.4512e-06
706.5	-1.37527e-05
707	-9.52621e-06
707.5	-1.55978e-05
708	-9.54899e-06
708.5	-1.00777e-05
709	-9.40928e-06
709.5	-1.21689e-05
710	-6.2507e-05
710.5	-2.13984e-05
711	0.000210435
711.5	-4.8054e-05
712	-5.86907e-05
712.5	-2.83082e-05
713	-3.16323e-05
713.5	-3.31335e-05
714	-4.96515e-05
714.5	-8.18924e-05
715	8.31048e-05
715.5	0.000207596
716	1.31724e-05
716.5	-0.000225771
717	-9.07574e-05
717.5	-4.23194e-05
718	-1.00867e-05
718.5	-4.3772e-06
719	9.37192e-06
719.5	1.45033e-05
720	9.41723e-06
720.5	1.75911e-07
721	-1.15064e-06
721.5	-2.24969e-06
722	-3.50779e-06
722.5	-3.75617e-06
723	-4.14104e-06
723.5	-5.56617e-06
724	-6.18675e-06
724.5	-5.57872e-06
725	-4.78517e-06
725.5	-4.22877e-06
726	-3.70939e-06
726.5	-3.32563e-06
727	-3.29236e-06
727.5	-3.40471e-06
728	-3.51824e-06
728.5	-3.5355e-06
729	-3.45687e-06
729.5	-3.3057e-06
730	-3.25756e-06
730.5	-2.20118e-06
731	-1.89169e-06
731.5	-3.02277e-09
732	1.53444e-06
732.5	3.27255e-07
733	-9.86533e-07
733.5	-1.76145e-06
734	-2.33458e-06
734.5	-3.2434e-06
735	-4.07175e-06
735.5	-4.69295e-06
736	-5.09396e-06
736.5	-5.17454e-06
737	-5.08419e-06
737.5	-4.90509e-06
738	-4.84727e-06
738.5	-4.8906e-06
739	-4.91742e-06
739.5	-4.87404e-06
740	-4.8551e-06
740.5	-5.0483e-06
741	-5.34174e-06
741.5	-5.52355e-06
742	-5.67765e-06
742.5	-5.90291e-06
743	-6.02095e-06
743.5	-6.03588e-06
744	-5.92388e-06
744.5	-4.97203e-06
745	-4.45894e-06
745.5	-4.46606e-06
746	-1.48061e-06
746.5	-5.31801e-08
747	-8.53924e-07
747.5	4.17832e-07
748	5.41603e-07
748.5	-1.83894e-06
749	-2.33305e-06
749.5	-1.50696e-06
750	-3.09751e-06
750.5	-4.29461e-06
751	-4.73756e-06
751.5	-5.03009e-06
752	-5.21644e-06
752.5	-5.36937e-06
753	-6.06693e-06
753.5	-6.19375e-06
754	-6.04809e-06
754.5	-5.87913e-06
755	-5.71264e-06
755.5	-5.42484e-06
756	-5.22102e-06
756.5	-5.1578e-06
757	-5.11329e-06
757.5	-4.88637e-06
758	-4.64574e-06
758.5	-4.45755e-06
759	-4.25364e-06
759.5	-4.04483e-06
760	-3.90705e-06
760.5	-3.86481e-06
761	-3.85558e-06
761.5	-3.92965e-06
762	-4.89778e-06
762.5	-4.31754e-06
763	-4.1173e-06
763.5	-3.98043e-06
764	-1.23162e-06
764.5	-2.69271e-07
765	5.68196e-07
765.5	2.85658e-07
766	-3.2908e-06
766.5	-5.06779e-06
767	-5.70092e-06
767.5	-6.07354e-06
768	-6.33881e-06
768.5	-6.57571e-06
769	-6.80428e-06
769.5	-6.83244e-06
770	-6.7506e-06
770.5	-6.66928e-06
771	-6.56897e-06
771.5	-6.45685e-06
772	-6.35209e-06
772.5	-6.27127e-06
773	-6.14973e-06
773.5	-6.00249e-06
774	-5.80448e-06
774.5	-8.23539e-06
775	-7.0725e-06
775.5	-4.88707e-06
776	-2.33777e-06
776.5	-3.25317e-06
777	-4.5012e-06
777.5	-4.02573e-06
778	-4.11461e-06
778.5	-4.71184e-06
779	-9.74655e-06
779.5	-8.37519e-06
780	-8.81986e-06
780.5	-5.92648e-06
781	-5.914e-06
781.5	-6.36983e-06
782	-6.86872e-06
782.5	-7.34111e-06
783	-7.82505e-06
783.5	-8.36181e-06
784	-1.1144e-05
784.5	-9.90418e-06
785	-9.38759e-06
785.5	-9.67513e-06
786	-1.04084e-05
786.5	-8.45695e-06
787	-8.56197e-06
787.5	-8.66231e-06
788	-8.61976e-06
788.5	-8.54561e-06
789	-8.34283e-06
789.5	-6.7785e-06
790	-4.70588e-06
790.5	-3.84192e-06
791	-2.15158e-06
791.5	1.63429e-06
792	1.01033e-06
792.5	-2.37264e-07
793	-8.80351e-07
793.5	-5.20518e-06
794	-5.98889e-06
794.5	-5.39053e-06
795	-5.28544e-06
795.5	-5.22184e-06
796	-5.1733e-06
796.5	-5.06952e-06
797	-5.03973e-06
797.5	-9.78314e-06
798	-5.29554e-06
798.5	-4.35012e-06
799	-4.38984e-06
799.5	-4.36587e-06
800	-4.30756e-06
800.5	-4.19413e-06
801	-4.1473e-06
801.5	-4.65153e-06
802	-9.69412e-06
802.5	-7.8706e-06
803	-6.28098e-06
803.5	-5.49439e-06
804	-5.03726e-06
804.5	-2.67789e-06
805	1.00992e-06
805.5	2.20579e-06
806	1.11648e-06
806.5	-4.74684e-06
807	-4.86511e-06
807.5	-2.4856e-06
808	-1.75593e-06
808.5	-6.90535e-07
809	-2.72381e-06
809.5	-3.00949e-06
810	-1.61983e-06
810.5	-3.01037e-06
811	-3.39305e-06
811.5	-3.49642e-06
812	-3.55649e-06
812.5	-4.70027e-06
813	-8.10853e-06
813.5	-6.10161e-06
814	-4.83156e-06
814.5	-3.32935e-06
815	-6.49896e-06
815.5	-1.01849e-05
816	-9.53947e-06
816.5	-1.00892e-05
817	-6.07323e-06
817.5	-5.12027e-06
818	-2.62784e-06
818.5	-2.21784e-06
819	-4.52308e-06
819.5	-4.12921e-06
820	-4.45436e-06
820.5	-1.34636e-05
821	-1.06504e-05
821.5	-6.47207e-05
822	5.74702e-05
822.5	2.95279e-05
823	0.000136651
823.5	-0.000170735
824	-7.93986e-05
824.5	-4.48251e-05
825	-3.75684e-05
825.5	-2.20441e-05
826	-2.78992e-05
826.5	-6.44478e-05
827	8.11998e-05
827.5	7.22831e-06
828	0.000115446
828.5	-0.000217746
829	-0.000135362
829.5	-5.98789e-05
830	-3.63182e-05
830.5	-1.57813e-05
831	-1.30856e-05
831.5	-1.23458e-05
832	-1.98559e-05
832.5	3.15781e-06
833	-2.36146e-06
833.5	-1.05541e-06
834	3.6174e-06
834.5	-1.19615e-06
835	-2.65185e-06
835.5	-6.10282e-06
836	-1.02674e-05
836.5	-1.35899e-05
837	-1.29369e-05
837.5	-1.04384e-05
838	-8.10504e-06
838.5	-6.78305e-06
839	-6.65036e-06
839.5	-7.00296e-06
840	-6.26463e-06
840.5	-5.5006e-06
841	-4.87969e-06
841.5	-4.45533e-06
842	-4.16107e-06
842.5	-4.14902e-06
843	-4.23045e-06
843.5	-4.44826e-06
844	-4.63849e-06
844.5	-3.6026e-06
845	-2.74243e-06
845.5	-3.46762e-06
846	-2.38428e-06
846.5	-1.49733e-06
847	-8.77697e-07
847.5	-1.92684e-06
848	-2.48846e-06
848.5	-3.31856e-06
849	-4.17768e-06
849.5	-4.82278e-06
850	-5.13776e-06
850.5	-5.3204e-06
851	-5.44839e-06
851.5	-5.60473e-06
852	-5.68878e-06
852.5	-5.73379e-06
853	-5.83407e-06
853.5	-5.83918e-06
854	-5.90639e-06
854.5	-5.93545e-06
855	-5.98433e-06
855.5	-6.12972e-06
856	-6.32044e-06
856.5	-6.46942e-06
857	-6.48366e-06
857.5	-6.51455e-06
858	-6.50884e-06
858.5	-6.40511e-06
859	-6.1635e-06
859.5	-3.69129e-06
860	-2.44778e-06
860.5	-3.68348e-06
861	-2.1867e-06
861.5	-7.0032e-07
862	-5.55501e-07
862.5	-2.00945e-06
863	-3.38621e-06
863.5	-3.55206e-06
864	-3.45617e-06
864.5	-4.11993e-06
865	-5.0559e-06
865.5	-5.74903e-06
866	-6.27491e-06
866.5	-6.86997e-06
867	-7.22597e-06
867.5	-7.34402e-06
868	-7.48634e-06
868.5	-7.60013e-06
869	-7.59022e-06
869.5	-7.4848e-06
870	-7.31159e-06
870.5	-7.08621e-06
871	-7.01767e-06
871.5	-6.98321e-06
872	-6.98159e-06
872.5	-6.92551e-06
873	-6.8638e-06
873.5	-6.78221e-06
874	-6.81467e-06
874.5	-6.73112e-06
875	-6.51462e-06
875.5	-5.17607e-06
876	-3.53322e-06
876.5	-6.20675e-07
877	-2.51013e-07
877.5	-8.08469e-07
878	-1.51123e-06
878.5	-2.98299e-06
879	-4.46531e-06
879.5	-6.62915e-06
880	-4.88002e-06
880.5	-3.87482e-06
881	-3.72443e-06
881.5	-3.51769e-06
882	-3.36387e-06
882.5	-3.22854e-06
883	-3.10963e-06
883.5	-3.03166e-06
884	-3.14611e-06
884.5	-3.322e-06
885	-3.51219e-06
885.5	-3.64536e-06
886	-3.74194e-06
886.5	-3.84786e-06
887	-3.97719e-06
887.5	-4.13036e-06
888	-4.27648e-06
888.5	-4.50606e-06
889	-4.66393e-06
889.5	-4.42543e-06
890	-5.03845e-06
890.5	-5.13541e-06
891	-3.97105e-06
891.5	-4.17086e-06
892	-1.42802e-06
892.5	-1.42656e-06
893	-2.34996e-06
893.5	-3.76403e-06
894	-3.88577e-06
894.5	-4.1758e-06
895	-5.75918e-06
895.5	-7.39981e-06
896	-1.13238e-05
896.5	-9.5779e-06
897	-7.59931e-06
897.5	-6.29244e-06
898	-5.682e-06
898.5	-5.39152e-06
899	-5.25497e-06
899.5	-5.2363e-06
900	-5.25759e-06
900.5	-5.413e-06
901	-5.81703e-06
901.5	-6.05857e-06
902	-6.17375e-06
902.5	-6.19833e-06
903	-6.09454e-06
903.5	-5.84151e-06
904	-5.52055e-06
904.5	-5.26926e-06
905	-5.30478e-06
905.5	-4.7038e-06
906	-3.93827e-06
906.5	-2.98731e-06
907	2.07469e-07
907.5	1.8082e-06
908	7.06825e-07
908.5	1.10998e-06
909	5.70845e-07
909.5	-1.36659e-07
910	-5.34161e-07
910.5	-5.13492e-06
911	-3.28241e-06
911.5	-2.64291e-06
912	-2.48034e-06
912.5	-2.44671e-06
913	-2.71681e-06
913.5	-3.07052e-06
914	-3.39115e-06
914.5	-3.7042e-06
915	-4.05267e-06
915.5	-4.28322e-06
916	-4.34397e-06
916.5	-4.20212e-06
917	-4.00694e-06
917.5	-4.01269e-06
918	-4.05094e-06
918.5	-4.02114e-06
919	-3.98276e-06
919.5	-4.31758e-06
920	-5.4079e-06
920.5	-5.26592e-06
921	-3.59766e-06
921.5	-1.41945e-06
922	-1.28795e-06
922.5	-1.60821e-06
923	-1.00715e-06
923.5	-1.62717e-06
924	-3.46007e-06
924.5	-5.94031e-06
925	-6.22538e-06
925.5	-5.41254e-06
926	-4.52611e-06
926.5	-3.93933e-06
927	-3.76661e-06
927.5	-3.79764e-06
928	-3.69306e-06
928.5	-3.28117e-06
929	-2.83014e-06
929.5	-2.37014e-06
930	-2.0034e-06
930.5	-1.83007e-06
931	-1.69399e-06
931.5	-1.76062e-06
932	-1.97785e-06
932.5	-2.27538e-06
933	-2.62203e-06
933.5	-3.03002e-06
934	-2.58539e-06
934.5	-2.888e-06
935	-2.45315e-06
935.5	-2.04715e-06
936	3.5843e-07
936.5	-1.48536e-06
937	-5.66298e-07
937.5	-9.62791e-07
938	-3.46551e-06
938.5	-3.96831e-06
939	-4.00875e-06
939.5	-3.85753e-06
940	-3.76525e-06
940.5	-3.70712e-06
941	-3.82251e-06
941.5	-4.12327e-06
942	-4.61014e-06
942.5	-4.96159e-06
943	-6.38768e-06
943.5	-4.93787e-06
944	-5.52764e-06
944.5	-5.88036e-06
945	-6.01712e-06
945.5	-6.86279e-06
946	-6.50952e-06
946.5	-6.24855e-06
947	-6.11883e-06
947.5	-6.08894e-06
948	-6.14331e-06
948.5	-6.19618e-06
949	-4.8652e-06
949.5	-3.27414e-06
950	4.63268e-07
950.5	-2.86278e-06
951	-7.03608e-06
951.5	-9.89623e-06
952	-1.0673e-05
952.5	-1.49945e-05
953	-4.39481e-05
953.5	3.03986e-05
954	2.13108e-05
954.5	0.000229563
955	5.39864e-05
955.5	-0.000120059
956	-4.76848e-05
956.5	-1.23215e-05
957	-2.0241e-05
957.5	-1.6974e-05
958	-2.22731e-05
958.5	-2.50522e-05
959	-1.94099e-05
959.5	-1.74498e-05
960	-7.53795e-06
960.5	-1.048e-05
961	-8.99326e-06
961.5	-1.26858e-05
962	-1.26728e-05
962.5	-1.7157e-05
963	-2.84396e-05
963.5	-5.64749e-05
964	-2.07743e-05
964.5	0.000207776
965	-2.64916e-05
965.5	-8.5364e-05
966	-5.9228e-05
966.5	-4.15838e-05
967	-3.61822e-05
967.5	-4.61176e-05
968	-7.7468e-05
968.5	9.35163e-05
969	8.19248e-05
969.5	2.55052e-05
970	-0.000249741
970.5	-0.000110632
971	-1.9675e-05
971.5	-1.31064e-05
972	-1.77929e-05
972.5	-3.55968e-06
973	3.50852e-06
973.5	-4.80934e-06
974	3.26995e-06
974.5	3.12593e-06
975	-7.1074e-07
975.5	-5.04976e-06
976	-6.18693e-06
976.5	-7.3116e-06
977	-7.74986e-06
977.5	-8.09896e-06
978	-8.18986e-06
978.5	-7.87894e-06
979	-7.66749e-06
979.5	-7.05964e-06
980	-6.50997e-06
980.5	-6.02221e-06
981	-5.71714e-06
981.5	-5.69457e-06
982	-5.81234e-06
982.5	-6.11379e-06
983	-6.46388e-06
983.5	-6.76089e-06
984	-7.08241e-06
984.5	-7.61327e-06
985	-8.4492e-06
985.5	-8.90365e-06
986	-1.04067e-05
986.5	-2.67509e-05
987	-3.9927e-05
987.5	1.92997e-05
988	4.61226e-05
988.5	3.04478e-05
989	1.62451e-05
989.5	7.61391e-06
990	2.38535e-06
990.5	-6.00748e-07
991	-2.52269e-06
991.5	-3.74e-06
992	-4.56089e-06
992.5	-5.17447e-06
993	-5.75251e-06
993.5	-6.151e-06
994	-6.37712e-06
994.5	-6.43824e-06
995	-6.23396e-06
995.5	-5.96807e-06
996	-5.75224e-06
996.5	-5.58891e-06
997	-5.48548e-06
997.5	-5.46872e-06
998	-5.4493e-06
998.5	-5.34709e-06
999	-5.30933e-06
999.5	-5.31958e-06
1000	-5.28895e-06
