secname	pos	x	y	z	dist	diam	cm	Ra	gmax_ch_CavL	gmax_ch_CavN	gmax_ch_HCN	gmax_ch_HCNolm	gmax_ch_HCNp	gmax_ch_KCaS	gmax_ch_Kdrfast	gmax_ch_Kdrfastngf	gmax_ch_Kdrp	gmax_ch_Kdrslow	gmax_ch_KvAdistp	gmax_ch_KvA	gmax_ch_KvAngf	gmax_ch_KvAolm	gmax_ch_KvAproxp	gmax_ch_KvCaB	gmax_ch_KvGroup	gmax_ch_KvM	gmax_ch_leak	gmax_ch_Navaxonp	gmax_ch_Navbis	gmax_ch_Navcck	gmax_ch_Nav	gmax_ch_Navngf	gmax_ch_Navp
pvbasketcell[0].soma[0]	0	576.333	609.5	125	0	10	1.4	100	0.005	0.0008	0	0	0	2e-06	0.013	0	0	0	0	0.00015	0	0	0	2e-07	0	0	0.000180018	0.15	0	0	0	0	0
pvbasketcell[0].soma[0]	0.5	576.333	609.5	125	10	10	1.4	100	0.005	0.0008	0	0	0	2e-06	0.013	0	0	0	0	0.00015	0	0	0	2e-07	0	0	0.000180018	0.15	0	0	0	0	0
pvbasketcell[0].soma[0]	1	576.333	609.5	125	20	10	1.4	100	0.005	0.0008	0	0	0	2e-06	0.013	0	0	0	0	0.00015	0	0	0	2e-07	0	0	0.000180018	0.15	0	0	0	0	0
pvbasketcell[0].dend[0]	0	576.333	629.5	125	20	4	1.4	100	0.005	0.0008	0	0	0	2e-06	0.013	0	0	0	0	0.00015	0	0	0	2e-07	0	0	0.000180018	0.15	0	0	0	0	0
pvbasketcell[0].dend[0]	0.5	576.333	629.5	125	70	4	1.4	100	0.005	0.0008	0	0	0	2e-06	0.013	0	0	0	0	0.00015	0	0	0	2e-07	0	0	0.000180018	0.15	0	0	0	0	0
pvbasketcell[0].dend[0]	1	576.333	629.5	125	120	4	1.4	100	0.005	0.0008	0	0	0	2e-06	0.013	0	0	0	0	0.00015	0	0	0	2e-07	0	0	0.000180018	0.15	0	0	0	0	0
pvbasketcell[0].dend[1]	0	615.275	721.606	125	120	3	1.4	100	0.005	0.0008	0	0	0	2e-06	0.013	0	0	0	0	0.00015	0	0	0	2e-07	0	0	0.000180018	0.15	0	0	0	0	0
pvbasketcell[0].dend[1]	0.166667	615.275	721.606	125	136.667	3	1.4	100	0.005	0.0008	0	0	0	2e-06	0.013	0	0	0	0	0.00015	0	0	0	2e-07	0	0	0.000180018	0.15	0	0	0	0	0
pvbasketcell[0].dend[1]	0.5	615.275	721.606	125	170	3	1.4	100	0.005	0.0008	0	0	0	2e-06	0.013	0	0	0	0	0.00015	0	0	0	2e-07	0	0	0.000180018	0.15	0	0	0	0	0
pvbasketcell[0].dend[1]	0.833333	615.275	721.606	125	203.333	3	1.4	100	0.005	0.0008	0	0	0	2e-06	0.013	0	0	0	0	0.00015	0	0	0	2e-07	0	0	0.000180018	0.15	0	0	0	0	0
pvbasketcell[0].dend[1]	1	615.275	721.606	125	220	3	1.4	100	0.005	0.0008	0	0	0	2e-06	0.013	0	0	0	0	0.00015	0	0	0	2e-07	0	0	0.000180018	0.15	0	0	0	0	0
pvbasketcell[0].dend[2]	0	654.217	813.712	125	220	2	1.4	100	0.005	0.0008	0	0	0	2e-06	0.013	0	0	0	0	0.00015	0	0	0	2e-07	0	0	0.000180018	0.15	0	0	0	0	0
pvbasketcell[0].dend[2]	0.166667	654.217	813.712	125	253.333	2	1.4	100	0.005	0.0008	0	0	0	2e-06	0.013	0	0	0	0	0.00015	0	0	0	2e-07	0	0	0.000180018	0.15	0	0	0	0	0
pvbasketcell[0].dend[2]	0.5	654.217	813.712	125	320	2	1.4	100	0.005	0.0008	0	0	0	2e-06	0.013	0	0	0	0	0.00015	0	0	0	2e-07	0	0	0.000180018	0.15	0	0	0	0	0
pvbasketcell[0].dend[2]	0.833333	654.217	813.712	125	386.666	2	1.4	100	0.005	0.0008	0	0	0	2e-06	0.013	0	0	0	0	0.00015	0	0	0	2e-07	0	0	0.000180018	0.15	0	0	0	0	0
pvbasketcell[0].dend[2]	1	654.217	813.712	125	420	2	1.4	100	0.005	0.0008	0	0	0	2e-06	0.013	0	0	0	0	0.00015	0	0	0	2e-07	0	0	0.000180018	0.15	0	0	0	0	0
pvbasketcell[0].dend[3]	0	732.1	997.924	125	420	1.5	1.4	100	0.005	0.0008	0	0	0	2e-06	0.013	0	0	0	0	0.00015	0	0	0	2e-07	0	0	0.000180018	0.15	0	0	0	0	0
pvbasketcell[0].dend[3]	0.166667	732.1	997.924	125	436.666	1.5	1.4	100	0.005	0.0008	0	0	0	2e-06	0.013	0	0	0	0	0.00015	0	0	0	2e-07	0	0	0.000180018	0.15	0	0	0	0	0
pvbasketcell[0].dend[3]	0.5	732.1	997.924	125	470	1.5	1.4	100	0.005	0.0008	0	0	0	2e-06	0.013	0	0	0	0	0.00015	0	0	0	2e-07	0	0	0.000180018	0.15	0	0	0	0	0
pvbasketcell[0].dend[3]	0.833333	732.1	997.924	125	503.334	1.5	1.4	100	0.005	0.0008	0	0	0	2e-06	0.013	0	0	0	0	0.00015	0	0	0	2e-07	0	0	0.000180018	0.15	0	0	0	0	0
pvbasketcell[0].dend[3]	1	732.1	997.924	125	520	1.5	1.4	100	0.005	0.0008	0	0	0	2e-06	0.013	0	0	0	0	0.00015	0	0	0	2e-07	0	0	0.000180018	0.15	0	0	0	0	0
pvbasketcell[0].dend[4]	0	771.042	1090.03	125	520	1	1.4	100	0.005	0.0008	0	0	0	2e-06	0.013	0	0	0	0	0.00015	0	0	0	2e-07	0	0	0.000180018	0.15	0	0	0	0	0
pvbasketcell[0].dend[4]	0.166667	771.042	1090.03	125	536.667	1	1.4	100	0.005	0.0008	0	0	0	2e-06	0.013	0	0	0	0	0.00015	0	0	0	2e-07	0	0	0.000180018	0.15	0	0	0	0	0
pvbasketcell[0].dend[4]	0.5	771.042	1090.03	125	570	1	1.4	100	0.005	0.0008	0	0	0	2e-06	0.013	0	0	0	0	0.00015	0	0	0	2e-07	0	0	0.000180018	0.15	0	0	0	0	0
pvbasketcell[0].dend[4]	0.833333	771.042	1090.03	125	603.334	1	1.4	100	0.005	0.0008	0	0	0	2e-06	0.013	0	0	0	0	0.00015	0	0	0	2e-07	0	0	0.000180018	0.15	0	0	0	0	0
pvbasketcell[0].dend[4]	1	771.042	1090.03	125	620	1	1.4	100	0.005	0.0008	0	0	0	2e-06	0.013	0	0	0	0	0.00015	0	0	0	2e-07	0	0	0.000180018	0.15	0	0	0	0	0
pvbasketcell[0].dend[5]	0	576.333	629.5	125	20	4	1.4	100	0.005	0.0008	0	0	0	2e-06	0.013	0	0	0	0	0.00015	0	0	0	2e-07	0	0	0.000180018	0.15	0	0	0	0	0
pvbasketcell[0].dend[5]	0.5	576.333	629.5	125	70	4	1.4	100	0.005	0.0008	0	0	0	2e-06	0.013	0	0	0	0	0.00015	0	0	0	2e-07	0	0	0.000180018	0.15	0	0	0	0	0
pvbasketcell[0].dend[5]	1	576.333	629.5	125	120	4	1.4	100	0.005	0.0008	0	0	0	2e-06	0.013	0	0	0	0	0.00015	0	0	0	2e-07	0	0	0.000180018	0.15	0	0	0	0	0
pvbasketcell[0].dend[6]	0	537.392	721.606	125	120	3	1.4	100	0.005	0.0008	0	0	0	2e-06	0.013	0	0	0	0	0.00015	0	0	0	2e-07	0	0	0.000180018	0.15	0	0	0	0	0
pvbasketcell[0].dend[6]	0.166667	537.392	721.606	125	136.667	3	1.4	100	0.005	0.0008	0	0	0	2e-06	0.013	0	0	0	0	0.00015	0	0	0	2e-07	0	0	0.000180018	0.15	0	0	0	0	0
pvbasketcell[0].dend[6]	0.5	537.392	721.606	125	170	3	1.4	100	0.005	0.0008	0	0	0	2e-06	0.013	0	0	0	0	0.00015	0	0	0	2e-07	0	0	0.000180018	0.15	0	0	0	0	0
pvbasketcell[0].dend[6]	0.833333	537.392	721.606	125	203.333	3	1.4	100	0.005	0.0008	0	0	0	2e-06	0.013	0	0	0	0	0.00015	0	0	0	2e-07	0	0	0.000180018	0.15	0	0	0	0	0
pvbasketcell[0].dend[6]	1	537.392	721.606	125	220	3	1.4	100	0.005	0.0008	0	0	0	2e-06	0.013	0	0	0	0	0.00015	0	0	0	2e-07	0	0	0.000180018	0.15	0	0	0	0	0
pvbasketcell[0].dend[7]	0	498.45	813.712	125	220	2	1.4	100	0.005	0.0008	0	0	0	2e-06	0.013	0	0	0	0	0.00015	0	0	0	2e-07	0	0	0.000180018	0.15	0	0	0	0	0
pvbasketcell[0].dend[7]	0.166667	498.45	813.712	125	253.333	2	1.4	100	0.005	0.0008	0	0	0	2e-06	0.013	0	0	0	0	0.00015	0	0	0	2e-07	0	0	0.000180018	0.15	0	0	0	0	0
pvbasketcell[0].dend[7]	0.5	498.45	813.712	125	320	2	1.4	100	0.005	0.0008	0	0	0	2e-06	0.013	0	0	0	0	0.00015	0	0	0	2e-07	0	0	0.000180018	0.15	0	0	0	0	0
pvbasketcell[0].dend[7]	0.833333	498.45	813.712	125	386.666	2	1.4	100	0.005	0.0008	0	0	0	2e-06	0.013	0	0	0	0	0.00015	0	0	0	2e-07	0	0	0.000180018	0.15	0	0	0	0	0
pvbasketcell[0].dend[7]	1	498.45	813.712	125	420	2	1.4	100	0.005	0.0008	0	0	0	2e-06	0.013	0	0	0	0	0.00015	0	0	0	2e-07	0	0	0.000180018	0.15	0	0	0	0	0
pvbasketcell[0].dend[8]	0	420.566	997.924	125	420	1.5	1.4	100	0.005	0.0008	0	0	0	2e-06	0.013	0	0	0	0	0.00015	0	0	0	2e-07	0	0	0.000180018	0.15	0	0	0	0	0
pvbasketcell[0].dend[8]	0.166667	420.566	997.924	125	436.666	1.5	1.4	100	0.005	0.0008	0	0	0	2e-06	0.013	0	0	0	0	0.00015	0	0	0	2e-07	0	0	0.000180018	0.15	0	0	0	0	0
pvbasketcell[0].dend[8]	0.5	420.566	997.924	125	470	1.5	1.4	100	0.005	0.0008	0	0	0	2e-06	0.013	0	0	0	0	0.00015	0	0	0	2e-07	0	0	0.000180018	0.15	0	0	0	0	0
pvbasketcell[0].dend[8]	0.833333	420.566	997.924	125	503.334	1.5	1.4	100	0.005	0.0008	0	0	0	2e-06	0.013	0	0	0	0	0.00015	0	0	0	2e-07	0	0	0.000180018	0.15	0	0	0	0	0
pvbasketcell[0].dend[8]	1	420.566	997.924	125	520	1.5	1.4	100	0.005	0.0008	0	0	0	2e-06	0.013	0	0	0	0	0.00015	0	0	0	2e-07	0	0	0.000180018	0.15	0	0	0	0	0
pvbasketcell[0].dend[9]	0	381.624	1090.03	125	520	1	1.4	100	0.005	0.0008	0	0	0	2e-06	0.013	0	0	0	0	0.00015	0	0	0	2e-07	0	0	0.000180018	0.15	0	0	0	0	0
pvbasketcell[0].dend[9]	0.166667	381.624	1090.03	125	536.667	1	1.4	100	0.005	0.0008	0	0	0	2e-06	0.013	0	0	0	0	0.00015	0	0	0	2e-07	0	0	0.000180018	0.15	0	0	0	0	0
pvbasketcell[0].dend[9]	0.5	381.624	1090.03	125	570	1	1.4	100	0.005	0.0008	0	0	0	2e-06	0.013	0	0	0	0	0.00015	0	0	0	2e-07	0	0	0.000180018	0.15	0	0	0	0	0
pvbasketcell[0].dend[9]	0.833333	381.624	1090.03	125	603.334	1	1.4	100	0.005	0.0008	0	0	0	2e-06	0.013	0	0	0	0	0.00015	0	0	0	2e-07	0	0	0.000180018	0.15	0	0	0	0	0
pvbasketcell[0].dend[9]	1	381.624	1090.03	125	620	1	1.4	100	0.005	0.0008	0	0	0	2e-06	0.013	0	0	0	0	0.00015	0	0	0	2e-07	0	0	0.000180018	0.15	0	0	0	0	0
pvbasketcell[0].dend[10]	0	576.333	609.5	125	0	2	1.4	100	0.005	0.0008	0	0	0	2e-06	0.013	0	0	0	0	0.00015	0	0	0	2e-07	0	0	0.000180018	0.15	0	0	0	0	0
pvbasketcell[0].dend[10]	0.166667	576.333	609.5	125	16.6667	2	1.4	100	0.005	0.0008	0	0	0	2e-06	0.013	0	0	0	0	0.00015	0	0	0	2e-07	0	0	0.000180018	0.15	0	0	0	0	0
pvbasketcell[0].dend[10]	0.5	576.333	609.5	125	50	2	1.4	100	0.005	0.0008	0	0	0	2e-06	0.013	0	0	0	0	0.00015	0	0	0	2e-07	0	0	0.000180018	0.15	0	0	0	0	0
pvbasketcell[0].dend[10]	0.833333	576.333	609.5	125	83.3333	2	1.4	100	0.005	0.0008	0	0	0	2e-06	0.013	0	0	0	0	0.00015	0	0	0	2e-07	0	0	0.000180018	0.15	0	0	0	0	0
pvbasketcell[0].dend[10]	1	576.333	609.5	125	100	2	1.4	100	0.005	0.0008	0	0	0	2e-06	0.013	0	0	0	0	0.00015	0	0	0	2e-07	0	0	0.000180018	0.15	0	0	0	0	0
pvbasketcell[0].dend[11]	0	537.392	517.394	125	100	1.5	1.4	100	0.005	0.0008	0	0	0	2e-06	0.013	0	0	0	0	0.00015	0	0	0	2e-07	0	0	0.000180018	0.15	0	0	0	0	0
pvbasketcell[0].dend[11]	0.166667	537.392	517.394	125	116.667	1.5	1.4	100	0.005	0.0008	0	0	0	2e-06	0.013	0	0	0	0	0.00015	0	0	0	2e-07	0	0	0.000180018	0.15	0	0	0	0	0
pvbasketcell[0].dend[11]	0.5	537.392	517.394	125	150	1.5	1.4	100	0.005	0.0008	0	0	0	2e-06	0.013	0	0	0	0	0.00015	0	0	0	2e-07	0	0	0.000180018	0.15	0	0	0	0	0
pvbasketcell[0].dend[11]	0.833333	537.392	517.394	125	183.333	1.5	1.4	100	0.005	0.0008	0	0	0	2e-06	0.013	0	0	0	0	0.00015	0	0	0	2e-07	0	0	0.000180018	0.15	0	0	0	0	0
pvbasketcell[0].dend[11]	1	537.392	517.394	125	200	1.5	1.4	100	0.005	0.0008	0	0	0	2e-06	0.013	0	0	0	0	0.00015	0	0	0	2e-07	0	0	0.000180018	0.15	0	0	0	0	0
pvbasketcell[0].dend[12]	0	498.45	425.288	125	200	1	1.4	100	0.005	0.0008	0	0	0	2e-06	0.013	0	0	0	0	0.00015	0	0	0	2e-07	0	0	0.000180018	0.15	0	0	0	0	0
pvbasketcell[0].dend[12]	0.166667	498.45	425.288	125	216.667	1	1.4	100	0.005	0.0008	0	0	0	2e-06	0.013	0	0	0	0	0.00015	0	0	0	2e-07	0	0	0.000180018	0.15	0	0	0	0	0
pvbasketcell[0].dend[12]	0.5	498.45	425.288	125	250	1	1.4	100	0.005	0.0008	0	0	0	2e-06	0.013	0	0	0	0	0.00015	0	0	0	2e-07	0	0	0.000180018	0.15	0	0	0	0	0
pvbasketcell[0].dend[12]	0.833333	498.45	425.288	125	283.333	1	1.4	100	0.005	0.0008	0	0	0	2e-06	0.013	0	0	0	0	0.00015	0	0	0	2e-07	0	0	0.000180018	0.15	0	0	0	0	0
pvbasketcell[0].dend[12]	1	498.45	425.288	125	300	1	1.4	100	0.005	0.0008	0	0	0	2e-06	0.013	0	0	0	0	0.00015	0	0	0	2e-07	0	0	0.000180018	0.15	0	0	0	0	0
pvbasketcell[0].dend[13]	0	576.333	609.5	125	0	2	1.4	100	0.005	0.0008	0	0	0	2e-06	0.013	0	0	0	0	0.00015	0	0	0	2e-07	0	0	0.000180018	0.15	0	0	0	0	0
pvbasketcell[0].dend[13]	0.166667	576.333	609.5	125	16.6667	2	1.4	100	0.005	0.0008	0	0	0	2e-06	0.013	0	0	0	0	0.00015	0	0	0	2e-07	0	0	0.000180018	0.15	0	0	0	0	0
pvbasketcell[0].dend[13]	0.5	576.333	609.5	125	50	2	1.4	100	0.005	0.0008	0	0	0	2e-06	0.013	0	0	0	0	0.00015	0	0	0	2e-07	0	0	0.000180018	0.15	0	0	0	0	0
pvbasketcell[0].dend[13]	0.833333	576.333	609.5	125	83.3333	2	1.4	100	0.005	0.0008	0	0	0	2e-06	0.013	0	0	0	0	0.00015	0	0	0	2e-07	0	0	0.000180018	0.15	0	0	0	0	0
pvbasketcell[0].dend[13]	1	576.333	609.5	125	100	2	1.4	100	0.005	0.0008	0	0	0	2e-06	0.013	0	0	0	0	0.00015	0	0	0	2e-07	0	0	0.000180018	0.15	0	0	0	0	0
pvbasketcell[0].dend[14]	0	615.275	517.394	125	100	1.5	1.4	100	0.005	0.0008	0	0	0	2e-06	0.013	0	0	0	0	0.00015	0	0	0	2e-07	0	0	0.000180018	0.15	0	0	0	0	0
pvbasketcell[0].dend[14]	0.166667	615.275	517.394	125	116.667	1.5	1.4	100	0.005	0.0008	0	0	0	2e-06	0.013	0	0	0	0	0.00015	0	0	0	2e-07	0	0	0.000180018	0.15	0	0	0	0	0
pvbasketcell[0].dend[14]	0.5	615.275	517.394	125	150	1.5	1.4	100	0.005	0.0008	0	0	0	2e-06	0.013	0	0	0	0	0.00015	0	0	0	2e-07	0	0	0.000180018	0.15	0	0	0	0	0
pvbasketcell[0].dend[14]	0.833333	615.275	517.394	125	183.333	1.5	1.4	100	0.005	0.0008	0	0	0	2e-06	0.013	0	0	0	0	0.00015	0	0	0	2e-07	0	0	0.000180018	0.15	0	0	0	0	0
pvbasketcell[0].dend[14]	1	615.275	517.394	125	200	1.5	1.4	100	0.005	0.0008	0	0	0	2e-06	0.013	0	0	0	0	0.00015	0	0	0	2e-07	0	0	0.000180018	0.15	0	0	0	0	0
pvbasketcell[0].dend[15]	0	654.217	425.288	125	200	1	1.4	100	0.005	0.0008	0	0	0	2e-06	0.013	0	0	0	0	0.00015	0	0	0	2e-07	0	0	0.000180018	0.15	0	0	0	0	0
pvbasketcell[0].dend[15]	0.166667	654.217	425.288	125	216.667	1	1.4	100	0.005	0.0008	0	0	0	2e-06	0.013	0	0	0	0	0.00015	0	0	0	2e-07	0	0	0.000180018	0.15	0	0	0	0	0
pvbasketcell[0].dend[15]	0.5	654.217	425.288	125	250	1	1.4	100	0.005	0.0008	0	0	0	2e-06	0.013	0	0	0	0	0.00015	0	0	0	2e-07	0	0	0.000180018	0.15	0	0	0	0	0
pvbasketcell[0].dend[15]	0.833333	654.217	425.288	125	283.333	1	1.4	100	0.005	0.0008	0	0	0	2e-06	0.013	0	0	0	0	0.00015	0	0	0	2e-07	0	0	0.000180018	0.15	0	0	0	0	0
pvbasketcell[0].dend[15]	1	654.217	425.288	125	300	1	1.4	100	0.005	0.0008	0	0	0	2e-06	0.013	0	0	0	0	0.00015	0	0	0	2e-07	0	0	0.000180018	0.15	0	0	0	0	0
