0	0
0.5	6.60293e-25
1	5.78576e-25
1.5	1.58429e-25
2	7.08685e-26
2.5	1.14826e-25
3	1.19833e-25
3.5	-1.67677e-07
4	-8.17555e-07
4.5	-1.7577e-06
5	-2.65305e-06
5.5	-3.47209e-06
6	-4.28439e-06
6.5	-5.49785e-06
7	-6.83894e-06
7.5	-7.67014e-06
8	-8.39314e-06
8.5	-8.99713e-06
9	-9.51777e-06
9.5	-9.97976e-06
10	-1.02919e-05
10.5	-1.04627e-05
11	-1.0636e-05
11.5	-1.08517e-05
12	-1.11451e-05
12.5	-1.13164e-05
13	-1.15294e-05
13.5	-6.73224e-07
14	4.09541e-06
14.5	2.01585e-06
15	-2.36845e-06
15.5	-7.49707e-06
16	-1.06724e-05
16.5	-1.21361e-05
17	-1.21413e-05
17.5	-1.19898e-05
18	-1.27218e-05
18.5	-1.23146e-05
19	-1.08581e-05
19.5	-9.81105e-06
20	-9.75089e-06
20.5	-1.00317e-05
21	-9.80202e-06
21.5	-9.52591e-06
22	-9.3804e-06
22.5	-9.26164e-06
23	-9.2011e-06
23.5	-9.03423e-06
24	-1.31351e-05
24.5	-1.23376e-05
25	-1.24093e-05
25.5	-1.11932e-05
26	-1.39121e-05
26.5	-1.01103e-05
27	-1.03237e-05
27.5	-1.4619e-05
28	-9.9623e-06
28.5	-1.33367e-05
29	-1.5041e-05
29.5	-2.86611e-05
30	-5.84926e-06
30.5	-1.12345e-05
31	-1.95967e-05
31.5	-0.000163841
32	6.11949e-05
32.5	-0.000117609
33	8.33142e-05
33.5	-8.20434e-06
34	-3.81207e-05
34.5	2.58161e-05
35	-9.64854e-05
35.5	0.000853721
36	0.00141836
36.5	0.000394698
37	7.90143e-05
37.5	-0.000136097
38	-9.77527e-05
38.5	-2.52538e-05
39	-9.30543e-06
39.5	-4.31235e-06
40	-2.74424e-06
40.5	-2.37526e-06
41	-2.54791e-06
41.5	-2.98338e-06
42	-3.44983e-06
42.5	-3.70935e-06
43	-4.01362e-06
43.5	-4.331e-06
44	-4.33323e-06
44.5	-4.23891e-06
45	-4.27633e-06
45.5	-4.31871e-06
46	-4.58797e-06
46.5	-4.79727e-06
47	-4.84444e-06
47.5	-4.84322e-06
48	-4.9439e-06
48.5	-5.10441e-06
49	1.91391e-06
49.5	4.18592e-06
50	7.6609e-06
50.5	1.92287e-06
51	-1.96854e-06
51.5	-3.08002e-06
52	-3.85419e-06
52.5	-4.96506e-06
53	-5.22447e-06
53.5	-5.27321e-06
54	-4.37771e-06
54.5	-3.80565e-06
55	-2.73506e-06
55.5	-1.28887e-06
56	-1.76923e-06
56.5	-1.81269e-06
57	-1.76742e-06
57.5	-1.84668e-06
58	-1.97883e-06
58.5	-2.15045e-06
59	-2.32579e-06
59.5	-2.76075e-06
60	-3.09147e-06
60.5	-3.25903e-06
61	-3.48298e-06
61.5	-3.87955e-06
62	-3.97216e-06
62.5	-3.99493e-06
63	-4.06772e-06
63.5	-4.05592e-06
64	-3.85926e-06
64.5	-3.7493e-06
65	-4.38562e-06
65.5	6.84261e-06
66	2.2229e-06
66.5	-3.56427e-06
67	-5.82238e-06
67.5	-5.16944e-06
68	-5.44849e-06
68.5	-5.86698e-06
69	-6.37022e-06
69.5	-6.6219e-06
70	-6.5163e-06
70.5	-6.33269e-06
71	-6.18554e-06
71.5	-6.15464e-06
72	-6.28136e-06
72.5	-6.40859e-06
73	-6.48211e-06
73.5	-6.75306e-06
74	-7.07133e-06
74.5	-7.49617e-06
75	-8.10515e-06
75.5	-8.73235e-06
76	-9.3575e-06
76.5	-1.02228e-05
77	-1.09617e-05
77.5	-1.15004e-05
78	-1.18508e-05
78.5	-1.23561e-05
79	-1.30283e-05
79.5	-1.35089e-05
80	-7.04647e-06
80.5	-4.18869e-06
81	-8.04264e-06
81.5	-1.05602e-05
82	-1.1504e-05
82.5	-1.23026e-05
83	-1.2954e-05
83.5	-1.23605e-05
84	-1.20869e-05
84.5	-1.18248e-05
85	-1.1499e-05
85.5	-1.11016e-05
86	-1.2921e-05
86.5	-1.0404e-05
87	-8.71031e-06
87.5	-7.69659e-06
88	-6.94695e-06
88.5	-6.34686e-06
89	-5.90256e-06
89.5	-5.76428e-06
90	-5.70026e-06
90.5	-5.6426e-06
91	-5.576e-06
91.5	-5.71003e-06
92	-5.86798e-06
92.5	-5.65303e-06
93	-4.93286e-06
93.5	-3.69089e-06
94	-9.95177e-07
94.5	4.16764e-06
95	4.8463e-06
95.5	2.9216e-06
96	1.91937e-06
96.5	-2.21061e-07
97	-1.43198e-06
97.5	-1.87741e-06
98	-2.12029e-06
98.5	-3.28101e-06
99	-4.16086e-06
99.5	-4.90608e-06
100	-5.29885e-06
100.5	-5.52009e-06
101	-5.83139e-06
101.5	-5.9349e-06
102	-5.80915e-06
102.5	-5.52206e-06
103	-4.64797e-06
103.5	-3.92303e-06
104	-1.98102e-06
104.5	-2.72624e-06
105	-3.18448e-06
105.5	-3.70804e-06
106	-4.25413e-06
106.5	-5.11882e-06
107	-6.0575e-06
107.5	-6.79392e-06
108	-8.02288e-06
108.5	-8.97352e-06
109	-9.59971e-06
109.5	-1.04191e-05
110	-4.44907e-06
110.5	-2.23386e-06
111	-7.95583e-05
111.5	-8.98489e-05
112	-3.77793e-05
112.5	3.25896e-06
113	9.88308e-06
113.5	-9.53978e-08
114	-2.68474e-06
114.5	-6.52177e-06
115	-1.08638e-05
115.5	-1.63248e-05
116	-1.60926e-05
116.5	-1.77962e-05
117	-1.94355e-05
117.5	-1.85433e-05
118	-1.2524e-05
118.5	-1.25458e-05
119	-1.3668e-05
119.5	-1.43433e-05
120	-2.00223e-05
120.5	-1.90851e-05
121	-1.21448e-05
121.5	-2.23373e-05
122	-3.17084e-05
122.5	-3.03589e-05
123	-0.000190324
123.5	7.2404e-05
124	-9.13194e-05
124.5	0.000674001
125	0.000451998
125.5	0.000237664
126	-0.000169172
126.5	-0.000176329
127	-0.00012644
127.5	-3.65682e-05
128	-1.26234e-05
128.5	-7.01421e-06
129	-1.71368e-06
129.5	-3.39455e-06
130	-3.17728e-06
130.5	-3.7646e-06
131	-2.20671e-06
131.5	-2.19507e-06
132	-2.60414e-06
132.5	-3.14238e-06
133	-3.55502e-06
133.5	-3.84615e-06
134	-4.25425e-06
134.5	-4.68977e-06
135	-4.91921e-06
135.5	-5.21284e-06
136	-5.43043e-06
136.5	-5.91236e-06
137	-6.78026e-06
137.5	-7.83607e-06
138	-8.75824e-06
138.5	-8.49334e-06
139	2.53973e-06
139.5	-2.35148e-06
140	-6.0981e-06
140.5	-6.30985e-06
141	-5.97349e-06
141.5	-7.68428e-06
142	-8.37989e-06
142.5	-8.64819e-06
143	-8.68842e-06
143.5	-8.34051e-06
144	-8.28904e-06
144.5	-7.98475e-06
145	-7.3917e-06
145.5	-6.8688e-06
146	-6.54574e-06
146.5	-6.57726e-06
147	-6.40532e-06
147.5	-6.06881e-06
148	-5.96965e-06
148.5	-6.1691e-06
149	-6.19166e-06
149.5	-6.17276e-06
150	-6.18205e-06
150.5	-6.29988e-06
151	-6.27966e-06
151.5	-6.1847e-06
152	-6.25464e-06
152.5	-6.39275e-06
153	-6.77097e-06
153.5	-7.20278e-06
154	-7.40641e-06
154.5	-7.46282e-06
155	-1.0458e-06
155.5	1.08835e-06
156	-4.2348e-06
156.5	-5.59717e-06
157	-7.8374e-06
157.5	-9.11476e-06
158	-8.21079e-06
158.5	-8.7596e-06
159	-7.86751e-06
159.5	-7.58169e-06
160	-7.25289e-06
160.5	-6.69179e-06
161	-6.97766e-06
161.5	-7.25161e-06
162	-7.52492e-06
162.5	-7.85627e-06
163	-8.1065e-06
163.5	-8.33683e-06
164	-8.62757e-06
164.5	-9.01356e-06
165	-9.32791e-06
165.5	-9.55861e-06
166	-9.84952e-06
166.5	-1.03758e-05
167	-1.0699e-05
167.5	-1.02367e-05
168	-1.26437e-05
168.5	-1.38455e-05
169	-1.41343e-05
169.5	-9.44385e-06
170	-1.04708e-05
170.5	-1.17313e-05
171	-1.05089e-05
171.5	-9.08968e-06
172	-8.68637e-06
172.5	-7.97293e-06
173	-8.62655e-06
173.5	-9.12116e-06
174	-9.23028e-06
174.5	-9.31303e-06
175	-9.38482e-06
175.5	-9.299e-06
176	-9.03532e-06
176.5	-8.64963e-06
177	-8.63443e-06
177.5	-8.47712e-06
178	-8.22531e-06
178.5	-8.109e-06
179	-8.37465e-06
179.5	-8.73052e-06
180	-9.12453e-06
180.5	-9.44299e-06
181	-1.00806e-05
181.5	-1.04915e-05
182	-1.05327e-05
182.5	-1.03562e-05
183	-9.8241e-06
183.5	-9.19637e-06
184	-8.72878e-06
184.5	8.34005e-07
185	4.368e-06
185.5	-1.46284e-06
186	-6.21576e-06
186.5	-8.44609e-06
187	-8.63162e-06
187.5	-9.89352e-06
188	-7.93637e-06
188.5	-7.86718e-06
189	-8.619e-06
189.5	-8.68345e-06
190	-8.97879e-06
190.5	-9.01285e-06
191	-7.29189e-06
191.5	-8.12265e-06
192	-8.30897e-06
192.5	-8.08288e-06
193	-7.69529e-06
193.5	-7.48819e-06
194	-7.19443e-06
194.5	-6.91743e-06
195	-6.85019e-06
195.5	-6.92801e-06
196	-7.48013e-06
196.5	-6.88067e-06
197	-7.33885e-06
197.5	-7.72362e-06
198	-8.17694e-06
198.5	-8.47249e-06
199	-4.43469e-06
199.5	-4.62964e-06
200	-5.11951e-06
200.5	-7.34588e-06
201	-8.30888e-06
201.5	-5.94306e-06
202	-7.32627e-06
202.5	-7.3482e-06
203	-6.74548e-06
203.5	-6.38609e-06
204	-6.29974e-06
204.5	-6.23264e-06
205	-6.5701e-06
205.5	-6.66601e-06
206	-6.72411e-06
206.5	-7.35749e-06
207	-5.94561e-06
207.5	-6.47767e-06
208	-6.65875e-06
208.5	-6.66411e-06
209	-7.17925e-06
209.5	-6.89571e-06
210	-6.43138e-06
210.5	-6.61112e-06
211	-6.90967e-06
211.5	-8.14636e-06
212	-7.40293e-06
212.5	-7.48373e-06
213	-7.35828e-06
213.5	-8.66718e-06
214	-7.91742e-06
214.5	-1.48769e-06
215	-7.42399e-06
215.5	-1.21666e-05
216	-1.33962e-05
216.5	-1.24488e-05
217	-1.07599e-05
217.5	-1.17917e-05
218	-1.0143e-05
218.5	-9.58004e-06
219	-1.01471e-05
219.5	-1.0375e-05
220	-1.18552e-05
220.5	-1.44653e-05
221	-1.1287e-05
221.5	-8.27649e-06
222	-1.35713e-05
222.5	-9.75817e-06
223	-1.53474e-05
223.5	-1.4839e-05
224	-1.43016e-05
224.5	-1.09817e-05
225	-1.06336e-05
225.5	-1.69996e-05
226	-2.67571e-05
226.5	-2.70332e-05
227	-0.000196526
227.5	-4.0993e-05
228	0.000672163
228.5	0.00035017
229	0.000181086
229.5	-0.000192808
230	-0.000154908
230.5	-6.88982e-05
231	-1.07389e-05
231.5	-1.54351e-05
232	-1.42742e-05
232.5	-1.19967e-05
233	-1.60837e-05
233.5	-6.84324e-06
234	-2.93413e-06
234.5	-3.62174e-06
235	-6.31777e-06
235.5	-2.12029e-06
236	-8.04391e-07
236.5	1.83021e-07
237	-1.15784e-07
237.5	-4.38452e-07
238	-9.39443e-07
238.5	-1.39384e-06
239	-2.10978e-06
239.5	-3.05671e-06
240	-3.98123e-06
240.5	-4.88731e-06
241	-5.78591e-06
241.5	-6.61659e-06
242	-7.29568e-06
242.5	-7.6577e-06
243	-5.23842e-06
243.5	-3.31729e-06
244	-4.04434e-06
244.5	-4.78967e-06
245	-5.27547e-06
245.5	-4.73145e-06
246	-3.10869e-06
246.5	-5.97914e-06
247	-7.34788e-06
247.5	-7.255e-06
248	-7.21071e-06
248.5	-7.15176e-06
249	-7.2059e-06
249.5	-7.15849e-06
250	-3.59177e-06
250.5	-3.20366e-06
251	-5.92488e-06
251.5	-6.89457e-06
252	-6.96677e-06
252.5	-5.15888e-06
253	-5.10272e-06
253.5	-5.24747e-06
254	-5.6437e-06
254.5	-6.10771e-06
255	-6.78145e-06
255.5	-7.00394e-06
256	-7.13974e-06
256.5	-7.25546e-06
257	-7.30801e-06
257.5	-7.20982e-06
258	-6.02658e-06
258.5	-5.42234e-06
259	-2.44518e-06
259.5	-3.64261e-06
260	-4.16282e-06
260.5	-4.37586e-06
261	-4.6424e-06
261.5	-5.2398e-06
262	-6.9697e-06
262.5	-9.17741e-06
263	-1.00975e-05
263.5	-1.05465e-05
264	-1.10873e-05
264.5	-9.25374e-06
265	-9.65586e-06
265.5	-1.03444e-05
266	-1.09538e-05
266.5	-1.16132e-05
267	-1.20071e-05
267.5	-1.21323e-05
268	-1.22247e-05
268.5	-1.20449e-05
269	-1.14843e-05
269.5	-1.08073e-05
270	-1.00131e-05
270.5	-9.34448e-06
271	-8.77555e-06
271.5	-8.4699e-06
272	-8.28903e-06
272.5	-2.68419e-06
273	9.41498e-07
273.5	3.99646e-07
274	-1.71308e-06
274.5	-3.34651e-06
275	-6.35546e-06
275.5	-6.83526e-06
276	-9.31813e-06
276.5	-7.81516e-06
277	-7.00569e-06
277.5	-7.08268e-06
278	-7.47192e-06
278.5	-7.6596e-06
279	-7.62384e-06
279.5	-7.44801e-06
280	-7.18384e-06
280.5	-6.87499e-06
281	-6.1929e-06
281.5	-5.56116e-06
282	-5.14849e-06
282.5	-5.08115e-06
283	-5.39986e-06
283.5	-5.79529e-06
284	-6.13729e-06
284.5	-6.65559e-06
285	-7.28943e-06
285.5	-7.97423e-06
286	-8.58442e-06
286.5	-9.00364e-06
287	-9.62807e-06
287.5	-5.78937e-06
288	-7.08073e-06
288.5	-9.53536e-06
289	-7.03622e-06
289.5	-1.19913e-05
290	-1.31299e-05
290.5	-1.22701e-05
291	-1.00087e-05
291.5	-8.43228e-06
292	-7.39888e-06
292.5	-6.66087e-06
293	-6.31733e-06
293.5	-7.06552e-06
294	-7.58278e-06
294.5	-7.98878e-06
295	-8.33198e-06
295.5	-8.67893e-06
296	-8.88861e-06
296.5	-8.98872e-06
297	-9.11212e-06
297.5	-9.60576e-06
298	-1.02776e-05
298.5	-1.09952e-05
299	-1.14175e-05
299.5	-1.16866e-05
300	-1.2232e-05
300.5	-1.26094e-05
301	-1.17629e-05
301.5	-1.50087e-05
302	-1.14125e-05
302.5	-1.11681e-05
303	-1.27652e-05
303.5	-1.33742e-05
304	-1.02968e-05
304.5	-1.59997e-05
305	-1.28455e-05
305.5	-1.24259e-05
306	-1.21757e-05
306.5	-1.19057e-05
307	-1.17283e-05
307.5	-1.12832e-05
308	-1.09386e-05
308.5	-1.10035e-05
309	-1.12133e-05
309.5	-1.12591e-05
310	-1.13605e-05
310.5	-1.15146e-05
311	-1.18404e-05
311.5	-1.22407e-05
312	-1.28467e-05
312.5	-1.33532e-05
313	-1.37895e-05
313.5	-1.40496e-05
314	-1.15717e-05
314.5	-1.28291e-05
315	-1.35015e-05
315.5	-9.74575e-06
316	-8.35057e-06
316.5	-1.14547e-05
317	-1.31897e-05
317.5	-1.389e-05
318	-1.06999e-05
318.5	-1.64147e-05
319	-1.64089e-05
319.5	-1.54891e-05
320	-1.45664e-05
320.5	-1.25477e-05
321	-1.1297e-05
321.5	-1.09954e-05
322	-1.05085e-05
322.5	-9.83226e-06
323	-9.20884e-06
323.5	-8.53396e-06
324	-7.97995e-06
324.5	-8.83956e-06
325	-7.96769e-06
325.5	-7.1529e-06
326	-6.72474e-06
326.5	-6.67024e-06
327	-6.67355e-06
327.5	-6.54365e-06
328	-6.72995e-06
328.5	-6.49988e-06
329	-2.36401e-06
329.5	-2.6041e-07
330	-1.11606e-06
330.5	-3.07231e-06
331	-6.28712e-06
331.5	-6.71055e-06
332	-6.27934e-06
332.5	-9.44016e-06
333	-9.40068e-06
333.5	-1.03027e-05
334	-9.65678e-06
334.5	-8.95435e-06
335	-8.54388e-06
335.5	-8.48628e-06
336	-8.60835e-06
336.5	-8.65876e-06
337	-8.74339e-06
337.5	-8.80041e-06
338	-9.05025e-06
338.5	-9.40903e-06
339	-1.24208e-05
339.5	-1.23635e-05
340	-1.18551e-05
340.5	-1.19734e-05
341	-1.24641e-05
341.5	-1.33999e-05
342	-1.29283e-05
342.5	-1.21713e-05
343	-1.16335e-05
343.5	-9.72938e-06
344	-1.48162e-05
344.5	-1.20651e-05
345	-8.71982e-06
345.5	-1.50036e-05
346	-1.52973e-05
346.5	-9.71806e-06
347	-6.06246e-06
347.5	-1.44887e-05
348	-1.11634e-05
348.5	-1.49904e-05
349	-1.47649e-05
349.5	-1.78361e-05
350	-1.71071e-05
350.5	-1.16889e-05
351	-1.13844e-05
351.5	-1.91504e-05
352	-1.91968e-05
352.5	-3.83633e-05
353	-7.12651e-05
353.5	-9.70985e-05
354	0.000886684
354.5	0.000438113
355	6.33972e-05
355.5	-0.000216193
356	-0.00012099
356.5	-4.44671e-05
357	-3.48803e-05
357.5	-0.000173736
358	1.16628e-05
358.5	-3.73731e-05
359	0.000325358
359.5	0.000536735
360	0.000277862
360.5	-0.000169784
361	-0.000138558
361.5	-0.000103031
362	-1.25606e-05
362.5	2.15118e-06
363	1.28076e-06
363.5	3.13151e-07
364	-2.37e-06
364.5	-5.71144e-06
365	-6.25114e-06
365.5	-7.18118e-06
366	-8.18665e-06
366.5	-9.22757e-06
367	-1.05533e-05
367.5	-1.17132e-05
368	-1.25592e-05
368.5	-9.44436e-06
369	-7.89938e-06
369.5	-1.15484e-05
370	-1.38547e-05
370.5	-1.33339e-05
371	-1.37604e-05
371.5	-1.11396e-05
372	-1.21067e-05
372.5	-1.12949e-05
373	-1.08807e-05
373.5	-1.09854e-05
374	-1.09603e-05
374.5	-1.09525e-05
375	-9.21248e-06
375.5	-9.69061e-06
376	-1.10179e-05
376.5	-1.13958e-05
377	-1.11393e-05
377.5	-1.06671e-05
378	-1.00195e-05
378.5	-9.01957e-06
379	-8.36173e-06
379.5	-8.16486e-06
380	-8.07841e-06
380.5	-8.02475e-06
381	-7.96701e-06
381.5	-8.00484e-06
382	-8.09377e-06
382.5	-8.28418e-06
383	-8.4522e-06
383.5	-8.6288e-06
384	-4.58379e-06
384.5	-9.3657e-06
385	-1.21369e-05
385.5	-9.70544e-06
386	-1.2017e-05
386.5	-1.33777e-05
387	-1.33633e-05
387.5	-1.39985e-05
388	-1.44414e-05
388.5	-1.43069e-05
389	-1.29844e-05
389.5	-1.19484e-05
390	-1.18556e-05
390.5	-1.16927e-05
391	-1.17823e-05
391.5	-1.21045e-05
392	-1.22262e-05
392.5	-1.22395e-05
393	-1.23081e-05
393.5	-1.25252e-05
394	-1.3213e-05
394.5	-1.36889e-05
395	-1.39419e-05
395.5	-1.4141e-05
396	-1.44885e-05
396.5	-1.47084e-05
397	-1.48943e-05
397.5	-1.48431e-05
398	-7.53117e-06
398.5	-6.5981e-06
399	-8.44764e-06
399.5	-7.60717e-06
400	-6.11499e-06
400.5	-6.18071e-06
401	-6.68232e-06
401.5	-5.94844e-06
402	-6.09421e-06
402.5	-6.42305e-06
403	-6.68602e-06
403.5	-6.9267e-06
404	-6.77753e-06
404.5	-6.55594e-06
405	-6.41927e-06
405.5	-6.37456e-06
406	-6.4236e-06
406.5	-6.59809e-06
407	-6.608e-06
407.5	-6.73494e-06
408	-6.74999e-06
408.5	-6.29562e-06
409	-5.58826e-06
409.5	-4.97542e-06
410	-4.585e-06
410.5	-4.66943e-06
411	-4.9506e-06
411.5	-5.29898e-06
412	-5.23563e-06
412.5	-5.19873e-06
413	-9.09851e-07
413.5	5.65033e-07
414	-3.99662e-06
414.5	-6.12592e-06
415	-5.47008e-06
415.5	-3.82357e-06
416	-5.2205e-06
416.5	-5.43779e-06
417	-5.76557e-06
417.5	-7.72838e-06
418	-7.25833e-06
418.5	-5.74783e-06
419	-4.8541e-06
419.5	-4.15352e-06
420	-3.86649e-06
420.5	-3.91119e-06
421	-4.0632e-06
421.5	-4.17696e-06
422	-4.12863e-06
422.5	-4.28438e-06
423	-4.62179e-06
423.5	-4.98642e-06
424	-5.41574e-06
424.5	-5.80131e-06
425	-6.03517e-06
425.5	-6.12729e-06
426	-5.95785e-06
426.5	-5.91767e-06
427	-6.01597e-06
427.5	-6.34687e-06
428	1.93839e-07
428.5	1.65776e-06
429	-5.74614e-06
429.5	-7.72695e-06
430	-8.62595e-06
430.5	-8.82225e-06
431	-8.9893e-06
431.5	-9.11234e-06
432	-8.51712e-06
432.5	-8.68366e-06
433	-8.81521e-06
433.5	-8.95146e-06
434	-9.04762e-06
434.5	-9.19191e-06
435	-9.52364e-06
435.5	-9.85514e-06
436	-1.00023e-05
436.5	-9.96997e-06
437	-9.81894e-06
437.5	-9.5812e-06
438	-9.32962e-06
438.5	-9.09817e-06
439	-8.89656e-06
439.5	-8.73639e-06
440	-1.02912e-05
440.5	-8.80826e-06
441	-5.63852e-06
441.5	-6.30156e-06
442	-6.34266e-06
442.5	-4.48061e-06
443	-8.42056e-06
443.5	-7.88796e-06
444	-7.28516e-06
444.5	-9.14545e-06
445	-6.43832e-06
445.5	-5.91613e-06
446	-5.73576e-06
446.5	-5.51035e-06
447	-5.45183e-06
447.5	-5.48815e-06
448	-5.98225e-06
448.5	-6.61636e-06
449	-6.84004e-06
449.5	-6.71771e-06
450	-6.67548e-06
450.5	-6.76368e-06
451	-6.91976e-06
451.5	-7.07096e-06
452	-7.2913e-06
452.5	-7.65188e-06
453	-9.5248e-06
453.5	-9.25234e-06
454	-9.74215e-06
454.5	-1.02876e-05
455	-1.09934e-05
455.5	-1.19335e-05
456	-6.77943e-06
456.5	-8.39915e-06
457	-1.13048e-05
457.5	-1.54161e-05
458	-1.56575e-05
458.5	-1.51151e-05
459	-1.97656e-05
459.5	-1.70832e-05
460	-1.5357e-05
460.5	-1.42047e-05
461	-1.26846e-05
461.5	-1.30823e-05
462	-1.33875e-05
462.5	-1.36143e-05
463	-1.35089e-05
463.5	-1.36704e-05
464	-1.39847e-05
464.5	-1.40732e-05
465	-1.11792e-05
465.5	-6.36582e-06
466	-5.34325e-06
466.5	-9.19679e-06
467	-6.95675e-06
467.5	-6.70387e-06
468	-7.18268e-06
468.5	-9.57597e-06
469	-9.18334e-06
469.5	-1.18059e-05
470	-1.30883e-05
470.5	-1.06731e-05
471	-1.11356e-05
471.5	-1.22883e-05
472	-1.71806e-05
472.5	-1.44963e-05
473	-1.47082e-05
473.5	-1.5682e-05
474	-1.35006e-05
474.5	-2.0052e-05
475	-1.43795e-05
475.5	-1.27052e-05
476	-9.76524e-06
476.5	-5.50132e-06
477	-3.0694e-06
477.5	-9.96528e-07
478	-5.07999e-06
478.5	-5.08163e-06
479	-6.26739e-06
479.5	-1.52965e-05
480	-1.95225e-05
480.5	-2.5151e-05
481	-2.54103e-05
481.5	-2.93316e-05
482	-3.96285e-05
482.5	-0.000114127
483	-1.24321e-05
483.5	0.000449909
484	0.000463625
484.5	0.000288975
485	-0.000207082
485.5	-0.000133967
486	-4.598e-05
486.5	-2.31967e-05
487	-1.36809e-05
487.5	-1.30555e-05
488	-1.14695e-05
488.5	-1.01699e-05
489	-5.86816e-06
489.5	-5.51336e-06
490	-5.48384e-06
490.5	-3.40415e-06
491	-3.91439e-06
491.5	-4.25497e-06
492	-3.13537e-06
492.5	-5.36072e-06
493	-3.41736e-06
493.5	-3.50749e-06
494	-3.97063e-06
494.5	-4.27225e-06
495	-4.52168e-06
495.5	-4.66448e-06
496	-4.29563e-06
496.5	-1.90391e-06
497	-3.46158e-06
497.5	-4.95255e-06
498	-5.87459e-06
498.5	-5.00137e-06
499	-6.85507e-06
499.5	-6.198e-06
500	-4.35468e-06
500.5	-5.17653e-06
501	-7.4798e-06
501.5	-7.68491e-06
502	-7.69843e-06
502.5	-8.3565e-06
503	-9.17223e-06
503.5	-9.60295e-06
504	-9.67258e-06
504.5	-9.59442e-06
505	-9.49055e-06
505.5	-9.32201e-06
506	-9.17143e-06
506.5	-8.99349e-06
507	-8.8499e-06
507.5	-8.91732e-06
508	-9.22278e-06
508.5	-9.35537e-06
509	-9.33931e-06
509.5	-9.19543e-06
510	-8.97647e-06
510.5	-7.62207e-06
511	-8.66593e-06
511.5	-9.64141e-06
512	-1.04393e-05
512.5	-1.08979e-05
513	-1.00021e-05
513.5	-1.13668e-05
514	-1.34448e-05
514.5	-1.44574e-05
515	-1.42832e-05
515.5	-1.4392e-05
516	-1.31209e-05
516.5	-1.18341e-05
517	-1.09914e-05
517.5	-1.06762e-05
518	-1.00254e-05
518.5	-1.06835e-05
519	-1.1107e-05
519.5	-1.13628e-05
520	-1.13998e-05
520.5	-1.14886e-05
521	-1.13608e-05
521.5	-1.12934e-05
522	-1.11644e-05
522.5	-1.11009e-05
523	-1.09973e-05
523.5	-1.08251e-05
524	-1.06338e-05
524.5	-1.04158e-05
525	-1.06021e-05
525.5	-1.11869e-05
526	-1.17981e-05
526.5	-8.61526e-06
527	-3.06093e-06
527.5	-5.50164e-06
528	-7.85668e-06
528.5	-9.76372e-06
529	-9.51379e-06
529.5	-9.01646e-06
530	-9.28916e-06
530.5	-7.44656e-06
531	-7.71849e-06
531.5	-6.33175e-06
532	-6.59223e-06
532.5	-6.6988e-06
533	-6.70343e-06
533.5	-6.67065e-06
534	-7.62454e-06
534.5	-8.17191e-06
535	-8.85741e-06
535.5	-9.10149e-06
536	-9.41794e-06
536.5	-9.70879e-06
537	-1.01231e-05
537.5	-1.10577e-05
538	-1.26663e-05
538.5	-2.47723e-05
539	-0.000179158
539.5	4.09312e-05
540	0.000512357
540.5	0.000123555
541	-8.20578e-05
541.5	-0.000175891
542	-3.82496e-05
542.5	-1.41142e-05
543	-3.18191e-06
543.5	-2.53358e-07
544	-1.91234e-06
544.5	-1.60266e-06
545	-2.32154e-06
545.5	-3.2664e-06
546	-4.03347e-06
546.5	-4.71535e-06
547	-5.25324e-06
547.5	-5.71864e-06
548	-6.15826e-06
548.5	-6.32624e-06
549	-6.22488e-06
549.5	-6.00268e-06
550	-5.82128e-06
550.5	-5.83663e-06
551	-5.96077e-06
551.5	-6.10314e-06
552	-6.13653e-06
552.5	-6.24906e-06
553	-1.80865e-06
553.5	-2.02612e-07
554	-2.04712e-06
554.5	-2.51873e-06
555	-8.62231e-07
555.5	-7.47384e-06
556	-4.95031e-06
556.5	-5.39192e-06
557	-4.39537e-06
557.5	-3.97355e-06
558	-3.28241e-06
558.5	-2.4878e-06
559	-2.30677e-06
559.5	-2.18656e-06
560	-1.97113e-06
560.5	-3.61571e-06
561	-2.29663e-06
561.5	-2.2916e-06
562	-2.70807e-06
562.5	-3.08361e-06
563	-3.28931e-06
563.5	-3.22034e-06
564	-3.3109e-06
564.5	-3.3546e-06
565	-3.4361e-06
565.5	-3.7528e-06
566	-4.31139e-06
566.5	-4.57594e-06
567	-4.77965e-06
567.5	-4.96463e-06
568	-5.05591e-06
568.5	3.02056e-06
569	1.62954e-06
569.5	-3.18038e-06
570	-4.94138e-06
570.5	-6.08361e-06
571	-6.87486e-06
571.5	-6.49949e-06
572	-6.72438e-06
572.5	-7.87625e-06
573	-7.65783e-06
573.5	-7.45586e-06
574	-7.26676e-06
574.5	-6.93599e-06
575	-8.31078e-06
575.5	-6.93664e-06
576	-6.92713e-06
576.5	-6.98005e-06
577	-6.76891e-06
577.5	-6.42022e-06
578	-5.96173e-06
578.5	-5.53134e-06
579	-5.29938e-06
579.5	-5.33882e-06
580	-5.61096e-06
580.5	-5.63171e-06
581	-5.54682e-06
581.5	-6.18793e-06
582	-7.24375e-06
582.5	-7.03756e-06
583	-1.30915e-06
583.5	-2.55742e-06
584	-5.73296e-06
584.5	-6.83238e-06
585	-7.04435e-06
585.5	-7.16176e-06
586	-6.41192e-06
586.5	-6.71188e-06
587	-8.33107e-06
587.5	-8.11167e-06
588	-5.41628e-06
588.5	-5.313e-06
589	-6.08974e-06
589.5	-7.58133e-06
590	-8.30032e-06
590.5	-9.04842e-06
591	-1.01913e-05
591.5	-8.65054e-06
592	-8.0182e-06
592.5	-7.54823e-06
593	-6.95139e-06
593.5	-6.96629e-06
594	-1.00137e-05
594.5	-1.13163e-05
595	-1.1725e-05
595.5	-8.11266e-06
596	-7.57907e-06
596.5	-8.08299e-06
597	-3.71431e-06
597.5	-4.31391e-06
598	-6.47417e-06
598.5	-1.0732e-05
599	-1.16756e-05
599.5	-1.65547e-05
600	-2.03052e-05
600.5	-1.92909e-05
601	-1.51129e-05
601.5	-1.5994e-05
602	-7.45434e-06
602.5	3.22862e-06
603	-6.86172e-06
603.5	-7.12735e-06
604	-2.51669e-05
604.5	-3.25439e-05
605	-8.04771e-05
605.5	-0.000200703
606	0.000537882
606.5	0.000573535
607	0.00025675
607.5	-0.000217731
608	-0.000295535
608.5	-0.000149275
609	-6.77879e-05
609.5	-2.78529e-05
610	5.44805e-05
610.5	-2.37454e-05
611	-5.85015e-05
611.5	1.74745e-05
612	-7.40687e-06
612.5	-2.80101e-06
613	-2.67348e-06
613.5	-5.30982e-07
614	-7.65566e-07
614.5	-1.00961e-06
615	-1.54304e-06
615.5	-2.2185e-06
616	-3.03549e-06
616.5	-4.00134e-06
617	-5.11584e-06
617.5	-5.9291e-06
618	-6.61791e-06
618.5	-7.36904e-06
619	-6.20259e-06
619.5	-2.29693e-06
620	-3.45024e-06
620.5	-4.07553e-06
621	-2.63964e-06
621.5	1.24431e-06
622	-7.44167e-07
622.5	-1.16088e-07
623	-1.29369e-06
623.5	-2.46331e-06
624	-2.95139e-06
624.5	-3.74992e-06
625	-4.3518e-06
625.5	-5.31365e-06
626	-5.97804e-06
626.5	-6.42364e-06
627	-6.9698e-06
627.5	-7.24787e-06
628	-7.38344e-06
628.5	-7.44461e-06
629	-7.52092e-06
629.5	-7.54738e-06
630	-7.87808e-06
630.5	-8.04099e-06
631	-8.48165e-06
631.5	-8.99993e-06
632	-9.57678e-06
632.5	-1.03507e-05
633	-1.11541e-05
633.5	-1.18168e-05
634	-1.26055e-05
634.5	-1.36051e-05
635	-1.53279e-05
635.5	-1.65316e-05
636	-0.000106365
636.5	-7.64244e-05
637	-2.36534e-05
637.5	3.03654e-05
638	1.54168e-05
638.5	5.00454e-06
639	-1.33284e-06
639.5	-5.68861e-06
640	-8.43561e-06
640.5	-1.00927e-05
641	-1.145e-05
641.5	-1.24851e-05
642	-1.28112e-05
642.5	-1.31337e-05
643	-1.34364e-05
643.5	-1.33661e-05
644	-1.32711e-05
644.5	-1.30487e-05
645	-1.31564e-05
645.5	-1.35169e-05
646	-1.38164e-05
646.5	-1.40696e-05
647	-1.43276e-05
647.5	-1.43105e-05
648	-1.40604e-05
648.5	-1.386e-05
649	-1.34888e-05
649.5	-1.31762e-05
650	-1.29519e-05
650.5	-1.11809e-05
651	-1.0197e-05
651.5	-1.23255e-05
652	-7.93563e-06
652.5	-1.08026e-05
653	-1.06218e-05
653.5	-1.30099e-05
654	-1.35509e-05
654.5	-1.3304e-05
655	-1.19597e-05
655.5	-1.13009e-05
656	-1.11187e-05
656.5	-1.10053e-05
657	-1.1e-05
657.5	-1.14084e-05
658	-1.16917e-05
658.5	-1.18213e-05
659	-1.19821e-05
659.5	-1.19774e-05
660	-1.14395e-05
660.5	-1.03881e-05
661	-9.65744e-06
661.5	-9.16624e-06
662	-8.83715e-06
662.5	-8.70497e-06
663	-8.76945e-06
663.5	-8.93902e-06
664	-9.04912e-06
664.5	-5.30954e-06
665	-5.94281e-06
665.5	-7.49082e-06
666	-6.00231e-06
666.5	-4.16469e-06
667	-1.96904e-06
667.5	-3.88289e-06
668	-6.15299e-06
668.5	-7.08885e-06
669	-6.94847e-06
669.5	-6.5613e-06
670	-1.15724e-05
670.5	-9.97893e-06
671	-8.13751e-06
671.5	-7.39059e-06
672	-7.23621e-06
672.5	-7.42077e-06
673	-7.52814e-06
673.5	-7.50233e-06
674	-7.52742e-06
674.5	-7.73254e-06
675	-8.00638e-06
675.5	-8.22338e-06
676	-8.19012e-06
676.5	-8.0666e-06
677	-8.15997e-06
677.5	-8.21884e-06
678	-8.32135e-06
678.5	-8.6846e-06
679	-5.12805e-06
679.5	-4.73536e-06
680	-5.05047e-06
680.5	-3.04051e-06
681	-9.14584e-06
681.5	-9.38183e-06
682	-1.13365e-05
682.5	-1.13394e-05
683	-1.36101e-05
683.5	-1.10636e-05
684	-9.96926e-06
684.5	-8.96687e-06
685	-8.87428e-06
685.5	-8.64824e-06
686	-8.26645e-06
686.5	-8.55877e-06
687	-8.78653e-06
687.5	-8.70233e-06
688	-8.79223e-06
688.5	-8.93221e-06
689	-9.36661e-06
689.5	-9.78478e-06
690	-9.83517e-06
690.5	-9.90979e-06
691	-1.00066e-05
691.5	-1.27204e-05
692	-9.98912e-06
692.5	-9.97349e-06
693	-9.75927e-06
693.5	-9.32066e-06
694	-8.83245e-06
694.5	1.14242e-06
695	3.23412e-06
695.5	-2.19404e-06
696	-5.79624e-06
696.5	-6.42637e-06
697	-8.23149e-06
697.5	-1.02236e-05
698	-1.00858e-05
698.5	-9.71176e-06
699	-1.4602e-05
699.5	-1.43608e-05
700	-1.15607e-05
700.5	-1.14401e-05
701	-1.31157e-05
701.5	-1.26324e-05
702	-1.05977e-05
702.5	-1.28935e-05
703	-1.38768e-05
703.5	-1.23927e-05
704	-1.34121e-05
704.5	-1.60055e-05
705	-1.252e-05
705.5	-1.38188e-05
706	-1.29527e-05
706.5	-1.3243e-05
707	-1.29649e-05
707.5	-1.64531e-05
708	-1.58985e-05
708.5	-1.28443e-05
709	-1.7157e-05
709.5	-2.12171e-05
710	-2.48897e-05
710.5	-3.95508e-05
711	-3.26354e-05
711.5	-0.000175463
712	0.00132578
712.5	0.000853753
713	0.000181753
713.5	-0.000142386
714	-7.33432e-05
714.5	-4.66848e-05
715	-2.50972e-05
715.5	-8.59438e-06
716	-2.15617e-05
716.5	-1.31695e-05
717	-1.74993e-05
717.5	-1.59178e-05
718	-3.11172e-06
718.5	-8.18031e-06
719	-2.00869e-06
719.5	-6.55248e-06
720	-4.74385e-07
720.5	1.64413e-06
721	2.01526e-06
721.5	2.10531e-06
722	2.01721e-06
722.5	1.87949e-06
723	1.62219e-06
723.5	1.07008e-06
724	2.28678e-07
724.5	-5.11114e-07
725	-1.02294e-06
725.5	-1.03759e-06
726	-1.04683e-06
726.5	-1.20014e-06
727	-1.34332e-06
727.5	-1.91931e-06
728	-3.07623e-06
728.5	-4.36089e-06
729	-5.4385e-06
729.5	-6.3351e-06
730	-6.9101e-06
730.5	3.3864e-06
731	6.3589e-06
731.5	2.89159e-06
732	1.7663e-06
732.5	1.33979e-06
733	9.91494e-08
733.5	-5.86695e-07
734	-5.4674e-07
734.5	-6.67372e-07
735	-7.18057e-07
735.5	-9.75305e-07
736	-1.38891e-06
736.5	-1.68922e-06
737	-1.92777e-06
737.5	-2.21572e-06
738	-2.37268e-06
738.5	-2.55667e-06
739	-2.8235e-06
739.5	-3.23321e-06
740	-3.78291e-06
740.5	-4.39605e-06
741	-5.02426e-06
741.5	-5.51165e-06
742	-5.68559e-06
742.5	-5.87501e-06
743	-6.12074e-06
743.5	-6.25259e-06
744	-6.7119e-06
744.5	-7.2828e-06
745	-7.52923e-06
745.5	-7.67329e-06
746	-4.92216e-06
746.5	-1.36907e-06
747	-5.73911e-06
747.5	-9.57292e-06
748	-5.72966e-06
748.5	-8.67936e-06
749	-1.1308e-05
749.5	-1.19247e-05
750	-1.15348e-05
750.5	-1.11991e-05
751	-1.07701e-05
751.5	-1.00788e-05
752	-9.56375e-06
752.5	-9.28361e-06
753	-9.29441e-06
753.5	-9.33101e-06
754	-9.4258e-06
754.5	-9.28728e-06
755	-9.00813e-06
755.5	-8.74334e-06
756	-8.51313e-06
756.5	-8.33935e-06
757	-8.34554e-06
757.5	-8.42409e-06
758	-8.80491e-06
758.5	-9.26372e-06
759	-9.32352e-06
759.5	-9.58494e-06
760	-1.01903e-05
760.5	-1.08712e-05
761	-8.57712e-06
761.5	-1.27028e-05
762	-2.03023e-05
762.5	-0.00011189
763	-9.36744e-05
763.5	-1.43221e-06
764	4.92532e-05
764.5	1.82005e-05
765	4.4584e-06
765.5	-2.49562e-06
766	-4.139e-06
766.5	-6.55681e-06
767	-7.93077e-06
767.5	-8.56049e-06
768	-8.90773e-06
768.5	-9.09352e-06
769	-9.23996e-06
769.5	-9.4613e-06
770	-9.43069e-06
770.5	-9.38128e-06
771	-9.40096e-06
771.5	-9.50762e-06
772	-9.2916e-06
772.5	-9.08145e-06
773	-9.13625e-06
773.5	-9.23003e-06
774	-9.02898e-06
774.5	-9.31519e-06
775	-1.05808e-05
775.5	-1.5465e-05
776	-0.000134458
776.5	-0.000215586
777	0.00049744
777.5	0.000158359
778	8.27355e-06
778.5	-0.000193481
779	-4.38837e-05
779.5	-1.06156e-05
780	-5.15305e-07
780.5	3.20313e-06
781	2.86804e-06
781.5	1.23784e-06
782	-3.57917e-07
782.5	-1.80881e-06
783	-3.1079e-06
783.5	-4.28654e-06
784	-5.18694e-06
784.5	-5.95096e-06
785	-5.9935e-06
785.5	-5.6619e-06
786	-5.46327e-06
786.5	-5.37623e-06
787	-5.34606e-06
787.5	-5.35182e-06
788	-5.43355e-06
788.5	-5.53216e-06
789	-4.61224e-06
789.5	-6.92593e-06
790	-6.88511e-06
790.5	-7.29803e-06
791	-9.47998e-06
791.5	-8.61628e-06
792	-7.94904e-06
792.5	-5.93903e-06
793	-5.24089e-06
793.5	-6.17936e-06
794	-7.01902e-06
794.5	-1.00408e-05
795	-9.60204e-06
795.5	-9.24668e-06
796	-9.25681e-06
796.5	-9.42202e-06
797	-9.53446e-06
797.5	-9.57268e-06
798	-9.51448e-06
798.5	-9.46305e-06
799	-9.22708e-06
799.5	-9.05133e-06
800	-8.95316e-06
800.5	-8.95079e-06
801	-8.89637e-06
801.5	-8.73856e-06
802	-8.57077e-06
802.5	-8.36683e-06
803	-7.94276e-06
803.5	-7.51526e-06
804	-7.38911e-06
804.5	-3.56274e-06
805	-2.69161e-06
805.5	-7.11084e-06
806	-5.66407e-06
806.5	-3.23401e-06
807	-4.43934e-06
807.5	-8.44213e-06
808	-9.39793e-06
808.5	-8.77789e-06
809	-8.09048e-06
809.5	-7.79606e-06
810	-7.76809e-06
810.5	-7.88016e-06
811	-8.24396e-06
811.5	-8.64513e-06
812	-9.03372e-06
812.5	-9.49813e-06
813	-9.86467e-06
813.5	-1.01011e-05
814	-9.78667e-06
814.5	-9.42012e-06
815	-1.12259e-05
815.5	-1.08612e-05
816	-1.05349e-05
816.5	-1.41213e-05
817	-1.29734e-05
817.5	-1.24331e-05
818	-1.21087e-05
818.5	-1.20788e-05
819	-1.20298e-05
819.5	-1.01104e-05
820	-1.27789e-05
820.5	-1.45767e-05
821	-1.17907e-05
821.5	-9.12212e-06
822	-1.10433e-05
822.5	-1.34431e-05
823	-1.37461e-05
823.5	-1.48261e-05
824	-1.5091e-05
824.5	-1.48272e-05
825	-1.44889e-05
825.5	-1.39595e-05
826	-1.30791e-05
826.5	-1.25171e-05
827	-1.06168e-05
827.5	-7.01052e-06
828	-1.06515e-05
828.5	-6.94509e-06
829	-4.71558e-06
829.5	-2.93876e-06
830	-7.80124e-07
830.5	-9.50609e-06
831	-9.19513e-06
831.5	-1.03441e-05
832	-8.34535e-06
832.5	-1.18013e-05
833	-1.43881e-05
833.5	-1.77834e-05
834	-1.10563e-05
834.5	-4.43453e-06
835	-1.1243e-06
835.5	8.70775e-07
836	-2.12684e-07
836.5	-1.45439e-05
837	-3.58434e-06
837.5	-5.90317e-06
838	-1.5289e-05
838.5	-6.85824e-05
839	4.18144e-05
839.5	-0.000245656
840	0.000929763
840.5	0.00074706
841	0.000445661
841.5	-0.000200463
842	-0.000189931
842.5	-0.000127296
843	-4.18546e-05
843.5	5.88852e-06
844	6.8742e-06
844.5	5.05881e-06
845	3.6168e-06
845.5	2.29225e-06
846	1.2069e-06
846.5	2.83289e-07
847	-5.76682e-07
847.5	-1.65051e-06
848	-2.73807e-06
848.5	-3.98081e-06
849	-5.32114e-06
849.5	-6.43597e-06
850	-7.16267e-06
850.5	-7.67657e-06
851	-8.05253e-06
851.5	-4.30794e-06
852	-5.47098e-06
852.5	-6.67626e-06
853	-7.35653e-06
853.5	-2.98729e-06
854	-3.20608e-06
854.5	-4.48663e-06
855	-1.69553e-06
855.5	-3.08196e-06
856	-4.86712e-06
856.5	-4.26015e-06
857	-4.76908e-06
857.5	-5.82365e-06
858	-6.08111e-06
858.5	-5.86261e-06
859	-5.51126e-06
859.5	-5.17731e-06
860	-5.2096e-06
860.5	-5.41248e-06
861	-5.73303e-06
861.5	-4.20795e-06
862	-4.90822e-06
862.5	-5.14528e-06
863	-4.80163e-06
863.5	-4.46059e-06
864	-4.32538e-06
864.5	-4.66214e-06
865	-5.17872e-06
865.5	-5.27868e-06
866	-3.04634e-06
866.5	-2.98352e-06
867	-6.66078e-06
867.5	-8.50538e-06
868	-9.27355e-06
868.5	-8.65177e-06
869	-7.17271e-06
869.5	-8.54188e-06
870	-7.41492e-06
870.5	-6.89055e-06
871	-6.70247e-06
871.5	-7.48277e-06
872	-7.49061e-06
872.5	-5.39733e-06
873	-4.49046e-06
873.5	-5.02664e-06
874	-5.66466e-06
874.5	-6.05686e-06
875	-6.71914e-06
875.5	-7.31718e-06
876	-8.04837e-06
876.5	-8.7611e-06
877	-9.36667e-06
877.5	-9.93355e-06
878	-1.02823e-05
878.5	-1.047e-05
879	-8.48909e-06
879.5	-1.05136e-05
880	-1.24794e-05
880.5	-1.41704e-05
881	-1.56621e-05
881.5	-1.67437e-05
882	-1.77192e-05
882.5	-1.99244e-05
883	-2.06959e-05
883.5	-2.06773e-05
884	-2.02851e-05
884.5	-1.98094e-05
885	-1.68502e-05
885.5	-1.54528e-05
886	-1.40512e-05
886.5	-1.59273e-05
887	-1.69874e-05
887.5	-1.69867e-05
888	-1.77576e-05
888.5	-1.82086e-05
889	-1.84718e-05
889.5	-1.87888e-05
890	-1.91535e-05
890.5	-1.95223e-05
891	-1.95263e-05
891.5	-1.95275e-05
892	-1.94667e-05
892.5	-1.66164e-05
893	-1.69901e-05
893.5	-1.78979e-05
894	-1.82211e-05
894.5	-1.54789e-05
895	-1.7228e-05
895.5	-1.73416e-05
896	-1.53751e-05
896.5	-1.49196e-05
897	-1.37615e-05
897.5	-8.31173e-06
898	-7.44133e-06
898.5	-6.96777e-06
899	-6.12203e-06
899.5	-6.60038e-06
900	-6.50861e-06
900.5	-6.18004e-06
901	-5.71943e-06
901.5	-5.08995e-06
902	-4.52864e-06
902.5	-3.73937e-06
903	-2.85782e-06
903.5	-2.29913e-06
904	-1.88113e-06
904.5	-1.74975e-06
905	-2.0044e-06
905.5	-2.64235e-06
906	-3.50659e-06
906.5	-4.40674e-06
907	-5.05624e-06
907.5	-2.5592e-06
908	-4.40552e-06
908.5	-6.10466e-06
909	-7.24962e-06
909.5	-6.20333e-06
910	-1.01109e-05
910.5	-1.21083e-05
911	-1.29536e-05
911.5	-1.32122e-05
912	-1.23475e-05
912.5	-1.32043e-05
913	-1.38306e-05
913.5	-1.40819e-05
914	-1.04973e-05
914.5	-1.05036e-05
915	-1.05653e-05
915.5	-8.48469e-06
916	-7.47085e-06
916.5	-8.8119e-06
917	-8.44359e-06
917.5	-8.49525e-06
918	-8.67432e-06
918.5	-9.30788e-06
919	-7.94721e-06
919.5	-8.97309e-06
920	-9.66161e-06
920.5	-9.44556e-06
921	-6.31574e-06
921.5	-7.42895e-06
922	-9.18044e-06
922.5	-1.25407e-05
923	-1.36813e-05
923.5	-1.34497e-05
924	-1.13672e-05
924.5	-1.18773e-05
925	-1.20851e-05
925.5	-1.25834e-05
926	-1.28752e-05
926.5	-1.2053e-05
927	-1.0028e-05
927.5	-9.54891e-06
928	-9.90333e-06
928.5	-1.07584e-05
929	-1.12059e-05
929.5	-1.1161e-05
930	-1.04961e-05
930.5	-9.62204e-06
931	-8.86222e-06
931.5	-8.27681e-06
932	-7.70958e-06
932.5	-7.39103e-06
933	-9.64903e-06
933.5	-9.71036e-06
934	-8.96029e-06
934.5	-9.06559e-06
935	-9.54394e-06
935.5	-1.04314e-05
936	-3.84653e-06
936.5	-6.13762e-06
937	-1.04371e-05
937.5	-7.08837e-05
938	-9.84151e-05
938.5	-3.99851e-05
939	2.39429e-05
939.5	1.88609e-05
940	8.18098e-06
940.5	5.2249e-07
941	-3.41572e-06
941.5	-5.82088e-06
942	-8.21542e-06
942.5	-9.64372e-06
943	-1.01976e-05
943.5	-1.02178e-05
944	-1.0176e-05
944.5	-1.01427e-05
945	-1.00493e-05
945.5	-9.95805e-06
946	-9.58649e-06
946.5	-9.32147e-06
947	-9.14469e-06
947.5	-8.90993e-06
948	-1.13844e-05
948.5	-1.07613e-05
949	-1.0315e-05
949.5	-1.01117e-05
950	8.90208e-08
950.5	-2.29521e-06
951	-6.96354e-06
951.5	-8.15927e-06
952	-8.49637e-06
952.5	-1.13614e-05
953	-1.1988e-05
953.5	-1.26223e-05
954	-1.31489e-05
954.5	-1.30512e-05
955	-1.25696e-05
955.5	-1.36481e-05
956	-1.32071e-05
956.5	-1.37856e-05
957	-1.24799e-05
957.5	-1.17684e-05
958	-1.37938e-05
958.5	-1.40091e-05
959	-1.27241e-05
959.5	-1.23984e-05
960	-1.22821e-05
960.5	-1.56613e-05
961	-1.47657e-05
961.5	-1.36991e-05
962	-1.35185e-05
962.5	-1.40113e-05
963	-1.1952e-05
963.5	-1.20989e-05
964	-1.36935e-05
964.5	-1.903e-05
965	-2.00716e-05
965.5	-2.15074e-05
966	-1.99016e-05
966.5	-2.30423e-05
967	-2.31296e-05
967.5	-2.73115e-05
968	-2.27063e-05
968.5	-1.28529e-05
969	-5.3278e-06
969.5	-3.58698e-06
970	-1.24469e-05
970.5	-2.4816e-05
971	-2.38173e-05
971.5	-2.61793e-05
972	-0.000126794
972.5	-2.04292e-05
973	7.28824e-05
973.5	0.00110572
974	0.000365638
974.5	2.27156e-05
975	-9.41719e-05
975.5	-7.88697e-05
976	-4.52703e-05
976.5	-2.77321e-05
977	-1.83462e-05
977.5	-1.23674e-05
978	-1.02905e-05
978.5	-3.56954e-06
979	-2.39674e-06
979.5	-1.74512e-06
980	-7.15472e-07
980.5	-2.90979e-06
981	-1.57942e-06
981.5	-8.83068e-07
982	-8.38729e-07
982.5	-1.59275e-06
983	-2.17302e-06
983.5	-2.95128e-06
984	-3.72615e-06
984.5	-4.30288e-06
985	-4.8551e-06
985.5	-5.51279e-06
986	-6.4331e-06
986.5	-7.33834e-06
987	-8.17867e-06
987.5	1.98307e-07
988	6.19277e-06
988.5	2.56904e-06
989	9.53104e-07
989.5	-2.03191e-06
990	-4.86007e-06
990.5	-6.12039e-06
991	-6.66097e-06
991.5	-6.95434e-06
992	-7.27741e-06
992.5	-7.7689e-06
993	-8.68366e-06
993.5	-9.38235e-06
994	-9.87152e-06
994.5	-1.04334e-05
995	-1.08267e-05
995.5	-1.1293e-05
996	-1.1779e-05
996.5	-1.19901e-05
997	-1.22544e-05
997.5	-1.24821e-05
998	-1.31446e-05
998.5	-1.38366e-05
999	-1.39953e-05
999.5	-1.41427e-05
1000	-1.45451e-05
