0	0
0.5	-1.60473e-24
1	-1.49425e-24
1.5	-1.8596e-24
2	9.92858e-25
2.5	5.77422e-24
3	2.42613e-24
3.5	-1.07401e-09
4	-1.30709e-07
4.5	-3.25479e-07
5	-6.18701e-07
5.5	-1.12682e-06
6	-1.8999e-06
6.5	-2.7695e-06
7	-3.94882e-06
7.5	-5.07597e-06
8	-6.12315e-06
8.5	-7.06841e-06
9	-7.72392e-06
9.5	-8.21493e-06
10	-8.70387e-06
10.5	-9.2056e-06
11	-9.43789e-06
11.5	-9.4592e-06
12	-9.31512e-06
12.5	-9.11428e-06
13	-8.62985e-06
13.5	-8.01743e-06
14	-7.20232e-06
14.5	-6.03094e-06
15	-5.32499e-06
15.5	-3.49571e-06
16	-3.42286e-06
16.5	-4.65471e-06
17	-5.65067e-06
17.5	-7.27058e-06
18	-1.02119e-05
18.5	-7.61422e-06
19	-1.38384e-05
19.5	-1.15502e-05
20	-1.14576e-05
20.5	-1.3521e-05
21	-1.07928e-05
21.5	-9.15361e-06
22	-8.37975e-06
22.5	-7.99617e-06
23	-9.88828e-06
23.5	-1.03428e-05
24	-1.74924e-05
24.5	-1.63299e-05
25	-1.38695e-05
25.5	-1.51846e-05
26	-1.44883e-05
26.5	-4.34597e-05
27	-1.1499e-05
27.5	3.11101e-05
28	4.21313e-05
28.5	-0.000106129
29	-6.81697e-05
29.5	-5.38309e-05
30	-5.26677e-05
30.5	-6.31918e-05
31	-2.26026e-05
31.5	8.3043e-05
32	1.08925e-05
32.5	0.000283371
33	-4.6254e-06
33.5	-0.000239569
34	-8.0191e-05
34.5	-2.20068e-05
35	-1.11268e-05
35.5	-1.1842e-06
36	-1.73069e-06
36.5	-1.7423e-06
37	-2.67619e-06
37.5	-3.57544e-06
38	-4.30583e-06
38.5	-5.16374e-06
39	-6.2678e-06
39.5	-7.549e-06
40	-8.06036e-06
40.5	-7.93693e-06
41	-7.36323e-06
41.5	-6.87381e-06
42	-6.62856e-06
42.5	-6.52818e-06
43	-6.42756e-06
43.5	-6.29417e-06
44	-6.25036e-06
44.5	-6.40194e-06
45	-6.54507e-06
45.5	-6.64465e-06
46	-6.70703e-06
46.5	-6.79428e-06
47	-6.86357e-06
47.5	-6.86748e-06
48	-5.79433e-06
48.5	-4.67258e-06
49	-3.28121e-06
49.5	-3.72235e-06
50	-2.66939e-06
50.5	-2.53563e-06
51	-3.61995e-06
51.5	-4.04366e-06
52	-4.26272e-06
52.5	-5.06143e-06
53	-5.47976e-06
53.5	-5.7092e-06
54	-6.0385e-06
54.5	-6.24144e-06
55	-6.28892e-06
55.5	-6.33266e-06
56	-6.27176e-06
56.5	-6.14202e-06
57	-6.07143e-06
57.5	-5.98126e-06
58	-6.0808e-06
58.5	-6.32671e-06
59	-6.66553e-06
59.5	-6.90173e-06
60	-7.00668e-06
60.5	-7.01628e-06
61	-6.83199e-06
61.5	-6.66987e-06
62	-6.48035e-06
62.5	-6.15669e-06
63	-5.84036e-06
63.5	-5.52493e-06
64	-5.28952e-06
64.5	-3.06044e-06
65	-5.44207e-08
65.5	2.41953e-07
66	6.05203e-08
66.5	-1.63463e-06
67	-2.70922e-06
67.5	-4.64796e-06
68	-5.56107e-06
68.5	-6.14846e-06
69	-5.75652e-06
69.5	-5.33194e-06
70	-4.63129e-06
70.5	-3.95051e-06
71	-3.45567e-06
71.5	-3.05866e-06
72	-2.79487e-06
72.5	-2.57159e-06
73	-2.39412e-06
73.5	-2.31989e-06
74	-2.33335e-06
74.5	-2.47796e-06
75	-2.55542e-06
75.5	-2.6922e-06
76	-2.90644e-06
76.5	-3.20301e-06
77	-3.37246e-06
77.5	-3.44524e-06
78	-3.49996e-06
78.5	-3.60367e-06
79	-3.76262e-06
79.5	-3.98461e-06
80	-4.24818e-06
80.5	-4.45025e-06
81	-2.15647e-06
81.5	-1.98507e-07
82	-8.01202e-07
82.5	-3.42178e-06
83	-5.19799e-06
83.5	-5.76702e-06
84	-5.78503e-06
84.5	-6.20924e-06
85	-7.80218e-06
85.5	-9.64901e-06
86	-9.06999e-06
86.5	-8.43033e-06
87	-7.92994e-06
87.5	-7.69908e-06
88	-7.72794e-06
88.5	-7.78076e-06
89	-7.82309e-06
89.5	-7.89021e-06
90	-8.063e-06
90.5	-8.17169e-06
91	-8.17657e-06
91.5	-8.17606e-06
92	-8.17909e-06
92.5	-8.12568e-06
93	-8.00833e-06
93.5	-8.25837e-06
94	-8.56191e-06
94.5	-7.98697e-06
95	-7.52855e-06
95.5	-5.98218e-06
96	-4.61382e-06
96.5	-3.63189e-06
97	-2.53824e-06
97.5	-3.35445e-06
98	-3.7007e-06
98.5	-4.09668e-06
99	-3.88844e-06
99.5	-3.83174e-06
100	-5.14891e-06
100.5	-5.5452e-06
101	-5.68692e-06
101.5	-5.96251e-06
102	-6.13845e-06
102.5	-6.20391e-06
103	-6.29237e-06
103.5	-6.40398e-06
104	-6.45104e-06
104.5	-6.44935e-06
105	-1.18263e-05
105.5	-8.6584e-06
106	-7.18295e-06
106.5	-6.36273e-06
107	-5.75977e-06
107.5	-4.17183e-06
108	-3.89826e-06
108.5	-3.76863e-06
109	-3.42465e-06
109.5	-2.18015e-06
110	-1.87085e-06
110.5	5.99622e-08
111	3.20594e-06
111.5	2.26074e-06
112	2.32201e-06
112.5	-2.31014e-07
113	-5.1917e-06
113.5	-6.0013e-06
114	-4.81353e-06
114.5	-3.90307e-06
115	-4.25882e-06
115.5	-3.60198e-06
116	-7.99861e-06
116.5	-5.84944e-06
117	-7.74328e-06
117.5	-1.05133e-05
118	-1.05175e-05
118.5	-9.72682e-06
119	-7.60893e-06
119.5	-6.4646e-06
120	-3.88865e-06
120.5	-6.22359e-06
121	-1.22168e-05
121.5	-9.73901e-06
122	-1.6625e-05
122.5	-4.89262e-05
123	2.82794e-05
123.5	0.000157578
124	-3.32569e-05
124.5	-3.81426e-05
125	-2.99596e-05
125.5	-2.19825e-05
126	-3.47905e-05
126.5	-4.70601e-05
127	-6.73237e-05
127.5	-3.27475e-05
128	9.72056e-05
128.5	0.000326421
129	2.57111e-05
129.5	-0.000211292
130	-8.62953e-05
130.5	-3.89875e-05
131	-1.41329e-05
131.5	-9.42898e-06
132	-1.34244e-05
132.5	-6.11104e-06
133	1.08521e-05
133.5	7.29583e-06
134	-2.09434e-06
134.5	-8.66757e-07
135	-2.69898e-06
135.5	-1.23658e-06
136	-3.40823e-06
136.5	-5.86144e-06
137	-8.96565e-06
137.5	-9.80146e-06
138	-1.06741e-05
138.5	-9.50479e-06
139	-8.24362e-06
139.5	-7.02514e-06
140	-6.26613e-06
140.5	-5.78845e-06
141	-5.55541e-06
141.5	-5.44942e-06
142	-5.31401e-06
142.5	-5.13145e-06
143	-5.00923e-06
143.5	-5.09287e-06
144	-5.21904e-06
144.5	-5.31479e-06
145	-4.39292e-06
145.5	-3.29239e-06
146	-1.68662e-06
146.5	-7.37982e-07
147	1.10351e-06
147.5	3.16508e-07
148	-8.36648e-07
148.5	-1.35704e-06
149	-2.29449e-06
149.5	-2.8728e-06
150	-3.9343e-06
150.5	-4.59368e-06
151	-5.24925e-06
151.5	-5.73171e-06
152	-6.07456e-06
152.5	-6.25441e-06
153	-6.42052e-06
153.5	-6.6415e-06
154	-6.98744e-06
154.5	-7.24371e-06
155	-7.52267e-06
155.5	-7.73462e-06
156	-7.97057e-06
156.5	-8.07954e-06
157	-8.07848e-06
157.5	-8.10386e-06
158	-8.05352e-06
158.5	-8.13156e-06
159	-8.31854e-06
159.5	-8.56768e-06
160	-8.72195e-06
160.5	-8.79985e-06
161	-8.94573e-06
161.5	-8.00699e-06
162	-8.60308e-06
162.5	-2.47391e-05
163	-9.07382e-06
163.5	4.54968e-05
164	3.47793e-05
164.5	1.79543e-05
165	4.26154e-06
165.5	-1.61812e-06
166	-4.84381e-06
166.5	-6.57619e-06
167	-7.43165e-06
167.5	-7.90938e-06
168	-7.91299e-06
168.5	-7.89134e-06
169	-7.81995e-06
169.5	-7.87314e-06
170	-8.09214e-06
170.5	-8.64251e-06
171	-9.1309e-06
171.5	-9.49498e-06
172	-9.67566e-06
172.5	-9.78439e-06
173	-9.7332e-06
173.5	-9.59161e-06
174	-9.50216e-06
174.5	-9.35628e-06
175	-9.26756e-06
175.5	-9.10185e-06
176	-7.66406e-06
176.5	-4.86121e-06
177	-2.74356e-06
177.5	-2.73615e-06
178	-3.68765e-06
178.5	-5.45399e-06
179	-7.54045e-06
179.5	-8.12043e-06
180	-8.35561e-06
180.5	-8.93201e-06
181	-7.57322e-06
181.5	-7.72978e-06
182	-7.5787e-06
182.5	-6.90184e-06
183	-6.60249e-06
183.5	-6.56092e-06
184	-6.60695e-06
184.5	-6.52637e-06
185	-6.33994e-06
185.5	-6.06628e-06
186	-5.79251e-06
186.5	-5.57062e-06
187	-5.35147e-06
187.5	-5.14738e-06
188	-4.91448e-06
188.5	-4.6774e-06
189	-4.45163e-06
189.5	-1.97082e-06
190	-1.76966e-06
190.5	-2.27873e-06
191	-2.5008e-06
191.5	-4.06844e-07
192	-3.69713e-07
192.5	-1.99794e-06
193	-4.7348e-06
193.5	-1.21089e-05
194	-1.09751e-05
194.5	-8.26986e-06
195	-7.14665e-06
195.5	-6.80412e-06
196	-6.27935e-06
196.5	-5.81289e-06
197	-6.12334e-06
197.5	-5.82954e-06
198	-5.39289e-06
198.5	-5.15433e-06
199	-4.99024e-06
199.5	-4.78157e-06
200	-4.56311e-06
200.5	-4.3819e-06
201	-4.18072e-06
201.5	-4.06015e-06
202	-3.97419e-06
202.5	-4.05648e-06
203	-4.1256e-06
203.5	-4.07133e-06
204	-4.0185e-06
204.5	-3.9931e-06
205	-3.90565e-06
205.5	5.1661e-07
206	2.11e-06
206.5	1.55808e-06
207	-6.98799e-07
207.5	-1.65607e-06
208	-2.2549e-06
208.5	-3.79451e-06
209	-5.87561e-06
209.5	-6.1088e-06
210	-4.91454e-06
210.5	-4.3407e-06
211	-4.6354e-06
211.5	-4.99185e-06
212	-5.30352e-06
212.5	-5.51285e-06
213	-5.51469e-06
213.5	-5.42692e-06
214	-5.36352e-06
214.5	-5.32594e-06
215	-5.424e-06
215.5	-5.67571e-06
216	-5.87373e-06
216.5	-6.01145e-06
217	-6.11319e-06
217.5	-6.08701e-06
218	-6.20503e-06
218.5	-6.26418e-06
219	-5.32979e-06
219.5	-5.22551e-06
220	-5.53189e-06
220.5	-4.75419e-06
221	-3.60161e-06
221.5	-4.21919e-06
222	-1.99455e-06
222.5	-3.08573e-06
223	-4.43584e-06
223.5	-3.82902e-06
224	-4.17575e-06
224.5	-4.38061e-06
225	-4.37222e-06
225.5	-4.4087e-06
226	-4.44846e-06
226.5	-4.46661e-06
227	-5.84685e-06
227.5	-5.47625e-06
228	-5.20757e-06
228.5	-5.17098e-06
229	-5.16865e-06
229.5	-5.14533e-06
230	-5.11058e-06
230.5	-4.96309e-06
231	-4.77575e-06
231.5	-4.50827e-06
232	-3.69742e-06
232.5	-2.00798e-06
233	-5.59288e-06
233.5	-6.89646e-06
234	-3.94263e-06
234.5	-2.81661e-06
235	-9.78983e-07
235.5	-6.64049e-07
236	-1.50238e-06
236.5	-8.12466e-07
237	-1.83843e-06
237.5	-4.92444e-06
238	-6.73434e-06
238.5	-5.71495e-06
239	-1.10692e-05
239.5	-8.8813e-06
240	-9.62139e-06
240.5	-9.13291e-06
241	-8.9712e-06
241.5	-1.8684e-05
242	-1.75778e-05
242.5	-1.6373e-05
243	-1.52008e-05
243.5	-1.84795e-05
244	-1.90358e-05
244.5	-1.90761e-05
245	-5.04599e-05
245.5	3.57095e-05
246	1.41716e-05
246.5	9.16804e-05
247	-0.000122502
247.5	-9.62448e-05
248	-5.93203e-05
248.5	-3.41621e-05
249	-3.58188e-05
249.5	-4.52325e-05
250	-2.18195e-05
250.5	4.87945e-05
251	4.29002e-05
251.5	4.84979e-05
252	-0.000259797
252.5	-0.000121553
253	-2.35121e-05
253.5	-1.548e-05
254	-6.06768e-06
254.5	-6.5612e-07
255	-6.80697e-06
255.5	-3.94157e-06
256	-4.18104e-06
256.5	-4.72867e-06
257	-6.09849e-06
257.5	-6.42976e-06
258	-6.36303e-06
258.5	-6.0953e-06
259	-5.70579e-06
259.5	-5.5272e-06
260	-5.4906e-06
260.5	-5.49766e-06
261	-5.46241e-06
261.5	-5.42688e-06
262	-5.33404e-06
262.5	-5.25514e-06
263	-5.14393e-06
263.5	-4.99439e-06
264	-4.93485e-06
264.5	-4.8685e-06
265	-4.77612e-06
265.5	-3.65693e-06
266	-3.209e-06
266.5	-1.85205e-06
267	-2.47172e-06
267.5	-2.05149e-06
268	-1.85033e-06
268.5	-2.93276e-06
269	-3.0175e-06
269.5	-3.23415e-06
270	-3.73529e-06
270.5	-4.97016e-06
271	-6.30912e-06
271.5	-6.97121e-06
272	-7.03924e-06
272.5	-6.92703e-06
273	-6.64797e-06
273.5	-6.36495e-06
274	-6.07871e-06
274.5	-5.91353e-06
275	-5.74748e-06
275.5	-5.58479e-06
276	-5.40307e-06
276.5	-5.38342e-06
277	-5.30303e-06
277.5	-5.37611e-06
278	-5.5472e-06
278.5	-5.71489e-06
279	-5.81105e-06
279.5	-5.94508e-06
280	-5.99455e-06
280.5	-6.04279e-06
281	-4.99894e-06
281.5	-4.05247e-06
282	-4.90581e-06
282.5	-5.85808e-06
283	-5.71608e-06
283.5	-5.06916e-06
284	-4.38426e-06
284.5	-4.47484e-06
285	-5.35223e-06
285.5	-5.06872e-06
286	-6.06225e-06
286.5	-6.94937e-06
287	-7.08027e-06
287.5	-7.00192e-06
288	-6.90458e-06
288.5	-6.84482e-06
289	-6.82005e-06
289.5	-6.75019e-06
290	-6.58567e-06
290.5	-6.46752e-06
291	-6.31598e-06
291.5	-6.18083e-06
292	-5.9896e-06
292.5	-5.74945e-06
293	-5.47984e-06
293.5	-4.41692e-06
294	-4.27652e-06
294.5	-4.56186e-06
295	-3.00578e-06
295.5	-2.92821e-06
296	-3.22096e-06
296.5	-2.84551e-06
297	-2.70503e-06
297.5	-3.18427e-06
298	-6.87017e-06
298.5	-9.83586e-06
299	-7.29995e-06
299.5	-5.34692e-06
300	-4.32558e-06
300.5	-3.69305e-06
301	-3.18334e-06
301.5	-2.74033e-06
302	-2.53666e-06
302.5	-2.40631e-06
303	-2.37698e-06
303.5	-2.40851e-06
304	-2.63264e-06
304.5	-2.90658e-06
305	-3.07486e-06
305.5	-3.26699e-06
306	-3.50483e-06
306.5	-3.7208e-06
307	-3.66727e-06
307.5	-2.22886e-06
308	-1.32824e-06
308.5	-1.69788e-06
309	-1.47769e-06
309.5	-1.55464e-06
310	-2.32768e-06
310.5	-1.39583e-06
311	-1.73244e-06
311.5	-1.85464e-06
312	-2.34653e-06
312.5	-2.77221e-06
313	-3.00323e-06
313.5	-3.22689e-06
314	-3.53052e-06
314.5	-3.77564e-06
315	-3.85677e-06
315.5	-3.86093e-06
316	-3.83684e-06
316.5	-3.86476e-06
317	-3.99438e-06
317.5	-4.10705e-06
318	-4.17266e-06
318.5	-4.40234e-06
319	-4.52378e-06
319.5	-4.58863e-06
320	-3.89111e-06
320.5	-3.59644e-06
321	-2.69658e-06
321.5	-3.12758e-06
322	-3.16929e-06
322.5	-2.77104e-06
323	-1.32929e-06
323.5	-4.09768e-07
324	-4.4766e-07
324.5	-6.42143e-06
325	-6.10192e-06
325.5	-3.72395e-06
326	-2.50894e-06
326.5	-2.57407e-06
327	-2.92568e-06
327.5	-3.19474e-06
328	-3.38881e-06
328.5	-3.45511e-06
329	-3.57419e-06
329.5	-3.71939e-06
330	-4.02259e-06
330.5	-4.35592e-06
331	-4.55346e-06
331.5	-4.76003e-06
332	-4.91502e-06
332.5	-5.00583e-06
333	-5.00402e-06
333.5	-4.88685e-06
334	-4.72902e-06
334.5	-4.73357e-06
335	-4.84999e-06
335.5	-5.02801e-06
336	-2.29459e-06
336.5	-6.09655e-07
337	1.22191e-06
337.5	3.1006e-07
338	-1.64294e-06
338.5	-3.43474e-06
339	-4.66384e-06
339.5	-5.29698e-06
340	-4.9915e-06
340.5	-5.13194e-06
341	-5.53929e-06
341.5	-5.80182e-06
342	-5.799e-06
342.5	-5.66306e-06
343	-5.50912e-06
343.5	-5.23748e-06
344	-4.98028e-06
344.5	-4.6957e-06
345	-4.33886e-06
345.5	-4.11678e-06
346	-3.59723e-06
346.5	-3.26219e-06
347	-3.51726e-06
347.5	-3.74545e-06
348	-3.87366e-06
348.5	-3.12058e-06
349	-2.58521e-06
349.5	-2.52233e-06
350	-2.58992e-06
350.5	-1.3335e-06
351	-1.67135e-06
351.5	-2.48491e-06
352	-3.62507e-06
352.5	-4.30775e-06
353	-4.63153e-06
353.5	-5.20453e-06
354	-5.59058e-06
354.5	-5.86231e-06
355	-5.99067e-06
355.5	-6.09599e-06
356	-6.28079e-06
356.5	-6.41196e-06
357	-6.53394e-06
357.5	-6.44649e-06
358	-6.2514e-06
358.5	-5.9782e-06
359	-5.65335e-06
359.5	-5.38967e-06
360	-5.04409e-06
360.5	-4.14098e-06
361	-2.13172e-06
361.5	-1.80724e-06
362	-2.35225e-06
362.5	-2.89002e-06
363	-2.81137e-06
363.5	-2.40281e-06
364	-3.23879e-06
364.5	-1.07894e-06
365	-8.39228e-07
365.5	-1.18422e-06
366	-1.78773e-06
366.5	-2.35128e-06
367	-2.70475e-06
367.5	-3.24147e-06
368	-3.85284e-06
368.5	-3.99724e-06
369	-4.00584e-06
369.5	-3.99837e-06
370	-4.04114e-06
370.5	-4.1273e-06
371	-4.17002e-06
371.5	-4.33616e-06
372	-4.62356e-06
372.5	-4.82617e-06
373	-5.19856e-06
373.5	-5.52098e-06
374	-5.84481e-06
374.5	-5.54612e-06
375	-4.32338e-06
375.5	-3.23756e-06
376	-3.49144e-06
376.5	-3.09575e-06
377	-4.32852e-06
377.5	-3.15816e-06
378	-3.40438e-06
378.5	-4.07299e-06
379	-4.5358e-06
379.5	-4.90575e-06
380	-5.14162e-06
380.5	-5.68182e-06
381	-7.6937e-06
381.5	-7.98021e-06
382	-8.91279e-06
382.5	-9.91918e-06
383	-9.19405e-06
383.5	-6.52246e-06
384	-5.65889e-06
384.5	-6.04074e-06
385	-9.96328e-06
385.5	-1.23679e-05
386	-1.24805e-05
386.5	-3.63857e-05
387	3.37965e-05
387.5	0.000233923
388	-3.29402e-05
388.5	-0.000135944
389	-6.28691e-05
389.5	-6.13949e-05
390	-3.45428e-05
390.5	-2.35264e-05
391	-8.5664e-06
391.5	-6.72753e-06
392	-7.70814e-06
392.5	-2.19389e-05
393	-6.73194e-06
393.5	4.8839e-06
394	-9.78881e-06
394.5	-1.01815e-05
395	-4.49119e-06
395.5	-3.23238e-07
396	1.91828e-06
396.5	1.73977e-06
397	5.32426e-08
397.5	-5.93328e-07
398	-1.50039e-06
398.5	-1.70514e-06
399	-2.09894e-06
399.5	-3.37218e-06
400	-3.22282e-06
400.5	-2.75874e-06
401	-2.44208e-06
401.5	-2.49136e-06
402	-2.68423e-06
402.5	-2.3715e-06
403	-1.50885e-06
403.5	-1.83953e-06
404	-1.48484e-06
404.5	-1.01234e-06
405	-1.42202e-06
405.5	-9.64039e-07
406	1.34933e-06
406.5	6.41266e-07
407	-8.96191e-07
407.5	-1.28945e-06
408	-1.75028e-06
408.5	-2.2161e-06
409	-2.50171e-06
409.5	-2.69766e-06
410	-3.15159e-06
410.5	-3.61152e-06
411	-4.18504e-06
411.5	-4.67972e-06
412	-5.032e-06
412.5	-5.30068e-06
413	-5.44753e-06
413.5	-5.43437e-06
414	-5.37753e-06
414.5	-5.25035e-06
415	-5.16008e-06
415.5	-4.98912e-06
416	-4.73878e-06
416.5	-4.49093e-06
417	-4.25804e-06
417.5	-4.16265e-06
418	-4.18069e-06
418.5	-5.15338e-06
419	-6.26205e-06
419.5	-4.83586e-06
420	-1.5505e-06
420.5	-1.1481e-06
421	-2.11585e-07
421.5	-8.1593e-08
422	-2.00225e-06
422.5	-3.51768e-06
423	-4.11162e-06
423.5	-4.61145e-06
424	-4.93582e-06
424.5	-5.13248e-06
425	-5.48033e-06
425.5	-5.95236e-06
426	-6.24097e-06
426.5	-6.40789e-06
427	-6.41255e-06
427.5	-6.33482e-06
428	-6.22861e-06
428.5	-6.18174e-06
429	-6.28635e-06
429.5	-6.41684e-06
430	-6.62687e-06
430.5	-6.83892e-06
431	-6.98431e-06
431.5	-5.09739e-06
432	-3.65586e-06
432.5	-4.66493e-06
433	-5.67129e-06
433.5	-4.90042e-06
434	-5.84489e-06
434.5	-6.50346e-06
435	-5.15297e-06
435.5	-5.67245e-06
436	-6.8721e-06
436.5	-7.61498e-06
437	-7.80116e-06
437.5	-7.84314e-06
438	-7.74976e-06
438.5	-7.56565e-06
439	-7.32032e-06
439.5	-7.02983e-06
440	-6.82465e-06
440.5	-6.89479e-06
441	-6.87991e-06
441.5	-6.73418e-06
442	-6.53885e-06
442.5	-6.37479e-06
443	-6.17563e-06
443.5	-5.96741e-06
444	-6.2278e-06
444.5	-6.18884e-06
445	-5.77807e-06
445.5	-5.49972e-06
446	-4.60607e-06
446.5	-2.98757e-06
447	-3.34954e-06
447.5	-1.63908e-06
448	-1.81531e-06
448.5	-2.71282e-06
449	-3.11821e-06
449.5	-3.57246e-06
450	-4.14711e-06
450.5	-4.56333e-06
451	-4.87029e-06
451.5	-4.85547e-06
452	-4.67314e-06
452.5	-4.81332e-06
453	-4.94e-06
453.5	-4.95057e-06
454	-4.8814e-06
454.5	-4.81222e-06
455	-4.74221e-06
455.5	-4.658e-06
456	-4.53769e-06
456.5	-4.42803e-06
457	-4.36026e-06
457.5	-4.33216e-06
458	-4.32907e-06
458.5	-3.97819e-06
459	-3.24861e-06
459.5	-3.6147e-06
460	-3.0968e-06
460.5	-2.36627e-06
461	-2.48775e-06
461.5	-2.38376e-06
462	-2.32033e-06
462.5	-2.27675e-06
463	-3.54823e-06
463.5	-4.50922e-06
464	-4.77311e-06
464.5	-5.83153e-06
465	-6.39567e-06
465.5	-6.90591e-06
466	-7.34293e-06
466.5	-7.79781e-06
467	-8.07226e-06
467.5	-8.15261e-06
468	-8.11537e-06
468.5	-7.97942e-06
469	-7.89606e-06
469.5	-8.10255e-06
470	-8.32985e-06
470.5	-8.45432e-06
471	-8.67078e-06
471.5	-8.78256e-06
472	-8.68125e-06
472.5	-7.77243e-06
473	-7.75527e-06
473.5	-7.94451e-06
474	-8.102e-06
474.5	-7.54492e-06
475	-6.4383e-06
475.5	-5.91978e-06
476	-2.38129e-06
476.5	-4.75816e-06
477	-6.01267e-06
477.5	-7.27917e-06
478	-7.25062e-06
478.5	-7.13633e-06
479	-6.87619e-06
479.5	-6.60126e-06
480	-6.44324e-06
480.5	-6.34733e-06
481	-6.31713e-06
481.5	-6.31773e-06
482	-6.13444e-06
482.5	-6.15486e-06
483	-6.30362e-06
483.5	-6.4285e-06
484	-6.5482e-06
484.5	-6.57611e-06
485	-6.45777e-06
485.5	-6.31383e-06
486	-6.20512e-06
486.5	-6.08721e-06
487	-5.1499e-06
487.5	-3.49138e-06
488	-3.17191e-06
488.5	-3.09e-06
489	-2.31482e-06
489.5	-2.25933e-06
490	-2.89254e-06
490.5	-5.9119e-06
491	-5.5141e-06
491.5	-3.57482e-06
492	-3.06505e-06
492.5	-2.98212e-06
493	-3.07277e-06
493.5	-3.26401e-06
494	-4.30915e-06
494.5	-4.61359e-06
495	-4.83354e-06
495.5	-5.11882e-06
496	-5.27744e-06
496.5	-5.41561e-06
497	-5.57443e-06
497.5	-5.75905e-06
498	-5.80422e-06
498.5	-5.73209e-06
499	-5.62153e-06
499.5	-5.30908e-06
500	-5.11608e-06
500.5	-5.05278e-06
501	-5.05846e-06
501.5	-4.13425e-06
502	-3.62202e-06
502.5	-1.32886e-06
503	-6.1156e-07
503.5	-2.23499e-06
504	-5.03186e-06
504.5	-2.90188e-06
505	-2.18053e-06
505.5	-2.11719e-06
506	-6.01057e-06
506.5	-5.99653e-06
507	-5.50712e-06
507.5	-5.43496e-06
508	-8.07154e-06
508.5	-7.89231e-06
509	-7.03754e-06
509.5	-4.14049e-06
510	-5.20991e-06
510.5	-6.03844e-06
511	-6.30331e-06
511.5	-1.23671e-05
512	-1.20742e-05
512.5	-9.24547e-06
513	-1.7171e-05
513.5	-4.28648e-05
514	1.08116e-05
514.5	7.22457e-05
515	-1.92774e-07
515.5	-7.92573e-05
516	-5.4169e-05
516.5	-7.61714e-05
517	-6.88251e-05
517.5	-2.31835e-06
518	2.51567e-05
518.5	1.89448e-05
519	0.000150193
519.5	-0.000237845
520	-0.000161698
520.5	-4.60044e-05
521	-3.08055e-05
521.5	-4.99752e-06
522	3.84229e-06
522.5	3.00226e-06
523	6.64073e-07
523.5	-1.17351e-06
524	-2.86666e-06
524.5	-4.0232e-06
525	-4.85117e-06
525.5	-6.46001e-06
526	-6.07847e-06
526.5	-4.92947e-06
527	-4.08097e-06
527.5	-3.95852e-06
528	-4.26219e-06
528.5	-4.5966e-06
529	-4.86135e-06
529.5	-5.01384e-06
530	-5.05004e-06
530.5	-5.06638e-06
531	-5.00093e-06
531.5	-4.93279e-06
532	-4.74711e-06
532.5	-4.15144e-06
533	-2.93999e-06
533.5	-2.28638e-06
534	-1.22344e-06
534.5	-1.60991e-06
535	-1.897e-06
535.5	-2.21732e-06
536	-2.86397e-06
536.5	-3.98355e-06
537	-4.68682e-06
537.5	-5.04969e-06
538	-5.14721e-06
538.5	-5.13706e-06
539	-5.02689e-06
539.5	-4.97371e-06
540	-4.9467e-06
540.5	-4.91569e-06
541	-4.85877e-06
541.5	-4.85081e-06
542	-4.48537e-06
542.5	-4.20403e-06
543	-4.72541e-06
543.5	-5.19303e-06
544	-5.97516e-06
544.5	-6.50905e-06
545	-5.66653e-06
545.5	-5.32928e-06
546	-5.00593e-06
546.5	-4.22045e-06
547	-4.27355e-06
547.5	-6.04557e-06
548	-5.97792e-06
548.5	-5.1337e-06
549	-4.02307e-06
549.5	-3.83303e-06
550	-3.50384e-06
550.5	-3.9163e-06
551	-3.62165e-06
551.5	-3.19979e-06
552	-3.56077e-06
552.5	-3.12991e-06
553	-2.6482e-06
553.5	-2.31523e-06
554	-2.15157e-06
554.5	-2.20127e-06
555	-2.43738e-06
555.5	-2.72417e-06
556	-2.8624e-06
556.5	-3.61808e-06
557	-4.08069e-06
557.5	-2.77258e-06
558	-6.52786e-07
558.5	3.28234e-07
559	2.32612e-07
559.5	7.27529e-07
560	8.02366e-07
560.5	1.92841e-07
561	-1.29618e-06
561.5	-2.66662e-06
562	-2.73784e-06
562.5	-2.40127e-06
563	-3.03983e-06
563.5	-3.29739e-06
564	-3.409e-06
564.5	-3.44442e-06
565	-3.46612e-06
565.5	-3.57827e-06
566	-3.6594e-06
566.5	-3.69661e-06
567	-3.68416e-06
567.5	-3.49046e-06
568	-3.44384e-06
568.5	-3.58419e-06
569	-3.77398e-06
569.5	-3.83379e-06
570	-3.64365e-06
570.5	-3.39494e-06
571	-3.13473e-06
571.5	-2.88426e-06
572	-1.51222e-06
572.5	-4.22129e-07
573	1.65141e-06
573.5	2.52212e-06
574	1.43613e-06
574.5	4.90269e-07
575	-6.6596e-07
575.5	-1.51145e-06
576	-3.01814e-06
576.5	-7.42241e-06
577	-5.64519e-06
577.5	-4.20391e-06
578	-3.5596e-06
578.5	-3.25632e-06
579	-3.13656e-06
579.5	-3.1367e-06
580	-3.18904e-06
580.5	-3.4321e-06
581	-3.78904e-06
581.5	-4.28615e-06
582	-4.67089e-06
582.5	-5.05106e-06
583	-5.30144e-06
583.5	-5.49004e-06
584	-5.59508e-06
584.5	-5.12461e-06
585	-4.69524e-06
585.5	-4.80984e-06
586	-5.11041e-06
586.5	-4.75222e-06
587	-5.20237e-06
587.5	-3.79078e-06
588	-4.65568e-06
588.5	-4.36661e-06
589	-8.55984e-06
589.5	-1.16438e-05
590	-8.43581e-06
590.5	-6.9036e-06
591	-6.13947e-06
591.5	-5.40696e-06
592	-5.39381e-06
592.5	-5.45268e-06
593	-5.41764e-06
593.5	-5.25027e-06
594	-5.11132e-06
594.5	-4.932e-06
595	-4.76412e-06
595.5	-4.51316e-06
596	-4.34447e-06
596.5	-4.22736e-06
597	-1.06596e-05
597.5	-1.02989e-05
598	-7.53004e-06
598.5	-6.2496e-06
599	-5.5045e-06
599.5	-5.05237e-06
600	-4.81431e-06
600.5	-4.21659e-06
601	-2.2205e-06
601.5	-4.82061e-06
602	-4.24864e-06
602.5	-1.47169e-06
603	1.17844e-06
603.5	3.82837e-08
604	-1.79805e-06
604.5	-3.84711e-06
605	-8.49552e-06
605.5	-7.49952e-06
606	-5.44794e-06
606.5	-4.24813e-06
607	-3.54301e-06
607.5	-3.0966e-06
608	-2.92096e-06
608.5	-3.48609e-06
609	-4.84987e-06
609.5	-4.18769e-06
610	-3.86977e-06
610.5	-5.43349e-06
611	-6.83287e-06
611.5	-5.29533e-06
612	-4.57149e-06
612.5	-4.27677e-06
613	-4.08771e-06
613.5	-4.01713e-06
614	-4.9843e-06
614.5	-3.76306e-06
615	-5.92277e-06
615.5	-6.24867e-06
616	-6.75296e-06
616.5	-3.986e-06
617	-4.07987e-06
617.5	-7.16144e-06
618	-9.4194e-06
618.5	-1.18587e-05
619	-8.60592e-06
619.5	-1.2015e-05
620	-1.18523e-05
620.5	-1.1112e-05
621	-4.71698e-06
621.5	-1.02765e-05
622	-1.74438e-05
622.5	-4.6443e-05
623	1.63918e-05
623.5	-1.67536e-05
624	0.000226184
624.5	-0.000107344
625	-0.000131733
625.5	-4.40309e-05
626	-4.46277e-05
626.5	-4.26623e-05
627	-1.9735e-05
627.5	4.02881e-05
628	-1.58813e-05
628.5	7.18802e-05
629	-0.000254503
629.5	-0.000126211
630	-3.32966e-05
630.5	-1.41093e-05
631	-8.02629e-06
631.5	-4.62487e-06
632	-5.67187e-06
632.5	-7.01012e-06
633	-8.81475e-06
633.5	-9.44528e-06
634	-1.04275e-05
634.5	-1.08496e-05
635	-1.03544e-05
635.5	-9.12664e-06
636	-8.19484e-06
636.5	-7.43799e-06
637	-6.83515e-06
637.5	-6.42904e-06
638	-6.32632e-06
638.5	-6.43057e-06
639	-6.59483e-06
639.5	-6.24746e-06
640	-5.43911e-06
640.5	-4.73518e-06
641	-4.31612e-06
641.5	-3.19943e-06
642	-2.95717e-06
642.5	-3.13848e-06
643	-3.97148e-06
643.5	-5.10482e-06
644	-5.67166e-06
644.5	-5.94353e-06
645	-6.13824e-06
645.5	-6.2144e-06
646	-6.2619e-06
646.5	-6.2196e-06
647	-6.11156e-06
647.5	-5.92675e-06
648	-5.71396e-06
648.5	-5.56247e-06
649	-5.468e-06
649.5	-5.3393e-06
650	-5.26761e-06
650.5	-5.18322e-06
651	-5.27962e-06
651.5	-5.44265e-06
652	-5.71843e-06
652.5	-6.12385e-06
653	-5.52269e-06
653.5	-4.17886e-06
654	-3.31762e-06
654.5	-3.54953e-06
655	-2.91235e-06
655.5	-2.04097e-06
656	-2.5604e-06
656.5	-3.21728e-06
657	-2.94355e-06
657.5	-2.73256e-06
658	-4.13821e-06
658.5	-4.99382e-06
659	-5.37481e-06
659.5	-5.43747e-06
660	-5.61477e-06
660.5	-5.90133e-06
661	-6.41762e-06
661.5	-7.23673e-06
662	-7.97997e-06
662.5	-8.57148e-06
663	-8.95376e-06
663.5	-9.08675e-06
664	-9.07565e-06
664.5	-8.99728e-06
665	-9.02485e-06
665.5	-9.74276e-06
666	-9.84547e-06
666.5	-9.60818e-06
667	-9.33561e-06
667.5	-7.27606e-06
668	-5.92147e-06
668.5	-3.8859e-06
669	-3.83198e-06
669.5	-2.80959e-06
670	-3.17277e-06
670.5	-3.94066e-06
671	-4.90097e-06
671.5	-5.86241e-06
672	-6.42182e-06
672.5	-6.17798e-06
673	-5.99567e-06
673.5	-6.0179e-06
674	-5.93652e-06
674.5	-5.69045e-06
675	-5.25413e-06
675.5	-4.76894e-06
676	-4.59884e-06
676.5	-4.5506e-06
677	-4.58817e-06
677.5	-4.71624e-06
678	-4.81276e-06
678.5	-4.83834e-06
679	-4.77985e-06
679.5	-4.65232e-06
680	-4.45193e-06
680.5	-4.27599e-06
681	-4.13388e-06
681.5	-3.61108e-06
682	-2.04492e-06
682.5	-2.27323e-07
683	2.92821e-06
683.5	2.94563e-06
684	9.36639e-07
684.5	-3.87229e-08
685	-5.73897e-07
685.5	-8.65438e-07
686	-1.86366e-06
686.5	-2.58998e-06
687	-2.94081e-06
687.5	-3.13581e-06
688	-3.20581e-06
688.5	-3.43477e-06
689	-3.80328e-06
689.5	-3.98192e-06
690	-4.13903e-06
690.5	-4.20564e-06
691	-4.19443e-06
691.5	-4.14877e-06
692	-4.19753e-06
692.5	-4.32127e-06
693	-4.53723e-06
693.5	-4.72175e-06
694	-4.79281e-06
694.5	-4.93315e-06
695	-4.84033e-06
695.5	-3.18988e-06
696	-2.11463e-06
696.5	-1.56008e-06
697	-5.07992e-07
697.5	-1.14529e-06
698	-2.20931e-06
698.5	-3.41735e-06
699	-4.96733e-06
699.5	-5.32574e-06
700	-5.48615e-06
700.5	-5.60593e-06
701	-5.77353e-06
701.5	-5.84785e-06
702	-5.92011e-06
702.5	-5.90241e-06
703	-5.78534e-06
703.5	-5.61229e-06
704	-5.474e-06
704.5	-5.34068e-06
705	-5.28071e-06
705.5	-5.20471e-06
706	-5.1491e-06
706.5	-5.15545e-06
707	-5.22357e-06
707.5	-5.36751e-06
708	-5.4513e-06
708.5	-4.62485e-06
709	-4.1748e-06
709.5	1.28353e-06
710	1.62666e-06
710.5	1.16023e-06
711	9.88055e-07
711.5	1.71937e-08
712	-1.0507e-06
712.5	-1.72513e-06
713	-1.92043e-06
713.5	-1.95007e-06
714	-2.28453e-06
714.5	-2.59245e-06
715	-2.94194e-06
715.5	-3.20802e-06
716	-3.3338e-06
716.5	-3.44583e-06
717	-3.51337e-06
717.5	-3.52109e-06
718	-3.4515e-06
718.5	-3.34409e-06
719	-3.2235e-06
719.5	-3.1346e-06
720	-3.17462e-06
720.5	-3.25385e-06
721	-3.41926e-06
721.5	-3.82616e-06
722	-4.40695e-06
722.5	-4.95632e-06
723	-5.2353e-06
723.5	-4.23269e-06
724	-2.46861e-06
724.5	-1.64259e-06
725	-1.09902e-06
725.5	-1.51604e-06
726	-8.14752e-06
726.5	-1.23284e-05
727	-8.61803e-06
727.5	-6.4271e-06
728	-5.63424e-06
728.5	-5.25403e-06
729	-5.11188e-06
729.5	-5.09235e-06
730	-5.09537e-06
730.5	-5.15745e-06
731	-5.23309e-06
731.5	-5.25316e-06
732	-5.27813e-06
732.5	-5.3072e-06
733	-5.18037e-06
733.5	-5.02609e-06
734	-4.9385e-06
734.5	-4.84686e-06
735	-4.8303e-06
735.5	-4.83485e-06
736	-4.8883e-06
736.5	-4.95201e-06
737	-5.05535e-06
737.5	-7.388e-06
738	-6.39368e-06
738.5	-5.43506e-06
739	-7.79852e-06
739.5	-5.61838e-06
740	-2.77665e-06
740.5	-4.54197e-06
741	-1.02266e-05
741.5	-1.2738e-05
742	-1.15069e-05
742.5	-9.22452e-06
743	-7.88992e-06
743.5	-7.4563e-06
744	-7.25694e-06
744.5	-7.3281e-06
745	-9.12289e-06
745.5	-1.25065e-05
746	-1.68291e-05
746.5	-8.98295e-06
747	-7.75503e-06
747.5	-8.53462e-06
748	-8.32731e-06
748.5	-1.24045e-05
749	-9.59612e-06
749.5	-9.62643e-06
750	-9.39572e-06
750.5	-1.71377e-05
751	-1.23808e-05
751.5	2.74698e-05
752	7.56612e-05
752.5	-0.000102427
753	-4.38518e-05
753.5	-3.704e-05
754	-1.73644e-05
754.5	-3.08775e-05
755	-5.47947e-05
755.5	-9.38609e-06
756	2.76708e-05
756.5	6.76971e-05
757	5.5861e-05
757.5	-0.000259908
758	-0.000127629
758.5	-5.21902e-05
759	-3.04896e-05
759.5	-1.54712e-05
760	-7.24487e-06
760.5	7.3594e-06
761	6.50257e-06
761.5	3.47423e-06
762	2.88097e-07
762.5	-1.83513e-06
763	-3.1956e-06
763.5	-4.41003e-06
764	-5.77973e-06
764.5	-6.63155e-06
765	-6.81571e-06
765.5	-6.95972e-06
766	-6.93459e-06
766.5	-6.9259e-06
767	-6.84926e-06
767.5	-6.75501e-06
768	-6.76401e-06
768.5	-6.86028e-06
769	-6.90529e-06
769.5	-6.93415e-06
770	-6.96965e-06
770.5	-6.94203e-06
771	-5.79374e-06
771.5	-4.64941e-06
772	-3.42851e-06
772.5	-2.87869e-06
773	-2.34932e-06
773.5	-2.77316e-06
774	-2.43578e-06
774.5	-1.91636e-06
775	-2.85571e-06
775.5	-3.5923e-06
776	-3.92288e-06
776.5	-4.0768e-06
777	-4.12801e-06
777.5	-4.13e-06
778	-4.15075e-06
778.5	-4.07659e-06
779	-3.96295e-06
779.5	-3.96931e-06
780	-3.99363e-06
780.5	-3.96389e-06
781	-3.99816e-06
781.5	-4.24647e-06
782	-4.55931e-06
782.5	-4.82329e-06
783	-4.99659e-06
783.5	-5.05121e-06
784	-5.06965e-06
784.5	-5.10346e-06
785	-5.10981e-06
785.5	-4.07808e-06
786	-3.03457e-06
786.5	-3.34767e-06
787	-2.40192e-06
787.5	-2.87363e-06
788	-1.17141e-06
788.5	-2.33084e-06
789	-2.98292e-06
789.5	-3.70133e-06
790	-2.39957e-06
790.5	-2.736e-06
791	-3.21086e-06
791.5	-3.4249e-06
792	-3.53581e-06
792.5	-3.10431e-06
793	-3.43517e-06
793.5	-3.75191e-06
794	-3.86203e-06
794.5	-3.82386e-06
795	-3.66311e-06
795.5	-3.49324e-06
796	-3.33102e-06
796.5	-3.11415e-06
797	-2.90563e-06
797.5	-2.83724e-06
798	-2.76104e-06
798.5	-2.76406e-06
799	-2.92827e-06
799.5	-3.01426e-06
800	-3.18952e-06
800.5	-3.63048e-06
801	-3.75219e-06
801.5	-2.87519e-06
802	-2.61973e-07
802.5	1.88316e-07
803	-8.11166e-07
803.5	-1.22408e-06
804	-1.67503e-06
804.5	-2.82729e-06
805	-4.3948e-06
805.5	-5.34398e-06
806	-6.59207e-06
806.5	-7.00925e-06
807	-7.10551e-06
807.5	-7.23424e-06
808	-7.99849e-06
808.5	-7.7466e-06
809	-7.39427e-06
809.5	-7.36278e-06
810	-7.52679e-06
810.5	-7.59086e-06
811	-7.55996e-06
811.5	-6.79069e-06
812	-6.63944e-06
812.5	-6.68307e-06
813	-6.67038e-06
813.5	-8.69499e-06
814	-4.99254e-06
814.5	-3.61594e-06
815	-3.6878e-06
815.5	-3.771e-06
816	-4.36795e-06
816.5	-3.58642e-06
817	-3.62839e-06
817.5	-3.81423e-06
818	-8.99054e-06
818.5	-6.5632e-06
819	-5.23875e-06
819.5	-4.61828e-06
820	-4.41526e-06
820.5	-4.39924e-06
821	-4.33825e-06
821.5	-4.37819e-06
822	-4.43731e-06
822.5	-4.76195e-06
823	-5.18395e-06
823.5	-5.65538e-06
824	-5.33805e-06
824.5	-5.6612e-06
825	-5.099e-06
825.5	-5.17389e-06
826	-5.39948e-06
826.5	-4.94762e-06
827	-9.62529e-06
827.5	-8.92836e-06
828	-7.77813e-06
828.5	-5.69032e-06
829	-4.72545e-06
829.5	-6.36392e-06
830	-6.1e-06
830.5	-5.85567e-06
831	-6.06376e-06
831.5	-6.27767e-06
832	-5.67945e-06
832.5	-6.10384e-06
833	-6.83997e-06
833.5	-6.48824e-06
834	-6.06484e-06
834.5	-5.92094e-06
835	-6.03116e-06
835.5	-8.96916e-06
836	-7.92228e-06
836.5	-7.68446e-06
837	-8.36892e-06
837.5	-9.04018e-06
838	-8.85963e-06
838.5	-8.13624e-06
839	-8.25858e-06
839.5	-6.5007e-06
840	-6.65255e-06
840.5	-4.94797e-06
841	-4.52978e-06
841.5	-9.79399e-06
842	-1.20583e-05
842.5	-1.02417e-05
843	-8.83213e-06
843.5	-8.14746e-06
844	-7.82457e-06
844.5	-7.79372e-06
845	-7.78644e-06
845.5	-7.82451e-06
846	-7.72607e-06
846.5	-7.75274e-06
847	-1.27466e-05
847.5	-1.06726e-05
848	-9.09286e-06
848.5	-8.29168e-06
849	-1.26368e-05
849.5	-1.03033e-05
850	-8.58719e-06
850.5	-6.61801e-06
851	-5.80001e-06
851.5	-5.7377e-06
852	-5.75288e-06
852.5	-5.62655e-06
853	-4.49175e-06
853.5	-7.19393e-06
854	-4.5877e-06
854.5	-3.23556e-06
855	-3.01841e-06
855.5	-6.18933e-06
856	-4.41626e-06
856.5	-4.92764e-06
857	-4.26143e-06
857.5	-9.31904e-06
858	-8.31947e-06
858.5	-1.36517e-05
859	-1.29982e-05
859.5	-1.65233e-05
860	-1.39735e-05
860.5	-2.10821e-05
861	-2.36957e-05
861.5	-5.90997e-05
862	4.7798e-05
862.5	4.11622e-05
863	4.7227e-05
863.5	-0.000111137
864	-3.75874e-05
864.5	-3.25349e-05
865	-4.67768e-05
865.5	-4.01133e-05
866	-4.99981e-05
866.5	-2.01635e-05
867	1.97706e-05
867.5	8.70945e-05
868	0.000148365
868.5	-0.00021324
869	-0.000130809
869.5	-6.96232e-05
870	-4.99057e-05
870.5	8.32881e-06
871	1.78491e-05
871.5	-7.31002e-06
872	-2.40175e-05
872.5	-1.9727e-05
873	-1.57212e-05
873.5	-1.25673e-05
874	-5.16477e-06
874.5	1.6378e-06
875	-4.17342e-06
875.5	-1.30626e-05
876	-8.94457e-06
876.5	-7.12234e-06
877	-1.00789e-05
877.5	-1.1452e-05
878	-1.12071e-05
878.5	-1.08561e-05
879	-1.00946e-05
879.5	-9.56459e-06
880	-8.86934e-06
880.5	-8.29614e-06
881	-7.84716e-06
881.5	-7.60861e-06
882	-7.53338e-06
882.5	-7.49731e-06
883	-7.54706e-06
883.5	-7.88959e-06
884	-8.22805e-06
884.5	-8.51575e-06
885	-8.63456e-06
885.5	-8.63449e-06
886	-7.14638e-06
886.5	-5.72629e-06
887	-2.48252e-06
887.5	-1.69215e-06
888	-2.67532e-06
888.5	-1.57926e-06
889	-2.37904e-06
889.5	-3.93891e-06
890	-5.23222e-06
890.5	-6.08775e-06
891	-6.79769e-06
891.5	-7.36576e-06
892	-7.73091e-06
892.5	-7.99414e-06
893	-8.14286e-06
893.5	-8.23125e-06
894	-8.19244e-06
894.5	-8.23651e-06
895	-8.26655e-06
895.5	-8.09018e-06
896	-7.87934e-06
896.5	-7.6857e-06
897	-7.69353e-06
897.5	-7.65778e-06
898	-7.65028e-06
898.5	-7.6762e-06
899	-7.69932e-06
899.5	-7.60142e-06
900	-7.48318e-06
900.5	-7.38176e-06
901	-7.60961e-06
901.5	-7.08465e-06
902	-6.96142e-06
902.5	-6.45065e-06
903	-5.86842e-06
903.5	-5.92075e-06
904	-7.94184e-06
904.5	-8.84127e-06
905	-9.13862e-06
905.5	-9.27891e-06
906	-8.87349e-06
906.5	-9.12439e-06
907	-9.31366e-06
907.5	-8.96342e-06
908	-8.60685e-06
908.5	-8.29863e-06
909	-7.95528e-06
909.5	-7.58237e-06
910	-7.22008e-06
910.5	-6.8393e-06
911	-6.55777e-06
911.5	-6.50239e-06
912	-6.48567e-06
912.5	-6.46794e-06
913	-6.46617e-06
913.5	-6.39886e-06
914	-6.20105e-06
914.5	-5.58241e-06
915	-4.53319e-06
915.5	-3.41543e-06
916	-9.07754e-07
916.5	-4.58237e-07
917	2.12964e-06
917.5	1.21361e-06
918	-9.36959e-07
918.5	-1.91236e-06
919	-1.99062e-06
919.5	-3.31596e-06
920	-2.98684e-06
920.5	-3.42141e-06
921	-3.1663e-06
921.5	-2.92619e-06
922	-2.8421e-06
922.5	-2.7858e-06
923	-2.81978e-06
923.5	-2.98117e-06
924	-3.17672e-06
924.5	-3.3909e-06
925	-3.50638e-06
925.5	-3.63159e-06
926	-3.79173e-06
926.5	-4.00583e-06
927	-4.16635e-06
927.5	-4.28317e-06
928	-4.40732e-06
928.5	-4.52863e-06
929	-4.62249e-06
929.5	-4.66972e-06
930	-4.73692e-06
930.5	-4.24136e-06
931	-3.77492e-06
931.5	-3.41871e-06
932	-2.61017e-06
932.5	-8.66413e-07
933	-4.63307e-09
933.5	1.41852e-07
934	-2.22318e-07
934.5	-1.54426e-06
935	-2.32562e-06
935.5	-2.44717e-06
936	-4.0108e-06
936.5	-3.96783e-06
937	-9.48286e-06
937.5	-7.29845e-06
938	-4.7479e-06
938.5	-3.68764e-06
939	-3.35346e-06
939.5	-3.34221e-06
940	-3.36825e-06
940.5	-3.41485e-06
941	-3.47365e-06
941.5	-3.3522e-06
942	-3.17962e-06
942.5	-3.22158e-06
943	-3.44822e-06
943.5	-3.68543e-06
944	-3.87223e-06
944.5	-3.67577e-06
945	-3.31814e-06
945.5	-3.6431e-06
946	-3.91019e-06
946.5	-4.12214e-06
947	-2.05546e-06
947.5	2.7626e-07
948	-3.36037e-06
948.5	-4.45871e-06
949	-6.03702e-06
949.5	-6.33971e-06
950	-7.11343e-06
950.5	-6.48378e-06
951	-6.88419e-06
951.5	-7.08859e-06
952	-6.99762e-06
952.5	-6.83693e-06
953	-6.78736e-06
953.5	-6.91306e-06
954	-6.99926e-06
954.5	-8.36048e-06
955	-7.95191e-06
955.5	-7.52539e-06
956	-7.08992e-06
956.5	-6.73615e-06
957	-6.25591e-06
957.5	-5.95594e-06
958	-5.87975e-06
958.5	-5.95724e-06
959	-6.12041e-06
959.5	-6.19931e-06
960	-5.65756e-06
960.5	-4.02474e-06
961	-3.35391e-06
961.5	-4.09496e-06
962	-3.72255e-06
962.5	-2.63696e-06
963	-3.15313e-06
963.5	-4.88311e-06
964	-6.8715e-06
964.5	-6.35407e-06
965	-6.51712e-06
965.5	-7.89906e-06
966	-6.3648e-06
966.5	-6.86222e-06
967	-6.17963e-06
967.5	-5.47665e-06
968	-4.96191e-06
968.5	-4.67803e-06
969	-4.46701e-06
969.5	-6.86334e-06
970	-6.64011e-06
970.5	-1.042e-05
971	-8.93066e-06
971.5	-6.54586e-06
972	-5.47202e-06
972.5	-5.00082e-06
973	-4.90334e-06
973.5	-4.93891e-06
974	-4.33217e-06
974.5	-3.24673e-06
975	-6.08239e-06
975.5	-8.03094e-06
976	-7.73639e-06
976.5	-4.61852e-06
977	-1.19344e-06
977.5	-7.92013e-06
978	-6.30028e-06
978.5	-1.11072e-05
979	-1.23444e-05
979.5	-1.18082e-05
980	-9.13855e-06
980.5	-7.39942e-06
981	-6.43918e-06
981.5	-6.91645e-06
982	-5.61596e-06
982.5	-6.64111e-06
983	-8.8876e-06
983.5	-8.05403e-06
984	-8.00601e-06
984.5	-1.09814e-05
985	-1.30443e-05
985.5	-7.63748e-06
986	-6.12345e-06
986.5	-5.0583e-06
987	-4.21498e-06
987.5	-7.16331e-06
988	-8.78083e-06
988.5	-9.90312e-06
989	-2.74328e-05
989.5	2.01571e-05
990	7.77794e-05
990.5	5.90685e-05
991	-9.43739e-05
991.5	-3.08224e-05
992	-4.19803e-05
992.5	-3.02706e-05
993	-3.26661e-05
993.5	-2.45729e-05
994	-2.61914e-05
994.5	-1.28375e-05
995	9.04139e-05
995.5	0.000110304
996	5.2554e-05
996.5	-0.000233655
997	-0.000100772
997.5	-4.76472e-05
998	-4.04541e-05
998.5	-8.88849e-06
999	3.36782e-05
999.5	7.86723e-07
1000	-2.09328e-05
