0	0
0.5	1.97137e-24
1	1.68568e-24
1.5	4.55789e-25
2	1.89747e-25
2.5	5.08464e-25
3	4.51762e-25
3.5	-2.07466e-07
4	-7.87995e-07
4.5	-2.73298e-06
5	-6.45561e-06
5.5	-1.0098e-05
6	-1.26829e-05
6.5	-1.54416e-05
7	-1.80366e-05
7.5	-1.87298e-05
8	-1.916e-05
8.5	-2.02588e-05
9	-2.04478e-05
9.5	-1.94986e-05
10	-1.88044e-05
10.5	-1.91288e-05
11	-1.94971e-05
11.5	-2.09933e-05
12	-2.54015e-05
12.5	-4.27764e-05
13	-0.000536664
13.5	0.000370055
14	9.50348e-05
14.5	0.000238402
15	-0.00026723
15.5	-0.00019424
16	-5.30829e-05
16.5	-4.42437e-06
17	9.64152e-06
17.5	6.689e-06
18	-2.24458e-06
18.5	-1.0912e-05
19	-1.90468e-05
19.5	-2.91014e-05
20	-3.27037e-05
20.5	-3.81085e-05
21	-4.2585e-05
21.5	-4.55844e-05
22	-4.88849e-05
22.5	-5.12235e-05
23	-5.24905e-05
23.5	-5.89185e-05
24	-4.76402e-05
24.5	-5.25222e-05
25	-4.67766e-05
25.5	-6.76998e-05
26	-6.98902e-05
26.5	-8.60011e-05
27	-9.15486e-05
27.5	-0.00010092
28	-0.000103591
28.5	-0.000114503
29	-0.000122204
29.5	-0.00075142
30	-4.36558e-06
30.5	0.00282305
31	0.0021419
31.5	-5.06399e-05
32	-0.000307814
32.5	-0.000233461
33	-0.00016859
33.5	-0.000170165
34	-0.000488668
34.5	-9.5191e-05
35	-2.58229e-05
35.5	0.00278056
36	0.00262056
36.5	0.00103932
37	0.000597682
37.5	-0.000291447
38	-0.000259227
38.5	-0.000129347
39	-3.96495e-05
39.5	-1.91401e-05
40	-9.95727e-06
40.5	-5.25216e-06
41	-2.70835e-06
41.5	-2.61853e-06
42	-3.01611e-06
42.5	-4.01812e-06
43	-5.43512e-06
43.5	-6.82808e-06
44	-7.77425e-06
44.5	-8.84431e-06
45	-1.02232e-05
45.5	-1.16696e-05
46	-1.3179e-05
46.5	-1.38046e-05
47	-1.40014e-05
47.5	-1.45222e-05
48	-2.34565e-05
48.5	-3.23841e-05
49	-2.12134e-05
49.5	-2.48501e-05
50	-1.36006e-05
50.5	-1.93463e-05
51	-2.29667e-05
51.5	-2.34166e-05
52	-2.66841e-05
52.5	-2.76853e-05
53	-2.7415e-05
53.5	-2.41823e-05
54	-1.26277e-05
54.5	-1.02445e-05
55	-1.05866e-05
55.5	-1.32525e-05
56	-1.53678e-05
56.5	-1.68215e-05
57	-1.85286e-05
57.5	-2.05238e-05
58	-2.16607e-05
58.5	-2.2388e-05
59	-2.28449e-05
59.5	-2.35846e-05
60	-2.44583e-05
60.5	-2.67686e-05
61	-2.79788e-05
61.5	-2.87106e-05
62	-2.97498e-05
62.5	-3.10888e-05
63	-3.16794e-05
63.5	-3.31524e-05
64	-3.63658e-05
64.5	-4.28234e-05
65	-2.93729e-05
65.5	-3.82854e-05
66	-0.00042984
66.5	-0.000380766
67	-0.000151062
67.5	5.99862e-05
68	3.87371e-05
68.5	1.37676e-05
69	-5.22844e-06
69.5	-1.81652e-05
70	-2.49172e-05
70.5	-2.82725e-05
71	-2.94869e-05
71.5	-2.99352e-05
72	-2.95471e-05
72.5	-2.87789e-05
73	-2.85564e-05
73.5	-2.7603e-05
74	-2.57949e-05
74.5	-2.34662e-05
75	-2.21448e-05
75.5	-2.15736e-05
76	-2.05165e-05
76.5	-1.98125e-05
77	-2.00036e-05
77.5	-2.04417e-05
78	-2.19405e-05
78.5	-2.43336e-05
79	-3.42529e-05
79.5	-4.23939e-05
80	-4.60173e-05
80.5	-4.15311e-05
81	-4.044e-05
81.5	-3.86922e-05
82	-3.649e-05
82.5	-3.39823e-05
83	-2.58724e-05
83.5	-2.1847e-05
84	-1.99797e-05
84.5	-1.93699e-05
85	-1.89381e-05
85.5	-1.87187e-05
86	-1.94281e-05
86.5	-2.01656e-05
87	-2.04336e-05
87.5	-2.09132e-05
88	-2.05017e-05
88.5	-1.93917e-05
89	-1.89807e-05
89.5	-1.98691e-05
90	-2.09211e-05
90.5	-2.15915e-05
91	-2.19342e-05
91.5	-2.22611e-05
92	-2.33214e-05
92.5	-2.49159e-05
93	-2.73741e-05
93.5	-2.48813e-06
94	-1.3845e-05
94.5	-2.0477e-05
95	-2.51097e-05
95.5	-3.01748e-05
96	-4.07188e-05
96.5	-4.58832e-05
97	-4.98845e-05
97.5	-4.82876e-05
98	-5.08095e-05
98.5	-4.89008e-05
99	-5.09822e-05
99.5	-5.17474e-05
100	-5.17106e-05
100.5	-5.04977e-05
101	-4.95571e-05
101.5	-4.76829e-05
102	-4.54758e-05
102.5	-4.32788e-05
103	-4.02818e-05
103.5	-3.88927e-05
104	-4.20041e-05
104.5	-3.36892e-05
105	-3.0742e-05
105.5	-3.00306e-05
106	-3.14539e-05
106.5	-3.33549e-05
107	-3.65195e-05
107.5	-4.45667e-05
108	-0.000163768
108.5	-0.000806622
109	0.000997377
109.5	0.00105546
110	0.000714877
110.5	-0.000501108
111	-0.000261198
111.5	-3.19536e-05
112	5.89996e-06
112.5	6.36137e-06
113	1.40175e-05
113.5	6.08279e-06
114	-9.95071e-06
114.5	-1.52482e-05
115	-2.27141e-05
115.5	-3.74945e-05
116	-3.99185e-05
116.5	-5.70787e-05
117	-5.65062e-05
117.5	-5.95338e-05
118	-2.03515e-05
118.5	-1.20622e-05
119	-1.08033e-05
119.5	-2.66803e-05
120	-5.03064e-05
120.5	-3.36094e-05
121	-5.74819e-05
121.5	-5.7094e-05
122	-0.000113347
122.5	-0.000727748
123	0.000409972
123.5	-0.00101384
124	0.00192328
124.5	0.000996173
125	-0.000271302
125.5	-0.000414083
126	-0.000271397
126.5	-0.000159927
127	-0.000117449
127.5	-0.000118601
128	-0.000562226
128.5	0.000287907
129	-0.000463678
129.5	0.00260615
130	0.00101615
130.5	0.000154384
131	-0.000749844
131.5	-0.000723081
132	-0.000360245
132.5	-0.000107024
133	1.06243e-05
133.5	9.13734e-06
134	1.1377e-06
134.5	-5.54222e-06
135	-1.07831e-05
135.5	-1.50997e-05
136	-1.81836e-05
136.5	-2.05226e-05
137	-2.27517e-05
137.5	-2.4189e-05
138	-2.53616e-05
138.5	-2.7598e-05
139	-5.82109e-07
139.5	1.43551e-05
140	7.57109e-06
140.5	-2.77573e-06
141	-1.51235e-05
141.5	-2.33951e-05
142	-2.84454e-05
142.5	-3.50364e-05
143	-3.72854e-05
143.5	-3.78631e-05
144	-3.72187e-05
144.5	-3.62752e-05
145	-3.56032e-05
145.5	-3.50966e-05
146	-3.472e-05
146.5	-3.49678e-05
147	-3.60569e-05
147.5	-3.67022e-05
148	-3.73875e-05
148.5	-3.7808e-05
149	-3.80478e-05
149.5	-3.88831e-05
150	-4.01642e-05
150.5	-4.11257e-05
151	-4.12734e-05
151.5	-4.16549e-05
152	-4.21481e-05
152.5	-4.31306e-05
153	-4.44731e-05
153.5	-4.615e-05
154	-4.78785e-05
154.5	-4.97286e-05
155	-4.6688e-05
155.5	-5.47962e-05
156	-3.94305e-05
156.5	-4.35023e-05
157	-4.42518e-05
157.5	-4.38173e-05
158	-3.95355e-05
158.5	-3.11053e-05
159	-2.15109e-05
159.5	-1.32937e-05
160	-1.28894e-05
160.5	-1.25279e-05
161	-1.22521e-05
161.5	-1.17407e-05
162	-1.16699e-05
162.5	-1.15783e-05
163	-1.13808e-05
163.5	-1.15276e-05
164	-1.26618e-05
164.5	-1.40826e-05
165	-1.61531e-05
165.5	-1.85037e-05
166	-2.05141e-05
166.5	-2.36998e-05
167	-2.71532e-05
167.5	-3.04448e-05
168	-3.31172e-05
168.5	-3.51407e-05
169	-3.67023e-05
169.5	-3.79297e-05
170	-3.30722e-05
170.5	-2.71121e-05
171	-3.91589e-05
171.5	-4.74965e-05
172	-4.60169e-05
172.5	-4.37553e-05
173	-4.39241e-05
173.5	-4.64842e-05
174	-4.86431e-05
174.5	-4.69826e-05
175	-4.45546e-05
175.5	-4.29875e-05
176	-4.18157e-05
176.5	-4.06545e-05
177	-3.96199e-05
177.5	-3.85357e-05
178	-3.77872e-05
178.5	-3.66695e-05
179	-3.5636e-05
179.5	-3.4928e-05
180	-3.44047e-05
180.5	-3.4534e-05
181	-3.44843e-05
181.5	-3.54468e-05
182	-3.63378e-05
182.5	-3.76623e-05
183	-3.86367e-05
183.5	-4.07474e-05
184	-3.36672e-05
184.5	-4.10112e-05
185	-2.69791e-05
185.5	-4.61067e-05
186	-4.27568e-05
186.5	-4.15899e-05
187	-4.52065e-05
187.5	-5.99067e-05
188	-5.91929e-05
188.5	-6.40629e-05
189	-6.08258e-05
189.5	-5.52428e-05
190	-5.30939e-05
190.5	-5.26249e-05
191	-5.18242e-05
191.5	-5.09479e-05
192	-5.08155e-05
192.5	-5.07528e-05
193	-5.00769e-05
193.5	-4.84941e-05
194	-4.64379e-05
194.5	-4.46063e-05
195	-4.33193e-05
195.5	-4.76747e-05
196	-5.19214e-05
196.5	-4.55609e-05
197	-4.10161e-05
197.5	-3.77924e-05
198	-3.5893e-05
198.5	-3.53105e-05
199	-3.59066e-05
199.5	1.73608e-06
200	-1.33641e-05
200.5	-3.44272e-05
201	-5.01222e-05
201.5	-4.68076e-05
202	-4.10437e-05
202.5	-3.78621e-05
203	-3.45721e-05
203.5	-4.89984e-05
204	-4.53222e-05
204.5	-3.89591e-05
205	-3.68988e-05
205.5	-4.16315e-05
206	-4.03256e-05
206.5	-3.80459e-05
207	-3.69965e-05
207.5	-3.61012e-05
208	-3.64073e-05
208.5	-3.76245e-05
209	-3.94874e-05
209.5	-4.21585e-05
210	-4.5089e-05
210.5	-4.79887e-05
211	-5.00442e-05
211.5	-5.11447e-05
212	-5.28813e-05
212.5	-5.81769e-05
213	-7.69508e-05
213.5	-0.000459609
214	-0.000739516
214.5	0.0015987
215	0.000881641
215.5	0.000385312
216	-0.00061522
216.5	-0.000192838
217	-3.23829e-05
217.5	-5.28404e-06
218	1.39146e-05
218.5	1.58323e-05
219	1.14651e-05
219.5	5.76857e-06
220	2.29521e-06
220.5	-6.27672e-06
221	-3.46709e-06
221.5	-3.08192e-06
222	-3.03335e-06
222.5	-3.29027e-06
223	-4.11711e-06
223.5	-4.64821e-06
224	-4.98003e-06
224.5	-5.01827e-06
225	-1.7977e-05
225.5	-1.35821e-05
226	-1.40636e-05
226.5	-3.21022e-05
227	-2.66623e-05
227.5	-1.30429e-05
228	1.85711e-05
228.5	-7.56889e-06
229	-3.08368e-05
229.5	-4.11282e-05
230	-5.99832e-05
230.5	-6.42566e-05
231	-6.46629e-05
231.5	-7.41135e-05
232	-4.68851e-05
232.5	-2.84967e-05
233	-2.13728e-05
233.5	-4.35201e-05
234	-4.86321e-05
234.5	-5.06445e-05
235	-4.54381e-05
235.5	-6.09922e-05
236	-0.000138907
236.5	-2.288e-05
237	-0.000833384
237.5	0.00344433
238	0.00128646
238.5	0.000701122
239	-0.0003641
239.5	-0.000304609
240	-0.000225272
240.5	-0.000671716
241	0.000140841
241.5	-0.000645772
242	0.00281776
242.5	0.00107349
243	0.000334042
243.5	-0.000460144
244	-0.000515734
244.5	-0.000287721
245	-3.29326e-05
245.5	3.5868e-05
246	2.32445e-05
246.5	7.68809e-06
247	-5.32057e-06
247.5	-1.48355e-05
248	-2.17166e-05
248.5	-2.6864e-05
249	-3.19074e-05
249.5	-3.67919e-05
250	-4.08448e-05
250.5	-4.27603e-05
251	-4.33603e-05
251.5	-4.32531e-05
252	-3.973e-05
252.5	-8.17318e-06
253	-2.53341e-05
253.5	-3.42495e-05
254	-3.38889e-05
254.5	-3.76215e-05
255	-3.972e-05
255.5	-3.90259e-05
256	-3.49246e-05
256.5	-3.49225e-05
257	-3.47288e-05
257.5	-3.56785e-05
258	-3.79209e-05
258.5	-3.7999e-05
259	-3.70322e-05
259.5	-3.67462e-05
260	-3.72996e-05
260.5	-3.69919e-05
261	-3.58905e-05
261.5	-3.3026e-05
262	-2.95575e-05
262.5	-2.66836e-05
263	-2.36594e-05
263.5	-2.08921e-05
264	-1.84909e-05
264.5	-1.70169e-05
265	-1.57457e-05
265.5	-1.56307e-05
266	-1.61258e-05
266.5	-1.77853e-05
267	-2.08223e-05
267.5	-2.33067e-05
268	-2.56917e-05
268.5	-1.36474e-06
269	1.53445e-06
269.5	-1.75174e-05
270	-2.26243e-05
270.5	-2.34054e-05
271	-2.4135e-05
271.5	-2.53184e-05
272	-3.05098e-05
272.5	-3.50267e-05
273	-3.82107e-05
273.5	-4.0072e-05
274	-4.05152e-05
274.5	-4.05517e-05
275	-4.03289e-05
275.5	-3.9602e-05
276	-3.89271e-05
276.5	-3.96145e-05
277	-4.0664e-05
277.5	-4.13606e-05
278	-4.23348e-05
278.5	-4.42862e-05
279	-4.75833e-05
279.5	-5.64566e-05
280	-0.000313839
280.5	-0.00105506
281	0.000938931
281.5	0.000542201
282	0.00034239
282.5	-0.000543386
283	-0.000188007
283.5	-4.5532e-05
284	-7.23282e-06
284.5	1.11354e-05
285	1.09111e-05
285.5	3.74226e-06
286	-1.93897e-06
286.5	-8.2517e-06
287	-1.34132e-05
287.5	-1.75656e-05
288	-1.94468e-05
288.5	-1.97316e-05
289	-2.00374e-05
289.5	-2.10931e-05
290	-2.17261e-05
290.5	-2.25653e-05
291	-2.32898e-05
291.5	-2.38061e-05
292	-2.43314e-05
292.5	-2.51079e-05
293	-2.55483e-05
293.5	-2.5848e-05
294	-2.58687e-05
294.5	-2.61262e-05
295	-2.71228e-05
295.5	-3.2315e-05
296	-4.22158e-05
296.5	-4.45888e-05
297	-4.22536e-05
297.5	-4.50891e-05
298	-4.09688e-05
298.5	-4.2981e-05
299	-4.23521e-05
299.5	-3.88764e-05
300	-3.68645e-05
300.5	-3.41235e-05
301	-3.2414e-05
301.5	-3.09936e-05
302	-2.89109e-05
302.5	-2.63843e-05
303	-2.4918e-05
303.5	-2.40833e-05
304	-2.35343e-05
304.5	-2.6918e-05
305	-2.38749e-05
305.5	-2.54918e-05
306	-2.71458e-05
306.5	-2.77366e-05
307	-2.79684e-05
307.5	-2.84411e-05
308	-2.78198e-05
308.5	-2.67297e-05
309	-2.59761e-05
309.5	-2.43572e-05
310	1.75093e-06
310.5	-5.62492e-06
311	-1.52903e-05
311.5	-2.21536e-05
312	-2.64462e-05
312.5	-2.943e-05
313	-3.24413e-05
313.5	-3.47991e-05
314	-3.62521e-05
314.5	-3.88977e-05
315	-4.12402e-05
315.5	-4.17703e-05
316	-4.20645e-05
316.5	-4.25589e-05
317	-4.27831e-05
317.5	-4.2701e-05
318	-4.32297e-05
318.5	-4.47225e-05
319	-4.59455e-05
319.5	-4.80542e-05
320	-4.93033e-05
320.5	-4.98711e-05
321	-4.94059e-05
321.5	-4.88238e-05
322	-4.84711e-05
322.5	-4.05697e-05
323	-3.64032e-05
323.5	-4.33661e-05
324	-5.33048e-05
324.5	-5.57328e-05
325	-5.9057e-05
325.5	-5.7459e-05
326	-5.30014e-05
326.5	-6.55859e-05
327	-5.93074e-05
327.5	-6.37593e-05
328	-5.90089e-05
328.5	-5.5698e-05
329	-5.30468e-05
329.5	-5.05887e-05
330	-4.88979e-05
330.5	-4.74176e-05
331	-4.65526e-05
331.5	-4.58023e-05
332	-4.51415e-05
332.5	-4.38953e-05
333	-4.25737e-05
333.5	-4.15359e-05
334	-4.16435e-05
334.5	-4.1833e-05
335	-4.15849e-05
335.5	-4.17861e-05
336	-4.28657e-05
336.5	-4.83469e-05
337	-4.41055e-05
337.5	-4.38906e-05
338	-4.38129e-05
338.5	-1.96586e-05
339	-3.88433e-05
339.5	-5.10398e-05
340	-5.21297e-05
340.5	-4.92988e-05
341	-4.82027e-05
341.5	-4.81989e-05
342	-4.82523e-05
342.5	-5.9543e-05
343	-4.90711e-05
343.5	-6.01631e-05
344	-5.50321e-05
344.5	-5.22554e-05
345	-5.02147e-05
345.5	-4.88635e-05
346	-4.46995e-05
346.5	-4.41347e-05
347	-4.36132e-05
347.5	-4.26245e-05
348	-4.10934e-05
348.5	-4.59529e-05
349	-3.79049e-05
349.5	-4.28772e-05
350	-4.02966e-05
350.5	-3.88883e-05
351	-5.28378e-05
351.5	-4.70302e-05
352	-4.54943e-05
352.5	-3.49295e-05
353	-3.14854e-05
353.5	-6.28866e-05
354	-3.34752e-05
354.5	-4.26285e-05
355	-4.38453e-05
355.5	-4.46928e-05
356	-4.91287e-05
356.5	-4.55697e-05
357	-5.29304e-05
357.5	-4.71756e-05
358	-2.89016e-05
358.5	-5.12791e-05
359	-4.44797e-05
359.5	-3.75556e-05
360	-2.88173e-05
360.5	-5.196e-05
361	-4.88782e-05
361.5	-4.7072e-05
362	-5.43338e-05
362.5	-6.64112e-05
363	-8.11433e-05
363.5	-0.00037595
364	2.8732e-05
364.5	0.00214324
365	0.000512098
365.5	0.000101099
366	-0.000512925
366.5	-0.000236466
367	-0.000119856
367.5	-0.000121647
368	-0.000277207
368.5	8.41609e-05
369	-0.000422601
369.5	0.00235393
370	0.00144504
370.5	0.000407494
371	-0.000288477
371.5	-0.000266149
372	-8.45279e-05
372.5	-3.51927e-05
373	-1.45672e-05
373.5	-7.10414e-06
374	-4.54645e-06
374.5	-4.40057e-06
375	-6.48002e-06
375.5	-8.0629e-06
376	-1.04264e-05
376.5	-1.20668e-05
377	-1.33656e-05
377.5	-1.34044e-05
378	-1.25631e-05
378.5	-1.16011e-05
379	-2.87476e-06
379.5	-3.66121e-06
380	-7.10557e-06
380.5	-8.81644e-06
381	-9.32888e-06
381.5	-9.43092e-06
382	-3.97575e-06
382.5	3.8144e-06
383	5.28417e-07
383.5	-3.063e-06
384	-5.26553e-06
384.5	-7.31105e-06
385	-6.63653e-06
385.5	-1.41794e-05
386	-2.32041e-05
386.5	-2.83436e-05
387	-3.12103e-05
387.5	-3.02987e-05
388	-2.39296e-05
388.5	-2.34822e-05
389	-2.32751e-05
389.5	-2.40809e-05
390	-2.49159e-05
390.5	-2.56545e-05
391	-2.67503e-05
391.5	-2.80524e-05
392	-2.87431e-05
392.5	-2.92427e-05
393	-2.91065e-05
393.5	-2.49058e-05
394	-2.65602e-05
394.5	-2.6736e-05
395	-2.52171e-05
395.5	-2.30425e-05
396	-2.21083e-05
396.5	-2.29823e-05
397	-1.10224e-05
397.5	-1.2123e-05
398	-2.02188e-06
398.5	-2.56156e-06
399	-5.22354e-07
399.5	-8.14719e-06
400	-1.41817e-05
400.5	-1.91205e-05
401	-2.0261e-05
401.5	-1.98426e-05
402	-1.90645e-05
402.5	-1.85353e-05
403	-1.83944e-05
403.5	-1.85606e-05
404	-1.86298e-05
404.5	-1.87106e-05
405	-1.86234e-05
405.5	-1.91865e-05
406	-1.98731e-05
406.5	-2.12688e-05
407	-2.19042e-05
407.5	-2.21271e-05
408	-2.21902e-05
408.5	-1.50139e-05
409	-2.17344e-05
409.5	-2.08884e-05
410	-2.46955e-05
410.5	-3.57553e-05
411	-4.4488e-05
411.5	-4.87931e-05
412	-4.7004e-05
412.5	-4.54806e-05
413	-4.36045e-05
413.5	-4.2247e-05
414	-4.12801e-05
414.5	-4.0252e-05
415	-3.95699e-05
415.5	-3.84367e-05
416	-3.7112e-05
416.5	-3.59969e-05
417	-3.45156e-05
417.5	-3.32454e-05
418	-3.22803e-05
418.5	-3.25949e-05
419	-3.38995e-05
419.5	-3.46768e-05
420	-3.39962e-05
420.5	-3.25751e-05
421	-3.13479e-05
421.5	-2.89627e-05
422	-2.68237e-05
422.5	-2.58889e-05
423	-1.06208e-06
423.5	-3.08454e-06
424	-5.22529e-06
424.5	-1.55338e-05
425	-1.72801e-05
425.5	-2.97989e-05
426	-3.24533e-05
426.5	-3.48689e-05
427	-3.64895e-05
427.5	-3.51949e-05
428	-3.24935e-05
428.5	-3.10633e-05
429	-3.03362e-05
429.5	-2.96483e-05
430	-2.89056e-05
430.5	-2.97332e-05
431	-3.12829e-05
431.5	-3.15605e-05
432	-3.01435e-05
432.5	-2.76469e-05
433	-2.56657e-05
433.5	-2.50679e-05
434	-2.57292e-05
434.5	-2.72611e-05
435	-2.96671e-05
435.5	-3.81151e-05
436	-3.94806e-05
436.5	-5.47881e-05
437	-0.00027262
437.5	-0.000718013
438	-0.000474988
438.5	0.000129353
439	0.000108039
439.5	4.53228e-05
440	1.18196e-05
440.5	-1.08576e-05
441	-3.03241e-05
441.5	-3.40801e-05
442	-3.61782e-05
442.5	-3.78939e-05
443	-3.7577e-05
443.5	-3.79494e-05
444	-3.80749e-05
444.5	-3.86714e-05
445	-3.89285e-05
445.5	-3.85013e-05
446	-3.6844e-05
446.5	-3.40571e-05
447	-3.19354e-05
447.5	-3.03567e-05
448	-2.96267e-05
448.5	-3.01916e-05
449	-3.0351e-05
449.5	-3.02341e-05
450	-2.99291e-05
450.5	-3.03027e-05
451	-3.11104e-05
451.5	-3.22875e-05
452	-6.95772e-06
452.5	-7.24505e-06
453	-2.44175e-05
453.5	-4.84424e-05
454	-4.68116e-05
454.5	-4.88672e-05
455	-4.74569e-05
455.5	-4.48886e-05
456	-4.27303e-05
456.5	-4.28755e-05
457	-4.31478e-05
457.5	-4.1965e-05
458	-4.09917e-05
458.5	-3.99112e-05
459	-3.86415e-05
459.5	-3.70062e-05
460	-3.60688e-05
460.5	-3.55792e-05
461	-3.59027e-05
461.5	-3.69329e-05
462	-3.78153e-05
462.5	-3.82997e-05
463	-3.82977e-05
463.5	-3.89521e-05
464	-3.94545e-05
464.5	-4.032e-05
465	-4.19205e-05
465.5	-4.41542e-05
466	-4.70817e-05
466.5	-3.65745e-05
467	-3.08402e-05
467.5	-4.93741e-05
468	-6.74013e-05
468.5	-6.57329e-05
469	-6.12683e-05
469.5	-5.87971e-05
470	-5.71257e-05
470.5	-5.2939e-05
471	-4.80174e-05
471.5	-4.40331e-05
472	-4.05776e-05
472.5	-3.95081e-05
473	-3.55755e-05
473.5	-3.30726e-05
474	-3.08377e-05
474.5	-2.86294e-05
475	-2.61437e-05
475.5	-2.44833e-05
476	-2.38348e-05
476.5	-2.48427e-05
477	-2.63165e-05
477.5	-2.75891e-05
478	-2.95567e-05
478.5	-3.71609e-05
479	-4.26619e-05
479.5	-4.2152e-05
480	-4.31588e-05
480.5	-4.52273e-05
481	-3.82519e-05
481.5	-4.84953e-05
482	-6.42689e-05
482.5	-8.52403e-05
483	-9.44847e-05
483.5	-8.01125e-05
484	-6.54985e-05
484.5	-6.31427e-05
485	-5.94402e-05
485.5	-5.6477e-05
486	-5.42477e-05
486.5	-5.26098e-05
487	-5.1214e-05
487.5	-5.41253e-05
488	-5.55566e-05
488.5	-4.88401e-05
489	-5.51951e-05
489.5	-6.34814e-05
490	-6.00422e-05
490.5	-6.3091e-05
491	-5.73053e-05
491.5	-6.5291e-05
492	-5.99249e-05
492.5	-7.6504e-05
493	-6.67042e-05
493.5	-7.17949e-05
494	-7.07377e-05
494.5	-5.77993e-05
495	-4.77224e-05
495.5	-3.09835e-06
496	-2.86839e-05
496.5	-4.31878e-05
497	-6.14907e-05
497.5	-9.75122e-05
498	-7.30315e-05
498.5	-7.53748e-05
499	-9.26192e-05
499.5	-0.000180939
500	6.38228e-05
500.5	-0.000478463
501	0.00258384
501.5	0.00264333
502	0.0014395
502.5	0.00035389
503	-0.000278866
503.5	-0.000322438
504	-0.000168829
504.5	-0.000102341
505	-4.79557e-05
505.5	-2.31454e-05
506	-9.14606e-06
506.5	-4.19992e-06
507	-4.27877e-06
507.5	-5.35088e-06
508	-7.17834e-06
508.5	-8.89215e-06
509	-1.03059e-05
509.5	-1.2342e-05
510	-1.40603e-05
510.5	-1.55107e-05
511	-1.67856e-05
511.5	-1.81709e-05
512	-1.96413e-05
512.5	-2.00762e-05
513	-1.93333e-05
513.5	-1.8673e-05
514	-1.76678e-05
514.5	-1.69679e-05
515	-1.59581e-05
515.5	-9.11404e-06
516	-2.15256e-07
516.5	-6.89084e-07
517	-1.41351e-05
517.5	-2.70568e-05
518	-3.13395e-05
518.5	-3.06916e-05
519	-3.52823e-05
519.5	-3.90195e-05
520	-4.26871e-05
520.5	-4.49234e-05
521	-4.64253e-05
521.5	-4.85784e-05
522	-5.16273e-05
522.5	-5.45845e-05
523	-5.65666e-05
523.5	-5.81334e-05
524	-5.81355e-05
524.5	-5.56852e-05
525	-5.29224e-05
525.5	-5.0035e-05
526	-4.8022e-05
526.5	-4.66286e-05
527	-4.60987e-05
527.5	-4.43642e-05
528	-4.03065e-05
528.5	-3.57975e-05
529	-3.14222e-05
529.5	-2.8741e-05
530	-2.68127e-05
530.5	-2.48289e-05
531	-2.39407e-05
531.5	-4.41478e-06
532	8.67653e-06
532.5	5.72782e-06
533	-5.80326e-06
533.5	-1.17983e-05
534	-1.08779e-05
534.5	-1.56412e-05
535	-1.57385e-05
535.5	-1.9952e-05
536	-2.18809e-05
536.5	-2.06288e-05
537	-9.70675e-06
537.5	3.68081e-06
538	5.19665e-06
538.5	5.32473e-06
539	5.81086e-06
539.5	-1.98476e-06
540	-6.91545e-06
540.5	-7.77823e-06
541	-7.71684e-06
541.5	-8.00813e-06
542	-8.15441e-06
542.5	-8.53603e-06
543	-9.05532e-06
543.5	-9.75018e-06
544	-9.74873e-06
544.5	-1.01716e-05
545	-1.18949e-05
545.5	-1.4019e-05
546	-8.7823e-06
546.5	-1.69378e-05
547	-2.34082e-05
547.5	-2.22873e-05
548	-2.33053e-05
548.5	-2.9944e-05
549	-3.38742e-05
549.5	-4.15228e-05
550	-3.96204e-05
550.5	-4.12503e-05
551	-4.39374e-05
551.5	-4.60943e-05
552	-4.75266e-05
552.5	-4.75292e-05
553	-4.68815e-05
553.5	-4.59785e-05
554	-4.44584e-05
554.5	-4.32672e-05
555	-4.24661e-05
555.5	-4.02399e-05
556	-3.84696e-05
556.5	-3.88838e-05
557	-2.91848e-05
557.5	-2.90511e-05
558	-3.28428e-05
558.5	-3.45455e-05
559	-3.51688e-05
559.5	-3.92631e-05
560	-4.4839e-05
560.5	-4.82618e-05
561	-4.97177e-05
561.5	-4.98548e-05
562	-4.50631e-05
562.5	-4.66876e-05
563	-4.33174e-05
563.5	-4.02462e-05
564	-3.87054e-05
564.5	-3.77302e-05
565	-3.8577e-05
565.5	-4.09763e-05
566	-4.15241e-05
566.5	-4.48074e-05
567	-4.9525e-05
567.5	-5.1718e-05
568	-5.20907e-05
568.5	-5.16106e-05
569	-5.0679e-05
569.5	-4.99615e-05
570	-4.86095e-05
570.5	-3.68866e-05
571	-2.78301e-05
571.5	-2.65881e-05
572	-2.70107e-05
572.5	-2.86381e-05
573	-3.04257e-05
573.5	-3.10118e-05
574	-3.26735e-05
574.5	-1.79432e-05
575	-1.87566e-05
575.5	-1.92676e-05
576	-1.75837e-05
576.5	-2.44003e-05
577	-2.26152e-05
577.5	-2.84629e-05
578	-3.77902e-05
578.5	-4.07323e-05
579	-3.5525e-05
579.5	-3.42863e-05
580	-3.71232e-05
580.5	-3.94204e-05
581	-3.91791e-05
581.5	-3.59229e-05
582	-3.55689e-05
582.5	-3.52306e-05
583	-3.45246e-05
583.5	-3.38914e-05
584	-3.3326e-05
584.5	-3.4075e-05
585	-3.4404e-05
585.5	-3.50702e-05
586	-3.66071e-05
586.5	-3.87082e-05
587	-4.15047e-05
587.5	-4.43147e-05
588	-4.5909e-05
588.5	-4.70562e-05
589	-4.80978e-05
589.5	-4.95696e-05
590	-4.28034e-05
590.5	-1.94481e-05
591	-4.98501e-05
591.5	-0.000308196
592	-0.000376298
592.5	-0.000129737
593	0.000105924
593.5	5.10365e-05
594	9.21708e-06
594.5	-2.17751e-05
595	-3.13618e-05
595.5	-3.85046e-05
596	-3.37596e-05
596.5	-3.21114e-05
597	-3.02575e-05
597.5	-2.83559e-05
598	-2.74762e-05
598.5	-2.6769e-05
599	-3.4379e-05
599.5	-2.67691e-05
600	-2.30433e-05
600.5	-2.19787e-05
601	-2.1958e-05
601.5	-2.27031e-05
602	-2.34247e-05
602.5	-2.37544e-05
603	-2.43533e-05
603.5	-2.60144e-05
604	-3.46781e-05
604.5	-3.16985e-05
605	-2.21332e-05
605.5	-1.27245e-05
606	-1.15681e-05
606.5	-1.60669e-05
607	-2.39594e-05
607.5	-2.75374e-05
608	-2.6146e-05
608.5	-5.13783e-05
609	-5.22669e-05
609.5	-5.83846e-05
610	-5.36814e-05
610.5	-7.3925e-05
611	-6.525e-05
611.5	-5.61808e-05
612	-4.70978e-05
612.5	-4.90806e-05
613	-5.45675e-05
613.5	-4.36088e-05
614	-4.08192e-05
614.5	-2.03077e-05
615	-4.84717e-05
615.5	-3.00569e-05
616	-3.81059e-05
616.5	-2.74609e-05
617	-3.28263e-05
617.5	-3.01312e-05
618	-3.97484e-05
618.5	-0.00012693
619	-0.00117049
619.5	-0.000355053
620	0.0023971
620.5	0.00147076
621	0.000773137
621.5	-0.000429831
622	-0.000275079
622.5	-0.000149459
623	-0.000134133
623.5	-0.000109744
624	-7.32745e-05
624.5	-0.000398163
625	0.000251677
625.5	-0.000320803
626	0.0026867
626.5	0.00118062
627	-0.000471834
627.5	-0.00087131
628	-0.000642433
628.5	-2.67515e-05
629	5.49873e-05
629.5	3.96028e-05
630	2.11619e-05
630.5	7.04509e-06
631	-3.23793e-06
631.5	-1.00615e-05
632	-1.50542e-05
632.5	-1.90139e-05
633	-2.0211e-05
633.5	-2.78999e-05
634	-3.06719e-05
634.5	-2.32413e-05
635	-2.31522e-05
635.5	-1.91757e-05
636	-1.50206e-05
636.5	-1.8397e-05
637	-2.17273e-05
637.5	-2.63143e-05
638	-2.93934e-05
638.5	-3.05028e-05
639	-3.04922e-05
639.5	-2.94642e-05
640	-2.85408e-05
640.5	-2.84294e-05
641	-2.83875e-05
641.5	-2.8131e-05
642	-3.16482e-05
642.5	-3.44974e-05
643	-3.72469e-05
643.5	-3.92357e-05
644	-4.04897e-05
644.5	-4.20821e-05
645	-4.34081e-05
645.5	-4.46472e-05
646	-4.54165e-05
646.5	-4.68433e-05
647	-6.23564e-05
647.5	-7.30359e-05
648	-7.88953e-05
648.5	-5.93883e-05
649	-5.60371e-05
649.5	-6.17265e-05
650	-6.25627e-05
650.5	-6.24173e-05
651	-6.61163e-05
651.5	-6.65906e-05
652	-6.44246e-05
652.5	-6.13109e-05
653	-5.77412e-05
653.5	-5.47749e-05
654	-4.56167e-05
654.5	-4.77006e-05
655	-4.2405e-05
655.5	-4.32201e-05
656	-4.27599e-05
656.5	-4.11855e-05
657	-3.89055e-05
657.5	-3.53106e-05
658	-3.55222e-05
658.5	-3.56646e-05
659	-3.46814e-05
659.5	-3.36664e-05
660	-3.33013e-05
660.5	-3.28288e-05
661	-3.2119e-05
661.5	-3.09915e-05
662	-2.95267e-05
662.5	-2.85396e-05
663	1.23555e-05
663.5	9.18684e-06
664	4.03654e-06
664.5	1.28554e-06
665	-4.08719e-07
665.5	-5.18986e-06
666	-1.32267e-05
666.5	-1.5463e-05
667	-2.17097e-05
667.5	-2.53033e-05
668	-2.57865e-05
668.5	-3.06592e-05
669	-3.87191e-05
669.5	-4.35196e-05
670	-4.6111e-05
670.5	-4.63803e-05
671	-4.95774e-05
671.5	-5.09658e-05
672	-5.0364e-05
672.5	-4.88804e-05
673	-4.81749e-05
673.5	-4.76699e-05
674	-4.70341e-05
674.5	-4.57939e-05
675	-4.40678e-05
675.5	-4.30012e-05
676	-4.11861e-05
676.5	-3.93202e-05
677	-3.78092e-05
677.5	-3.76765e-05
678	-3.98079e-05
678.5	-4.56616e-05
679	-3.09744e-05
679.5	-3.07682e-05
680	-3.97843e-05
680.5	-4.25918e-05
681	-3.81682e-05
681.5	-3.38469e-05
682	-2.87495e-05
682.5	-3.16156e-05
683	-2.71788e-05
683.5	-2.59517e-05
684	-3.33674e-05
684.5	-3.23129e-05
685	-2.42301e-05
685.5	-2.20559e-05
686	-1.99984e-05
686.5	-1.86133e-05
687	-1.67288e-05
687.5	-1.62052e-05
688	-1.6664e-05
688.5	-1.58523e-05
689	-1.63995e-05
689.5	-1.76769e-05
690	-3.32222e-05
690.5	-2.97298e-05
691	-2.75246e-05
691.5	-2.79884e-05
692	-2.92079e-05
692.5	-2.82997e-05
693	-3.88698e-05
693.5	-4.52909e-05
694	-4.19801e-05
694.5	-4.07179e-05
695	-4.63177e-05
695.5	-4.7139e-05
696	-5.29277e-05
696.5	-5.61643e-05
697	-5.04052e-05
697.5	-4.8631e-05
698	-4.6261e-05
698.5	-4.40505e-05
699	-4.21416e-05
699.5	-4.11977e-05
700	-4.03968e-05
700.5	-3.96415e-05
701	-3.89031e-05
701.5	-3.90756e-05
702	-3.93701e-05
702.5	-4.0437e-05
703	-4.19163e-05
703.5	-4.34169e-05
704	-4.46517e-05
704.5	-4.59517e-05
705	-4.64574e-05
705.5	-4.68714e-05
706	-4.64784e-05
706.5	-4.62664e-05
707	-4.68121e-05
707.5	-1.57268e-05
708	-1.9803e-05
708.5	-0.000359848
709	-0.000304056
709.5	-0.00013279
710	9.00629e-07
710.5	2.8565e-05
711	6.98037e-06
711.5	-1.5137e-05
712	-2.71224e-05
712.5	-3.45248e-05
713	-4.01526e-05
713.5	-4.45172e-05
714	-4.66757e-05
714.5	-4.78472e-05
715	-4.39539e-05
715.5	-5.85626e-05
716	-5.22004e-05
716.5	-4.66206e-05
717	-5.94113e-05
717.5	-5.58639e-05
718	-3.26175e-05
718.5	-2.03365e-05
719	-1.99538e-05
719.5	-2.01164e-05
720	-2.00045e-05
720.5	-1.96205e-05
721	-3.39383e-05
721.5	-4.0382e-05
722	-4.85813e-05
722.5	-3.02704e-05
723	-4.64258e-05
723.5	-2.20342e-05
724	-6.30279e-05
724.5	-8.19129e-05
725	-0.000708108
725.5	-6.90943e-05
726	0.00228464
726.5	0.00464683
727	0.00153348
727.5	0.000307873
728	-0.000311795
728.5	-0.000278062
729	-0.000170434
729.5	-0.000121003
730	-0.000101449
730.5	-0.00010991
731	-0.000107056
731.5	-0.000674085
732	2.52857e-05
732.5	0.0024435
733	0.0012142
733.5	0.000131038
734	-0.00101272
734.5	-0.000831499
735	-0.000204272
735.5	-2.97058e-07
736	1.52886e-05
736.5	9.38406e-06
737	2.34553e-06
737.5	-5.46982e-06
738	-1.14314e-05
738.5	-1.66368e-05
739	-2.02907e-05
739.5	-2.30921e-05
740	-2.47004e-05
740.5	-2.66275e-05
741	-2.04071e-05
741.5	-2.27583e-05
742	-3.03955e-05
742.5	-4.17356e-05
743	-4.67412e-05
743.5	-5.15695e-05
744	-5.45847e-05
744.5	-5.61989e-05
745	-5.59152e-05
745.5	-5.08106e-05
746	-4.3518e-05
746.5	-4.39237e-05
747	-4.62335e-05
747.5	-4.81088e-05
748	-4.89186e-05
748.5	-4.92278e-05
749	-4.87131e-05
749.5	-4.78347e-05
750	-4.68927e-05
750.5	-4.51427e-05
751	-4.31272e-05
751.5	-4.07766e-05
752	-3.86252e-05
752.5	-3.63648e-05
753	-3.41134e-05
753.5	-3.14455e-05
754	-2.88276e-05
754.5	-2.64272e-05
755	-2.39367e-05
755.5	-2.15809e-05
756	-1.94487e-05
756.5	-1.80116e-05
757	-1.75989e-05
757.5	-7.23816e-06
758	-1.28421e-05
758.5	-1.3937e-05
759	-1.50329e-05
759.5	-1.95734e-05
760	-2.84615e-05
760.5	-3.57856e-05
761	-4.25811e-05
761.5	-4.41343e-05
762	-3.66531e-05
762.5	-3.19312e-05
763	-3.01022e-05
763.5	-2.86496e-05
764	-2.67713e-05
764.5	-2.85842e-05
765	-3.00563e-05
765.5	-3.0651e-05
766	-3.17496e-05
766.5	-3.25313e-05
767	-3.35233e-05
767.5	-3.39203e-05
768	-3.29865e-05
768.5	-3.17305e-05
769	-3.06966e-05
769.5	-2.94202e-05
770	-2.80891e-05
770.5	-2.72127e-05
771	-2.57967e-05
771.5	-2.50883e-05
772	-1.54087e-05
772.5	-3.16382e-06
773	-7.48994e-06
773.5	-1.17736e-05
774	-1.47445e-05
774.5	8.96702e-06
775	-6.21686e-06
775.5	-2.63345e-05
776	-3.43461e-05
776.5	-3.72838e-05
777	-3.75933e-05
777.5	-3.75932e-05
778	-3.64064e-05
778.5	-3.56865e-05
779	-3.66647e-05
779.5	-3.7547e-05
780	-3.80835e-05
780.5	-3.87458e-05
781	-3.88344e-05
781.5	-3.85268e-05
782	-3.72899e-05
782.5	-3.60675e-05
783	-3.69585e-05
783.5	-3.93864e-05
784	-4.2493e-05
784.5	-4.05995e-05
785	-4.17734e-05
785.5	-4.24973e-05
786	-4.2856e-05
786.5	-4.33506e-05
787	-4.50928e-05
787.5	-4.9251e-05
788	-5.37569e-05
788.5	-6.23843e-06
789	-0.000379644
789.5	-0.000218461
790	-6.01559e-05
790.5	8.23111e-05
791	3.58315e-05
791.5	3.5345e-06
792	-1.66459e-05
792.5	-2.97622e-05
793	-3.76627e-05
793.5	-4.18513e-05
794	-4.23437e-05
794.5	-4.24459e-05
795	-4.2198e-05
795.5	-4.24285e-05
796	-4.18392e-05
796.5	-4.09924e-05
797	-4.16381e-05
797.5	-4.25284e-05
798	-4.27085e-05
798.5	-4.17209e-05
799	-4.03466e-05
799.5	-3.91919e-05
800	-3.8545e-05
800.5	-3.83385e-05
801	-3.86174e-05
801.5	-3.56867e-05
802	-2.31091e-05
802.5	-3.28061e-05
803	-4.05965e-05
803.5	-3.59221e-05
804	-3.25466e-05
804.5	-3.54916e-05
805	-3.77854e-05
805.5	-3.87139e-05
806	-3.74001e-05
806.5	-3.56902e-05
807	-3.66916e-05
807.5	-3.80683e-05
808	-5.13728e-05
808.5	-4.64212e-05
809	-4.34545e-05
809.5	-4.24291e-05
810	-4.16257e-05
810.5	-4.23009e-05
811	-4.2405e-05
811.5	-4.29552e-05
812	-4.41073e-05
812.5	-4.57007e-05
813	-4.78194e-05
813.5	-4.97784e-05
814	-5.10631e-05
814.5	-5.06539e-05
815	-4.76566e-05
815.5	-5.79323e-05
816	-6.63553e-05
816.5	-6.27494e-05
817	-6.58396e-05
817.5	-6.29402e-05
818	-5.76049e-05
818.5	-4.18837e-05
819	-4.3953e-05
819.5	-4.88039e-05
820	-4.76538e-05
820.5	-4.58558e-05
821	-4.42906e-05
821.5	-4.22513e-05
822	-3.9728e-05
822.5	-4.04327e-05
823	-4.3994e-05
823.5	-3.83179e-05
824	-3.46463e-05
824.5	-3.28083e-05
825	-3.10529e-05
825.5	-3.01097e-05
826	-2.99421e-05
826.5	-3.44638e-05
827	-3.04172e-05
827.5	-2.49366e-05
828	-2.04485e-05
828.5	-2.65406e-05
829	-2.50508e-05
829.5	-2.39308e-05
830	-2.62958e-05
830.5	-2.97565e-05
831	-3.20078e-05
831.5	-2.42888e-05
832	-3.47119e-05
832.5	-4.9101e-05
833	-3.3493e-05
833.5	-2.87832e-05
834	-3.1659e-05
834.5	-4.49904e-05
835	-4.33966e-05
835.5	-6.135e-05
836	-5.91246e-05
836.5	-5.54784e-05
837	-5.72462e-05
837.5	-6.62046e-05
838	-7.43199e-05
838.5	-5.97254e-05
839	-6.83454e-05
839.5	-6.38694e-05
840	-8.16929e-05
840.5	-0.000150242
841	-1.6266e-05
841.5	-0.00100403
842	0.00276393
842.5	0.00113088
843	0.000276115
843.5	-0.000707542
844	-0.000553674
844.5	-0.000234895
845	-0.000292995
845.5	6.53135e-05
846	-0.000839734
846.5	0.00273795
847	0.00138437
847.5	0.000821437
848	-0.000386723
848.5	-0.000231588
849	-0.000126178
849.5	-6.37072e-05
850	-4.32743e-05
850.5	-3.75299e-05
851	-3.5621e-05
851.5	-3.06391e-05
852	-2.71672e-05
852.5	-2.69652e-05
853	-2.83765e-05
853.5	-3.03829e-05
854	-3.2549e-05
854.5	-3.43355e-05
855	-3.62425e-05
855.5	-3.89957e-05
856	-4.1746e-05
856.5	-4.38153e-05
857	-4.58133e-05
857.5	-3.03841e-05
858	-2.05304e-05
858.5	-3.4843e-05
859	-3.91202e-05
859.5	-4.64858e-05
860	-5.08057e-05
860.5	-5.8747e-05
861	-6.39311e-05
861.5	-5.39185e-05
862	-4.91144e-05
862.5	-5.29683e-05
863	-5.45318e-05
863.5	-5.55628e-05
864	-5.55583e-05
864.5	-5.50861e-05
865	-5.39858e-05
865.5	-5.25517e-05
866	-5.07347e-05
866.5	-4.71579e-05
867	-4.70855e-05
867.5	-4.77061e-05
868	-4.78529e-05
868.5	-4.75137e-05
869	-4.74914e-05
869.5	-4.74914e-05
870	-4.75215e-05
870.5	-4.64843e-05
871	-4.50104e-05
871.5	-4.3472e-05
872	-4.24008e-05
872.5	-4.25044e-05
873	-3.46113e-05
873.5	-3.58905e-05
874	-4.4926e-05
874.5	-3.92992e-05
875	-2.30738e-05
875.5	-2.43701e-05
876	-2.97925e-05
876.5	-3.10098e-05
877	-2.831e-05
877.5	-2.57076e-05
878	-2.30455e-05
878.5	-2.3184e-05
879	-2.52787e-05
879.5	-2.91717e-05
880	-3.07866e-05
880.5	-3.16002e-05
881	-3.20578e-05
881.5	-3.25073e-05
882	-3.29608e-05
882.5	-3.34742e-05
883	-3.33811e-05
883.5	-3.35253e-05
884	-3.39404e-05
884.5	-3.43888e-05
885	-3.57082e-05
885.5	-3.73337e-05
886	-3.91919e-05
886.5	-4.1576e-05
887	-4.79396e-05
887.5	-6.02446e-05
888	-6.69694e-05
888.5	-3.68788e-05
889	-4.61116e-05
889.5	-5.24093e-05
890	-5.37479e-05
890.5	-5.32563e-05
891	-4.98406e-05
891.5	-4.95409e-05
892	-5.08418e-05
892.5	-5.35571e-05
893	-5.46528e-05
893.5	-5.43454e-05
894	-5.32336e-05
894.5	-5.19122e-05
895	-4.96551e-05
895.5	-4.68173e-05
896	-4.35374e-05
896.5	-4.12504e-05
897	-3.92637e-05
897.5	-3.82799e-05
898	-3.81457e-05
898.5	-3.71596e-05
899	-3.53414e-05
899.5	-3.38915e-05
900	-3.26932e-05
900.5	-9.67528e-06
901	-1.7656e-05
901.5	-2.60187e-05
902	-4.14771e-05
902.5	-4.69369e-05
903	-4.80239e-05
903.5	-4.93189e-05
904	-5.46088e-05
904.5	-4.59733e-05
905	-4.34545e-05
905.5	-4.19975e-05
906	-4.00925e-05
906.5	-3.84272e-05
907	-3.75649e-05
907.5	-3.63923e-05
908	-3.57728e-05
908.5	-3.52163e-05
909	-3.37934e-05
909.5	-3.24416e-05
910	-3.15736e-05
910.5	-3.12737e-05
911	-3.13725e-05
911.5	-3.18356e-05
912	-3.19915e-05
912.5	-2.21345e-05
913	-2.67409e-05
913.5	-2.96874e-05
914	-3.07433e-05
914.5	-3.12203e-05
915	-3.2507e-05
915.5	-2.31867e-05
916	-1.42594e-05
916.5	-2.36338e-05
917	-3.07174e-05
917.5	-3.59052e-05
918	-4.60109e-05
918.5	-4.54857e-05
919	-4.79815e-05
919.5	-4.77493e-05
920	-4.609e-05
920.5	-3.82116e-05
921	-3.40009e-05
921.5	-3.15164e-05
922	-2.94305e-05
922.5	-2.74733e-05
923	-2.4922e-05
923.5	-2.25731e-05
924	-2.17246e-05
924.5	-2.20567e-05
925	-2.27784e-05
925.5	-2.42075e-05
926	-2.5898e-05
926.5	-2.66354e-05
927	-2.70728e-05
927.5	-2.70387e-05
928	-1.8568e-05
928.5	-1.42381e-05
929	-1.76834e-05
929.5	-2.4352e-05
930	-2.75879e-05
930.5	-2.90872e-05
931	-2.87965e-05
931.5	-2.68484e-05
932	-3.29653e-05
932.5	-3.83638e-05
933	-3.42066e-05
933.5	-3.56698e-05
934	-3.62718e-05
934.5	-3.67688e-05
935	-4.15231e-05
935.5	-4.3823e-05
936	-4.41045e-05
936.5	-4.40862e-05
937	-4.39763e-05
937.5	-4.34864e-05
938	-4.29554e-05
938.5	-4.28674e-05
939	-4.22059e-05
939.5	-4.12483e-05
940	-4.03319e-05
940.5	-3.92055e-05
941	-3.8208e-05
941.5	-2.3e-05
942	-2.48931e-05
942.5	-2.85648e-05
943	-2.96078e-05
943.5	-2.3169e-05
944	-3.11423e-05
944.5	-3.54251e-05
945	-3.70318e-05
945.5	-3.77582e-05
946	-3.74923e-05
946.5	-4.25253e-05
947	-5.14112e-05
947.5	-5.23822e-05
948	-4.74033e-05
948.5	-4.68852e-05
949	-4.58506e-05
949.5	-4.38361e-05
950	-4.20137e-05
950.5	-4.11991e-05
951	-4.05304e-05
951.5	-4.04742e-05
952	-4.08848e-05
952.5	-4.86921e-05
953	-4.44139e-05
953.5	-4.33483e-05
954	-4.32868e-05
954.5	-4.23862e-05
955	-4.13016e-05
955.5	-4.07533e-05
956	-3.29274e-05
956.5	-3.04679e-05
957	-3.43218e-05
957.5	-3.04424e-05
958	-2.26924e-05
958.5	-3.33595e-05
959	-2.41708e-05
959.5	-3.57173e-05
960	-4.33856e-05
960.5	-4.61874e-05
961	-5.61445e-05
961.5	-5.27911e-05
962	-6.0609e-05
962.5	-5.57464e-05
963	-6.4679e-05
963.5	-5.7794e-05
964	-5.1616e-05
964.5	-4.83969e-05
965	-4.64678e-05
965.5	-4.48575e-05
966	-4.39385e-05
966.5	-4.37613e-05
967	-4.34705e-05
967.5	-4.34095e-05
968	-4.16764e-05
968.5	-4.18493e-05
969	-4.22078e-05
969.5	-4.90014e-05
970	-4.07899e-05
970.5	-3.41758e-05
971	-4.07821e-05
971.5	-5.73878e-05
972	-5.19157e-05
972.5	-5.87436e-05
973	-5.84082e-05
973.5	-6.87371e-05
974	-7.78323e-05
974.5	-8.1045e-05
975	-9.91822e-05
975.5	-7.20365e-05
976	-5.37393e-05
976.5	-4.04447e-05
977	-3.89758e-05
977.5	-3.97685e-05
978	-5.30467e-05
978.5	-9.53281e-05
979	-9.51361e-05
979.5	-0.000482539
980	0.000181471
980.5	-0.000123135
981	0.00173553
981.5	0.000583224
982	-0.000725208
982.5	-0.000793136
983	-0.000438752
983.5	-0.00023393
984	-0.000105818
984.5	2.93308e-05
985	-0.00059412
985.5	0.00171539
986	0.00114141
986.5	-0.000356036
987	-0.000217593
987.5	-0.000112941
988	-5.54433e-05
988.5	-2.49766e-05
989	-1.40234e-05
989.5	-1.22903e-05
990	-1.34824e-05
990.5	-1.61834e-05
991	-1.9353e-05
991.5	-2.34794e-05
992	-2.67886e-05
992.5	-2.92495e-05
993	-3.20461e-05
993.5	-3.55074e-05
994	-3.96831e-05
994.5	-4.26059e-05
995	-4.42371e-05
995.5	-4.50743e-05
996	-2.27492e-05
996.5	-1.19509e-06
997	-2.81139e-05
997.5	-3.65453e-05
998	-4.11155e-05
998.5	-4.20418e-05
999	-4.47945e-05
999.5	-4.61524e-05
1000	-4.57913e-05
