0	0
0.5	3.37279e-06
1	3.37321e-06
1.5	3.37329e-06
2	3.37325e-06
2.5	3.37313e-06
3	3.37298e-06
3.5	3.41611e-06
4	3.08233e-06
4.5	1.49587e-06
5	-8.27934e-07
5.5	-2.53991e-06
6	-3.70065e-06
6.5	-4.82391e-06
7	-5.20243e-06
7.5	-4.9768e-06
8	-4.15942e-06
8.5	-4.75591e-06
9	-5.19378e-06
9.5	-4.92798e-06
10	-5.83588e-06
10.5	-6.56173e-06
11	-7.3857e-06
11.5	-7.01236e-06
12	-1.09834e-05
12.5	-1.25315e-05
13	-1.25465e-05
13.5	-1.07036e-05
14	-9.80115e-06
14.5	-5.00013e-06
15	-9.92902e-06
15.5	-2.88109e-05
16	-2.96645e-05
16.5	1.21786e-07
17	1.33176e-05
17.5	8.88595e-06
18	9.99669e-06
18.5	2.05804e-05
19	1.71382e-06
19.5	3.1888e-09
20	-9.9398e-07
20.5	-1.71151e-06
21	-2.68889e-06
21.5	-4.88746e-06
22	-1.03467e-05
22.5	-1.14712e-05
23	-1.512e-05
23.5	-1.5084e-05
24	-1.55357e-05
24.5	-1.91494e-05
25	-2.05569e-05
25.5	-2.15964e-05
26	-1.97352e-05
26.5	-2.7504e-05
27	-3.23998e-05
27.5	-3.47225e-05
28	-0.000148469
28.5	-9.92027e-05
29	-7.19322e-05
29.5	-4.72476e-05
30	6.42324e-06
30.5	0.000299352
31	0.00061646
31.5	-0.000411973
32	-0.000556982
32.5	-0.00070102
33	-0.000502174
33.5	-0.000364427
34	-0.00039723
34.5	-0.000373609
35	-0.000362135
35.5	-0.000356854
36	-0.000346678
36.5	-0.00032978
37	-0.000304528
37.5	-0.000276908
38	-0.000249216
38.5	-0.000222003
39	-0.000194269
39.5	-0.000160476
40	-0.000135555
40.5	-0.000112799
41	-9.36011e-05
41.5	-7.65348e-05
42	-6.14131e-05
42.5	-4.85496e-05
43	-3.8306e-05
43.5	-3.01106e-05
44	-2.33813e-05
44.5	-1.82362e-05
45	-1.40114e-05
45.5	-1.5951e-05
46	-1.56643e-05
46.5	-2.13104e-05
47	-1.45686e-05
47.5	-6.74017e-06
48	-1.68781e-06
48.5	-1.04259e-06
49	-5.38044e-06
49.5	-9.12089e-06
50	-7.15723e-06
50.5	-6.12691e-06
51	-6.31425e-06
51.5	-6.87846e-06
52	-7.17307e-06
52.5	-7.6814e-06
53	-8.35137e-06
53.5	-7.69779e-06
54	-6.8248e-06
54.5	-5.98347e-06
55	-5.1618e-06
55.5	-5.04742e-06
56	-5.54343e-06
56.5	-6.77103e-06
57	-7.62229e-06
57.5	-8.5255e-06
58	-9.99728e-06
58.5	-1.12333e-05
59	-1.18764e-05
59.5	-1.15275e-05
60	-1.11361e-05
60.5	-1.08646e-05
61	-1.45411e-05
61.5	-2.01516e-05
62	-2.59564e-05
62.5	-2.94788e-05
63	-2.08065e-05
63.5	-1.51735e-05
64	-1.36722e-05
64.5	-1.15991e-05
65	-1.05133e-05
65.5	-8.37457e-06
66	-7.60856e-06
66.5	-4.54953e-06
67	-2.48992e-06
67.5	-4.34673e-06
68	-5.67456e-06
68.5	-6.41123e-06
69	-6.1084e-06
69.5	-8.64765e-06
70	-1.24341e-05
70.5	-1.1013e-05
71	-8.56111e-06
71.5	-7.84214e-06
72	-6.9586e-06
72.5	-6.42871e-06
73	-8.46389e-06
73.5	-1.68154e-05
74	-1.74747e-05
74.5	-1.52861e-05
75	-1.26824e-05
75.5	-1.15723e-05
76	-1.08323e-05
76.5	-1.02099e-05
77	-9.56394e-06
77.5	-8.77719e-06
78	-9.38394e-06
78.5	-1.07835e-05
79	-1.0583e-05
79.5	-7.31871e-06
80	-6.88937e-06
80.5	-6.20854e-06
81	-4.65221e-06
81.5	-3.173e-06
82	-2.37865e-06
82.5	-3.59927e-06
83	-3.55931e-06
83.5	-3.08946e-06
84	-3.60027e-06
84.5	-3.83162e-06
85	-3.88368e-06
85.5	-3.93567e-06
86	-5.09201e-06
86.5	-5.61994e-06
87	-5.4019e-06
87.5	-5.95109e-06
88	-6.50857e-06
88.5	-6.81908e-06
89	-6.5648e-06
89.5	-4.24783e-06
90	-8.0641e-06
90.5	-7.16869e-05
91	-8.77141e-05
91.5	-7.9393e-05
92	-6.90009e-05
92.5	-6.04645e-05
93	-5.37375e-05
93.5	-4.79648e-05
94	-4.33288e-05
94.5	-3.99122e-05
95	-3.64792e-05
95.5	-2.99286e-05
96	-2.26302e-05
96.5	-1.98957e-05
97	-1.85414e-05
97.5	-1.81383e-05
98	-1.73164e-05
98.5	-1.65114e-05
99	-1.72411e-05
99.5	-1.68441e-05
100	-1.64279e-05
100.5	-1.57513e-05
101	-1.52707e-05
101.5	-1.48696e-05
102	-1.44546e-05
102.5	-1.42671e-05
103	-1.60766e-05
103.5	-1.64473e-05
104	-1.61209e-05
104.5	-1.54663e-05
105	-1.48958e-05
105.5	-1.52477e-05
106	-1.45227e-05
106.5	-1.34763e-05
107	-1.41978e-05
107.5	-1.55805e-05
108	-1.61822e-05
108.5	-1.52613e-05
109	-1.24982e-05
109.5	-1.0428e-05
110	-9.5583e-06
110.5	-7.20406e-06
111	-1.47882e-06
111.5	-2.02844e-06
112	-2.48722e-06
112.5	-6.4029e-06
113	-3.4615e-05
113.5	-3.3566e-05
114	-3.12053e-05
114.5	-2.78761e-05
115	-2.44607e-05
115.5	-2.12682e-05
116	-1.81435e-05
116.5	-1.60401e-05
117	-1.34322e-05
117.5	-1.04502e-05
118	-8.44732e-06
118.5	-6.44798e-06
119	-5.1166e-06
119.5	-4.48978e-06
120	-5.85996e-06
120.5	-2.07616e-05
121	-4.17955e-05
121.5	-4.4477e-05
122	-4.18483e-05
122.5	-4.62689e-05
123	-3.983e-05
123.5	-3.5153e-05
124	-3.20618e-05
124.5	6.09611e-06
125	-2.35948e-05
125.5	-1.07231e-05
126	5.93873e-07
126.5	-0.000625499
127	-0.000167051
127.5	4.68696e-05
128	-0.000253839
128.5	-0.000215087
129	-0.000203129
129.5	-0.000160302
130	-0.000117501
130.5	-0.00139658
131	-0.000723145
131.5	-0.000536797
132	-3.5839e-05
132.5	0.000231918
133	3.3194e-05
133.5	-0.000113283
134	-0.00018045
134.5	-0.00022071
135	-0.000238429
135.5	-0.000227537
136	-0.000201531
136.5	-0.000175552
137	-0.000155735
137.5	-0.000134247
138	-0.000115615
138.5	-9.72247e-05
139	-7.95537e-05
139.5	-6.37522e-05
140	-4.98938e-05
140.5	-3.79034e-05
141	-2.7614e-05
141.5	-1.91737e-05
142	-1.2278e-05
142.5	-7.16408e-06
143	-3.27739e-06
143.5	-9.15111e-07
144	-1.31751e-06
144.5	-6.00898e-07
145	-2.91371e-07
145.5	-6.36615e-07
146	-5.78023e-07
146.5	8.85465e-07
147	1.03571e-06
147.5	1.83482e-06
148	3.4337e-06
148.5	2.63395e-06
149	1.51519e-06
149.5	5.30239e-07
150	-1.55467e-06
150.5	-3.56295e-06
151	-4.05396e-06
151.5	-4.79006e-06
152	-5.3618e-06
152.5	-5.23963e-06
153	-5.70119e-06
153.5	-6.79411e-06
154	-6.67439e-06
154.5	-6.83964e-06
155	-7.1507e-06
155.5	-7.29201e-06
156	-7.05116e-06
156.5	-6.50517e-06
157	-4.28991e-06
157.5	-2.70058e-06
158	-2.56184e-06
158.5	-2.50643e-06
159	-2.69077e-06
159.5	-3.28744e-06
160	-3.91377e-06
160.5	-4.26156e-06
161	-4.44407e-06
161.5	-1.39603e-06
162	-8.62764e-07
162.5	-1.34079e-06
163	-5.59717e-07
163.5	-1.37659e-06
164	-2.05206e-06
164.5	-2.4746e-06
165	-2.39355e-06
165.5	-2.1127e-06
166	-2.42589e-06
166.5	-1.11723e-06
167	-7.68837e-06
167.5	-1.8253e-05
168	-1.90067e-05
168.5	-9.41774e-06
169	-4.77395e-06
169.5	-5.16222e-06
170	-5.25271e-06
170.5	-5.05347e-06
171	-4.60004e-06
171.5	-4.11051e-06
172	-5.11829e-06
172.5	-1.01078e-05
173	-1.15796e-05
173.5	-1.20217e-05
174	-1.15175e-05
174.5	-1.01681e-05
175	-8.20861e-06
175.5	-8.07965e-06
176	-8.33604e-06
176.5	-7.87294e-06
177	-5.99976e-06
177.5	-2.88915e-06
178	-3.02696e-06
178.5	-2.75213e-06
179	-1.59633e-06
179.5	-1.28066e-06
180	-6.38325e-07
180.5	-5.44887e-07
181	1.1775e-08
181.5	5.25711e-07
182	4.06749e-07
182.5	-2.04638e-06
183	-3.7386e-06
183.5	-4.89178e-06
184	-2.50317e-06
184.5	-1.2979e-05
185	-2.00666e-05
185.5	-1.8084e-05
186	-1.545e-05
186.5	-1.61461e-05
187	-1.4967e-05
187.5	-1.13107e-05
188	-1.5146e-05
188.5	-7.60656e-05
189	-9.73317e-05
189.5	-9.33323e-05
190	-8.31989e-05
190.5	-7.19847e-05
191	-6.14544e-05
191.5	-5.11288e-05
192	-4.23279e-05
192.5	-3.25188e-05
193	-2.47409e-05
193.5	-2.15995e-05
194	-1.75134e-05
194.5	-1.32222e-05
195	-1.05571e-05
195.5	-8.51481e-06
196	-7.40327e-06
196.5	-7.18353e-06
197	-6.99906e-06
197.5	-6.41447e-06
198	-5.97662e-06
198.5	-7.45136e-06
199	-1.37944e-05
199.5	-1.26838e-05
200	-1.47067e-05
200.5	-1.37384e-05
201	-9.61133e-06
201.5	-8.42946e-06
202	-7.07983e-06
202.5	-6.15552e-06
203	-5.69453e-06
203.5	-5.66573e-06
204	-6.28216e-06
204.5	-7.44269e-06
205	-7.31728e-06
205.5	-4.66004e-06
206	-4.21976e-06
206.5	-2.90106e-06
207	-8.09723e-07
207.5	-2.60821e-05
208	-1.65753e-05
208.5	-1.41935e-05
209	-1.42113e-05
209.5	-1.22746e-05
210	-1.07127e-05
210.5	-9.86445e-06
211	-8.60583e-06
211.5	-7.72052e-06
212	-6.09293e-06
212.5	-4.71056e-06
213	-4.53634e-06
213.5	-4.74633e-06
214	-4.49572e-06
214.5	-4.22518e-06
215	-3.92194e-06
215.5	-4.52212e-06
216	-5.48656e-06
216.5	-5.75617e-06
217	-5.72152e-06
217.5	-3.48813e-05
218	4.07292e-06
218.5	1.20817e-05
219	1.17899e-05
219.5	7.13043e-06
220	1.0604e-05
220.5	8.37564e-06
221	6.81189e-06
221.5	7.77116e-06
222	7.24825e-06
222.5	5.34581e-06
223	2.2354e-06
223.5	8.38739e-07
224	-7.95012e-07
224.5	-1.653e-06
225	-2.87212e-06
225.5	-7.93363e-06
226	-3.09117e-05
226.5	-3.23437e-05
227	-2.9751e-05
227.5	-2.93345e-05
228	-1.95552e-05
228.5	-1.39807e-05
229	-8.14033e-06
229.5	-6.97023e-06
230	-7.13199e-06
230.5	-1.15809e-05
231	-2.4988e-05
231.5	-8.73049e-05
232	-8.41535e-05
232.5	-5.98202e-05
233	-3.9711e-05
233.5	0.000157006
234	0.000226582
234.5	0.000171987
235	0.000166618
235.5	0.000108426
236	6.23753e-05
236.5	-7.76333e-05
237	-0.00017359
237.5	-0.000179148
238	-0.000142955
238.5	-9.20763e-05
239	-5.07575e-05
239.5	-5.77709e-05
240	-4.89813e-05
240.5	-3.93695e-05
241	-4.41486e-05
241.5	-2.93196e-05
242	-1.86164e-05
242.5	-2.19006e-05
243	-2.55233e-05
243.5	-2.80775e-05
244	-3.57537e-05
244.5	-3.14157e-05
245	-2.84014e-05
245.5	-1.85782e-05
246	-1.76473e-05
246.5	-9.71637e-06
247	1.69349e-06
247.5	7.45676e-07
248	-0.00207891
248.5	-0.000806607
249	-0.000243364
249.5	-3.08109e-05
250	-0.000420135
250.5	-0.000493819
251	-0.000443286
251.5	-0.000411622
252	-0.000290788
252.5	-0.000249742
253	-0.000233343
253.5	-0.00020788
254	-0.000198839
254.5	-0.000187961
255	-0.000168485
255.5	-0.000142546
256	-0.000118187
256.5	-0.000101942
257	-8.35472e-05
257.5	-7.03532e-05
258	-6.01093e-05
258.5	-4.95589e-05
259	-3.97595e-05
259.5	-3.17792e-05
260	-2.46316e-05
260.5	-1.80961e-05
261	-1.21943e-05
261.5	-7.28733e-06
262	-4.05478e-06
262.5	-1.78162e-06
263	-2.67874e-07
263.5	1.22921e-06
264	2.78666e-06
264.5	3.89251e-06
265	4.64953e-06
265.5	5.225e-06
266	4.75547e-06
266.5	4.62137e-06
267	6.94067e-06
267.5	6.34352e-06
268	4.17628e-06
268.5	2.31469e-06
269	1.75574e-06
269.5	7.2405e-07
270	-8.27311e-07
270.5	-1.75525e-06
271	-2.40033e-06
271.5	-3.55163e-06
272	-4.19774e-06
272.5	-5.14024e-06
273	-5.60263e-06
273.5	-7.91937e-06
274	-7.71687e-06
274.5	-7.08863e-06
275	-6.09252e-06
275.5	-5.22051e-06
276	-4.09027e-06
276.5	-2.60518e-06
277	-7.23354e-07
277.5	1.52386e-09
278	4.38681e-07
278.5	5.56485e-07
279	3.24973e-07
279.5	-1.65897e-06
280	-5.43037e-06
280.5	-8.0996e-06
281	-9.59226e-06
281.5	-4.45466e-06
282	-1.36544e-05
282.5	-4.06623e-05
283	-3.2117e-05
283.5	-7.56373e-06
284	-4.75612e-06
284.5	-8.6423e-06
285	-1.27852e-05
285.5	-1.09396e-05
286	-8.02575e-06
286.5	-6.41405e-06
287	-6.4389e-06
287.5	-7.04154e-06
288	-6.65957e-06
288.5	-6.5049e-06
289	-2.99073e-06
289.5	-2.93266e-05
290	-2.77174e-05
290.5	-2.09586e-05
291	-1.60061e-05
291.5	-1.32616e-05
292	-1.72183e-05
292.5	-2.26046e-05
293	-1.45616e-05
293.5	-1.42318e-05
294	-1.27087e-05
294.5	-2.65275e-06
295	-3.44603e-07
295.5	-4.66704e-06
296	-1.30552e-05
296.5	-2.45195e-05
297	-2.20708e-05
297.5	-1.05175e-05
298	-3.94371e-06
298.5	-1.60216e-05
299	-1.05455e-05
299.5	-1.67258e-06
300	8.08509e-07
300.5	-1.08062e-07
301	-6.87775e-07
301.5	-6.62826e-07
302	-6.86121e-07
302.5	-1.50377e-06
303	-1.53164e-06
303.5	-1.46496e-06
304	-1.92151e-06
304.5	-2.61747e-06
305	-3.56613e-06
305.5	-4.10873e-06
306	-4.93557e-06
306.5	-4.78293e-06
307	-3.75203e-06
307.5	-3.4123e-06
308	-7.61527e-06
308.5	-8.1923e-06
309	-7.69698e-06
309.5	-7.68391e-06
310	-1.22943e-05
310.5	-1.54224e-05
311	-1.40905e-05
311.5	-1.16576e-05
312	-1.37899e-05
312.5	-8.64243e-06
313	-5.12988e-06
313.5	-3.67929e-06
314	-1.82008e-06
314.5	-1.73921e-06
315	-2.01663e-06
315.5	-2.08516e-06
316	-2.99094e-06
316.5	-3.55389e-06
317	-3.58968e-06
317.5	-3.54508e-06
318	-3.60872e-06
318.5	-4.01553e-06
319	-5.02984e-06
319.5	-6.95101e-06
320	-8.95141e-06
320.5	-8.98958e-06
321	-8.79346e-06
321.5	-8.50546e-06
322	-6.39026e-06
322.5	-3.85484e-06
323	-3.39859e-06
323.5	-4.41951e-06
324	-5.38115e-06
324.5	-4.60405e-06
325	-6.9646e-05
325.5	-5.62586e-05
326	-4.59177e-05
326.5	-3.75046e-05
327	-3.24169e-05
327.5	-2.88454e-05
328	-2.61134e-05
328.5	-2.27187e-05
329	-1.93997e-05
329.5	-1.65487e-05
330	-1.35361e-05
330.5	-1.18223e-05
331	-1.07895e-05
331.5	-1.14237e-05
332	-1.03759e-05
332.5	-9.32783e-06
333	-8.46768e-06
333.5	-7.28163e-06
334	-6.582e-06
334.5	-6.54035e-06
335	-6.36283e-06
335.5	-5.78128e-06
336	-4.39641e-06
336.5	-4.87091e-06
337	-5.6767e-06
337.5	-3.11259e-06
338	-2.84576e-06
338.5	1.75919e-07
339	7.89125e-06
339.5	-1.90456e-05
340	-2.29444e-05
340.5	-1.55179e-05
341	-8.50413e-06
341.5	-5.18043e-06
342	-4.37906e-06
342.5	-5.23116e-06
343	-8.0402e-06
343.5	-1.15849e-05
344	-6.05716e-06
344.5	-3.28792e-06
345	-3.14385e-06
345.5	-4.09615e-06
346	-4.45829e-06
346.5	-3.94493e-06
347	-2.12644e-06
347.5	-1.75657e-06
348	-2.70707e-06
348.5	-3.14239e-06
349	-2.09256e-06
349.5	-2.2624e-06
350	-2.76806e-06
350.5	-3.57587e-06
351	-3.20135e-06
351.5	-3.52659e-06
352	-4.36955e-06
352.5	-1.23067e-06
353	-1.50775e-05
353.5	-2.95574e-05
354	-2.57254e-05
354.5	-2.57634e-05
355	-1.6974e-05
355.5	-1.19411e-07
356	9.19433e-06
356.5	1.01101e-05
357	8.69709e-06
357.5	3.87138e-06
358	-1.85995e-06
358.5	4.57576e-06
359	1.51755e-05
359.5	-8.73765e-06
360	-1.15384e-05
360.5	-5.32072e-06
361	-1.19507e-06
361.5	1.45821e-06
362	1.30473e-06
362.5	2.09872e-06
363	-9.49626e-07
363.5	-1.96947e-06
364	-1.76326e-06
364.5	-1.62783e-06
365	-1.21265e-06
365.5	6.51593e-07
366	-9.77972e-07
366.5	-1.21372e-06
367	-5.39961e-06
367.5	-3.81404e-06
368	-1.32563e-06
368.5	-2.47507e-06
369	-5.23569e-06
369.5	-1.13472e-05
370	-1.32714e-05
370.5	-7.44841e-06
371	-5.65651e-06
371.5	-5.31287e-06
372	-5.16575e-06
372.5	-3.47402e-06
373	-3.00604e-06
373.5	-3.61066e-06
374	-3.23358e-06
374.5	-7.18606e-06
375	-1.30419e-05
375.5	-1.73571e-05
376	-1.25746e-05
376.5	-8.73106e-06
377	-6.60908e-06
377.5	-7.4642e-06
378	-5.60791e-06
378.5	-1.55295e-06
379	-5.60195e-07
379.5	-1.24225e-06
380	-2.17076e-06
380.5	-3.48763e-06
381	-4.97376e-06
381.5	-6.82218e-06
382	-8.22801e-06
382.5	-7.83853e-06
383	-6.85035e-06
383.5	-6.21132e-06
384	-5.19445e-06
384.5	-6.50329e-06
385	-8.22892e-06
385.5	-9.17475e-06
386	-1.59277e-06
386.5	9.57747e-06
387	-1.95097e-05
387.5	-4.44005e-05
388	-0.000426273
388.5	0.000102638
389	-0.000139564
389.5	-3.52936e-05
390	0.00015029
390.5	-0.00137309
391	-0.000834946
391.5	-0.0007734
392	-0.000720112
392.5	-0.000717183
393	-0.000443453
393.5	-0.00050398
394	-0.000480821
394.5	-0.000467757
395	-0.000452371
395.5	-0.000409027
396	-0.00040174
396.5	-0.000336727
397	-0.000294664
397.5	-0.000263434
398	-0.000234546
398.5	-0.000206194
399	-0.000178482
399.5	-0.000153612
400	-0.000130578
400.5	-0.00010903
401	-8.88652e-05
401.5	-7.08743e-05
402	-5.47081e-05
402.5	-4.12982e-05
403	-3.05986e-05
403.5	-2.25134e-05
404	-1.75186e-05
404.5	-1.25856e-05
405	-7.92227e-06
405.5	-2.8499e-06
406	-3.22479e-06
406.5	-3.96323e-06
407	-4.59474e-06
407.5	-4.15314e-06
408	-3.76053e-06
408.5	-3.93002e-06
409	-3.48216e-06
409.5	-3.03392e-06
410	-2.55934e-06
410.5	-2.19325e-06
411	-1.78869e-06
411.5	3.88627e-07
412	8.2923e-07
412.5	-6.06406e-07
413	-3.88597e-06
413.5	-5.14011e-06
414	-6.16617e-06
414.5	-6.28289e-06
415	-6.14079e-06
415.5	-7.28179e-06
416	-8.26481e-06
416.5	-7.97946e-06
417	-1.22645e-05
417.5	-8.9439e-06
418	-4.59146e-06
418.5	-3.24898e-06
419	-4.18285e-06
419.5	-4.06704e-06
420	-4.09894e-06
420.5	-4.90175e-06
421	-5.09581e-06
421.5	-5.00448e-06
422	-1.60045e-06
422.5	-2.0181e-06
423	-1.00309e-05
423.5	-1.36932e-05
424	-6.99274e-06
424.5	-3.32379e-06
425	-3.27799e-06
425.5	-4.04933e-06
426	-4.95032e-06
426.5	-5.16655e-06
427	-6.23857e-06
427.5	-6.91572e-06
428	-6.55198e-06
428.5	-6.18286e-06
429	-6.09836e-06
429.5	-5.9737e-06
430	-5.57619e-06
430.5	-5.28302e-06
431	-4.48956e-06
431.5	-1.31912e-06
432	-7.81916e-07
432.5	4.86156e-07
433	-1.75164e-07
433.5	-1.99182e-06
434	-2.24255e-06
434.5	-7.0707e-07
435	-2.43325e-05
435.5	-2.07324e-05
436	-1.50708e-05
436.5	-1.10281e-05
437	-9.77446e-06
437.5	-9.45209e-06
438	-1.01343e-05
438.5	-9.87715e-06
439	-1.03263e-05
439.5	-1.45719e-05
440	-2.21316e-05
440.5	-2.77321e-05
441	-2.81028e-05
441.5	-2.6929e-05
442	-2.28376e-05
442.5	-1.63182e-05
443	-1.20165e-05
443.5	-9.92973e-06
444	-8.4905e-06
444.5	-1.26906e-05
445	-1.22169e-05
445.5	-1.98818e-05
446	-1.51806e-05
446.5	-6.84703e-06
447	-2.41348e-06
447.5	8.03353e-07
448	1.23264e-06
448.5	1.05162e-06
449	1.63308e-06
449.5	-1.76634e-06
450	-2.41818e-05
450.5	-1.10212e-05
451	-1.74682e-06
451.5	-1.90417e-06
452	-4.60706e-06
452.5	-5.51519e-06
453	-7.72085e-06
453.5	-3.16059e-05
454	-3.73731e-05
454.5	-4.36539e-05
455	-3.86908e-05
455.5	-2.61329e-05
456	-1.84344e-05
456.5	-2.18488e-05
457	-1.43825e-05
457.5	-8.19976e-06
458	-4.15514e-06
458.5	-2.00594e-05
459	-1.60862e-05
459.5	-8.20687e-06
460	-4.14202e-06
460.5	-2.15066e-06
461	-9.40271e-07
461.5	-1.81107e-06
462	-1.66465e-06
462.5	-3.86392e-07
463	-9.37754e-07
463.5	-2.52616e-06
464	-2.66934e-06
464.5	-2.93868e-06
465	-2.87479e-06
465.5	-3.78063e-06
466	-3.90394e-06
466.5	-4.19179e-06
467	-7.42573e-06
467.5	-1.17793e-05
468	-9.58083e-06
468.5	-7.17262e-06
469	-6.67292e-06
469.5	-6.08897e-06
470	-1.32071e-05
470.5	-4.05524e-05
471	-2.32214e-05
471.5	-1.05741e-05
472	-7.17827e-06
472.5	-6.42307e-06
473	-5.32056e-06
473.5	-5.30123e-06
474	-4.94177e-06
474.5	-4.27416e-06
475	-3.91276e-06
475.5	-2.9045e-06
476	-1.59481e-06
476.5	1.99596e-06
477	1.9353e-06
477.5	3.10508e-06
478	-8.20129e-06
478.5	-1.20884e-05
479	-8.92861e-06
479.5	-6.81064e-06
480	-6.13185e-06
480.5	-7.72714e-06
481	-4.5232e-06
481.5	-2.17637e-06
482	-1.44698e-06
482.5	-1.70748e-06
483	-4.7372e-06
483.5	-6.16596e-06
484	-6.22559e-06
484.5	-6.73641e-06
485	-9.16719e-06
485.5	-1.84018e-05
486	-2.19624e-05
486.5	-1.74872e-05
487	-1.07199e-05
487.5	-4.85544e-06
488	-2.37535e-06
488.5	-1.45849e-06
489	1.9499e-06
489.5	5.84538e-06
490	8.04398e-06
490.5	6.31434e-06
491	4.29797e-06
491.5	3.98752e-06
492	1.90529e-06
492.5	8.99908e-07
493	-4.96633e-07
493.5	-1.7154e-07
494	5.43413e-07
494.5	1.22762e-06
495	1.46007e-06
495.5	1.84282e-06
496	2.2777e-06
496.5	2.58434e-06
497	3.841e-06
497.5	4.82655e-06
498	5.05655e-06
498.5	5.05434e-06
499	2.15379e-06
499.5	4.84774e-09
500	-5.02722e-06
500.5	-8.26445e-06
501	-1.78146e-05
501.5	-1.72564e-05
502	-2.13656e-05
502.5	-2.81867e-05
503	-2.70251e-05
503.5	-1.66825e-05
504	-1.36528e-05
504.5	-1.11657e-05
505	-1.45628e-06
505.5	-1.34158e-05
506	-2.37131e-05
506.5	-2.14012e-05
507	-1.31973e-05
507.5	-1.04256e-05
508	-2.70705e-05
508.5	-2.32547e-05
509	-1.71632e-05
509.5	-6.05382e-05
510	-4.66005e-05
510.5	-5.34361e-05
511	-4.32234e-05
511.5	-2.50013e-05
512	-1.33038e-05
512.5	-6.80929e-06
513	-2.34253e-05
513.5	0.00021901
514	0.000446183
514.5	0.000139494
515	-0.000273455
515.5	-0.000436697
516	-0.000435666
516.5	-0.000384636
517	-0.00165335
517.5	-0.000778552
518	-0.000550766
518.5	-0.000413461
519	-0.00028787
519.5	-0.000260492
520	-0.000193173
520.5	-0.000306918
521	-0.000316297
521.5	-0.00032954
522	-0.000314825
522.5	-0.000309011
523	-0.000303425
523.5	-0.000288712
524	-0.000273104
524.5	-0.000252328
525	-0.000230117
525.5	-0.000206154
526	-0.000182795
526.5	-0.000157516
527	-0.000132338
527.5	-0.00011099
528	-9.09905e-05
528.5	-7.27839e-05
529	-5.71487e-05
529.5	-4.38828e-05
530	-3.45123e-05
530.5	-2.71255e-05
531	-2.08973e-05
531.5	-1.28338e-05
532	-9.72231e-06
532.5	-8.17231e-06
533	-5.47784e-06
533.5	-3.9972e-06
534	-3.01952e-06
534.5	-2.61849e-06
535	-4.45576e-06
535.5	-5.77135e-06
536	-6.79601e-06
536.5	-7.79179e-06
537	-7.87697e-06
537.5	-7.16389e-06
538	-4.84135e-06
538.5	-5.39945e-06
539	-5.73369e-06
539.5	-5.35255e-06
540	-5.0314e-06
540.5	-5.08218e-06
541	-6.33633e-06
541.5	-6.87933e-06
542	-4.30537e-06
542.5	-2.8114e-06
543	-2.23623e-06
543.5	-5.08919e-07
544	2.72766e-07
544.5	-1.19207e-06
545	-1.9617e-06
545.5	-4.24047e-06
546	-6.84978e-06
546.5	-9.801e-06
547	-1.06529e-05
547.5	-1.02536e-05
548	-1.08819e-05
548.5	-1.0359e-05
549	-9.62654e-06
549.5	-7.4696e-06
550	-7.66232e-06
550.5	-7.96787e-06
551	-8.50733e-06
551.5	-8.45754e-06
552	-8.58136e-06
552.5	-8.50733e-06
553	-8.03517e-06
553.5	-7.90773e-06
554	-7.84455e-06
554.5	-7.54493e-06
555	-7.50891e-06
555.5	-7.29785e-06
556	-7.16479e-06
556.5	-6.60571e-06
557	-7.06814e-06
557.5	-8.4765e-06
558	-7.70322e-06
558.5	-7.28842e-06
559	-7.85727e-06
559.5	-6.10778e-06
560	-6.57837e-06
560.5	-6.1414e-06
561	-3.96968e-06
561.5	-4.25625e-06
562	-3.0496e-06
562.5	-3.55999e-06
563	-6.94035e-06
563.5	-7.37547e-06
564	-1.24195e-05
564.5	-1.04981e-05
565	-7.59182e-06
565.5	-7.49195e-06
566	-7.9921e-06
566.5	-8.24941e-06
567	-8.29927e-06
567.5	-8.19377e-06
568	-8.05699e-06
568.5	-7.74251e-06
569	-7.72641e-06
569.5	-8.27016e-06
570	-8.10109e-06
570.5	-8.05188e-06
571	-7.67849e-06
571.5	-6.83337e-06
572	-5.69131e-06
572.5	-3.88348e-06
573	-3.13017e-06
573.5	-9.51163e-07
574	1.68906e-06
574.5	1.27549e-06
575	8.64291e-07
575.5	3.943e-07
576	-6.12918e-07
576.5	-1.21615e-06
577	-1.45124e-06
577.5	-1.9188e-06
578	-1.61705e-06
578.5	-1.16787e-06
579	-1.25924e-05
579.5	-1.67113e-05
580	-1.06838e-05
580.5	-6.40995e-06
581	-4.25951e-06
581.5	-3.36024e-06
582	-4.18474e-06
582.5	-4.58115e-06
583	-5.00469e-06
583.5	-5.17823e-06
584	-5.98932e-06
584.5	-6.17976e-06
585	-6.59343e-06
585.5	-4.68889e-06
586	-4.24858e-06
586.5	-2.7174e-06
587	-5.43306e-07
587.5	7.81956e-07
588	-6.46662e-07
588.5	-1.49717e-06
589	-1.88156e-06
589.5	-1.93977e-06
590	-4.43502e-05
590.5	-3.49971e-05
591	-2.93586e-05
591.5	-2.57039e-05
592	-2.44266e-05
592.5	-2.56426e-05
593	-2.43094e-05
593.5	-1.83047e-05
594	-1.49141e-05
594.5	-1.39832e-05
595	-1.25522e-05
595.5	-1.08304e-05
596	-8.8687e-06
596.5	-1.1651e-05
597	-1.22016e-05
597.5	-9.17103e-06
598	-1.53116e-05
598.5	-2.03143e-05
599	-1.95924e-05
599.5	-1.47531e-05
600	-9.60408e-06
600.5	-6.34472e-06
601	-4.61379e-06
601.5	-4.15378e-06
602	-1.94361e-06
602.5	-4.09295e-06
603	-6.26294e-06
603.5	-3.15543e-06
604	1.15088e-06
604.5	1.83009e-06
605	-6.73539e-08
605.5	-7.68226e-06
606	-2.96039e-05
606.5	-1.81721e-05
607	-8.8113e-06
607.5	-8.14688e-06
608	-9.08907e-06
608.5	-8.96784e-06
609	-1.05804e-05
609.5	-1.0732e-05
610	-1.84238e-05
610.5	-2.78528e-05
611	-2.57531e-05
611.5	-2.42321e-05
612	-2.17363e-05
612.5	-2.18892e-05
613	-3.22445e-05
613.5	-3.18052e-05
614	-2.30309e-05
614.5	-1.4477e-05
615	-1.00798e-05
615.5	-5.98206e-06
616	-2.17555e-06
616.5	-2.00939e-05
617	-1.57874e-05
617.5	-9.06601e-06
618	-3.72185e-06
618.5	-1.62472e-06
619	1.79112e-06
619.5	-2.93053e-06
620	-3.82969e-06
620.5	1.91835e-05
621	2.5652e-06
621.5	-3.10093e-05
622	-2.28884e-05
622.5	-2.26737e-05
623	-0.000372095
623.5	0.000200884
624	-9.30848e-05
624.5	-0.000282151
625	-0.000274206
625.5	-0.000155343
626	-0.00188641
626.5	-0.000472379
627	-0.000101714
627.5	-0.000284767
628	-0.000421484
628.5	-0.000443195
629	-0.000360382
629.5	-0.000340838
630	-0.000341696
630.5	-0.000330742
631	-0.000302718
631.5	-0.00028665
632	-0.000262494
632.5	-0.000220601
633	-0.000189852
633.5	-0.000156021
634	-0.000128208
634.5	-0.000103554
635	-8.68307e-05
635.5	-7.12135e-05
636	-5.77993e-05
636.5	-4.59575e-05
637	-3.57693e-05
637.5	-2.71716e-05
638	-2.08539e-05
638.5	-1.56461e-05
639	-1.09217e-05
639.5	-6.64404e-06
640	-4.20592e-06
640.5	-2.23036e-06
641	-5.65617e-07
641.5	-5.28131e-07
642	-9.61033e-08
642.5	-1.03423e-06
643	-1.39125e-06
643.5	-1.69221e-07
644	2.69396e-08
644.5	-3.81065e-06
645	-6.47775e-06
645.5	-5.98941e-06
646	-4.72495e-06
646.5	-3.77654e-06
647	-2.32815e-06
647.5	-2.95162e-06
648	-5.00908e-06
648.5	-5.49684e-06
649	-6.35248e-06
649.5	-7.95988e-06
650	-8.34099e-06
650.5	-8.07534e-06
651	-7.78454e-06
651.5	-7.42843e-06
652	-7.85476e-06
652.5	-7.934e-06
653	-7.56116e-06
653.5	-8.46931e-06
654	-8.25177e-06
654.5	-4.0195e-06
655	-3.87707e-06
655.5	-4.97415e-06
656	-8.20343e-06
656.5	-6.67285e-06
657	-3.41336e-06
657.5	-2.2856e-06
658	-1.27205e-06
658.5	-6.48486e-07
659	-6.42931e-07
659.5	-9.02128e-07
660	-1.54907e-06
660.5	-2.27268e-06
661	-2.9776e-06
661.5	-3.40494e-06
662	-8.02803e-06
662.5	-7.2686e-06
663	-3.8861e-06
663.5	-2.99237e-06
664	-2.67263e-06
664.5	-2.70311e-06
665	-4.21884e-06
665.5	-5.33685e-06
666	-5.43235e-06
666.5	-5.87253e-06
667	-6.30427e-06
667.5	-6.32263e-06
668	-7.16546e-06
668.5	-8.88326e-06
669	-1.37054e-05
669.5	-1.05308e-05
670	-5.83269e-06
670.5	-2.29837e-06
671	-2.09793e-06
671.5	-3.1012e-06
672	-4.01651e-06
672.5	-6.04323e-06
673	-8.74636e-06
673.5	-9.21066e-06
674	-8.86282e-06
674.5	-8.32307e-06
675	-7.64479e-06
675.5	-7.80432e-06
676	-7.1906e-06
676.5	-7.3371e-06
677	-9.00075e-06
677.5	-9.97296e-06
678	-9.68703e-06
678.5	-8.97016e-06
679	-7.87607e-06
679.5	-8.05967e-06
680	-7.91807e-06
680.5	-9.78495e-06
681	-7.15787e-06
681.5	-5.66269e-06
682	-3.21744e-06
682.5	-3.21863e-06
683	-2.61172e-06
683.5	-1.65088e-06
684	-4.39957e-07
684.5	1.01153e-06
685	-3.43357e-06
685.5	-2.3889e-05
686	-1.96757e-05
686.5	-5.30843e-06
687	-1.45514e-06
687.5	-1.6857e-06
688	-1.9139e-06
688.5	-2.04862e-06
689	-1.95509e-06
689.5	-2.30186e-06
690	-2.6842e-06
690.5	-2.78868e-06
691	-3.72422e-06
691.5	-5.1153e-06
692	-6.76168e-06
692.5	-7.09198e-06
693	-6.95539e-06
693.5	-8.51851e-06
694	-9.5025e-06
694.5	-9.57878e-06
695	-8.11346e-06
695.5	-7.61598e-06
696	-4.00042e-06
696.5	-3.26906e-06
697	-2.78977e-06
697.5	-2.22181e-06
698	-3.21095e-06
698.5	-3.55653e-06
699	-4.20292e-06
699.5	-4.14601e-06
700	-3.22057e-06
700.5	-2.90714e-06
701	-4.17696e-06
701.5	-2.58911e-06
702	-8.59629e-06
702.5	-1.77889e-05
703	-1.85182e-05
703.5	-2.44797e-05
704	-1.55663e-05
704.5	-8.54415e-06
705	-5.91847e-06
705.5	-5.8633e-06
706	-6.12987e-06
706.5	-8.2613e-06
707	-8.63293e-06
707.5	-9.15679e-06
708	-9.72749e-06
708.5	-5.13023e-06
709	-6.13672e-06
709.5	-5.9073e-06
710	-3.83104e-06
710.5	-2.60682e-06
711	-1.56246e-06
711.5	8.06047e-08
712	1.09079e-06
712.5	1.14809e-07
713	2.6934e-06
713.5	-1.92349e-05
714	-1.82874e-05
714.5	-1.20237e-05
715	-6.51537e-06
715.5	-3.02652e-06
716	-1.37768e-06
716.5	-1.48278e-06
717	-2.14053e-06
717.5	-3.66623e-06
718	-8.35599e-06
718.5	-1.55485e-05
719	-1.05526e-05
719.5	-5.56106e-06
720	-5.90027e-06
720.5	-1.11518e-05
721	-1.56566e-05
721.5	-1.83127e-05
722	-2.6144e-05
722.5	-4.18154e-05
723	-2.03797e-05
723.5	-9.58266e-06
724	-8.61197e-06
724.5	-7.29927e-06
725	-6.5498e-06
725.5	-7.38334e-06
726	-4.57733e-06
726.5	-2.38674e-06
727	-2.62585e-06
727.5	-3.93194e-06
728	-4.26056e-06
728.5	-1.06151e-05
729	-1.00474e-05
729.5	-7.88228e-06
730	-2.73565e-06
730.5	-1.28292e-08
731	8.11818e-07
731.5	1.24686e-06
732	1.42388e-06
732.5	1.44721e-06
733	7.696e-07
733.5	-2.40003e-07
734	3.58144e-06
734.5	1.40254e-06
735	-2.27595e-07
735.5	-1.20481e-06
736	-1.73496e-06
736.5	3.88919e-07
737	1.53471e-07
737.5	2.32702e-07
738	1.38383e-06
738.5	1.5786e-06
739	-4.77235e-07
739.5	1.79509e-06
740	-4.82841e-06
740.5	3.57074e-07
741	-6.64993e-06
741.5	-8.82975e-06
742	-8.56181e-06
742.5	-8.51534e-06
743	-8.34847e-06
743.5	-7.87711e-06
744	-7.37995e-06
744.5	-6.81078e-06
745	-6.04903e-06
745.5	-4.9399e-05
746	-3.93882e-05
746.5	-8.25477e-05
747	-6.36516e-05
747.5	-5.05364e-05
748	-4.70085e-05
748.5	-4.33798e-05
749	-3.95842e-05
749.5	-3.80141e-05
750	-7.06827e-06
750.5	-2.66859e-05
751	-5.23611e-05
751.5	-4.04883e-05
752	-2.70161e-05
752.5	-0.000181151
753	-0.000520324
753.5	0.000338061
754	0.00020358
754.5	0.000173729
755	0.000191659
755.5	-0.00055789
756	-0.000487285
756.5	-0.000645645
757	-0.000546858
757.5	-0.000437773
758	-0.000427783
758.5	-0.00041436
759	-0.000420863
759.5	-0.000374001
760	-0.000337431
760.5	-0.000307209
761	-0.000270495
761.5	-0.000237899
762	-0.000203519
762.5	-0.000171135
763	-0.000142327
763.5	-0.000119037
764	-9.83922e-05
764.5	-8.02196e-05
765	-6.50856e-05
765.5	-5.24086e-05
766	-4.14061e-05
766.5	-3.21513e-05
767	-2.50549e-05
767.5	-1.90614e-05
768	-1.33286e-05
768.5	-9.06286e-06
769	-5.66434e-06
769.5	-3.14905e-06
770	-1.32433e-06
770.5	-9.7151e-08
771	6.91442e-07
771.5	6.56021e-07
772	9.01177e-09
772.5	-3.23772e-08
773	-3.8642e-07
773.5	3.24363e-07
774	1.66963e-06
774.5	1.07142e-06
775	9.99163e-07
775.5	2.25925e-06
776	2.31331e-06
776.5	1.48867e-06
777	7.0828e-07
777.5	-2.0054e-06
778	-3.61263e-06
778.5	-3.81278e-06
779	-3.17987e-06
779.5	-1.63687e-06
780	-2.70684e-07
780.5	3.15441e-07
781	-4.40516e-07
781.5	-5.42676e-07
782	-4.05712e-07
782.5	-5.51518e-07
783	9.75472e-08
783.5	3.60086e-07
784	2.14814e-07
784.5	-2.73536e-07
785	-1.49101e-06
785.5	-4.34922e-06
786	-4.48019e-06
786.5	-4.24132e-06
787	-4.24826e-06
787.5	-4.2906e-06
788	-4.95737e-06
788.5	-5.78725e-06
789	-5.38363e-06
789.5	-7.45913e-06
790	-8.77488e-06
790.5	-1.47414e-05
791	-1.46581e-05
791.5	-9.4422e-06
792	-7.9566e-06
792.5	-8.10424e-06
793	-7.57464e-06
793.5	-7.90921e-06
794	-7.67826e-06
794.5	-7.33593e-06
795	-7.39405e-06
795.5	-7.09925e-06
796	-7.81925e-06
796.5	-1.09341e-05
797	-1.35619e-05
797.5	-1.44389e-05
798	-1.61777e-05
798.5	-2.2571e-05
799	-2.11084e-05
799.5	-1.71847e-05
800	-1.63641e-05
800.5	-2.68262e-05
801	-2.45937e-05
801.5	-1.81336e-05
802	-1.07935e-05
802.5	-3.9686e-06
803	-4.80734e-06
803.5	-4.21508e-06
804	-7.15548e-06
804.5	-1.15533e-05
805	-9.59133e-06
805.5	-6.98209e-06
806	-6.11968e-06
806.5	-5.88541e-06
807	-5.53473e-06
807.5	-5.63897e-06
808	-3.54797e-06
808.5	-3.52861e-06
809	-3.63803e-06
809.5	-4.05865e-06
810	-4.87527e-06
810.5	-5.07851e-06
811	-4.57771e-06
811.5	-4.16229e-06
812	-3.7149e-06
812.5	-3.12589e-06
813	-2.61265e-06
813.5	-2.09673e-06
814	-4.20996e-06
814.5	-7.65536e-06
815	-1.28648e-05
815.5	-1.01096e-05
816	-6.34346e-06
816.5	-6.09057e-06
817	-5.86217e-06
817.5	-6.11057e-06
818	-8.26022e-06
818.5	-1.00113e-05
819	-1.08114e-05
819.5	-9.1151e-06
820	-8.56567e-06
820.5	-8.14448e-06
821	-8.1971e-06
821.5	-8.29873e-06
822	-8.30462e-06
822.5	-1.20365e-05
823	-1.39531e-05
823.5	-1.09107e-05
824	-7.00939e-06
824.5	-1.11469e-05
825	-1.13462e-05
825.5	-6.79622e-06
826	-3.93891e-06
826.5	-3.10973e-06
827	-2.98314e-06
827.5	-2.19908e-06
828	-9.45255e-07
828.5	-7.41967e-07
829	-1.25453e-06
829.5	-1.21323e-06
830	-7.34082e-07
830.5	-1.4614e-06
831	-2.4783e-06
831.5	-2.94533e-06
832	-3.48903e-06
832.5	-3.93903e-06
833	-4.26772e-06
833.5	-5.27451e-06
834	-1.30389e-05
834.5	-1.57041e-05
835	-1.68148e-05
835.5	-1.77396e-05
836	-1.30753e-05
836.5	-1.39973e-05
837	-2.03357e-05
837.5	-1.26843e-05
838	-6.37801e-06
838.5	-5.94928e-06
839	-7.30416e-06
839.5	-3.53921e-05
840	-2.98505e-05
840.5	-2.77049e-05
841	-2.44206e-05
841.5	-2.38922e-05
842	-1.11751e-05
842.5	-9.35e-06
843	-8.47132e-06
843.5	-7.13895e-06
844	-5.31313e-06
844.5	-3.99385e-06
845	-2.24863e-06
845.5	-1.44005e-06
846	-1.45621e-06
846.5	-1.91695e-06
847	-3.075e-06
847.5	-3.43796e-06
848	-3.72862e-06
848.5	-3.85234e-06
849	-3.31988e-06
849.5	-2.61045e-06
850	-7.09084e-06
850.5	-8.00032e-06
851	-8.02758e-06
851.5	-7.78145e-06
852	-6.82527e-06
852.5	-4.23932e-06
853	-6.28112e-06
853.5	-6.3832e-06
854	-8.24841e-06
854.5	-7.47915e-06
855	-9.27466e-06
855.5	-9.75293e-06
856	-9.5756e-06
856.5	-9.93645e-06
857	8.63428e-06
857.5	9.86109e-06
858	2.50678e-06
858.5	-4.2487e-06
859	-1.01686e-05
859.5	-6.02107e-06
860	-1.14314e-05
860.5	-3.50057e-05
861	-2.02088e-05
861.5	-1.57708e-05
862	-3.00965e-05
862.5	-3.18352e-05
863	-3.6351e-05
863.5	-0.0027299
864	-0.000756814
864.5	-0.000350929
865	-0.000572002
865.5	-0.000641747
866	-0.000555628
866.5	-0.000517436
867	-0.000448776
867.5	-0.000380474
868	-0.000319403
868.5	-0.000252034
869	-0.000237458
869.5	-0.000672748
870	-0.000524135
870.5	-0.000493586
871	-0.000506774
871.5	-0.000498124
872	-0.000455418
872.5	-0.000400171
873	-0.000479159
873.5	-0.000427944
874	-0.000387908
874.5	-0.000345058
875	-0.000297145
875.5	-0.000236063
876	-0.000191468
876.5	-0.00015501
877	-0.000124053
877.5	-9.80028e-05
878	-7.63184e-05
878.5	-5.84354e-05
879	-4.38506e-05
879.5	-3.20809e-05
880	-2.31624e-05
880.5	-1.61897e-05
881	-1.06306e-05
881.5	-6.04999e-06
882	-3.0204e-06
882.5	-9.11696e-07
883	6.94548e-07
883.5	1.31105e-06
884	-3.26952e-07
884.5	-1.51693e-06
885	-2.19324e-06
885.5	3.22067e-07
886	-2.66184e-07
886.5	7.2053e-07
887	6.67412e-07
887.5	5.73741e-07
888	-3.42257e-07
888.5	-8.44514e-07
889	-1.01406e-06
889.5	-1.32557e-06
890	-1.83577e-06
890.5	-1.99545e-06
891	-1.7829e-06
891.5	-1.77667e-06
892	-3.27092e-06
892.5	-3.71372e-06
893	-3.60242e-06
893.5	-4.40547e-06
894	-5.02719e-06
894.5	-5.58833e-06
895	-6.05749e-06
895.5	-6.03669e-06
896	-5.772e-06
896.5	-5.58878e-06
897	-5.97661e-06
897.5	-5.74359e-06
898	-5.62804e-06
898.5	-6.5455e-06
899	-7.23337e-06
899.5	-7.95069e-06
900	-9.00521e-06
900.5	-8.61937e-06
901	-7.75252e-06
901.5	-6.63639e-06
902	-7.6899e-06
902.5	-7.20509e-06
903	-5.87446e-06
903.5	-7.1644e-06
904	-7.52002e-06
904.5	-7.27509e-06
905	-6.71774e-06
905.5	-6.54693e-06
906	-7.4739e-06
906.5	-7.621e-06
907	-7.43469e-06
907.5	-7.87125e-06
908	-8.95794e-06
908.5	-9.37162e-06
909	-8.83519e-06
909.5	-8.11856e-06
910	-7.74478e-06
910.5	-8.01648e-06
911	-7.81399e-06
911.5	-6.91841e-06
912	-6.94108e-06
912.5	-8.41393e-06
913	-8.45796e-06
913.5	-1.56753e-05
914	-2.77924e-05
914.5	-2.67409e-05
915	-3.08979e-05
915.5	-2.66708e-05
916	-1.37039e-05
916.5	-9.00222e-06
917	-6.10565e-06
917.5	-3.64081e-06
918	-2.41943e-06
918.5	-2.1597e-06
919	-2.41038e-06
919.5	-2.61686e-06
920	-2.64644e-06
920.5	-2.81644e-06
921	-2.29571e-06
921.5	-2.30144e-06
922	-2.76052e-06
922.5	-3.18557e-06
923	-3.02794e-06
923.5	-2.73164e-06
924	-2.59442e-06
924.5	-3.04017e-06
925	-3.44753e-06
925.5	-3.64646e-06
926	-4.34473e-06
926.5	-7.05227e-06
927	-9.93876e-06
927.5	-1.15516e-05
928	-1.21388e-05
928.5	-1.24222e-05
929	-1.37302e-05
929.5	-1.36669e-05
930	-1.32983e-05
930.5	-1.0712e-05
931	-7.43031e-06
931.5	-1.29475e-06
932	-1.53125e-05
932.5	-2.37431e-05
933	-1.30768e-05
933.5	-7.29306e-06
934	-4.58878e-06
934.5	-5.38961e-06
935	-4.44154e-06
935.5	-5.31371e-06
936	-4.45158e-06
936.5	-4.04488e-06
937	-5.17838e-06
937.5	-5.15786e-06
938	-4.64045e-06
938.5	-4.29946e-06
939	-4.38823e-06
939.5	-3.97288e-06
940	-6.93835e-07
940.5	-1.81304e-05
941	-1.84053e-05
941.5	-1.55832e-05
942	-1.86161e-05
942.5	-1.51927e-05
943	-9.53683e-06
943.5	-6.61807e-06
944	-5.38934e-06
944.5	-5.10468e-06
945	-4.86721e-06
945.5	-3.18632e-06
946	-2.87092e-06
946.5	-3.30138e-06
947	-1.95737e-06
947.5	-4.43033e-08
948	2.57999e-07
948.5	-8.20848e-07
949	-2.71759e-06
949.5	-1.49163e-07
950	2.7225e-07
950.5	-2.35602e-07
951	-6.27079e-07
951.5	-1.12706e-06
952	-1.28878e-06
952.5	-1.31184e-06
953	-1.23925e-06
953.5	-1.24008e-06
954	-1.92716e-06
954.5	-2.49966e-06
955	-3.43431e-06
955.5	-1.36941e-06
956	-1.49123e-05
956.5	-2.169e-05
957	-2.31825e-05
957.5	-3.23104e-05
958	-3.51617e-05
958.5	-2.47892e-05
959	-1.86004e-05
959.5	-1.38782e-05
960	-2.13648e-05
960.5	-4.20626e-05
961	-2.2127e-05
961.5	-5.3835e-06
962	3.78964e-07
962.5	1.53404e-07
963	2.69266e-06
963.5	2.44132e-06
964	2.24873e-06
964.5	5.20193e-07
965	-2.0562e-06
965.5	-3.27206e-06
966	-5.49671e-06
966.5	-6.16556e-06
967	-6.2359e-06
967.5	-5.43528e-06
968	-4.32981e-06
968.5	-2.98524e-06
969	-3.56897e-06
969.5	-4.74221e-06
970	-4.6489e-06
970.5	-3.78688e-06
971	-3.08031e-06
971.5	-2.62926e-06
972	-2.5651e-06
972.5	-5.40793e-06
973	-6.81681e-06
973.5	-6.31428e-06
974	-5.42528e-06
974.5	-1.62438e-06
975	-1.19331e-05
975.5	-2.5726e-05
976	-1.86644e-05
976.5	-1.13493e-05
977	-6.67056e-06
977.5	-3.4596e-06
978	-4.948e-07
978.5	-8.89954e-08
979	-5.5648e-06
979.5	-8.50135e-06
980	-7.994e-06
980.5	-2.37118e-05
981	-2.03802e-05
981.5	-1.72605e-05
982	-2.21856e-05
982.5	-2.26336e-05
983	-1.54577e-05
983.5	-1.17362e-05
984	-1.06792e-05
984.5	-1.60879e-05
985	-2.86101e-05
985.5	-3.19256e-05
986	-2.46287e-05
986.5	-1.49987e-05
987	-8.0527e-06
987.5	-5.19782e-06
988	-2.60154e-05
988.5	-2.47374e-05
989	-2.43233e-05
989.5	-2.36098e-05
990	-2.56954e-05
990.5	-2.95016e-05
991	-2.64359e-05
991.5	-1.81806e-05
992	3.43244e-06
992.5	8.74043e-06
993	7.26073e-06
993.5	-8.03369e-05
994	-5.88199e-05
994.5	-7.45339e-05
995	-6.20335e-05
995.5	-0.00156632
996	-0.00105171
996.5	-0.000580126
997	-0.000489306
997.5	-0.000465671
998	-0.000244021
998.5	-0.000304824
999	-0.000326824
999.5	-0.000279537
1000	-0.000266498
