secname	pos	x	y	z	dist	diam	cm	Ra	gmax_ch_CavL	gmax_ch_CavN	gmax_ch_HCN	gmax_ch_HCNolm	gmax_ch_HCNp	gmax_ch_KCaS	gmax_ch_Kdrfast	gmax_ch_Kdrfastngf	gmax_ch_Kdrp	gmax_ch_Kdrslow	gmax_ch_KvAdistp	gmax_ch_KvA	gmax_ch_KvAngf	gmax_ch_KvAolm	gmax_ch_KvAproxp	gmax_ch_KvCaB	gmax_ch_KvGroup	gmax_ch_KvM	gmax_ch_leak	gmax_ch_Navaxonp	gmax_ch_Navbis	gmax_ch_Navcck	gmax_ch_Nav	gmax_ch_Navngf	gmax_ch_Navp
bistratifiedcell[0].soma[0]	0	291.333	516.5	125	0	10	1.4	100	0.004	0.0004	0	0	0	7e-07	0.016	0	0	0	0	5e-05	0	0	0	7e-08	0	0	9.0009e-05	0	0.07	0	0	0	0
bistratifiedcell[0].soma[0]	0.5	291.333	516.5	125	10	10	1.4	100	0.004	0.0004	0	0	0	7e-07	0.016	0	0	0	0	5e-05	0	0	0	7e-08	0	0	9.0009e-05	0	0.07	0	0	0	0
bistratifiedcell[0].soma[0]	1	291.333	516.5	125	20	10	1.4	100	0.004	0.0004	0	0	0	7e-07	0.016	0	0	0	0	5e-05	0	0	0	7e-08	0	0	9.0009e-05	0	0.07	0	0	0	0
bistratifiedcell[0].dend[0]	0	291.333	536.5	125	20	4	1.4	100	0.004	0.0004	0	0	0	7e-07	0.016	0	0	0	0	5e-05	0	0	0	7e-08	0	0	9.0009e-05	0	0.07	0	0	0	0
bistratifiedcell[0].dend[0]	0.5	291.333	536.5	125	70	4	1.4	100	0.004	0.0004	0	0	0	7e-07	0.016	0	0	0	0	5e-05	0	0	0	7e-08	0	0	9.0009e-05	0	0.07	0	0	0	0
bistratifiedcell[0].dend[0]	1	291.333	536.5	125	120	4	1.4	100	0.004	0.0004	0	0	0	7e-07	0.016	0	0	0	0	5e-05	0	0	0	7e-08	0	0	9.0009e-05	0	0.07	0	0	0	0
bistratifiedcell[0].dend[1]	0	330.275	628.606	125	120	3	1.4	100	0.004	0.0004	0	0	0	7e-07	0.016	0	0	0	0	5e-05	0	0	0	7e-08	0	0	9.0009e-05	0	0.07	0	0	0	0
bistratifiedcell[0].dend[1]	0.166667	330.275	628.606	125	136.667	3	1.4	100	0.004	0.0004	0	0	0	7e-07	0.016	0	0	0	0	5e-05	0	0	0	7e-08	0	0	9.0009e-05	0	0.07	0	0	0	0
bistratifiedcell[0].dend[1]	0.5	330.275	628.606	125	170	3	1.4	100	0.004	0.0004	0	0	0	7e-07	0.016	0	0	0	0	5e-05	0	0	0	7e-08	0	0	9.0009e-05	0	0.07	0	0	0	0
bistratifiedcell[0].dend[1]	0.833333	330.275	628.606	125	203.333	3	1.4	100	0.004	0.0004	0	0	0	7e-07	0.016	0	0	0	0	5e-05	0	0	0	7e-08	0	0	9.0009e-05	0	0.07	0	0	0	0
bistratifiedcell[0].dend[1]	1	330.275	628.606	125	220	3	1.4	100	0.004	0.0004	0	0	0	7e-07	0.016	0	0	0	0	5e-05	0	0	0	7e-08	0	0	9.0009e-05	0	0.07	0	0	0	0
bistratifiedcell[0].dend[2]	0	369.217	720.712	125	220	2	1.4	100	0.004	0.0004	0	0	0	7e-07	0.016	0	0	0	0	5e-05	0	0	0	7e-08	0	0	9.0009e-05	0	0.07	0	0	0	0
bistratifiedcell[0].dend[2]	0.166667	369.217	720.712	125	253.333	2	1.4	100	0.004	0.0004	0	0	0	7e-07	0.016	0	0	0	0	5e-05	0	0	0	7e-08	0	0	9.0009e-05	0	0.07	0	0	0	0
bistratifiedcell[0].dend[2]	0.5	369.217	720.712	125	320	2	1.4	100	0.004	0.0004	0	0	0	7e-07	0.016	0	0	0	0	5e-05	0	0	0	7e-08	0	0	9.0009e-05	0	0.07	0	0	0	0
bistratifiedcell[0].dend[2]	0.833333	369.217	720.712	125	386.666	2	1.4	100	0.004	0.0004	0	0	0	7e-07	0.016	0	0	0	0	5e-05	0	0	0	7e-08	0	0	9.0009e-05	0	0.07	0	0	0	0
bistratifiedcell[0].dend[2]	1	369.217	720.712	125	420	2	1.4	100	0.004	0.0004	0	0	0	7e-07	0.016	0	0	0	0	5e-05	0	0	0	7e-08	0	0	9.0009e-05	0	0.07	0	0	0	0
bistratifiedcell[0].dend[3]	0	447.1	904.924	125	420	1.5	1.4	100	0.004	0.0004	0	0	0	7e-07	0.016	0	0	0	0	5e-05	0	0	0	7e-08	0	0	9.0009e-05	0	0.07	0	0	0	0
bistratifiedcell[0].dend[3]	0.166667	447.1	904.924	125	436.666	1.5	1.4	100	0.004	0.0004	0	0	0	7e-07	0.016	0	0	0	0	5e-05	0	0	0	7e-08	0	0	9.0009e-05	0	0.07	0	0	0	0
bistratifiedcell[0].dend[3]	0.5	447.1	904.924	125	470	1.5	1.4	100	0.004	0.0004	0	0	0	7e-07	0.016	0	0	0	0	5e-05	0	0	0	7e-08	0	0	9.0009e-05	0	0.07	0	0	0	0
bistratifiedcell[0].dend[3]	0.833333	447.1	904.924	125	503.334	1.5	1.4	100	0.004	0.0004	0	0	0	7e-07	0.016	0	0	0	0	5e-05	0	0	0	7e-08	0	0	9.0009e-05	0	0.07	0	0	0	0
bistratifiedcell[0].dend[3]	1	447.1	904.924	125	520	1.5	1.4	100	0.004	0.0004	0	0	0	7e-07	0.016	0	0	0	0	5e-05	0	0	0	7e-08	0	0	9.0009e-05	0	0.07	0	0	0	0
bistratifiedcell[0].dend[4]	0	486.042	997.031	125	520	1	1.4	100	0.004	0.0004	0	0	0	7e-07	0.016	0	0	0	0	5e-05	0	0	0	7e-08	0	0	9.0009e-05	0	0.07	0	0	0	0
bistratifiedcell[0].dend[4]	0.166667	486.042	997.031	125	536.667	1	1.4	100	0.004	0.0004	0	0	0	7e-07	0.016	0	0	0	0	5e-05	0	0	0	7e-08	0	0	9.0009e-05	0	0.07	0	0	0	0
bistratifiedcell[0].dend[4]	0.5	486.042	997.031	125	570	1	1.4	100	0.004	0.0004	0	0	0	7e-07	0.016	0	0	0	0	5e-05	0	0	0	7e-08	0	0	9.0009e-05	0	0.07	0	0	0	0
bistratifiedcell[0].dend[4]	0.833333	486.042	997.031	125	603.334	1	1.4	100	0.004	0.0004	0	0	0	7e-07	0.016	0	0	0	0	5e-05	0	0	0	7e-08	0	0	9.0009e-05	0	0.07	0	0	0	0
bistratifiedcell[0].dend[4]	1	486.042	997.031	125	620	1	1.4	100	0.004	0.0004	0	0	0	7e-07	0.016	0	0	0	0	5e-05	0	0	0	7e-08	0	0	9.0009e-05	0	0.07	0	0	0	0
bistratifiedcell[0].dend[5]	0	291.333	536.5	125	20	4	1.4	100	0.004	0.0004	0	0	0	7e-07	0.016	0	0	0	0	5e-05	0	0	0	7e-08	0	0	9.0009e-05	0	0.07	0	0	0	0
bistratifiedcell[0].dend[5]	0.5	291.333	536.5	125	70	4	1.4	100	0.004	0.0004	0	0	0	7e-07	0.016	0	0	0	0	5e-05	0	0	0	7e-08	0	0	9.0009e-05	0	0.07	0	0	0	0
bistratifiedcell[0].dend[5]	1	291.333	536.5	125	120	4	1.4	100	0.004	0.0004	0	0	0	7e-07	0.016	0	0	0	0	5e-05	0	0	0	7e-08	0	0	9.0009e-05	0	0.07	0	0	0	0
bistratifiedcell[0].dend[6]	0	252.392	628.606	125	120	3	1.4	100	0.004	0.0004	0	0	0	7e-07	0.016	0	0	0	0	5e-05	0	0	0	7e-08	0	0	9.0009e-05	0	0.07	0	0	0	0
bistratifiedcell[0].dend[6]	0.166667	252.392	628.606	125	136.667	3	1.4	100	0.004	0.0004	0	0	0	7e-07	0.016	0	0	0	0	5e-05	0	0	0	7e-08	0	0	9.0009e-05	0	0.07	0	0	0	0
bistratifiedcell[0].dend[6]	0.5	252.392	628.606	125	170	3	1.4	100	0.004	0.0004	0	0	0	7e-07	0.016	0	0	0	0	5e-05	0	0	0	7e-08	0	0	9.0009e-05	0	0.07	0	0	0	0
bistratifiedcell[0].dend[6]	0.833333	252.392	628.606	125	203.333	3	1.4	100	0.004	0.0004	0	0	0	7e-07	0.016	0	0	0	0	5e-05	0	0	0	7e-08	0	0	9.0009e-05	0	0.07	0	0	0	0
bistratifiedcell[0].dend[6]	1	252.392	628.606	125	220	3	1.4	100	0.004	0.0004	0	0	0	7e-07	0.016	0	0	0	0	5e-05	0	0	0	7e-08	0	0	9.0009e-05	0	0.07	0	0	0	0
bistratifiedcell[0].dend[7]	0	213.45	720.712	125	220	2	1.4	100	0.004	0.0004	0	0	0	7e-07	0.016	0	0	0	0	5e-05	0	0	0	7e-08	0	0	9.0009e-05	0	0.07	0	0	0	0
bistratifiedcell[0].dend[7]	0.166667	213.45	720.712	125	253.333	2	1.4	100	0.004	0.0004	0	0	0	7e-07	0.016	0	0	0	0	5e-05	0	0	0	7e-08	0	0	9.0009e-05	0	0.07	0	0	0	0
bistratifiedcell[0].dend[7]	0.5	213.45	720.712	125	320	2	1.4	100	0.004	0.0004	0	0	0	7e-07	0.016	0	0	0	0	5e-05	0	0	0	7e-08	0	0	9.0009e-05	0	0.07	0	0	0	0
bistratifiedcell[0].dend[7]	0.833333	213.45	720.712	125	386.666	2	1.4	100	0.004	0.0004	0	0	0	7e-07	0.016	0	0	0	0	5e-05	0	0	0	7e-08	0	0	9.0009e-05	0	0.07	0	0	0	0
bistratifiedcell[0].dend[7]	1	213.45	720.712	125	420	2	1.4	100	0.004	0.0004	0	0	0	7e-07	0.016	0	0	0	0	5e-05	0	0	0	7e-08	0	0	9.0009e-05	0	0.07	0	0	0	0
bistratifiedcell[0].dend[8]	0	135.566	904.924	125	420	1.5	1.4	100	0.004	0.0004	0	0	0	7e-07	0.016	0	0	0	0	5e-05	0	0	0	7e-08	0	0	9.0009e-05	0	0.07	0	0	0	0
bistratifiedcell[0].dend[8]	0.166667	135.566	904.924	125	436.666	1.5	1.4	100	0.004	0.0004	0	0	0	7e-07	0.016	0	0	0	0	5e-05	0	0	0	7e-08	0	0	9.0009e-05	0	0.07	0	0	0	0
bistratifiedcell[0].dend[8]	0.5	135.566	904.924	125	470	1.5	1.4	100	0.004	0.0004	0	0	0	7e-07	0.016	0	0	0	0	5e-05	0	0	0	7e-08	0	0	9.0009e-05	0	0.07	0	0	0	0
bistratifiedcell[0].dend[8]	0.833333	135.566	904.924	125	503.334	1.5	1.4	100	0.004	0.0004	0	0	0	7e-07	0.016	0	0	0	0	5e-05	0	0	0	7e-08	0	0	9.0009e-05	0	0.07	0	0	0	0
bistratifiedcell[0].dend[8]	1	135.566	904.924	125	520	1.5	1.4	100	0.004	0.0004	0	0	0	7e-07	0.016	0	0	0	0	5e-05	0	0	0	7e-08	0	0	9.0009e-05	0	0.07	0	0	0	0
bistratifiedcell[0].dend[9]	0	96.6243	997.031	125	520	1	1.4	100	0.004	0.0004	0	0	0	7e-07	0.016	0	0	0	0	5e-05	0	0	0	7e-08	0	0	9.0009e-05	0	0.07	0	0	0	0
bistratifiedcell[0].dend[9]	0.166667	96.6243	997.031	125	536.667	1	1.4	100	0.004	0.0004	0	0	0	7e-07	0.016	0	0	0	0	5e-05	0	0	0	7e-08	0	0	9.0009e-05	0	0.07	0	0	0	0
bistratifiedcell[0].dend[9]	0.5	96.6243	997.031	125	570	1	1.4	100	0.004	0.0004	0	0	0	7e-07	0.016	0	0	0	0	5e-05	0	0	0	7e-08	0	0	9.0009e-05	0	0.07	0	0	0	0
bistratifiedcell[0].dend[9]	0.833333	96.6243	997.031	125	603.334	1	1.4	100	0.004	0.0004	0	0	0	7e-07	0.016	0	0	0	0	5e-05	0	0	0	7e-08	0	0	9.0009e-05	0	0.07	0	0	0	0
bistratifiedcell[0].dend[9]	1	96.6243	997.031	125	620	1	1.4	100	0.004	0.0004	0	0	0	7e-07	0.016	0	0	0	0	5e-05	0	0	0	7e-08	0	0	9.0009e-05	0	0.07	0	0	0	0
bistratifiedcell[0].dend[10]	0	291.333	516.5	125	0	2	1.4	100	0.004	0.0004	0	0	0	7e-07	0.016	0	0	0	0	5e-05	0	0	0	7e-08	0	0	9.0009e-05	0	0.07	0	0	0	0
bistratifiedcell[0].dend[10]	0.166667	291.333	516.5	125	16.6667	2	1.4	100	0.004	0.0004	0	0	0	7e-07	0.016	0	0	0	0	5e-05	0	0	0	7e-08	0	0	9.0009e-05	0	0.07	0	0	0	0
bistratifiedcell[0].dend[10]	0.5	291.333	516.5	125	50	2	1.4	100	0.004	0.0004	0	0	0	7e-07	0.016	0	0	0	0	5e-05	0	0	0	7e-08	0	0	9.0009e-05	0	0.07	0	0	0	0
bistratifiedcell[0].dend[10]	0.833333	291.333	516.5	125	83.3333	2	1.4	100	0.004	0.0004	0	0	0	7e-07	0.016	0	0	0	0	5e-05	0	0	0	7e-08	0	0	9.0009e-05	0	0.07	0	0	0	0
bistratifiedcell[0].dend[10]	1	291.333	516.5	125	100	2	1.4	100	0.004	0.0004	0	0	0	7e-07	0.016	0	0	0	0	5e-05	0	0	0	7e-08	0	0	9.0009e-05	0	0.07	0	0	0	0
bistratifiedcell[0].dend[11]	0	252.392	424.394	125	100	1.5	1.4	100	0.004	0.0004	0	0	0	7e-07	0.016	0	0	0	0	5e-05	0	0	0	7e-08	0	0	9.0009e-05	0	0.07	0	0	0	0
bistratifiedcell[0].dend[11]	0.166667	252.392	424.394	125	116.667	1.5	1.4	100	0.004	0.0004	0	0	0	7e-07	0.016	0	0	0	0	5e-05	0	0	0	7e-08	0	0	9.0009e-05	0	0.07	0	0	0	0
bistratifiedcell[0].dend[11]	0.5	252.392	424.394	125	150	1.5	1.4	100	0.004	0.0004	0	0	0	7e-07	0.016	0	0	0	0	5e-05	0	0	0	7e-08	0	0	9.0009e-05	0	0.07	0	0	0	0
bistratifiedcell[0].dend[11]	0.833333	252.392	424.394	125	183.333	1.5	1.4	100	0.004	0.0004	0	0	0	7e-07	0.016	0	0	0	0	5e-05	0	0	0	7e-08	0	0	9.0009e-05	0	0.07	0	0	0	0
bistratifiedcell[0].dend[11]	1	252.392	424.394	125	200	1.5	1.4	100	0.004	0.0004	0	0	0	7e-07	0.016	0	0	0	0	5e-05	0	0	0	7e-08	0	0	9.0009e-05	0	0.07	0	0	0	0
bistratifiedcell[0].dend[12]	0	213.45	332.288	125	200	1	1.4	100	0.004	0.0004	0	0	0	7e-07	0.016	0	0	0	0	5e-05	0	0	0	7e-08	0	0	9.0009e-05	0	0.07	0	0	0	0
bistratifiedcell[0].dend[12]	0.166667	213.45	332.288	125	216.667	1	1.4	100	0.004	0.0004	0	0	0	7e-07	0.016	0	0	0	0	5e-05	0	0	0	7e-08	0	0	9.0009e-05	0	0.07	0	0	0	0
bistratifiedcell[0].dend[12]	0.5	213.45	332.288	125	250	1	1.4	100	0.004	0.0004	0	0	0	7e-07	0.016	0	0	0	0	5e-05	0	0	0	7e-08	0	0	9.0009e-05	0	0.07	0	0	0	0
bistratifiedcell[0].dend[12]	0.833333	213.45	332.288	125	283.333	1	1.4	100	0.004	0.0004	0	0	0	7e-07	0.016	0	0	0	0	5e-05	0	0	0	7e-08	0	0	9.0009e-05	0	0.07	0	0	0	0
bistratifiedcell[0].dend[12]	1	213.45	332.288	125	300	1	1.4	100	0.004	0.0004	0	0	0	7e-07	0.016	0	0	0	0	5e-05	0	0	0	7e-08	0	0	9.0009e-05	0	0.07	0	0	0	0
bistratifiedcell[0].dend[13]	0	291.333	516.5	125	0	2	1.4	100	0.004	0.0004	0	0	0	7e-07	0.016	0	0	0	0	5e-05	0	0	0	7e-08	0	0	9.0009e-05	0	0.07	0	0	0	0
bistratifiedcell[0].dend[13]	0.166667	291.333	516.5	125	16.6667	2	1.4	100	0.004	0.0004	0	0	0	7e-07	0.016	0	0	0	0	5e-05	0	0	0	7e-08	0	0	9.0009e-05	0	0.07	0	0	0	0
bistratifiedcell[0].dend[13]	0.5	291.333	516.5	125	50	2	1.4	100	0.004	0.0004	0	0	0	7e-07	0.016	0	0	0	0	5e-05	0	0	0	7e-08	0	0	9.0009e-05	0	0.07	0	0	0	0
bistratifiedcell[0].dend[13]	0.833333	291.333	516.5	125	83.3334	2	1.4	100	0.004	0.0004	0	0	0	7e-07	0.016	0	0	0	0	5e-05	0	0	0	7e-08	0	0	9.0009e-05	0	0.07	0	0	0	0
bistratifiedcell[0].dend[13]	1	291.333	516.5	125	100	2	1.4	100	0.004	0.0004	0	0	0	7e-07	0.016	0	0	0	0	5e-05	0	0	0	7e-08	0	0	9.0009e-05	0	0.07	0	0	0	0
bistratifiedcell[0].dend[14]	0	330.275	424.394	125	100	1.5	1.4	100	0.004	0.0004	0	0	0	7e-07	0.016	0	0	0	0	5e-05	0	0	0	7e-08	0	0	9.0009e-05	0	0.07	0	0	0	0
bistratifiedcell[0].dend[14]	0.166667	330.275	424.394	125	116.667	1.5	1.4	100	0.004	0.0004	0	0	0	7e-07	0.016	0	0	0	0	5e-05	0	0	0	7e-08	0	0	9.0009e-05	0	0.07	0	0	0	0
bistratifiedcell[0].dend[14]	0.5	330.275	424.394	125	150	1.5	1.4	100	0.004	0.0004	0	0	0	7e-07	0.016	0	0	0	0	5e-05	0	0	0	7e-08	0	0	9.0009e-05	0	0.07	0	0	0	0
bistratifiedcell[0].dend[14]	0.833333	330.275	424.394	125	183.333	1.5	1.4	100	0.004	0.0004	0	0	0	7e-07	0.016	0	0	0	0	5e-05	0	0	0	7e-08	0	0	9.0009e-05	0	0.07	0	0	0	0
bistratifiedcell[0].dend[14]	1	330.275	424.394	125	200	1.5	1.4	100	0.004	0.0004	0	0	0	7e-07	0.016	0	0	0	0	5e-05	0	0	0	7e-08	0	0	9.0009e-05	0	0.07	0	0	0	0
bistratifiedcell[0].dend[15]	0	369.217	332.288	125	200	1	1.4	100	0.004	0.0004	0	0	0	7e-07	0.016	0	0	0	0	5e-05	0	0	0	7e-08	0	0	9.0009e-05	0	0.07	0	0	0	0
bistratifiedcell[0].dend[15]	0.166667	369.217	332.288	125	216.667	1	1.4	100	0.004	0.0004	0	0	0	7e-07	0.016	0	0	0	0	5e-05	0	0	0	7e-08	0	0	9.0009e-05	0	0.07	0	0	0	0
bistratifiedcell[0].dend[15]	0.5	369.217	332.288	125	250	1	1.4	100	0.004	0.0004	0	0	0	7e-07	0.016	0	0	0	0	5e-05	0	0	0	7e-08	0	0	9.0009e-05	0	0.07	0	0	0	0
bistratifiedcell[0].dend[15]	0.833333	369.217	332.288	125	283.333	1	1.4	100	0.004	0.0004	0	0	0	7e-07	0.016	0	0	0	0	5e-05	0	0	0	7e-08	0	0	9.0009e-05	0	0.07	0	0	0	0
bistratifiedcell[0].dend[15]	1	369.217	332.288	125	300	1	1.4	100	0.004	0.0004	0	0	0	7e-07	0.016	0	0	0	0	5e-05	0	0	0	7e-08	0	0	9.0009e-05	0	0.07	0	0	0	0
