0	0
0.5	3.87939e-24
1	5.81605e-25
1.5	3.59186e-24
2	1.86556e-24
2.5	1.79454e-24
3	-1.29136e-24
3.5	-1.46069e-07
4	-4.92763e-07
4.5	-8.62892e-07
5	-1.29939e-06
5.5	-1.73807e-06
6	-2.13137e-06
6.5	-2.76746e-06
7	-3.47674e-06
7.5	-3.90701e-06
8	-3.83234e-06
8.5	-3.62184e-06
9	-3.52252e-06
9.5	-3.60596e-06
10	-3.80529e-06
10.5	-4.14803e-06
11	-4.34376e-06
11.5	-4.39312e-06
12	-4.52548e-06
12.5	-4.62347e-06
13	-4.62712e-06
13.5	-4.32861e-06
14	-2.76655e-06
14.5	-2.26273e-06
15	-1.88632e-06
15.5	-3.04635e-06
16	-4.06267e-06
16.5	-3.74584e-06
17	-4.28777e-06
17.5	-6.1587e-06
18	-6.50593e-06
18.5	-6.67217e-06
19	-5.7382e-06
19.5	-4.60595e-06
20	-1.36814e-05
20.5	-9.7186e-06
21	-7.31031e-06
21.5	-6.25999e-06
22	-7.12e-06
22.5	-6.05503e-06
23	-5.37374e-06
23.5	-4.95024e-06
24	-4.82008e-06
24.5	-2.77849e-06
25	-1.47561e-05
25.5	-9.97678e-06
26	-1.21295e-05
26.5	-6.36537e-06
27	-1.71584e-06
27.5	-8.31984e-07
28	-1.95684e-06
28.5	-3.74036e-06
29	-2.45551e-05
29.5	-3.8241e-05
30	9.50088e-05
30.5	-2.0363e-05
31	-6.74925e-05
31.5	-6.22647e-05
32	-6.89183e-05
32.5	-5.33217e-05
33	-2.81825e-05
33.5	-1.73722e-05
34	4.92021e-05
34.5	-3.26176e-05
35	0.0002564
35.5	-0.000176875
36	-0.000184159
36.5	-4.69898e-05
37	-1.28112e-05
37.5	-2.69474e-06
38	-1.88004e-06
38.5	-2.38203e-06
39	-3.24382e-06
39.5	-5.47801e-06
40	-8.89241e-06
40.5	-9.28977e-06
41	-8.61917e-06
41.5	-7.79546e-06
42	-6.76585e-06
42.5	-6.03291e-06
43	-5.62879e-06
43.5	-5.3117e-06
44	-5.05481e-06
44.5	-4.70658e-06
45	-4.36055e-06
45.5	-4.06621e-06
46	-3.8725e-06
46.5	-3.72437e-06
47	-3.67845e-06
47.5	-3.64983e-06
48	-3.27059e-06
48.5	-2.6652e-06
49	-2.49817e-06
49.5	-2.66518e-06
50	-2.3825e-07
50.5	1.65587e-07
51	1.74466e-06
51.5	2.25122e-06
52	-2.98315e-07
52.5	-2.25724e-06
53	-4.17781e-06
53.5	-5.31875e-06
54	-5.95492e-06
54.5	-6.29622e-06
55	-6.50273e-06
55.5	-6.56488e-06
56	-6.55523e-06
56.5	-6.48064e-06
57	-6.40249e-06
57.5	-6.26675e-06
58	-6.12168e-06
58.5	-6.03632e-06
59	-6.03091e-06
59.5	-6.02898e-06
60	-6.09806e-06
60.5	-6.21133e-06
61	-6.45218e-06
61.5	-7.01059e-06
62	-7.62385e-06
62.5	-8.11224e-06
63	-8.42108e-06
63.5	-8.61294e-06
64	-8.82721e-06
64.5	-7.84741e-06
65	-7.45441e-06
65.5	-4.58807e-06
66	-1.71227e-06
66.5	-1.13099e-06
67	-8.65135e-07
67.5	-2.05146e-06
68	-2.7478e-06
68.5	-3.60718e-06
69	-7.28844e-06
69.5	-8.42462e-06
70	-7.7985e-06
70.5	-7.10184e-06
71	-6.54993e-06
71.5	-6.2472e-06
72	-6.0647e-06
72.5	-5.99201e-06
73	-5.9471e-06
73.5	-5.94789e-06
74	-6.06739e-06
74.5	-6.33245e-06
75	-6.73409e-06
75.5	-7.05396e-06
76	-7.22814e-06
76.5	-7.1843e-06
77	-7.1262e-06
77.5	-6.95151e-06
78	-6.61377e-06
78.5	-5.11196e-06
79	-4.73759e-06
79.5	-4.72353e-06
80	-4.90825e-06
80.5	-5.12658e-06
81	-4.05332e-06
81.5	-4.05913e-06
82	-3.75443e-06
82.5	-2.37123e-06
83	-1.89599e-06
83.5	-2.9171e-06
84	-6.73988e-06
84.5	-4.06013e-06
85	-2.78154e-06
85.5	-3.43464e-06
86	-3.94182e-06
86.5	-4.24482e-06
87	-4.37917e-06
87.5	-4.36507e-06
88	-4.30186e-06
88.5	-4.24094e-06
89	-4.03814e-06
89.5	-3.83488e-06
90	-5.35246e-06
90.5	-5.0745e-06
91	-6.44695e-06
91.5	-5.50769e-06
92	-4.73077e-06
92.5	-4.23078e-06
93	-3.86322e-06
93.5	-3.63214e-06
94	-2.2162e-06
94.5	-2.03741e-06
95	-1.31158e-06
95.5	5.57633e-07
96	1.09192e-06
96.5	1.53155e-06
97	1.05362e-06
97.5	-6.94875e-07
98	-1.17203e-06
98.5	-2.7341e-06
99	-4.06205e-06
99.5	-4.41531e-06
100	-4.9651e-06
100.5	-5.22553e-06
101	-5.28105e-06
101.5	-5.2145e-06
102	-5.07582e-06
102.5	-4.9754e-06
103	-4.8956e-06
103.5	-4.95176e-06
104	-4.93255e-06
104.5	-4.9606e-06
105	-4.94173e-06
105.5	-5.11837e-06
106	-5.39878e-06
106.5	-5.59692e-06
107	-5.71368e-06
107.5	-5.78457e-06
108	-5.81308e-06
108.5	-7.63261e-06
109	-1.14361e-05
109.5	-1.15001e-05
110	-8.92277e-06
110.5	-8.19121e-06
111	-3.04201e-06
111.5	9.03279e-07
112	-6.02339e-06
112.5	-1.25541e-05
113	-1.7179e-05
113.5	-1.39413e-05
114	-1.56878e-05
114.5	-1.20137e-05
115	-7.92685e-06
115.5	-8.90048e-06
116	-1.02869e-05
116.5	-9.70745e-06
117	-1.09446e-05
117.5	-1.10276e-05
118	-1.68425e-05
118.5	-2.9645e-05
119	-0.000118653
119.5	0.00010553
120	0.000331966
120.5	-5.19076e-06
121	-0.000131773
121.5	-5.76018e-05
122	-4.68429e-05
122.5	-5.79605e-05
123	-5.14141e-05
123.5	-0.000103667
124	9.78089e-05
124.5	0.00028974
125	-9.15865e-06
125.5	-0.000257909
126	-9.31192e-05
126.5	-7.86623e-05
127	-3.24283e-05
127.5	-7.24939e-06
128	4.43673e-06
128.5	1.50852e-05
129	4.19549e-06
129.5	-2.09533e-06
130	-1.68545e-06
130.5	-5.98305e-06
131	-2.68151e-06
131.5	-2.47474e-06
132	-3.31362e-06
132.5	-5.32245e-06
133	-7.5577e-06
133.5	-7.79357e-06
134	-6.83806e-06
134.5	-6.0607e-06
135	-5.71628e-06
135.5	-5.52115e-06
136	-5.37139e-06
136.5	-5.13486e-06
137	-4.79076e-06
137.5	-4.04459e-06
138	-3.13584e-06
138.5	-2.66647e-06
139	-2.44478e-06
139.5	-1.00487e-06
140	1.34709e-06
140.5	7.97696e-07
141	2.7008e-07
141.5	4.6516e-07
142	5.45986e-08
142.5	-1.19456e-06
143	-2.91136e-06
143.5	-4.43845e-06
144	-5.72649e-06
144.5	-6.9674e-06
145	-7.98005e-06
145.5	-8.64015e-06
146	-8.9037e-06
146.5	-8.8981e-06
147	-8.75521e-06
147.5	-8.61477e-06
148	-8.6644e-06
148.5	-8.66017e-06
149	-8.50668e-06
149.5	-8.2837e-06
150	-8.41713e-06
150.5	-8.59107e-06
151	-8.71186e-06
151.5	-9.23579e-06
152	-9.89407e-06
152.5	-1.04306e-05
153	-1.06285e-05
153.5	-1.06184e-05
154	-1.0481e-05
154.5	-1.02582e-05
155	-1.02592e-05
155.5	-9.20375e-06
156	-7.34249e-06
156.5	-6.96043e-06
157	-7.29686e-06
157.5	-8.13711e-06
158	-9.44676e-06
158.5	-8.51027e-06
159	-8.08241e-06
159.5	-8.13321e-06
160	-7.61763e-06
160.5	-6.85421e-06
161	-6.85305e-06
161.5	-7.14859e-06
162	-7.55356e-06
162.5	-7.93052e-06
163	-8.12163e-06
163.5	-8.14235e-06
164	-8.13367e-06
164.5	-7.91293e-06
165	-7.68675e-06
165.5	-7.5356e-06
166	-7.45372e-06
166.5	-7.40701e-06
167	-7.32394e-06
167.5	-7.11575e-06
168	-6.94607e-06
168.5	-6.93663e-06
169	-7.06956e-06
169.5	-7.2049e-06
170	-7.22571e-06
170.5	-7.27849e-06
171	-5.47098e-06
171.5	-5.83717e-06
172	-5.97843e-06
172.5	-8.76048e-07
173	-7.57459e-08
173.5	-2.91947e-06
174	-6.24091e-06
174.5	-8.10898e-06
175	-9.19117e-06
175.5	-9.15501e-06
176	-1.3712e-05
176.5	-8.91014e-06
177	-8.22496e-06
177.5	-7.92952e-06
178	-8.31466e-06
178.5	-8.77692e-06
179	-9.13517e-06
179.5	-9.50439e-06
180	-9.80482e-06
180.5	-9.97457e-06
181	-9.97187e-06
181.5	-9.68254e-06
182	-9.36776e-06
182.5	-9.0261e-06
183	-8.73938e-06
183.5	-8.62393e-06
184	-8.48503e-06
184.5	-8.32211e-06
185	-6.52787e-06
185.5	-6.34801e-06
186	-3.41386e-06
186.5	-5.7866e-07
187	-1.9794e-07
187.5	-2.58236e-06
188	-1.84043e-06
188.5	-1.04597e-05
189	-1.14811e-05
189.5	-8.78957e-06
190	-8.62785e-06
190.5	-7.88952e-06
191	-7.09085e-06
191.5	-7.16363e-06
192	-7.32933e-06
192.5	-7.08669e-06
193	-6.88833e-06
193.5	-6.72198e-06
194	-6.72866e-06
194.5	-6.8553e-06
195	-6.93931e-06
195.5	-7.2197e-06
196	-7.54347e-06
196.5	-7.69803e-06
197	-7.77696e-06
197.5	-8.00421e-06
198	-8.22394e-06
198.5	-8.31535e-06
199	-8.31263e-06
199.5	-8.16908e-06
200	-8.00278e-06
200.5	-7.22412e-06
201	-4.14033e-06
201.5	-4.0245e-06
202	-2.75106e-06
202.5	-3.61026e-06
203	-7.68881e-06
203.5	-6.14577e-06
204	-7.47538e-06
204.5	-8.29037e-06
205	-9.31539e-06
205.5	-5.05319e-06
206	-1.18636e-05
206.5	-1.11529e-05
207	-1.02095e-05
207.5	-9.48468e-06
208	-8.87072e-06
208.5	-8.39749e-06
209	-8.22457e-06
209.5	-8.97077e-06
210	-7.67718e-06
210.5	-7.02675e-06
211	-6.61685e-06
211.5	-6.45263e-06
212	-6.27057e-06
212.5	-6.00446e-06
213	-5.82039e-06
213.5	-6.25862e-06
214	-4.53309e-06
214.5	-3.53099e-06
215	-1.38231e-06
215.5	-3.50729e-06
216	-3.55136e-06
216.5	-1.40135e-05
217	-1.94873e-05
217.5	-1.6407e-05
218	-2.99289e-05
218.5	-6.02498e-05
219	-0.000103303
219.5	0.000129529
220	0.000330211
220.5	5.55594e-05
221	-0.000160955
221.5	-5.16858e-05
222	-6.32448e-05
222.5	-7.37864e-05
223	-7.64138e-05
223.5	-0.000116016
224	0.000117423
224.5	3.34258e-05
225	7.42597e-05
225.5	-0.000252361
226	-0.000120616
226.5	-6.50626e-05
227	-7.09312e-05
227.5	-7.05299e-05
228	4.88197e-05
228.5	4.84465e-05
229	-1.35055e-05
229.5	-3.90015e-05
230	-4.07123e-05
230.5	-2.66295e-05
231	-1.97074e-05
231.5	-6.97743e-06
232	-5.95629e-06
232.5	-6.82764e-06
233	-7.91553e-06
233.5	-8.44266e-06
234	-1.31805e-05
234.5	-1.52179e-05
235	-1.27942e-05
235.5	-1.07174e-05
236	-7.39557e-06
236.5	-5.13202e-06
237	-5.03531e-06
237.5	-5.13223e-06
238	-5.06962e-06
238.5	-5.76903e-06
239	-5.34503e-06
239.5	-4.81789e-06
240	-4.40895e-06
240.5	-4.16044e-06
241	-4.03883e-06
241.5	-4.07674e-06
242	-1.55113e-06
242.5	1.77301e-06
243	1.01899e-08
243.5	-1.64359e-06
244	-2.33849e-06
244.5	-2.90278e-06
245	-2.75275e-06
245.5	-1.82149e-06
246	-2.14673e-06
246.5	-1.97463e-06
247	-2.08135e-06
247.5	-2.99735e-06
248	-3.63222e-06
248.5	-3.97787e-06
249	-4.15551e-06
249.5	-4.19523e-06
250	-4.1534e-06
250.5	-4.05263e-06
251	-3.87476e-06
251.5	-3.5664e-06
252	-3.34364e-06
252.5	-3.39471e-06
253	-3.45355e-06
253.5	-3.59642e-06
254	-3.92039e-06
254.5	-4.22754e-06
255	-4.49375e-06
255.5	-4.75556e-06
256	-5.02438e-06
256.5	-5.27293e-06
257	-5.75621e-06
257.5	-4.30053e-06
258	-3.35763e-06
258.5	-3.60698e-06
259	-3.99517e-06
259.5	-4.25236e-06
260	-4.24021e-06
260.5	-3.17465e-06
261	-3.79509e-06
261.5	-5.80538e-06
262	-6.31172e-06
262.5	-6.17488e-06
263	-6.12014e-06
263.5	-6.1607e-06
264	-6.1456e-06
264.5	-6.16805e-06
265	-6.47962e-06
265.5	-6.67443e-06
266	-6.99658e-06
266.5	-7.33602e-06
267	-7.52546e-06
267.5	-7.38836e-06
268	-7.15427e-06
268.5	-7.11105e-06
269	-7.23172e-06
269.5	-7.39244e-06
270	-7.67033e-06
270.5	-6.76125e-06
271	-6.07146e-06
271.5	-4.79659e-06
272	-5.5154e-06
272.5	-5.47919e-06
273	-5.07414e-06
273.5	-6.48769e-06
274	-7.59178e-06
274.5	-7.82317e-06
275	-1.09678e-05
275.5	-8.17104e-06
276	-7.37954e-06
276.5	-6.70527e-06
277	-5.87431e-06
277.5	-5.85778e-06
278	-6.12069e-06
278.5	-6.47386e-06
279	-6.76818e-06
279.5	-6.98648e-06
280	-7.3923e-06
280.5	-7.80575e-06
281	-8.25403e-06
281.5	-8.36817e-06
282	-8.30596e-06
282.5	-8.07464e-06
283	-7.89069e-06
283.5	-7.84061e-06
284	-7.79448e-06
284.5	-7.27625e-06
285	-6.92175e-06
285.5	-6.44507e-06
286	-6.17991e-06
286.5	-3.94464e-06
287	-1.70529e-06
287.5	-3.35987e-06
288	-5.13904e-06
288.5	-6.25799e-06
289	-1.13344e-05
289.5	-9.24177e-06
290	-8.29504e-06
290.5	-8.40633e-06
291	-8.2901e-06
291.5	-8.1971e-06
292	-8.05536e-06
292.5	-7.83109e-06
293	-7.5462e-06
293.5	-7.24097e-06
294	-7.04602e-06
294.5	-6.90547e-06
295	-6.83756e-06
295.5	-6.84143e-06
296	-6.83371e-06
296.5	-6.73278e-06
297	-6.67154e-06
297.5	-6.66169e-06
298	-6.73619e-06
298.5	-6.12604e-06
299	-5.60984e-06
299.5	-3.43046e-06
300	-2.81178e-06
300.5	-2.91786e-06
301	-2.71069e-06
301.5	-3.12654e-06
302	-4.41434e-08
302.5	2.3048e-07
303	-1.93052e-06
303.5	-4.13733e-06
304	-5.44599e-06
304.5	-6.17214e-06
305	-6.5086e-06
305.5	-6.90281e-06
306	-7.11734e-06
306.5	-6.78266e-06
307	-6.40841e-06
307.5	-6.07198e-06
308	-5.97536e-06
308.5	-6.13992e-06
309	-6.34482e-06
309.5	-6.4907e-06
310	-6.5916e-06
310.5	-6.5171e-06
311	-6.27331e-06
311.5	-6.16338e-06
312	-6.11568e-06
312.5	-5.2393e-06
313	-4.7918e-06
313.5	-3.87103e-06
314	-4.8578e-06
314.5	-5.18286e-06
315	-6.78381e-06
315.5	-6.82335e-06
316	-4.98297e-06
316.5	-2.97958e-06
317	-8.24655e-06
317.5	-7.85075e-06
318	-7.10073e-06
318.5	-7.59554e-06
319	-7.06557e-06
319.5	-6.86704e-06
320	-5.19906e-06
320.5	-5.29849e-06
321	-5.36945e-06
321.5	-5.40011e-06
322	-5.31746e-06
322.5	-5.24647e-06
323	-5.27497e-06
323.5	-5.26834e-06
324	-6.82514e-06
324.5	-6.3669e-06
325	-5.43994e-06
325.5	-4.95271e-06
326	-4.86426e-06
326.5	-4.86168e-06
327	-4.86451e-06
327.5	-4.75188e-06
328	-4.61673e-06
328.5	-4.11199e-06
329	-3.16947e-06
329.5	-1.68582e-06
330	4.95807e-07
330.5	-1.35735e-06
331	-1.55003e-06
331.5	-4.18121e-06
332	-5.91091e-06
332.5	-5.04672e-06
333	-7.11982e-06
333.5	-7.02547e-06
334	-6.48466e-06
334.5	-6.36067e-06
335	-6.65536e-06
335.5	-7.799e-06
336	-1.06794e-05
336.5	-9.30921e-06
337	-7.16621e-06
337.5	-1.52575e-05
338	-1.21867e-05
338.5	-9.78083e-06
339	-1.02828e-05
339.5	-1.19692e-05
340	-1.6901e-05
340.5	-1.35282e-05
341	-1.02712e-05
341.5	-8.49798e-06
342	-1.51836e-05
342.5	-1.53603e-05
343	-1.32285e-05
343.5	-2.13264e-05
344	-2.90801e-05
344.5	-6.08996e-05
345	1.81805e-06
345.5	0.000284253
346	9.68582e-06
346.5	-8.01394e-05
347	-3.70999e-05
347.5	-4.52786e-05
348	-3.94698e-05
348.5	-4.07344e-05
349	-5.15656e-05
349.5	-6.79906e-05
350	-6.39156e-05
350.5	0.000112763
351	0.000345906
351.5	3.95642e-05
352	-0.000236243
352.5	-0.000115707
353	-9.357e-05
353.5	-5.45108e-05
354	1.03411e-05
354.5	1.5733e-05
355	5.47338e-06
355.5	-2.39409e-06
356	-1.14226e-05
356.5	-1.40876e-06
357	-1.24895e-05
357.5	-3.17599e-06
358	3.215e-06
358.5	-9.2248e-07
359	-7.85882e-06
359.5	-5.52218e-06
360	-5.83727e-06
360.5	-7.00823e-06
361	-1.14867e-05
361.5	-1.38954e-05
362	-1.33876e-05
362.5	-1.22194e-05
363	-1.12423e-05
363.5	-9.4964e-06
364	-8.37871e-06
364.5	-7.66486e-06
365	-7.33206e-06
365.5	-7.15045e-06
366	-7.10971e-06
366.5	-7.1146e-06
367	-7.17179e-06
367.5	-7.275e-06
368	-7.33622e-06
368.5	-5.26504e-06
369	-5.99043e-07
369.5	2.8905e-07
370	-2.50785e-06
370.5	-5.06629e-06
371	-6.60209e-06
371.5	-7.99877e-06
372	-8.76172e-06
372.5	-9.01553e-06
373	-8.97937e-06
373.5	-8.85877e-06
374	-8.80334e-06
374.5	-8.75111e-06
375	-8.37399e-06
375.5	-8.07602e-06
376	-7.84688e-06
376.5	-7.76493e-06
377	-7.7478e-06
377.5	-7.78506e-06
378	-7.9082e-06
378.5	-7.98143e-06
379	-8.06505e-06
379.5	-8.06926e-06
380	-8.044e-06
380.5	-7.90205e-06
381	-7.63919e-06
381.5	-7.30187e-06
382	-6.99731e-06
382.5	-5.7857e-06
383	-6.44712e-06
383.5	-4.27712e-06
384	-2.93391e-06
384.5	-2.44651e-06
385	1.27197e-06
385.5	-1.64158e-06
386	-3.45576e-06
386.5	-2.95791e-06
387	-4.17624e-06
387.5	-4.51735e-06
388	-4.9285e-06
388.5	-4.83183e-06
389	-4.552e-06
389.5	-4.41479e-06
390	-4.33797e-06
390.5	-4.28934e-06
391	-4.40041e-06
391.5	-4.4902e-06
392	-4.51289e-06
392.5	-4.59293e-06
393	-4.74683e-06
393.5	-4.81527e-06
394	-4.89328e-06
394.5	-5.18213e-06
395	-5.49301e-06
395.5	-5.74442e-06
396	-5.87892e-06
396.5	-5.92876e-06
397	-5.88571e-06
397.5	-3.44673e-06
398	-2.52946e-06
398.5	-3.15337e-06
399	-3.33014e-06
399.5	-2.86428e-06
400	-3.34581e-06
400.5	-4.55881e-06
401	-4.18536e-06
401.5	-4.06147e-06
402	-4.09655e-06
402.5	-3.55859e-06
403	-3.75567e-06
403.5	-4.04533e-06
404	-4.07862e-06
404.5	-3.86155e-06
405	-3.549e-06
405.5	-3.2661e-06
406	-3.17518e-06
406.5	-3.26972e-06
407	-3.5417e-06
407.5	-3.90358e-06
408	-4.13887e-06
408.5	-4.27963e-06
409	-4.19068e-06
409.5	-3.92056e-06
410	-3.54776e-06
410.5	-3.12047e-06
411	-2.71531e-06
411.5	-2.40758e-06
412	-1.11374e-06
412.5	1.77303e-06
413	2.62668e-06
413.5	1.19492e-06
414	1.69515e-06
414.5	1.27115e-06
415	-9.22425e-07
415.5	-1.68688e-06
416	-2.54248e-06
416.5	-3.24273e-06
417	-1.16478e-05
417.5	-9.79699e-06
418	-7.79547e-06
418.5	-7.08746e-06
419	-6.93975e-06
419.5	-6.98483e-06
420	-7.10721e-06
420.5	-7.25574e-06
421	-7.43727e-06
421.5	-7.53792e-06
422	-7.74351e-06
422.5	-7.86919e-06
423	-7.8015e-06
423.5	-7.51609e-06
424	-7.01769e-06
424.5	-6.47697e-06
425	-6.03081e-06
425.5	-5.70189e-06
426	-5.46877e-06
426.5	-5.70413e-06
427	-5.53115e-06
427.5	-3.17112e-06
428	-1.33394e-06
428.5	-1.45302e-06
429	-8.78821e-07
429.5	-1.94648e-06
430	-2.63414e-06
430.5	-4.35532e-06
431	-5.75941e-06
431.5	-6.50028e-06
432	-7.49949e-06
432.5	-6.58919e-06
433	-5.60531e-06
433.5	-4.95203e-06
434	-4.56843e-06
434.5	-4.32468e-06
435	-4.10898e-06
435.5	-3.89515e-06
436	-3.74489e-06
436.5	-3.80689e-06
437	-3.98066e-06
437.5	-4.49652e-06
438	-5.09205e-06
438.5	-5.62859e-06
439	-8.92952e-06
439.5	-8.20977e-06
440	-8.3585e-06
440.5	-9.00496e-06
441	-8.74337e-06
441.5	-8.45873e-06
442	-8.60379e-06
442.5	-7.22356e-06
443	-6.60774e-06
443.5	-6.03945e-06
444	-7.57613e-06
444.5	-7.77265e-06
445	-9.00826e-06
445.5	-8.39282e-06
446	-7.87115e-06
446.5	-9.23681e-06
447	-9.106e-06
447.5	-8.63481e-06
448	-8.40456e-06
448.5	-8.53731e-06
449	-8.69267e-06
449.5	-8.74873e-06
450	-8.81927e-06
450.5	-8.95405e-06
451	-9.10796e-06
451.5	-9.12056e-06
452	-8.95039e-06
452.5	-8.71401e-06
453	-8.67998e-06
453.5	-8.75528e-06
454	-8.67268e-06
454.5	-8.48078e-06
455	-8.3031e-06
455.5	-8.19788e-06
456	-8.00382e-06
456.5	-9.30798e-06
457	-6.91145e-06
457.5	-4.08064e-06
458	-5.78192e-06
458.5	-1.14433e-05
459	-1.75737e-05
459.5	-1.00676e-05
460	-1.01186e-05
460.5	-1.52739e-05
461	-1.69162e-05
461.5	-1.56672e-05
462	-1.5348e-05
462.5	-1.18402e-05
463	-9.13898e-06
463.5	-7.77109e-06
464	-7.12726e-06
464.5	-6.89823e-06
465	-4.02102e-06
465.5	-4.99097e-06
466	-5.57207e-06
466.5	-5.72646e-06
467	-5.71648e-06
467.5	-5.61987e-06
468	-5.58027e-06
468.5	-5.66559e-06
469	-5.90847e-06
469.5	-8.09007e-06
470	-1.08438e-05
470.5	-7.07062e-06
471	-1.02079e-05
471.5	-1.24346e-05
472	-1.45232e-05
472.5	-2.75395e-05
473	-1.98042e-05
473.5	2.4705e-05
474	0.000251441
474.5	0.000115378
475	-0.00018553
475.5	-6.61694e-05
476	-3.20738e-05
476.5	-2.11962e-05
477	-2.76248e-05
477.5	-3.95241e-05
478	-5.63109e-05
478.5	-5.40129e-05
479	5.84055e-05
479.5	-3.23259e-05
480	0.000207622
480.5	-0.000114552
481	-0.000169457
481.5	-8.30935e-05
482	-7.6914e-05
482.5	-4.62306e-05
483	9.67892e-06
483.5	1.11851e-05
484	2.17574e-06
484.5	-3.59996e-05
485	-5.32276e-05
485.5	-2.23493e-05
486	-2.92905e-05
486.5	-1.10328e-05
487	-8.25062e-07
487.5	-6.5034e-07
488	-3.63399e-06
488.5	-8.51179e-06
489	-1.18807e-05
489.5	-1.20418e-05
490	-9.85826e-06
490.5	-7.84375e-06
491	-6.47254e-06
491.5	-5.78609e-06
492	-5.30267e-06
492.5	-4.95447e-06
493	-4.74849e-06
493.5	-4.67998e-06
494	-4.46654e-06
494.5	-4.35118e-06
495	-4.33299e-06
495.5	-4.55163e-06
496	-4.71994e-06
496.5	-4.90952e-06
497	-2.43951e-06
497.5	-6.34738e-07
498	2.15728e-07
498.5	2.08463e-06
499	1.27841e-06
499.5	-3.31317e-07
500	-2.35386e-06
500.5	-4.0312e-06
501	-5.08479e-06
501.5	-6.09555e-06
502	-6.78185e-06
502.5	-7.01905e-06
503	-7.04467e-06
503.5	-6.99897e-06
504	-6.96206e-06
504.5	-6.99378e-06
505	-7.00839e-06
505.5	-7.1816e-06
506	-7.44579e-06
506.5	-7.62211e-06
507	-7.667e-06
507.5	-7.67802e-06
508	-7.83752e-06
508.5	-8.11548e-06
509	-8.34713e-06
509.5	-8.5472e-06
510	-8.67814e-06
510.5	-8.60733e-06
511	-7.26218e-06
511.5	-7.12392e-06
512	-4.21026e-06
512.5	-4.30392e-06
513	-3.48884e-06
513.5	-2.93903e-06
514	-1.88648e-06
514.5	-3.30488e-06
515	-4.38697e-06
515.5	-5.11256e-06
516	-6.28139e-06
516.5	-8.45656e-06
517	-9.6119e-06
517.5	-9.26945e-06
518	-9.37632e-06
518.5	-9.75789e-06
519	-1.01611e-05
519.5	-1.06019e-05
520	-1.09417e-05
520.5	-1.0942e-05
521	-1.06265e-05
521.5	-1.03879e-05
522	-1.03538e-05
522.5	-1.03266e-05
523	-1.02174e-05
523.5	-1.01021e-05
524	-1.00555e-05
524.5	-9.89708e-06
525	-9.57253e-06
525.5	-9.21922e-06
526	-8.90141e-06
526.5	-8.68226e-06
527	-3.49189e-06
527.5	-5.25064e-06
528	-5.22049e-06
528.5	-5.15161e-06
529	-4.8664e-06
529.5	-7.33346e-06
530	-3.92034e-06
530.5	-4.53966e-06
531	-5.42368e-06
531.5	-5.75299e-06
532	-6.18969e-06
532.5	-6.48901e-06
533	-6.55898e-06
533.5	-6.71218e-06
534	-7.00004e-06
534.5	-7.26993e-06
535	-7.33438e-06
535.5	-7.24908e-06
536	-7.17345e-06
536.5	-7.00113e-06
537	-6.75241e-06
537.5	-6.49532e-06
538	-6.52827e-06
538.5	-6.73574e-06
539	-7.05348e-06
539.5	-7.37614e-06
540	-7.69064e-06
540.5	-7.88463e-06
541	-6.55259e-06
541.5	-5.92672e-06
542	-2.99993e-06
542.5	-1.1326e-06
543	-2.59302e-06
543.5	-4.09307e-06
544	-5.46741e-06
544.5	-6.18931e-06
545	-6.3618e-06
545.5	-6.29843e-06
546	-6.09582e-06
546.5	-5.90106e-06
547	-5.65144e-06
547.5	-5.57749e-06
548	-5.71387e-06
548.5	-5.92709e-06
549	-6.01628e-06
549.5	-6.15529e-06
550	-6.31982e-06
550.5	-6.38487e-06
551	-6.35626e-06
551.5	-6.29054e-06
552	-6.24423e-06
552.5	-6.42822e-06
553	-6.57176e-06
553.5	-6.59693e-06
554	-6.44847e-06
554.5	-6.25908e-06
555	-5.24864e-06
555.5	-6.29052e-07
556	-1.25426e-06
556.5	-1.5153e-06
557	-5.14358e-06
557.5	-3.65869e-06
558	-4.66925e-06
558.5	-5.90024e-06
559	-5.16789e-06
559.5	-5.93195e-06
560	-5.88926e-06
560.5	-6.00936e-06
561	-6.18701e-06
561.5	-6.19921e-06
562	-6.05762e-06
562.5	-5.90026e-06
563	-5.81701e-06
563.5	-5.78858e-06
564	-5.93315e-06
564.5	-6.10586e-06
565	-6.11591e-06
565.5	-6.10527e-06
566	-6.13839e-06
566.5	-6.14702e-06
567	-6.00796e-06
567.5	-5.7801e-06
568	-5.30302e-06
568.5	-3.65854e-06
569	-3.45994e-06
569.5	-1.60811e-06
570	-4.99476e-06
570.5	-2.14249e-06
571	-8.5611e-08
571.5	-1.22616e-06
572	-2.72458e-06
572.5	-4.69546e-06
573	-3.88546e-06
573.5	-5.49828e-06
574	-7.34462e-06
574.5	-9.70902e-06
575	-9.04111e-06
575.5	-8.53344e-06
576	-8.19888e-06
576.5	-7.68897e-06
577	-7.27597e-06
577.5	-7.25628e-06
578	-7.379e-06
578.5	-7.52595e-06
579	-7.67045e-06
579.5	-7.87494e-06
580	-7.94388e-06
580.5	-7.94058e-06
581	-7.96227e-06
581.5	-7.94892e-06
582	-7.9268e-06
582.5	-7.84285e-06
583	-7.2358e-06
583.5	-5.0034e-06
584	-7.5168e-06
584.5	-5.23369e-06
585	-3.67684e-06
585.5	-2.09815e-06
586	-2.22423e-06
586.5	-2.85212e-06
587	-4.20169e-06
587.5	-5.75272e-06
588	-6.96943e-06
588.5	-1.09192e-05
589	-1.03772e-05
589.5	-9.51436e-06
590	-9.77487e-06
590.5	-1.45792e-05
591	-1.20948e-05
591.5	-9.83294e-06
592	-1.55277e-05
592.5	-1.49094e-05
593	-1.65252e-05
593.5	-1.54096e-05
594	-1.80869e-05
594.5	-1.51921e-05
595	-1.04159e-05
595.5	-8.20449e-06
596	-5.66662e-06
596.5	-8.86221e-06
597	-1.34271e-05
597.5	-1.26096e-05
598	-1.17993e-05
598.5	-6.12433e-05
599	-2.25875e-05
599.5	0.000229912
600	-0.000118388
600.5	-6.13489e-05
601	-4.09676e-05
601.5	-7.07331e-05
602	-6.91572e-05
602.5	-0.000102011
603	2.78955e-05
603.5	6.58914e-05
604	0.000334758
604.5	-6.60411e-05
605	-0.000231003
605.5	-7.38695e-05
606	-4.45107e-05
606.5	-3.24179e-05
607	-1.69983e-05
607.5	6.91495e-06
608	-5.73235e-07
608.5	5.70095e-07
609	-1.04973e-06
609.5	-4.49923e-06
610	-7.27183e-06
610.5	-4.20138e-06
611	-4.61128e-06
611.5	-5.52803e-06
612	-6.87393e-06
612.5	-6.5613e-06
613	-5.73354e-06
613.5	-4.29269e-06
614	-3.46528e-06
614.5	-3.24994e-06
615	-3.26328e-06
615.5	-2.86603e-06
616	-2.61727e-06
616.5	-2.56402e-06
617	-2.85967e-06
617.5	-3.27069e-06
618	-3.71608e-06
618.5	-9.57827e-07
619	7.83415e-07
619.5	1.25378e-06
620	3.25591e-07
620.5	-7.35424e-07
621	-7.49166e-07
621.5	-8.0304e-07
622	5.0264e-07
622.5	-7.99009e-07
623	-2.88525e-06
623.5	-4.78896e-06
624	-6.18253e-06
624.5	-6.93335e-06
625	-7.42036e-06
625.5	-7.78021e-06
626	-7.8508e-06
626.5	-7.70558e-06
627	-7.4132e-06
627.5	-7.18047e-06
628	-7.13287e-06
628.5	-7.08942e-06
629	-6.91268e-06
629.5	-6.68919e-06
630	-6.42916e-06
630.5	-6.34159e-06
631	-6.37535e-06
631.5	-6.52106e-06
632	-6.6174e-06
632.5	-6.72091e-06
633	-7.01133e-06
633.5	-7.52387e-06
634	-6.41545e-06
634.5	-7.50175e-06
635	-6.24264e-06
635.5	-5.94987e-06
636	-5.44437e-06
636.5	-5.36585e-06
637	-4.02483e-06
637.5	-4.94363e-06
638	-5.50216e-06
638.5	-5.56854e-06
639	-5.03617e-06
639.5	-5.34668e-06
640	-5.65867e-06
640.5	-5.73003e-06
641	-5.63089e-06
641.5	-5.4358e-06
642	-5.24481e-06
642.5	-5.04831e-06
643	-4.87464e-06
643.5	-4.66868e-06
644	-4.54262e-06
644.5	-4.44912e-06
645	-4.64473e-06
645.5	-4.83889e-06
646	-5.04756e-06
646.5	-5.15575e-06
647	-5.162e-06
647.5	-5.02739e-06
648	-4.77893e-06
648.5	-4.46513e-06
649	-3.07466e-06
649.5	-2.95077e-06
650	-2.96969e-06
650.5	-1.55471e-06
651	-1.79964e-06
651.5	-1.00975e-07
652	7.80055e-07
652.5	1.11442e-06
653	1.15211e-06
653.5	-1.01908e-07
654	-1.27135e-06
654.5	-4.99775e-06
655	-6.17641e-06
655.5	-8.01245e-06
656	-9.44064e-06
656.5	-7.86942e-06
657	-6.82038e-06
657.5	-6.35057e-06
658	-6.09545e-06
658.5	-6.04838e-06
659	-6.12255e-06
659.5	-6.04648e-06
660	-5.94016e-06
660.5	-5.97558e-06
661	-6.00549e-06
661.5	-5.96362e-06
662	-5.93829e-06
662.5	-6.01019e-06
663	-6.07008e-06
663.5	-6.16398e-06
664	-6.50054e-06
664.5	-6.8181e-06
665	-4.59056e-06
665.5	-4.50204e-06
666	-3.56459e-06
666.5	-2.69177e-06
667	-3.70968e-06
667.5	-4.16604e-06
668	-3.70995e-06
668.5	-4.59454e-06
669	-5.64464e-06
669.5	-1.08141e-05
670	-8.47341e-06
670.5	-7.16248e-06
671	-6.53042e-06
671.5	-6.11045e-06
672	-5.76759e-06
672.5	-5.56493e-06
673	-5.53694e-06
673.5	-5.70544e-06
674	-5.56002e-06
674.5	-5.17852e-06
675	-4.86827e-06
675.5	-4.56979e-06
676	-4.36975e-06
676.5	-4.2109e-06
677	-4.19191e-06
677.5	-4.20218e-06
678	-4.17242e-06
678.5	-4.10846e-06
679	-4.14226e-06
679.5	-4.37298e-06
680	-3.6296e-06
680.5	-3.41428e-06
681	-2.57484e-06
681.5	-3.39637e-06
682	-2.3131e-06
682.5	-1.33621e-06
683	-3.49232e-06
683.5	-5.61385e-06
684	-6.06901e-06
684.5	-6.98344e-06
685	-6.91092e-06
685.5	-1.22075e-05
686	-9.52723e-06
686.5	-7.8312e-06
687	-7.14529e-06
687.5	-6.82537e-06
688	-6.5592e-06
688.5	-6.27187e-06
689	-6.19957e-06
689.5	-6.10563e-06
690	-6.01719e-06
690.5	-5.90263e-06
691	-5.82586e-06
691.5	-5.71363e-06
692	-5.67068e-06
692.5	-5.71517e-06
693	-5.76399e-06
693.5	-5.80394e-06
694	-5.75815e-06
694.5	-5.94761e-06
695	-5.5857e-06
695.5	-3.77668e-06
696	-3.65687e-06
696.5	-3.50861e-06
697	-1.29164e-05
697.5	-1.32227e-05
698	-1.82731e-05
698.5	-2.19539e-05
699	-2.47652e-05
699.5	-1.9866e-05
700	-1.50615e-05
700.5	-1.48802e-05
701	-1.25182e-05
701.5	-1.14337e-05
702	-8.95836e-06
702.5	-8.73415e-06
703	-1.18839e-05
703.5	-6.28003e-06
704	-5.89908e-06
704.5	-2.4621e-06
705	-2.23294e-06
705.5	-7.77092e-06
706	-1.17709e-05
706.5	-1.10994e-05
707	-9.41175e-06
707.5	-8.09682e-06
708	-1.4376e-05
708.5	-2.63619e-05
709	-5.71245e-05
709.5	1.85943e-06
710	0.000187595
710.5	2.31596e-05
711	-0.000146816
711.5	-6.00404e-05
712	-6.1976e-05
712.5	-6.44445e-05
713	-3.18978e-05
713.5	-3.34582e-05
714	1.09416e-05
714.5	5.02312e-05
715	8.23781e-05
715.5	2.26972e-05
716	-0.000293241
716.5	-0.00011007
717	-6.24985e-05
717.5	-3.47672e-05
718	-1.61319e-05
718.5	-6.65404e-06
719	-4.39725e-06
719.5	-4.18717e-06
720	-4.72312e-06
720.5	-7.2376e-06
721	-9.34604e-06
721.5	-1.25138e-05
722	-1.11527e-05
722.5	-9.65054e-06
723	-7.98145e-06
723.5	-6.66016e-06
724	-5.74428e-06
724.5	-5.29412e-06
725	-5.15889e-06
725.5	-5.1347e-06
726	-5.32129e-06
726.5	-5.47168e-06
727	-5.7012e-06
727.5	-5.97057e-06
728	-5.99132e-06
728.5	-5.95108e-06
729	-6.06419e-06
729.5	-6.20768e-06
730	-6.48565e-06
730.5	-5.35388e-06
731	-3.60122e-06
731.5	-4.09706e-06
732	-3.41299e-06
732.5	-3.29313e-06
733	-4.01973e-06
733.5	-5.35271e-06
734	-6.17816e-06
734.5	-5.40192e-06
735	-5.33084e-06
735.5	-5.61415e-06
736	-5.91488e-06
736.5	-6.28103e-06
737	-6.63999e-06
737.5	-6.90048e-06
738	-7.01654e-06
738.5	-7.24509e-06
739	-7.46322e-06
739.5	-7.58257e-06
740	-7.62471e-06
740.5	-7.69931e-06
741	-7.83491e-06
741.5	-7.80918e-06
742	-7.57525e-06
742.5	-7.47019e-06
743	-7.50409e-06
743.5	-7.41744e-06
744	-7.14442e-06
744.5	-6.97307e-06
745	-6.8213e-06
745.5	-6.70385e-06
746	-6.59989e-06
746.5	-6.11025e-06
747	-3.26888e-06
747.5	-2.20304e-06
748	-3.01375e-06
748.5	-4.59623e-06
749	-6.26626e-06
749.5	-8.21655e-06
750	-9.10975e-06
750.5	-1.06808e-05
751	-1.1603e-05
751.5	-1.04519e-05
752	-9.77196e-06
752.5	-9.4206e-06
753	-9.10844e-06
753.5	-8.84089e-06
754	-8.81108e-06
754.5	-8.92383e-06
755	-9.20832e-06
755.5	-9.58584e-06
756	-9.91031e-06
756.5	-9.98075e-06
757	-9.9068e-06
757.5	-9.89155e-06
758	-9.92951e-06
758.5	-1.02286e-05
759	-1.05215e-05
759.5	-1.06098e-05
760	-1.06215e-05
760.5	-1.06044e-05
761	-1.05308e-05
761.5	-9.37735e-06
762	-9.54536e-06
762.5	-9.89257e-06
763	-9.51125e-06
763.5	-1.06089e-05
764	-8.31672e-06
764.5	-6.16336e-06
765	-8.69898e-06
765.5	-9.20508e-06
766	-9.00912e-06
766.5	-8.81433e-06
767	-9.01709e-06
767.5	-8.77724e-06
768	-8.06053e-06
768.5	-7.47156e-06
769	-6.99797e-06
769.5	-6.58682e-06
770	-6.44616e-06
770.5	-6.44848e-06
771	-6.41543e-06
771.5	-6.24685e-06
772	-6.03433e-06
772.5	-6.00838e-06
773	-6.05077e-06
773.5	-6.0715e-06
774	-6.08536e-06
774.5	-6.03761e-06
775	-5.99285e-06
775.5	-6.1273e-06
776	-5.81595e-06
776.5	-3.01607e-06
777	-2.15481e-06
777.5	-3.47331e-06
778	-2.29722e-06
778.5	-2.5872e-06
779	-4.04329e-06
779.5	-5.40321e-06
780	-5.50886e-06
780.5	-5.3458e-06
781	-5.13647e-06
781.5	-4.94146e-06
782	-4.66424e-06
782.5	-4.43488e-06
783	-4.44519e-06
783.5	-4.45108e-06
784	-4.42404e-06
784.5	-4.44092e-06
785	-4.46655e-06
785.5	-4.5316e-06
786	-4.56205e-06
786.5	-4.49057e-06
787	-4.37544e-06
787.5	-4.24028e-06
788	-4.10956e-06
788.5	-4.03293e-06
789	-4.03284e-06
789.5	-3.88696e-06
790	-3.5414e-06
790.5	-3.35145e-06
791	-2.4573e-07
791.5	6.28086e-07
792	-1.0226e-06
792.5	-7.08947e-07
793	-2.55527e-06
793.5	-4.68968e-06
794	-5.45883e-06
794.5	-8.18997e-06
795	-9.73266e-06
795.5	-8.57539e-06
796	-7.33188e-06
796.5	-6.49058e-06
797	-6.02381e-06
797.5	-5.94868e-06
798	-9.64803e-06
798.5	-8.2081e-06
799	-7.24696e-06
799.5	-6.84612e-06
800	-6.79124e-06
800.5	-6.86912e-06
801	-7.08208e-06
801.5	-7.16326e-06
802	-7.11642e-06
802.5	-7.00272e-06
803	-6.85958e-06
803.5	-6.78146e-06
804	-6.77321e-06
804.5	-6.6931e-06
805	-2.12714e-06
805.5	-1.53604e-06
806	-1.85377e-06
806.5	-8.07328e-07
807	-1.36467e-06
807.5	-5.45483e-06
808	-6.92734e-06
808.5	-5.92159e-06
809	-5.84024e-06
809.5	-5.47872e-06
810	-6.22407e-06
810.5	-6.57376e-06
811	-9.19855e-06
811.5	-7.62997e-06
812	-6.20261e-06
812.5	-5.26225e-06
813	-4.77616e-06
813.5	-4.94881e-06
814	-5.36166e-06
814.5	-2.99399e-06
815	-4.57623e-06
815.5	-5.71337e-06
816	-6.21837e-06
816.5	-6.3986e-06
817	-6.48482e-06
817.5	-6.34478e-06
818	-6.06655e-06
818.5	-5.73108e-06
819	-5.48277e-06
819.5	-9.40069e-06
820	-7.0266e-06
820.5	-1.05831e-05
821	-4.30064e-06
821.5	-2.65176e-06
822	-5.02543e-06
822.5	-5.47083e-06
823	-6.07416e-06
823.5	-7.54031e-06
824	-9.36291e-06
824.5	-9.80064e-06
825	-8.94075e-06
825.5	-8.19001e-06
826	-9.29289e-06
826.5	-1.55915e-05
827	-1.76467e-05
827.5	-1.35163e-05
828	-1.56196e-05
828.5	-1.37094e-05
829	-2.05122e-06
829.5	-2.29235e-05
830	-7.93119e-05
830.5	8.63575e-05
831	0.000261671
831.5	-1.32722e-05
832	-0.000164965
832.5	-7.39081e-05
833	-7.24687e-05
833.5	-7.0251e-05
834	-9.5925e-05
834.5	5.77021e-05
835	6.37091e-05
835.5	0.000300431
836	4.83679e-06
836.5	-0.0002389
837	-0.000102036
837.5	-5.21423e-05
838	-3.64066e-05
838.5	-2.00645e-05
839	-4.92975e-06
839.5	4.78411e-06
840	-1.21651e-05
840.5	-9.99103e-06
841	-1.59585e-05
841.5	-7.32572e-06
842	-9.45315e-06
842.5	-1.28922e-05
843	-1.19341e-05
843.5	-9.46924e-06
844	-9.01499e-06
844.5	-9.01604e-06
845	-8.20396e-06
845.5	-8.87227e-06
846	-8.90429e-06
846.5	-8.71747e-06
847	-8.02569e-06
847.5	-7.4617e-06
848	-7.00967e-06
848.5	-6.65185e-06
849	-6.53152e-06
849.5	-6.47028e-06
850	-6.37775e-06
850.5	-4.41441e-06
851	-4.28695e-06
851.5	-3.80601e-06
852	-2.07561e-06
852.5	-1.14174e-06
853	-7.80626e-07
853.5	-6.9338e-07
854	-2.072e-06
854.5	-2.9826e-06
855	-3.95984e-06
855.5	-4.13963e-06
856	-4.91678e-06
856.5	-5.49156e-06
857	-5.57479e-06
857.5	-6.16103e-06
858	-6.83233e-06
858.5	-6.12078e-06
859	-6.21116e-06
859.5	-6.41891e-06
860	-6.63734e-06
860.5	-6.8662e-06
861	-7.05386e-06
861.5	-7.16405e-06
862	-7.1167e-06
862.5	-7.31659e-06
863	-7.75929e-06
863.5	-7.38002e-06
864	-6.88994e-06
864.5	-5.63207e-06
865	-6.23854e-06
865.5	-6.3381e-06
866	-6.13328e-06
866.5	-4.50032e-06
867	-4.35386e-06
867.5	-5.45782e-06
868	-4.1556e-06
868.5	-3.7662e-06
869	-3.8114e-06
869.5	-3.62013e-06
870	-3.80903e-06
870.5	-3.33229e-06
871	-4.3022e-06
871.5	-5.05912e-06
872	-5.52696e-06
872.5	-6.05527e-06
873	-6.77996e-06
873.5	-7.28713e-06
874	-7.19886e-06
874.5	-6.79841e-06
875	-6.43572e-06
875.5	-5.83609e-06
876	-5.85444e-06
876.5	-6.06022e-06
877	-5.99767e-06
877.5	-5.99771e-06
878	-5.93916e-06
878.5	-5.79823e-06
879	-5.66085e-06
879.5	-5.59484e-06
880	-3.90165e-06
880.5	-2.71763e-06
881	-3.19008e-06
881.5	-3.67922e-06
882	-4.85541e-06
882.5	-4.90351e-06
883	-2.44737e-06
883.5	-1.1756e-06
884	-2.07356e-06
884.5	-2.95613e-06
885	-3.2726e-06
885.5	-3.15592e-06
886	-3.92471e-06
886.5	-4.49242e-06
887	-4.75075e-06
887.5	-4.91962e-06
888	-4.79517e-06
888.5	-4.76573e-06
889	-5.20333e-06
889.5	-5.57329e-06
890	-5.95676e-06
890.5	-6.47406e-06
891	-7.16932e-06
891.5	-8.07888e-06
892	-7.47794e-06
892.5	-8.3065e-06
893	-9.68103e-06
893.5	-9.47829e-06
894	-1.00082e-05
894.5	-9.56771e-06
895	-8.77425e-06
895.5	-6.94795e-06
896	-6.40729e-06
896.5	-6.9473e-06
897	-7.42608e-06
897.5	-7.07005e-06
898	-7.22144e-06
898.5	-7.76106e-06
899	-8.19454e-06
899.5	-8.1721e-06
900	-8.57313e-06
900.5	-8.48035e-06
901	-8.72891e-06
901.5	-9.58233e-06
902	-9.38154e-06
902.5	-8.82567e-06
903	-8.44823e-06
903.5	-8.20705e-06
904	-8.01401e-06
904.5	-7.87642e-06
905	-7.76925e-06
905.5	-8.7421e-06
906	-8.5555e-06
906.5	-6.87535e-06
907	-5.14101e-06
907.5	-5.57182e-06
908	-6.03121e-06
908.5	-5.10811e-06
909	-5.26868e-06
909.5	-5.8379e-06
910	-4.78044e-06
910.5	-4.29598e-06
911	-4.89756e-06
911.5	-4.79522e-06
912	-5.43412e-06
912.5	-6.07819e-06
913	-5.86144e-06
913.5	-5.41862e-06
914	-5.25308e-06
914.5	-5.24611e-06
915	-5.2695e-06
915.5	-5.2432e-06
916	-5.44207e-06
916.5	-5.65109e-06
917	-5.93249e-06
917.5	-6.13173e-06
918	-6.33883e-06
918.5	-6.45049e-06
919	-6.61228e-06
919.5	-6.79457e-06
920	-6.92307e-06
920.5	-4.95141e-06
921	-1.21601e-05
921.5	-8.90668e-06
922	-5.72305e-06
922.5	-4.43995e-06
923	-4.75203e-06
923.5	-6.11597e-06
924	-5.90602e-06
924.5	-5.93505e-06
925	-5.19553e-06
925.5	-4.99801e-06
926	-5.80221e-06
926.5	-5.94927e-06
927	-5.88586e-06
927.5	-5.74572e-06
928	-5.75448e-06
928.5	-5.88369e-06
929	-6.09786e-06
929.5	-6.2881e-06
930	-6.42866e-06
930.5	-6.48859e-06
931	-6.5468e-06
931.5	-6.69918e-06
932	-6.81312e-06
932.5	-6.86193e-06
933	-6.90953e-06
933.5	-6.9636e-06
934	-5.79119e-06
934.5	-5.21456e-06
935	-4.91542e-06
935.5	-5.02161e-06
936	-4.6366e-06
936.5	-3.54451e-06
937	-3.04633e-06
937.5	-3.49261e-06
938	-4.20732e-06
938.5	-1.16044e-05
939	-1.71685e-05
939.5	-1.19559e-05
940	-9.62971e-06
940.5	-8.35177e-06
941	-7.52957e-06
941.5	-6.84732e-06
942	-6.34523e-06
942.5	-6.12717e-06
943	-6.09232e-06
943.5	-6.01973e-06
944	-6.20898e-06
944.5	-6.90765e-06
945	-1.11501e-05
945.5	-9.78011e-06
946	-8.88388e-06
946.5	-8.55793e-06
947	-8.44934e-06
947.5	-8.44983e-06
948	-8.47775e-06
948.5	-8.36036e-06
949	-6.76026e-06
949.5	-4.73963e-06
950	-4.23247e-06
950.5	-3.11168e-06
951	-4.18277e-06
951.5	-8.32709e-06
952	-9.34558e-06
952.5	-1.4604e-05
953	-1.59566e-05
953.5	-1.74411e-05
954	-1.70071e-05
954.5	-1.2842e-05
955	-1.41074e-05
955.5	-1.07929e-05
956	-9.62384e-06
956.5	-9.03599e-06
957	-1.0266e-05
957.5	-8.56742e-06
958	-1.00973e-05
958.5	-1.63846e-05
959	-1.68099e-05
959.5	-2.12492e-05
960	-1.6006e-05
960.5	-1.41331e-05
961	-1.07592e-05
961.5	-8.20826e-06
962	-6.11915e-06
962.5	-5.67874e-06
963	-1.13511e-05
963.5	-1.51123e-05
964	-2.03809e-05
964.5	-6.60904e-05
965	3.85469e-05
965.5	0.000260676
966	7.23787e-06
966.5	-0.000126376
967	-4.34707e-05
967.5	-3.25869e-05
968	-6.29505e-05
968.5	-6.07024e-05
969	-7.045e-05
969.5	4.55133e-05
970	1.56849e-05
970.5	0.000197418
971	-0.000219658
971.5	-0.000172399
972	-7.27187e-05
972.5	-5.64915e-05
973	-1.65534e-05
973.5	-7.75009e-06
974	-1.89801e-05
974.5	2.77217e-06
975	3.4151e-06
975.5	-2.38965e-06
976	2.22049e-06
976.5	4.66076e-06
977	3.54434e-06
977.5	-5.83321e-07
978	-5.69722e-06
978.5	-9.6372e-06
979	-9.41964e-06
979.5	-7.80606e-06
980	-6.34659e-06
980.5	-5.32299e-06
981	-4.57751e-06
981.5	-4.0255e-06
982	-3.90086e-06
982.5	-3.93195e-06
983	-3.88638e-06
983.5	-3.79068e-06
984	-3.74965e-06
984.5	-3.76086e-06
985	-3.8428e-06
985.5	-3.92712e-06
986	-3.8883e-06
986.5	-1.94462e-06
987	-1.36375e-06
987.5	-9.45039e-07
988	1.56733e-06
988.5	2.67274e-06
989	2.20336e-06
989.5	4.75043e-07
990	-8.29435e-07
990.5	-2.10683e-06
991	-1.84782e-06
991.5	-2.35527e-06
992	-3.07438e-06
992.5	-3.613e-06
993	-3.89566e-06
993.5	-4.29093e-06
994	-4.86513e-06
994.5	-5.41121e-06
995	-5.89631e-06
995.5	-6.34853e-06
996	-6.67188e-06
996.5	-6.85324e-06
997	-7.04739e-06
997.5	-7.18179e-06
998	-7.17239e-06
998.5	-7.00434e-06
999	-6.77919e-06
999.5	-6.671e-06
1000	-6.57987e-06
