0	0
0.5	3.14518e-06
1	3.14555e-06
1.5	3.14562e-06
2	3.14557e-06
2.5	3.14546e-06
3	3.14531e-06
3.5	3.03853e-06
4	2.17993e-06
4.5	1.54472e-06
5	8.33107e-07
5.5	2.31758e-07
6	-8.04316e-08
6.5	-4.62216e-07
7	-1.0698e-06
7.5	-1.87218e-06
8	-3.69242e-06
8.5	-5.03738e-06
9	-7.56298e-06
9.5	-8.99015e-06
10	-1.01331e-05
10.5	-1.04344e-05
11	-1.11045e-05
11.5	-1.05042e-05
12	-9.60695e-06
12.5	-9.73019e-06
13	-2.07287e-05
13.5	-2.33823e-05
14	-2.29327e-05
14.5	-3.29346e-06
15	1.17329e-05
15.5	1.55924e-05
16	9.56324e-06
16.5	1.1474e-05
17	1.1058e-05
17.5	-8.00616e-06
18	-2.04036e-05
18.5	-1.07911e-05
19	-1.85692e-05
19.5	-1.76613e-05
20	-1.48712e-05
20.5	-1.2638e-05
21	-1.29842e-05
21.5	-1.43762e-05
22	-1.49684e-05
22.5	-1.50066e-05
23	-1.48733e-05
23.5	-1.55308e-05
24	-2.10152e-05
24.5	-2.87775e-05
25	-3.10571e-05
25.5	-3.27485e-05
26	-2.36642e-05
26.5	-2.1228e-05
27	-3.44385e-05
27.5	-1.14051e-05
28	-2.1748e-06
28.5	9.32023e-05
29	0.000109198
29.5	0.000242092
30	0.000167681
30.5	7.96096e-05
31	1.06071e-05
31.5	-3.91552e-05
32	-3.16382e-05
32.5	-5.22909e-05
33	-4.05248e-05
33.5	-7.79647e-05
34	-6.95125e-05
34.5	-8.17041e-05
35	-4.6237e-05
35.5	-4.61372e-05
36	-6.06413e-05
36.5	-7.39301e-05
37	-6.91176e-05
37.5	-6.79533e-05
38	-6.66827e-05
38.5	-6.13728e-05
39	-5.47981e-05
39.5	-4.60759e-05
40	-2.92215e-05
40.5	-2.53174e-05
41	-2.02094e-05
41.5	-1.73696e-05
42	-1.44819e-05
42.5	-1.16868e-05
43	-9.11556e-06
43.5	-6.79881e-06
44	-5.05567e-06
44.5	-4.22172e-06
45	-4.69796e-06
45.5	-4.62016e-06
46	-4.01251e-06
46.5	-3.40833e-06
47	-2.87955e-06
47.5	-2.54267e-06
48	-2.72426e-06
48.5	-3.09389e-06
49	-3.2262e-06
49.5	-3.22289e-06
50	-3.42146e-06
50.5	-2.24189e-06
51	-2.3631e-06
51.5	-3.71007e-06
52	-5.80632e-06
52.5	-6.36826e-07
53	-4.29812e-07
53.5	9.37238e-07
54	4.20129e-07
54.5	-4.08303e-07
55	-3.01941e-06
55.5	-4.18878e-06
56	-5.72335e-06
56.5	-8.46855e-06
57	-1.05489e-05
57.5	-1.07814e-05
58	-1.03834e-05
58.5	-9.77015e-06
59	-9.23614e-06
59.5	-9.77216e-06
60	-1.20333e-05
60.5	-1.12652e-05
61	-8.5059e-06
61.5	-7.40347e-06
62	-8.18057e-06
62.5	-9.81599e-06
63	-1.20487e-05
63.5	-1.36774e-05
64	-1.50308e-05
64.5	-1.53702e-05
65	-1.80817e-05
65.5	-2.98802e-05
66	-2.86061e-05
66.5	-1.89772e-05
67	-1.0731e-05
67.5	-7.81969e-06
68	-5.89927e-06
68.5	-3.1052e-06
69	-1.46496e-05
69.5	-1.54544e-05
70	-4.66103e-06
70.5	-3.24605e-06
71	-1.73394e-06
71.5	-1.15545e-06
72	-3.46637e-06
72.5	-6.92926e-06
73	-7.80858e-06
73.5	-8.14251e-06
74	-8.22344e-06
74.5	-8.27274e-06
75	-8.24554e-06
75.5	-9.31571e-06
76	-1.05797e-05
76.5	-1.2356e-05
77	-1.39561e-05
77.5	-1.39918e-05
78	-1.42317e-05
78.5	-1.79033e-05
79	-1.77717e-05
79.5	-1.88095e-05
80	-3.75235e-05
80.5	-3.67351e-05
81	-3.23842e-05
81.5	-3.45496e-05
82	-1.38116e-05
82.5	5.44438e-05
83	2.90133e-05
83.5	1.55023e-05
84	5.33167e-06
84.5	-3.09941e-06
85	1.95121e-07
85.5	5.58553e-07
86	-1.03215e-06
86.5	-2.54841e-06
87	-3.59987e-06
87.5	-4.27848e-06
88	-4.51904e-06
88.5	-5.04805e-06
89	-7.55662e-06
89.5	-9.83791e-06
90	-1.18598e-05
90.5	-1.25622e-05
91	-1.22711e-05
91.5	-1.29602e-05
92	-1.40355e-05
92.5	-1.49116e-05
93	-1.52864e-05
93.5	-1.49644e-05
94	-1.41423e-05
94.5	-1.41186e-05
95	-1.41447e-05
95.5	-1.38323e-05
96	-4.92999e-05
96.5	-5.84756e-05
97	-5.59698e-05
97.5	-5.12699e-05
98	-4.47304e-05
98.5	-0.000101311
99	-7.7528e-05
99.5	-6.08577e-05
100	-5.04315e-05
100.5	-4.36841e-05
101	-3.79054e-05
101.5	-3.1254e-05
102	-2.7971e-05
102.5	-3.18722e-05
103	-2.9769e-05
103.5	-2.55858e-05
104	-2.3214e-05
104.5	-1.85761e-05
105	-1.48668e-05
105.5	-1.26417e-05
106	-1.14354e-05
106.5	-1.07811e-05
107	-1.05485e-05
107.5	-1.13692e-05
108	-1.1358e-05
108.5	-1.10308e-05
109	-8.61569e-06
109.5	-5.92778e-06
110	-5.60048e-06
110.5	4.31575e-06
111	-5.20528e-05
111.5	-4.24644e-05
112	-3.27726e-05
112.5	-2.67208e-05
113	-2.94358e-05
113.5	-3.9335e-05
114	-2.90514e-05
114.5	-2.62095e-05
115	-2.38285e-05
115.5	-2.13615e-05
116	-5.95854e-06
116.5	3.61593e-06
117	-4.49861e-06
117.5	-1.78983e-05
118	1.82144e-05
118.5	4.07706e-05
119	0.000167314
119.5	0.00029763
120	0.000229283
120.5	2.84312e-05
121	-4.64091e-05
121.5	-6.063e-05
122	-4.43654e-05
122.5	-6.51257e-05
123	-8.82982e-05
123.5	-7.4306e-05
124	-5.71639e-05
124.5	-8.63532e-05
125	-7.80079e-05
125.5	-0.00010124
126	-0.000144452
126.5	-0.000121867
127	-9.88334e-05
127.5	-7.08581e-05
128	-6.35502e-05
128.5	-4.13685e-05
129	-2.35572e-05
129.5	-1.92997e-05
130	-2.27393e-05
130.5	-2.30263e-05
131	-2.32955e-05
131.5	-2.23129e-05
132	-2.0765e-05
132.5	-2.07182e-05
133	-1.87653e-05
133.5	-1.61923e-05
134	-1.31358e-05
134.5	-1.1425e-05
135	-9.48426e-06
135.5	-8.10655e-06
136	-7.85346e-06
136.5	-8.14531e-06
137	-8.26069e-06
137.5	-8.07867e-06
138	-7.09652e-06
138.5	-7.05423e-06
139	-8.79194e-06
139.5	-4.29608e-06
140	-2.10919e-06
140.5	-2.76674e-06
141	7.07475e-06
141.5	5.52847e-06
142	2.96814e-06
142.5	9.92432e-07
143	6.33815e-07
143.5	-1.33572e-06
144	-2.88796e-06
144.5	-3.54336e-06
145	-3.63898e-06
145.5	-4.39974e-06
146	-5.41641e-06
146.5	-5.52333e-06
147	-5.83761e-06
147.5	-6.4187e-06
148	-6.24558e-06
148.5	-6.22861e-06
149	-6.34253e-06
149.5	-8.35299e-06
150	-9.74793e-06
150.5	-9.66517e-06
151	-8.81206e-06
151.5	-8.21445e-06
152	-8.08037e-06
152.5	-8.15965e-06
153	-8.44128e-06
153.5	-8.4545e-06
154	-8.41206e-06
154.5	-9.91335e-06
155	-9.78797e-06
155.5	-1.02208e-05
156	-1.83486e-08
156.5	2.1513e-06
157	4.20158e-06
157.5	2.26935e-06
158	1.36567e-06
158.5	-1.43631e-07
159	-4.90118e-07
159.5	-3.60567e-07
160	-7.47693e-07
160.5	-1.71726e-06
161	-2.53388e-06
161.5	-3.85098e-06
162	-5.2728e-06
162.5	-5.27399e-06
163	-5.60097e-06
163.5	-6.86622e-06
164	-7.53979e-06
164.5	-7.53058e-06
165	-7.60805e-06
165.5	-7.86497e-06
166	-7.69556e-06
166.5	-7.13729e-06
167	-7.15696e-06
167.5	-7.68222e-06
168	-7.27917e-06
168.5	-7.23376e-06
169	-6.18689e-06
169.5	-5.60343e-06
170	-5.70583e-06
170.5	-5.88876e-06
171	-6.25639e-06
171.5	-8.01614e-06
172	-1.06005e-05
172.5	-1.25707e-05
173	-1.22547e-05
173.5	-7.88567e-06
174	-1.95313e-06
174.5	-2.39619e-06
175	-3.58361e-06
175.5	-5.62715e-06
176	-7.01951e-06
176.5	-1.27653e-05
177	-9.94672e-06
177.5	-7.30813e-06
178	-6.74333e-06
178.5	-7.28544e-06
179	-6.09009e-06
179.5	-1.14605e-05
180	-1.87803e-05
180.5	-1.93442e-05
181	-1.60599e-05
181.5	-1.39186e-05
182	-1.29245e-05
182.5	-1.19495e-05
183	-1.19304e-05
183.5	-1.25396e-05
184	-1.12553e-05
184.5	-8.89283e-06
185	-6.88197e-06
185.5	-6.22376e-06
186	-6.05803e-06
186.5	-7.40607e-07
187	2.39621e-06
187.5	9.29107e-07
188	-1.10274e-06
188.5	-4.68037e-08
189	-1.08424e-06
189.5	3.11874e-06
190	2.85682e-06
190.5	2.46277e-06
191	1.80028e-06
191.5	1.09558e-06
192	8.11325e-07
192.5	1.15934e-06
193	1.06636e-06
193.5	4.23568e-07
194	-9.93994e-08
194.5	-1.26008e-06
195	-1.91488e-06
195.5	-1.52703e-06
196	-1.34143e-06
196.5	-1.5166e-06
197	-1.29673e-06
197.5	-2.25324e-06
198	-2.80634e-06
198.5	-3.0727e-06
199	-3.54026e-06
199.5	-7.54701e-06
200	-1.07752e-05
200.5	-1.15212e-05
201	-6.85348e-06
201.5	-6.25562e-06
202	-6.98774e-06
202.5	-7.01545e-06
203	-7.42501e-06
203.5	-7.78895e-06
204	-4.68471e-06
204.5	-4.64121e-06
205	-4.07769e-06
205.5	-3.37472e-06
206	-2.72917e-06
206.5	-2.63151e-06
207	-4.61849e-06
207.5	-4.0545e-06
208	-3.49243e-06
208.5	-3.24087e-06
209	-3.32589e-06
209.5	-3.57687e-06
210	-4.00671e-06
210.5	-4.40498e-06
211	-4.93145e-06
211.5	-5.4702e-06
212	-6.30728e-06
212.5	-6.36649e-06
213	-6.23125e-06
213.5	-7.33275e-05
214	-4.81665e-05
214.5	-2.07093e-05
215	-7.88662e-06
215.5	3.72939e-06
216	6.54397e-06
216.5	8.80801e-06
217	2.14271e-06
217.5	3.27281e-06
218	1.43963e-06
218.5	1.31257e-06
219	-8.61328e-08
219.5	-6.83025e-06
220	-8.63536e-06
220.5	-9.60071e-06
221	-9.86748e-06
221.5	-4.87307e-06
222	-8.25524e-06
222.5	-9.91245e-06
223	-1.18914e-05
223.5	-2.63705e-05
224	-2.61573e-05
224.5	-3.08542e-05
225	-4.92655e-05
225.5	-4.32549e-05
226	-0.000116427
226.5	-0.000132516
227	-9.72601e-05
227.5	-1.81798e-05
228	0.000243493
228.5	0.0003784
229	6.22103e-05
229.5	-0.00010733
230	-9.90876e-05
230.5	-7.17647e-05
231	-4.7367e-05
231.5	-6.90085e-05
232	-6.41042e-05
232.5	-0.000159666
233	-9.32073e-05
233.5	-0.000137246
234	-0.000110532
234.5	-8.68326e-05
235	-7.71529e-05
235.5	-7.70118e-05
236	-7.62937e-05
236.5	-7.22797e-05
237	-6.66136e-05
237.5	-5.14424e-05
238	-4.23989e-05
238.5	-3.87691e-05
239	-3.29472e-05
239.5	-2.67146e-05
240	-2.29123e-05
240.5	-1.86564e-05
241	-1.44016e-05
241.5	-1.02523e-05
242	-6.60473e-06
242.5	-3.89263e-06
243	-1.9413e-06
243.5	-2.62541e-06
244	-2.36635e-06
244.5	-2.20415e-06
245	-2.50196e-06
245.5	-2.54361e-06
246	-3.99614e-06
246.5	-3.75816e-06
247	1.79696e-06
247.5	2.83694e-07
248	-7.19099e-07
248.5	-2.67704e-06
249	-3.09875e-06
249.5	-4.24842e-06
250	-6.43029e-06
250.5	-7.85266e-06
251	-7.84644e-06
251.5	-7.78271e-06
252	-7.55859e-06
252.5	-7.03106e-06
253	-7.69297e-06
253.5	-9.53593e-06
254	-1.11928e-05
254.5	-1.12875e-05
255	-1.06896e-05
255.5	-1.10865e-05
256	-1.13762e-05
256.5	-1.15839e-05
257	-1.11502e-05
257.5	-1.11586e-05
258	-1.01223e-05
258.5	-9.12217e-06
259	-7.88356e-06
259.5	-7.23241e-06
260	-6.27935e-06
260.5	-4.47336e-06
261	-3.50525e-06
261.5	-3.15394e-07
262	-1.6024e-06
262.5	-3.13305e-06
263	-3.9901e-06
263.5	-5.89087e-06
264	-6.23253e-06
264.5	-5.8436e-06
265	-5.59732e-06
265.5	-5.89176e-06
266	-6.09436e-06
266.5	-6.4752e-06
267	-6.65925e-06
267.5	-1.02687e-05
268	-1.13502e-05
268.5	-1.15707e-05
269	-1.11905e-05
269.5	-1.05543e-05
270	-4.40438e-06
270.5	-2.89586e-05
271	-2.96018e-05
271.5	-2.40444e-05
272	-1.91981e-05
272.5	-7.48823e-06
273	-6.13505e-06
273.5	-1.77118e-06
274	1.11382e-06
274.5	1.03499e-06
275	1.05377e-06
275.5	3.0857e-06
276	4.13004e-06
276.5	1.01013e-05
277	-1.07382e-05
277.5	-1.41722e-05
278	-1.71603e-05
278.5	-1.41577e-05
279	-1.29089e-05
279.5	-1.12265e-05
280	-1.05852e-05
280.5	-1.15942e-05
281	-1.14484e-05
281.5	-1.08444e-05
282	-9.99588e-06
282.5	-8.89829e-06
283	-9.16041e-06
283.5	-8.81216e-06
284	-8.24757e-06
284.5	-7.90903e-06
285	-7.41915e-06
285.5	-7.66792e-06
286	-7.29163e-06
286.5	-6.55815e-06
287	-5.73572e-06
287.5	-4.93529e-06
288	-9.3963e-07
288.5	-8.18973e-07
289	-6.17572e-07
289.5	-3.93459e-06
290	-5.91764e-06
290.5	-5.78643e-06
291	-5.28939e-06
291.5	-2.41527e-06
292	4.85877e-06
292.5	2.87593e-06
293	-1.60338e-06
293.5	-3.03442e-06
294	-4.33335e-06
294.5	-3.49593e-06
295	-2.64765e-06
295.5	-2.79534e-06
296	-2.63995e-06
296.5	-2.95891e-06
297	-4.36909e-06
297.5	-5.70583e-06
298	-7.65916e-06
298.5	-8.35921e-06
299	-8.28612e-06
299.5	-7.93785e-06
300	-8.43951e-06
300.5	-9.2537e-06
301	-1.06011e-05
301.5	-1.04613e-05
302	-9.94984e-06
302.5	-8.05811e-06
303	-1.93868e-06
303.5	-4.88809e-08
304	9.96813e-07
304.5	3.9585e-06
305	2.61518e-06
305.5	1.60715e-06
306	7.90116e-07
306.5	2.4417e-06
307	-8.82758e-07
307.5	-3.57641e-06
308	-4.48889e-06
308.5	-4.93883e-06
309	-5.97592e-06
309.5	-9.84128e-06
310	-1.01589e-05
310.5	-7.78705e-06
311	-6.28694e-06
311.5	-5.60399e-06
312	-6.40162e-06
312.5	-7.15394e-06
313	-7.46782e-06
313.5	-7.38779e-06
314	-6.68942e-06
314.5	-1.14992e-05
315	-1.53923e-05
315.5	-1.15594e-05
316	-8.56078e-06
316.5	-8.22565e-06
317	-6.49989e-06
317.5	1.24657e-05
318	1.43526e-05
318.5	1.77484e-05
319	3.1153e-05
319.5	2.9353e-05
320	1.9757e-05
320.5	1.92118e-05
321	1.77084e-05
321.5	1.51328e-05
322	1.31025e-05
322.5	9.9014e-06
323	7.67211e-06
323.5	3.83572e-06
324	-8.57486e-08
324.5	2.34005e-06
325	-2.88687e-06
325.5	-5.52579e-06
326	-6.72813e-06
326.5	-7.34693e-06
327	-1.36901e-05
327.5	-1.4803e-05
328	-1.50169e-05
328.5	-1.39934e-05
329	-1.17849e-05
329.5	-9.73534e-06
330	-1.1494e-05
330.5	-6.95676e-06
331	9.72512e-07
331.5	1.15636e-06
332	2.33928e-05
332.5	3.0347e-05
333	5.29896e-05
333.5	6.0687e-05
334	3.3863e-05
334.5	1.83314e-05
335	1.74561e-05
335.5	1.57855e-05
336	1.44868e-05
336.5	-7.53677e-06
337	-2.39765e-05
337.5	-1.95879e-05
338	-9.08307e-06
338.5	-1.10549e-05
339	-1.6374e-05
339.5	-1.83837e-05
340	-1.96322e-05
340.5	-2.00412e-05
341	-5.40378e-05
341.5	-6.54864e-05
342	-6.42708e-05
342.5	-5.8322e-05
343	-4.95327e-05
343.5	-4.22774e-05
344	-3.7064e-06
344.5	1.11229e-06
345	1.4742e-05
345.5	9.48804e-05
346	0.00023363
346.5	0.000342083
347	0.000442039
347.5	0.000207684
348	7.72657e-05
348.5	3.80511e-05
349	-6.90169e-05
349.5	-7.78293e-05
350	-6.93087e-05
350.5	-5.25571e-05
351	-5.3148e-05
351.5	-0.000141276
352	-7.18556e-05
352.5	-7.31071e-05
353	-4.13847e-05
353.5	-1.04416e-05
354	-1.53814e-05
354.5	-3.30337e-05
355	-4.40387e-05
355.5	-7.11991e-05
356	-7.60409e-05
356.5	-6.44282e-05
357	-5.8348e-05
357.5	-4.78974e-05
358	-1.95902e-05
358.5	2.46032e-06
359	5.82748e-06
359.5	1.19735e-05
360	9.21148e-06
360.5	7.65768e-06
361	7.04861e-06
361.5	5.72036e-06
362	4.23605e-06
362.5	3.04757e-06
363	2.4489e-06
363.5	2.30809e-06
364	1.63958e-06
364.5	8.46206e-07
365	3.70434e-07
365.5	6.41096e-07
366	-2.52712e-07
366.5	-6.20514e-07
367	3.52161e-08
367.5	1.19894e-06
368	1.4858e-06
368.5	2.10948e-06
369	-2.16419e-05
369.5	-2.80588e-05
370	-2.95476e-05
370.5	-2.7879e-05
371	-2.56332e-05
371.5	-2.28702e-05
372	-1.98567e-05
372.5	-1.78973e-05
373	-1.59576e-05
373.5	-1.42657e-05
374	-1.28958e-05
374.5	-1.14419e-05
375	-9.93428e-06
375.5	-8.62308e-06
376	-8.21154e-06
376.5	-7.78162e-06
377	-6.92808e-06
377.5	-7.52882e-06
378	-8.87327e-06
378.5	-8.99905e-06
379	-1.03154e-05
379.5	-1.11203e-05
380	-1.15037e-05
380.5	-1.15976e-05
381	-1.18936e-05
381.5	-1.92e-05
382	-1.80146e-05
382.5	-1.50694e-05
383	-1.38868e-05
383.5	-1.2903e-05
384	-1.02709e-05
384.5	-8.26245e-06
385	-6.0855e-06
385.5	4.05507e-06
386	4.7755e-06
386.5	3.69924e-06
387	2.50009e-06
387.5	1.28575e-06
388	3.26428e-07
388.5	1.9902e-07
389	-1.96297e-07
389.5	-2.75889e-07
390	-4.83211e-07
390.5	-1.69834e-06
391	-3.44156e-06
391.5	-6.94288e-06
392	-8.35362e-06
392.5	-8.6407e-06
393	-7.83644e-06
393.5	-6.41996e-06
394	-5.78756e-06
394.5	-5.28548e-06
395	-5.06417e-06
395.5	-4.76124e-06
396	-3.51379e-06
396.5	-2.92873e-06
397	-3.47663e-06
397.5	-4.36548e-06
398	-5.3171e-06
398.5	-6.60865e-06
399	-3.5911e-06
399.5	-3.00913e-06
400	-3.01764e-06
400.5	7.29871e-06
401	-9.41519e-06
401.5	-7.28202e-06
402	-1.14411e-05
402.5	-6.68636e-06
403	-5.14716e-06
403.5	-6.27876e-06
404	-3.82054e-06
404.5	-2.10718e-06
405	-1.54487e-06
405.5	-1.72528e-06
406	-2.30118e-06
406.5	-3.9075e-06
407	-4.99786e-06
407.5	-4.57893e-06
408	-4.67749e-06
408.5	-5.16274e-06
409	-5.77101e-06
409.5	-5.77074e-06
410	-5.49736e-06
410.5	-5.46507e-06
411	-6.37411e-06
411.5	-6.92055e-06
412	-5.67149e-06
412.5	-5.99494e-06
413	-6.24908e-06
413.5	-4.22947e-06
414	-3.92105e-06
414.5	-4.30561e-06
415	4.87277e-06
415.5	7.36237e-06
416	6.79031e-06
416.5	6.11382e-06
417	4.93135e-06
417.5	4.37402e-06
418	4.13533e-06
418.5	3.0883e-06
419	2.56684e-06
419.5	2.67679e-06
420	-1.3862e-06
420.5	-6.7162e-06
421	-4.57965e-06
421.5	-2.51203e-06
422	-2.49781e-06
422.5	-2.22291e-06
423	-1.70837e-06
423.5	-1.31555e-06
424	-9.18212e-07
424.5	-1.24218e-06
425	-1.43203e-06
425.5	-1.05283e-06
426	-7.83767e-07
426.5	-6.29861e-07
427	-6.52537e-07
427.5	1.61724e-07
428	1.80911e-06
428.5	2.29384e-06
429	1.55755e-06
429.5	1.93252e-06
430	1.83696e-06
430.5	-1.50664e-06
431	-4.86549e-06
431.5	-2.76637e-06
432	-3.64058e-06
432.5	-4.1626e-06
433	-4.43058e-06
433.5	-4.46585e-06
434	-4.5119e-06
434.5	-4.47782e-06
435	-4.20044e-06
435.5	-4.17636e-06
436	-3.97522e-06
436.5	-5.19267e-06
437	-7.98385e-06
437.5	-9.45796e-06
438	-9.35999e-06
438.5	-1.22229e-05
439	-1.36324e-05
439.5	-1.35257e-05
440	-1.25501e-05
440.5	-1.27242e-05
441	-1.41103e-05
441.5	-1.37467e-05
442	-9.03069e-06
442.5	-7.12739e-06
443	-4.43082e-06
443.5	-2.66385e-06
444	-2.68426e-06
444.5	-5.91599e-07
445	-2.43636e-06
445.5	1.97865e-06
446	2.07618e-06
446.5	1.25533e-06
447	8.46007e-08
447.5	1.32292e-06
448	-3.92193e-06
448.5	-1.36621e-05
449	-1.03445e-05
449.5	-3.7152e-05
450	-3.33698e-05
450.5	-2.20508e-05
451	-9.80397e-06
451.5	-3.8514e-06
452	-2.50039e-06
452.5	-2.29894e-06
453	-1.01072e-05
453.5	-1.00946e-05
454	-6.36844e-06
454.5	-2.5764e-05
455	-2.72289e-05
455.5	-3.0242e-05
456	-1.58955e-05
456.5	-8.72073e-06
457	-6.55472e-07
457.5	8.33623e-06
458	8.60342e-06
458.5	4.92548e-06
459	4.41119e-06
459.5	1.85739e-05
460	2.22618e-05
460.5	1.40938e-05
461	5.17196e-06
461.5	7.60629e-06
462	3.02391e-06
462.5	-6.68701e-07
463	-1.29415e-05
463.5	-4.33545e-06
464	-2.33717e-06
464.5	-3.13123e-06
465	-4.69509e-06
465.5	-6.22099e-06
466	-8.44987e-06
466.5	-1.06004e-05
467	-1.34916e-05
467.5	-1.48193e-05
468	-1.50683e-05
468.5	-1.47723e-05
469	-1.45831e-05
469.5	-1.33418e-05
470	-1.33544e-05
470.5	-3.00445e-05
471	-6.0321e-05
471.5	-1.84567e-05
472	1.33329e-05
472.5	1.59998e-05
473	2.02492e-05
473.5	1.10261e-05
474	2.04904e-06
474.5	9.40827e-07
475	-2.6773e-06
475.5	-6.22074e-06
476	-1.25964e-05
476.5	-1.71773e-05
477	-5.96382e-05
477.5	-8.01778e-05
478	-0.000121917
478.5	-3.42596e-05
479	0.000111848
479.5	0.000103749
480	0.000129038
480.5	0.000164339
481	-7.64848e-05
481.5	-7.43431e-05
482	-9.65313e-05
482.5	-6.51689e-05
483	-5.58847e-05
483.5	-3.03796e-05
484	-3.2043e-05
484.5	-2.77463e-05
485	-3.14102e-05
485.5	-6.89516e-05
486	-5.67649e-05
486.5	-5.50133e-05
487	-5.5938e-05
487.5	-5.4434e-05
488	-4.1439e-05
488.5	-3.38549e-05
489	-2.76497e-05
489.5	-2.37358e-05
490	-2.07105e-05
490.5	-1.78304e-05
491	-1.5169e-05
491.5	-1.27113e-05
492	-1.02071e-05
492.5	-8.53541e-06
493	-7.34093e-06
493.5	-6.66406e-06
494	-5.31704e-06
494.5	-4.53919e-06
495	-3.57472e-06
495.5	-2.68514e-06
496	-1.11823e-06
496.5	1.10152e-06
497	-8.90634e-07
497.5	2.89629e-06
498	6.40661e-06
498.5	7.1012e-06
499	2.94464e-06
499.5	-1.04518e-06
500	-4.092e-06
500.5	-5.40043e-06
501	-6.35849e-06
501.5	-6.61301e-06
502	-6.38135e-06
502.5	-6.5018e-06
503	-6.33401e-06
503.5	-5.83142e-06
504	-4.44117e-06
504.5	-3.75607e-06
505	-3.85192e-06
505.5	-3.59231e-06
506	-4.28919e-06
506.5	-5.61525e-06
507	-7.03708e-06
507.5	-9.11292e-06
508	-1.05397e-05
508.5	-1.09869e-05
509	-1.30773e-05
509.5	-1.46899e-05
510	-2.02108e-05
510.5	-1.15794e-05
511	-7.43136e-06
511.5	-8.43948e-06
512	-7.35128e-06
512.5	-5.64166e-06
513	2.90074e-06
513.5	2.09509e-06
514	-7.84646e-07
514.5	-1.31137e-06
515	-1.76544e-06
515.5	5.83462e-07
516	1.60027e-06
516.5	1.83134e-06
517	1.23571e-06
517.5	-6.44865e-08
518	-5.48831e-07
518.5	-1.30556e-06
519	-1.50824e-06
519.5	-2.49183e-06
520	-3.99534e-06
520.5	-4.65195e-06
521	-4.79053e-06
521.5	-4.93879e-06
522	-5.82778e-06
522.5	-6.58752e-06
523	-7.08896e-06
523.5	-7.94303e-06
524	-7.97578e-06
524.5	-8.5492e-06
525	-9.35124e-06
525.5	-9.37744e-06
526	-7.19321e-06
526.5	-1.29745e-05
527	-2.03057e-05
527.5	-1.48589e-05
528	6.13632e-07
528.5	4.21162e-06
529	5.43099e-06
529.5	4.4024e-06
530	3.62748e-06
530.5	2.80016e-06
531	2.05781e-06
531.5	1.97352e-06
532	1.58397e-06
532.5	5.42031e-07
533	-1.13773e-06
533.5	-2.17087e-06
534	-4.25109e-06
534.5	-7.7963e-06
535	-1.42605e-05
535.5	-1.3485e-05
536	-9.71104e-06
536.5	-7.91951e-06
537	-7.33515e-06
537.5	-6.70262e-06
538	-5.81968e-06
538.5	-5.08655e-06
539	-5.16561e-06
539.5	-4.66514e-06
540	-3.72416e-06
540.5	-4.18094e-06
541	-4.5087e-07
541.5	1.3356e-07
542	-1.17672e-06
542.5	-3.02229e-06
543	-3.34908e-06
543.5	-3.31114e-06
544	-2.4561e-06
544.5	-3.14307e-06
545	-3.31519e-06
545.5	-3.00455e-06
546	-3.24245e-06
546.5	-4.66141e-06
547	-6.74132e-06
547.5	-1.12952e-05
548	-1.55022e-05
548.5	-1.62242e-05
549	-1.74847e-05
549.5	-2.33298e-05
550	-2.49562e-05
550.5	-2.03151e-05
551	-1.7818e-05
551.5	-2.93242e-05
552	-4.54186e-05
552.5	-3.9965e-05
553	-2.06382e-05
553.5	-2.66954e-06
554	-3.85986e-06
554.5	-2.63718e-06
555	-1.2473e-06
555.5	-6.49676e-07
556	3.80466e-06
556.5	2.54386e-06
557	1.61313e-06
557.5	-2.86766e-06
558	-5.70905e-06
558.5	-6.24123e-06
559	-4.80146e-06
559.5	-3.71984e-06
560	-2.8376e-06
560.5	-2.67907e-06
561	-3.01038e-06
561.5	-5.68871e-06
562	-8.34879e-06
562.5	-9.94682e-06
563	-1.0545e-05
563.5	-1.07538e-05
564	-1.03217e-05
564.5	-1.06538e-05
565	-1.69636e-05
565.5	-1.54282e-05
566	-9.40319e-06
566.5	-7.1997e-06
567	-7.24813e-06
567.5	-7.33742e-06
568	-9.26426e-06
568.5	-1.27986e-05
569	-1.44824e-05
569.5	-1.48843e-05
570	-9.39788e-07
570.5	3.17916e-06
571	3.67311e-07
571.5	-5.56594e-06
572	-1.06865e-05
572.5	-2.08788e-05
573	-2.00998e-05
573.5	-1.38764e-05
574	-2.23989e-05
574.5	-2.9061e-05
575	-2.62782e-05
575.5	-2.39724e-05
576	-2.03975e-05
576.5	-2.28344e-05
577	-1.80078e-05
577.5	-1.27238e-05
578	-9.80522e-06
578.5	-8.61253e-06
579	-8.25278e-06
579.5	-8.55672e-06
580	-9.57017e-06
580.5	-1.44799e-05
581	-1.5085e-05
581.5	-1.47723e-05
582	-1.37388e-05
582.5	-1.31589e-05
583	-1.24293e-05
583.5	-1.21809e-05
584	-1.09787e-05
584.5	-2.03119e-05
585	-2.1042e-05
585.5	-1.78988e-06
586	1.98317e-08
586.5	-2.40294e-06
587	-0.00015919
587.5	-8.69624e-05
588	-4.03236e-05
588.5	-3.84161e-05
589	-3.66686e-05
589.5	-3.49608e-05
590	-3.21925e-05
590.5	-2.71211e-05
591	-2.25598e-05
591.5	-2.16733e-05
592	-2.04525e-05
592.5	-1.215e-05
593	-1.64918e-05
593.5	-1.77745e-05
594	-1.70876e-05
594.5	-1.62168e-05
595	-1.61186e-05
595.5	-1.51114e-05
596	-1.32041e-05
596.5	-1.15074e-05
597	-9.00617e-06
597.5	-1.19742e-05
598	-1.16114e-05
598.5	-4.76431e-06
599	3.47771e-05
599.5	4.67471e-05
600	3.33064e-05
600.5	-3.44718e-05
601	-6.87484e-05
601.5	-2.42088e-05
602	0.000180058
602.5	0.000192334
603	0.000157366
603.5	0.000266544
604	0.000165469
604.5	7.65353e-05
605	2.42594e-05
605.5	1.73365e-05
606	-1.80832e-05
606.5	-2.18337e-05
607	-3.10162e-05
607.5	-4.79022e-05
608	-5.05612e-05
608.5	-4.6938e-05
609	-3.98463e-05
609.5	-3.24646e-05
610	-2.45273e-05
610.5	-1.9015e-05
611	-1.44781e-05
611.5	-3.8194e-06
612	1.32486e-07
612.5	5.71779e-06
613	9.16751e-06
613.5	1.14882e-05
614	1.37065e-05
614.5	1.48638e-05
615	1.57013e-05
615.5	1.58844e-05
616	1.59926e-05
616.5	1.4674e-05
617	1.45097e-05
617.5	1.39597e-05
618	1.23959e-05
618.5	1.20013e-05
619	1.01437e-05
619.5	9.33047e-06
620	8.61955e-06
620.5	6.49298e-06
621	5.54736e-06
621.5	1.42387e-05
622	1.66611e-05
622.5	1.55411e-05
623	1.32781e-05
623.5	1.05333e-05
624	8.70016e-06
624.5	7.61999e-06
625	7.09072e-06
625.5	6.69616e-06
626	5.13895e-06
626.5	4.32861e-06
627	3.78958e-06
627.5	2.36947e-06
628	1.60179e-06
628.5	1.39037e-06
629	1.24851e-06
629.5	1.21236e-06
630	8.67921e-07
630.5	9.05917e-07
631	8.83999e-07
631.5	8.28121e-07
632	9.46948e-07
632.5	8.93887e-07
633	8.08178e-07
633.5	7.62526e-08
634	-3.57228e-07
634.5	-6.622e-07
635	-9.68853e-07
635.5	-1.32715e-06
636	-1.75768e-06
636.5	-1.54113e-06
637	-1.1748e-06
637.5	9.94431e-06
638	9.43687e-06
638.5	8.62279e-06
639	6.53767e-06
639.5	1.20591e-05
640	-5.22425e-06
640.5	-9.4303e-06
641	-3.44612e-06
641.5	1.0032e-06
642	4.62312e-06
642.5	9.195e-06
643	-5.71228e-06
643.5	-5.51219e-06
644	-8.7556e-06
644.5	-8.49402e-06
645	-1.09714e-05
645.5	-1.12152e-05
646	-7.08096e-06
646.5	-4.63154e-06
647	-3.62069e-06
647.5	-3.75231e-06
648	-5.50716e-06
648.5	-1.18386e-05
649	-2.13102e-05
649.5	-2.3848e-05
650	-1.64239e-05
650.5	-9.84952e-06
651	-7.38284e-06
651.5	-1.00478e-05
652	2.14315e-05
652.5	5.20755e-05
653	3.42142e-05
653.5	2.23093e-05
654	1.0046e-05
654.5	-1.02301e-05
655	1.96385e-07
655.5	7.07662e-06
656	6.34195e-06
656.5	4.78649e-06
657	3.28948e-06
657.5	2.64871e-06
658	1.84569e-06
658.5	8.53914e-07
659	-3.42835e-07
659.5	-7.07372e-07
660	-1.60845e-06
660.5	-2.65187e-06
661	-3.37979e-06
661.5	-4.15843e-06
662	-4.63048e-06
662.5	-4.93969e-06
663	-5.82635e-06
663.5	-6.75297e-06
664	-6.91462e-06
664.5	-1.1927e-05
665	-1.23779e-05
665.5	-7.44499e-06
666	-3.03416e-06
666.5	-1.37341e-06
667	-5.47665e-07
667.5	-1.44362e-06
668	-1.18262e-06
668.5	-2.13695e-06
669	-2.918e-07
669.5	1.60749e-06
670	1.96322e-06
670.5	2.40809e-06
671	3.01403e-06
671.5	2.72547e-06
672	1.95782e-06
672.5	1.66268e-06
673	1.5139e-06
673.5	1.7418e-06
674	2.59945e-06
674.5	2.87949e-06
675	2.70649e-06
675.5	1.33172e-06
676	-1.76506e-07
676.5	-7.1732e-07
677	-1.89627e-06
677.5	-2.93524e-06
678	-3.14659e-06
678.5	-3.7244e-06
679	-4.36924e-06
679.5	-4.01389e-06
680	-3.45651e-06
680.5	-4.08062e-06
681	2.36682e-06
681.5	5.78512e-06
682	6.53628e-06
682.5	-1.51359e-06
683	6.2876e-06
683.5	1.2564e-05
684	1.18905e-05
684.5	3.81859e-05
685	3.82091e-05
685.5	3.50475e-05
686	3.35227e-05
686.5	3.27035e-05
687	3.0956e-05
687.5	2.83665e-05
688	2.67993e-05
688.5	2.48687e-05
689	2.28104e-05
689.5	2.16535e-05
690	2.0382e-05
690.5	1.91236e-05
691	2.56038e-05
691.5	2.57885e-06
692	1.52393e-06
692.5	1.22234e-07
693	-3.49015e-05
693.5	-3.97172e-05
694	-3.61791e-05
694.5	-3.11207e-05
695	-1.05624e-05
695.5	-3.05439e-06
696	-2.54061e-06
696.5	-4.25555e-07
697	3.29769e-06
697.5	4.67045e-06
698	3.76817e-06
698.5	4.5468e-06
699	1.58615e-05
699.5	2.22843e-05
700	2.06205e-05
700.5	1.67318e-05
701	1.5942e-05
701.5	1.54448e-05
702	1.49236e-05
702.5	1.2369e-05
703	1.11749e-05
703.5	1.0629e-05
704	-3.00901e-05
704.5	-1.91387e-05
705	-1.45833e-05
705.5	-1.33523e-05
706	-2.9781e-05
706.5	-3.90135e-05
707	-1.87752e-05
707.5	6.43097e-08
708	-4.66665e-05
708.5	4.45886e-05
709	0.000103269
709.5	8.00058e-05
710	0.000201234
710.5	0.000241127
711	0.00024763
711.5	0.000335433
712	0.000118319
712.5	5.0513e-05
713	2.4269e-05
713.5	-1.92926e-05
714	-6.81367e-05
714.5	-8.93297e-05
715	-5.62873e-05
715.5	-3.8227e-05
716	-6.18119e-05
716.5	-6.06541e-05
717	-5.46715e-05
717.5	-2.58282e-05
718	1.67492e-06
718.5	1.86345e-05
719	1.78693e-05
719.5	-8.51293e-06
720	-4.0763e-06
720.5	-4.52309e-06
721	-7.57071e-07
721.5	9.12129e-08
722	9.28721e-06
722.5	1.57194e-05
723	1.87002e-05
723.5	2.00512e-05
724	2.02338e-05
724.5	2.07773e-05
725	2.1077e-05
725.5	2.20183e-05
726	2.31523e-05
726.5	2.40153e-05
727	2.43898e-05
727.5	2.3269e-05
728	2.24814e-05
728.5	2.19516e-05
729	2.15975e-05
729.5	2.08462e-05
730	1.86353e-05
730.5	1.7307e-05
731	1.71698e-05
731.5	2.52631e-05
732	2.66061e-05
732.5	2.28767e-05
733	1.94501e-05
733.5	1.81136e-05
734	1.68342e-05
734.5	1.58038e-05
735	1.50312e-05
735.5	1.4346e-05
736	1.354e-05
736.5	1.21824e-05
737	9.96241e-06
737.5	8.65427e-06
738	7.87288e-06
738.5	7.77205e-06
739	7.34796e-06
739.5	6.94493e-06
740	6.61852e-06
740.5	6.49771e-06
741	6.20903e-06
741.5	6.21445e-06
742	6.11153e-06
742.5	5.81651e-06
743	4.92567e-06
743.5	4.58579e-06
744	4.25807e-06
744.5	3.92287e-06
745	2.41202e-06
745.5	1.26067e-06
746	9.14334e-07
746.5	1.20393e-06
747	2.38571e-06
747.5	3.35647e-06
748	2.85188e-06
748.5	6.07486e-06
749	4.69621e-06
749.5	5.56252e-06
750	1.21537e-05
750.5	1.48651e-05
751	1.33355e-05
751.5	1.18583e-05
752	1.08116e-05
752.5	1.11776e-05
753	1.1351e-05
753.5	1.07359e-05
754	9.97625e-06
754.5	9.24323e-06
755	8.65352e-06
755.5	8.06558e-06
756	8.29086e-06
756.5	8.40366e-06
757	7.32782e-06
757.5	6.40304e-06
758	5.93184e-06
758.5	5.99523e-06
759	5.22102e-06
759.5	5.60689e-06
760	6.35015e-06
760.5	6.27238e-06
761	4.70312e-06
761.5	2.86149e-06
762	2.47027e-06
762.5	6.33921e-06
763	7.54576e-06
763.5	1.55629e-05
764	1.45727e-05
764.5	1.37043e-05
765	1.3484e-05
765.5	1.32355e-05
766	1.13323e-05
766.5	7.48311e-06
767	-1.08271e-06
767.5	6.74064e-07
768	6.39669e-06
768.5	8.60596e-06
769	7.81983e-06
769.5	7.32152e-06
770	6.71364e-06
770.5	6.42573e-06
771	6.91982e-06
771.5	5.50744e-06
772	-8.11361e-06
772.5	-3.29338e-05
773	-1.57596e-05
773.5	-4.9482e-07
774	7.25807e-07
774.5	-5.25688e-08
775	2.10221e-06
775.5	-1.28529e-05
776	-1.52012e-05
776.5	-6.38882e-06
777	-6.75576e-06
777.5	-2.11262e-06
778	-2.1467e-08
778.5	7.62229e-07
779	3.98618e-06
779.5	3.19886e-06
780	2.54028e-06
780.5	7.52793e-06
781	-1.16022e-05
781.5	-1.07983e-05
782	-6.72807e-06
782.5	-3.7664e-06
783	-2.55997e-06
783.5	-2.71309e-06
784	-3.16484e-06
784.5	-3.74848e-06
785	-5.36342e-06
785.5	-8.55291e-06
786	-1.09422e-05
786.5	-1.01234e-05
787	-9.21012e-06
787.5	-8.7976e-06
788	-8.84847e-06
788.5	-7.83591e-06
789	-6.86811e-06
789.5	3.20615e-06
790	3.97646e-06
790.5	1.30318e-07
791	-3.85402e-06
791.5	-2.03273e-06
792	2.22909e-07
792.5	8.20249e-07
793	9.47221e-06
793.5	8.68829e-06
794	8.19991e-06
794.5	1.74355e-05
795	2.39389e-05
795.5	2.95057e-05
796	1.50563e-05
796.5	8.90256e-06
797	1.40589e-05
797.5	2.17601e-05
798	2.50964e-05
798.5	2.51101e-05
799	2.05392e-05
799.5	2.4867e-05
800	2.67258e-05
800.5	2.65255e-05
801	2.2251e-05
801.5	1.16721e-05
802	1.36282e-05
802.5	1.11328e-05
803	-1.42061e-05
803.5	-6.73023e-06
804	-2.30101e-06
804.5	3.68852e-05
805	4.11554e-05
805.5	3.65553e-05
806	6.33146e-05
806.5	6.37558e-05
807	5.92487e-05
807.5	5.05161e-05
808	4.52729e-05
808.5	4.17784e-05
809	1.91219e-05
809.5	2.07978e-05
810	1.97072e-05
810.5	1.9271e-05
811	1.90322e-05
811.5	1.84419e-05
812	1.77645e-05
812.5	1.74427e-05
813	1.74158e-05
813.5	1.66991e-05
814	1.60921e-05
814.5	1.22581e-05
815	-1.19486e-05
815.5	-1.25036e-05
816	3.29483e-06
816.5	6.27577e-06
817	3.01793e-06
817.5	1.84848e-06
818	-1.07745e-05
818.5	-2.74114e-05
819	-3.08128e-05
819.5	-2.14418e-05
820	4.09927e-05
820.5	0.000121054
821	0.000355366
821.5	0.000330656
822	0.000275234
822.5	0.000131167
823	4.34226e-05
823.5	5.3541e-05
824	6.46189e-05
824.5	7.53335e-05
825	5.74975e-05
825.5	4.4021e-05
826	2.56035e-05
826.5	3.16901e-05
827	5.16577e-05
827.5	-3.38675e-05
828	-5.8549e-05
828.5	-3.31504e-05
829	8.35117e-05
829.5	0.000130193
830	0.000130482
830.5	0.000132403
831	0.00011017
831.5	4.57208e-05
832	6.77773e-06
832.5	1.10229e-05
833	6.07476e-05
833.5	8.51227e-05
834	7.87292e-05
834.5	8.53703e-05
835	8.31066e-05
835.5	8.52272e-05
836	7.94545e-05
836.5	8.53241e-05
837	8.15234e-05
837.5	7.82175e-05
838	7.56259e-05
838.5	7.49373e-05
839	7.10203e-05
839.5	6.63199e-05
840	6.24489e-05
840.5	5.994e-05
841	5.48421e-05
841.5	5.16545e-05
842	4.97472e-05
842.5	4.86527e-05
843	4.7232e-05
843.5	4.55646e-05
844	4.36793e-05
844.5	4.12614e-05
845	3.98742e-05
845.5	3.78183e-05
846	3.66595e-05
846.5	3.42243e-05
847	3.21321e-05
847.5	2.9695e-05
848	2.67164e-05
848.5	4.03095e-05
849	3.92638e-05
849.5	3.14912e-05
850	2.62494e-05
850.5	2.29903e-05
851	2.00748e-05
851.5	1.81225e-05
852	1.69709e-05
852.5	1.55727e-05
853	1.43522e-05
853.5	1.31657e-05
854	1.27454e-05
854.5	1.26609e-05
855	8.06923e-06
855.5	5.92006e-06
856	1.02223e-05
856.5	1.193e-05
857	1.22493e-05
857.5	1.25294e-05
858	1.22363e-05
858.5	1.19161e-05
859	1.09708e-05
859.5	9.51145e-06
860	8.46482e-06
860.5	1.03985e-05
861	1.03741e-05
861.5	1.68763e-05
862	1.81563e-05
862.5	1.89516e-05
863	1.78903e-05
863.5	1.71883e-05
864	1.68585e-05
864.5	1.71149e-05
865	1.6837e-05
865.5	1.49937e-05
866	1.81228e-05
866.5	-7.2401e-06
867	-5.11115e-06
867.5	9.30927e-07
868	5.7162e-06
868.5	8.75431e-06
869	9.31871e-06
869.5	8.97906e-06
870	8.1027e-06
870.5	7.28795e-06
871	7.13848e-06
871.5	6.97639e-06
872	7.10332e-06
872.5	7.56335e-06
873	7.83182e-06
873.5	7.64244e-06
874	6.95723e-06
874.5	4.59297e-06
875	2.74279e-06
875.5	-1.3356e-06
876	-2.21153e-06
876.5	-2.75922e-06
877	-3.23902e-06
877.5	-2.31956e-06
878	-1.4901e-06
878.5	5.80022e-06
879	9.73675e-06
879.5	9.44691e-06
880	8.54088e-06
880.5	7.95468e-06
881	7.8879e-06
881.5	7.97478e-06
882	6.79697e-06
882.5	5.37548e-06
883	3.23832e-06
883.5	7.67207e-07
884	2.38758e-06
884.5	3.83658e-06
885	4.26725e-06
885.5	4.0863e-06
886	3.62339e-06
886.5	1.88884e-06
887	9.96329e-07
887.5	5.82298e-07
888	-6.633e-07
888.5	-6.60288e-07
889	5.15304e-07
889.5	1.66077e-06
890	2.01277e-06
890.5	2.3032e-06
891	8.30786e-06
891.5	8.18507e-06
892	1.65752e-05
892.5	1.55948e-05
893	1.42069e-05
893.5	1.23625e-05
894	3.18134e-05
894.5	4.80619e-05
895	4.81634e-05
895.5	4.60094e-05
896	4.27655e-05
896.5	3.68637e-05
897	2.93221e-05
897.5	2.98041e-05
898	3.13615e-05
898.5	2.9542e-05
899	2.66358e-05
899.5	2.51756e-05
900	2.44454e-05
900.5	2.35337e-05
901	2.23177e-05
901.5	2.16322e-05
902	1.97266e-05
902.5	1.69633e-05
903	1.57148e-05
903.5	1.53314e-05
904	1.43967e-05
904.5	1.35273e-05
905	1.32696e-05
905.5	1.30656e-05
906	1.26293e-05
906.5	1.37038e-05
907	1.43529e-05
907.5	1.83081e-05
908	2.23019e-05
908.5	2.246e-05
909	1.57988e-05
909.5	1.40592e-05
910	1.44584e-05
910.5	1.38136e-05
911	1.25715e-05
911.5	1.12173e-05
912	9.91304e-06
912.5	8.68355e-06
913	8.49113e-06
913.5	8.70732e-06
914	8.5317e-06
914.5	3.93013e-06
915	1.21021e-06
915.5	-2.17381e-06
916	-2.38433e-06
916.5	-2.14813e-06
917	-2.09433e-06
917.5	-1.95729e-06
918	-2.38286e-06
918.5	-1.42683e-06
919	-1.30268e-06
919.5	-8.09217e-07
920	8.32411e-07
920.5	3.64345e-06
921	-0.000210977
921.5	-0.000100714
922	-6.73857e-05
922.5	-4.21711e-05
923	-1.68278e-05
923.5	-4.19624e-06
924	2.4728e-07
924.5	2.54312e-06
925	5.27352e-06
925.5	9.24968e-06
926	1.33505e-05
926.5	1.54418e-05
927	1.72958e-05
927.5	1.92902e-05
928	2.10229e-05
928.5	2.22013e-05
929	2.24862e-05
929.5	2.26788e-05
930	2.25697e-05
930.5	2.22942e-05
931	2.19848e-05
931.5	2.14838e-05
932	2.10222e-05
932.5	2.02875e-05
933	1.95816e-05
933.5	1.83441e-05
934	1.55026e-05
934.5	1.46286e-05
935	1.38802e-05
935.5	1.9454e-05
936	1.93789e-05
936.5	1.88102e-05
937	1.92494e-05
937.5	2.40117e-05
938	2.67152e-05
938.5	4.01344e-05
939	3.12216e-05
939.5	2.76454e-05
940	2.69218e-05
940.5	1.99241e-05
941	2.38093e-05
941.5	2.63603e-05
942	2.58606e-05
942.5	2.56697e-05
943	2.49658e-05
943.5	2.50868e-05
944	1.20304e-05
944.5	5.9653e-06
945	9.98408e-06
945.5	1.50517e-05
946	1.84747e-05
946.5	1.98801e-05
947	1.77099e-05
947.5	1.51894e-05
948	1.69161e-05
948.5	1.85303e-05
949	2.68742e-05
949.5	2.28423e-05
950	3.0516e-05
950.5	2.53225e-05
951	2.21034e-05
951.5	2.29783e-05
952	2.42805e-05
952.5	2.37707e-05
953	2.16317e-05
953.5	2.02952e-05
954	1.9252e-05
954.5	1.88894e-05
955	1.8785e-05
955.5	1.88952e-05
956	1.99874e-05
956.5	1.87233e-05
957	9.98576e-06
957.5	-6.01748e-06
958	1.30128e-05
958.5	1.99953e-05
959	1.70711e-05
959.5	1.38695e-05
960	1.35558e-05
960.5	8.31957e-06
961	8.6322e-06
961.5	9.70381e-06
962	9.00349e-06
962.5	8.3273e-06
963	-1.0332e-05
963.5	9.898e-07
964	-3.6357e-05
964.5	-2.30428e-05
965	-1.13293e-05
965.5	-4.09187e-05
966	-2.24746e-05
966.5	2.67804e-05
967	3.48386e-05
967.5	2.85908e-05
968	6.99983e-05
968.5	0.000169365
969	0.000152711
969.5	0.0003129
970	0.000190816
970.5	0.000195782
971	0.000114438
971.5	4.18399e-05
972	8.27035e-07
972.5	1.841e-05
973	1.31657e-05
973.5	7.06769e-06
974	4.60955e-05
974.5	4.80639e-05
975	5.29909e-05
975.5	5.70697e-05
976	6.02728e-05
976.5	5.92195e-05
977	5.70666e-05
977.5	5.47366e-05
978	5.28953e-05
978.5	5.11338e-05
979	4.94314e-05
979.5	4.79566e-05
980	4.67776e-05
980.5	4.56565e-05
981	4.3555e-05
981.5	4.15611e-05
982	3.93248e-05
982.5	3.75162e-05
983	3.60371e-05
983.5	3.47727e-05
984	3.40165e-05
984.5	3.16165e-05
985	2.87819e-05
985.5	2.65931e-05
986	2.41625e-05
986.5	2.13657e-05
987	1.96391e-05
987.5	1.75825e-05
988	1.539e-05
988.5	1.77665e-05
989	1.99142e-05
989.5	1.8987e-05
990	1.81989e-05
990.5	1.73487e-05
991	1.59519e-05
991.5	1.42224e-05
992	1.34519e-05
992.5	1.30305e-05
993	1.27254e-05
993.5	1.23904e-05
994	1.2345e-05
994.5	1.2375e-05
995	1.23794e-05
995.5	1.18449e-05
996	1.20077e-05
996.5	1.17776e-05
997	7.94992e-06
997.5	2.73558e-07
998	-4.34089e-06
998.5	-2.84409e-06
999	-3.94488e-06
999.5	3.61579e-06
1000	1.41842e-05
