0	0
0.5	-8.18995e-26
1	-3.8618e-25
1.5	4.75147e-26
2	-2.75006e-26
2.5	-1.05639e-25
3	-2.60401e-25
3.5	-4.09483e-08
4	-4.06245e-07
4.5	-5.6693e-07
5	-6.2684e-07
5.5	-6.98808e-07
6	-6.27475e-07
6.5	-6.05956e-07
7	-8.17843e-07
7.5	-1.13648e-06
8	-1.39648e-06
8.5	-1.55439e-06
9	-1.72072e-06
9.5	-2.09622e-06
10	-2.57739e-06
10.5	-2.99225e-06
11	-3.24077e-06
11.5	-3.46458e-06
12	-3.69863e-06
12.5	-3.81988e-06
13	-3.96636e-06
13.5	-3.74922e-06
14	-3.87322e-06
14.5	-4.02226e-06
15	-3.71817e-06
15.5	-3.68001e-06
16	-2.99188e-06
16.5	-2.73251e-06
17	-2.79901e-06
17.5	-3.23634e-06
18	-3.86618e-06
18.5	-4.33384e-06
19	-4.80558e-06
19.5	-5.38312e-06
20	-6.27525e-06
20.5	-6.97714e-06
21	-7.57111e-06
21.5	-7.94936e-06
22	-7.78586e-06
22.5	-7.88953e-06
23	-8.03877e-06
23.5	-8.12576e-06
24	-8.24551e-06
24.5	-8.68427e-06
25	-9.56241e-06
25.5	-1.05444e-05
26	-1.21188e-05
26.5	-1.54661e-05
27	-6.72143e-05
27.5	-0.000371975
28	0.000460316
28.5	-2.54912e-05
29	-0.000109028
29.5	-3.36211e-05
30	-2.31055e-05
30.5	-2.55457e-05
31	-2.0758e-05
31.5	-1.70377e-05
32	-1.30617e-05
32.5	-1.20429e-05
33	-1.1528e-05
33.5	-1.17698e-05
34	-1.26128e-05
34.5	-1.34587e-05
35	-1.17765e-05
35.5	-9.61759e-06
36	-9.04385e-06
36.5	-7.84105e-06
37	-7.04558e-06
37.5	-6.80176e-06
38	-6.65816e-06
38.5	-6.55015e-06
39	-6.59405e-06
39.5	-6.67807e-06
40	-6.63748e-06
40.5	-6.71132e-06
41	-6.71218e-06
41.5	-6.68529e-06
42	-6.86054e-06
42.5	-7.33657e-06
43	-7.81441e-06
43.5	-8.29061e-06
44	-8.85833e-06
44.5	-9.79173e-06
45	-1.1839e-05
45.5	-2.18899e-05
46	-0.000244366
46.5	0.000199843
47	-1.1304e-05
47.5	-8.79017e-05
48	-5.27021e-05
48.5	-1.47464e-05
49	-1.64469e-05
49.5	-1.69635e-05
50	-1.66754e-05
50.5	-1.51597e-05
51	-1.41827e-05
51.5	-1.29165e-05
52	-1.08817e-05
52.5	-9.08631e-06
53	-7.75198e-06
53.5	-6.79482e-06
54	-6.15441e-06
54.5	-5.99933e-06
55	-5.96494e-06
55.5	-6.03135e-06
56	-5.77484e-06
56.5	-5.48215e-06
57	-5.18138e-06
57.5	-5.03647e-06
58	-4.83183e-06
58.5	-4.84104e-06
59	-5.16062e-06
59.5	-5.95181e-06
60	-8.09418e-06
60.5	-1.8667e-05
61	-0.000250635
61.5	0.000224929
62	6.85868e-06
62.5	-8.21849e-05
63	-5.63073e-05
63.5	-1.16638e-05
64	-8.11721e-06
64.5	-7.43248e-06
65	-7.32485e-06
65.5	-7.76784e-06
66	-8.69658e-06
66.5	-9.05993e-06
67	-7.93657e-06
67.5	-5.78813e-06
68	-4.1618e-06
68.5	-2.86353e-06
69	-2.11598e-06
69.5	-2.27172e-06
70	-3.12452e-06
70.5	-4.14049e-06
71	-5.099e-06
71.5	-5.71916e-06
72	-6.19555e-06
72.5	-6.51241e-06
73	-6.70083e-06
73.5	-6.75222e-06
74	-6.78235e-06
74.5	-6.80463e-06
75	-6.94409e-06
75.5	-7.39935e-06
76	-8.34094e-06
76.5	-1.08849e-05
77	-4.0771e-05
77.5	-0.000401875
78	0.000440938
78.5	-2.27673e-05
79	-0.000120617
79.5	-3.34811e-05
80	-7.98007e-06
80.5	-8.20272e-06
81	-8.67253e-06
81.5	-7.59815e-06
82	-7.00098e-06
82.5	-5.5275e-06
83	-4.06859e-06
83.5	-2.77828e-06
84	-2.21645e-06
84.5	-2.05006e-06
85	-1.97928e-06
85.5	-2.00049e-06
86	-2.14825e-06
86.5	-2.38159e-06
87	-2.60473e-06
87.5	-2.37086e-06
88	-2.23933e-06
88.5	-2.16057e-06
89	-2.18273e-06
89.5	-2.27571e-06
90	-2.30081e-06
90.5	-2.268e-06
91	-2.41462e-06
91.5	-2.46082e-06
92	-2.53085e-06
92.5	-2.55581e-06
93	-2.63438e-06
93.5	-2.696e-06
94	-2.79314e-06
94.5	-2.6816e-06
95	-2.10874e-06
95.5	-1.45016e-06
96	-1.7549e-06
96.5	-1.75428e-06
97	-1.10345e-06
97.5	-9.86088e-07
98	-1.3467e-06
98.5	-2.06541e-06
99	-3.87226e-06
99.5	-5.57434e-06
100	-6.83088e-06
100.5	-7.63249e-06
101	-8.08481e-06
101.5	-8.35497e-06
102	-8.56388e-06
102.5	-8.72913e-06
103	-9.13073e-06
103.5	-9.55673e-06
104	-9.99703e-06
104.5	-1.06391e-05
105	-1.16613e-05
105.5	-1.24275e-05
106	-1.28348e-05
106.5	-1.35695e-05
107	-1.51156e-05
107.5	-1.71822e-05
108	-2.0858e-05
108.5	-4.45267e-05
109	-0.00044072
109.5	0.000530987
110	4.18178e-05
110.5	-0.000118178
111	-5.23164e-05
111.5	-2.87784e-05
112	-2.37986e-05
112.5	-1.98142e-05
113	-1.69376e-05
113.5	-1.44692e-05
114	-1.27997e-05
114.5	-1.16174e-05
115	-1.06525e-05
115.5	-9.9985e-06
116	-9.47001e-06
116.5	-9.20183e-06
117	-9.12318e-06
117.5	-9.17516e-06
118	-9.32188e-06
118.5	-9.98508e-06
119	-1.07477e-05
119.5	-1.05806e-05
120	-1.08141e-05
120.5	-9.49436e-06
121	-8.29385e-06
121.5	-7.94325e-06
122	-8.15318e-06
122.5	-9.04863e-06
123	-1.07576e-05
123.5	-1.36886e-05
124	-2.20944e-05
124.5	-0.000228107
125	0.000207533
125.5	7.66161e-06
126	-0.000104236
126.5	-7.64894e-05
127	-3.01694e-05
127.5	-2.4518e-05
128	-2.06038e-05
128.5	-1.7879e-05
129	-1.51728e-05
129.5	-1.55079e-05
130	-1.37787e-05
130.5	-1.14283e-05
131	-8.94991e-06
131.5	-6.22453e-06
132	-4.44021e-06
132.5	-4.11938e-06
133	-4.82802e-06
133.5	-5.39587e-06
134	-6.00271e-06
134.5	-6.69841e-06
135	-7.33378e-06
135.5	-7.89481e-06
136	-8.34814e-06
136.5	-8.62857e-06
137	-8.89259e-06
137.5	-9.16096e-06
138	-9.40148e-06
138.5	-9.63979e-06
139	-1.0119e-05
139.5	-1.07654e-05
140	-1.16098e-05
140.5	-1.31509e-05
141	-1.64047e-05
141.5	-3.20114e-05
142	-0.000403099
142.5	0.000342433
143	6.08794e-05
143.5	-8.60257e-05
144	-5.74584e-05
144.5	-2.77816e-05
145	-2.41834e-05
145.5	-2.20328e-05
146	-1.95932e-05
146.5	-1.69091e-05
147	-1.47359e-05
147.5	-1.3245e-05
148	-1.23792e-05
148.5	-1.1935e-05
149	-1.17015e-05
149.5	-1.15553e-05
150	-1.13649e-05
150.5	-1.12012e-05
151	-1.09812e-05
151.5	-1.07239e-05
152	-1.0539e-05
152.5	-1.03287e-05
153	-1.05972e-05
153.5	-1.10169e-05
154	-1.16315e-05
154.5	-1.21237e-05
155	-1.26799e-05
155.5	-1.33015e-05
156	-1.41505e-05
156.5	-1.54741e-05
157	-1.89686e-05
157.5	-7.94662e-05
158	-0.000343645
158.5	0.000452385
159	-3.56045e-06
159.5	-0.000139941
160	-3.34658e-05
160.5	-2.41836e-05
161	-2.21181e-05
161.5	-1.91926e-05
162	-1.74603e-05
162.5	-1.48914e-05
163	-1.27351e-05
163.5	-1.11427e-05
164	-1.03219e-05
164.5	-9.87391e-06
165	-9.38393e-06
165.5	-8.73225e-06
166	-8.02215e-06
166.5	-7.44446e-06
167	-6.9813e-06
167.5	-6.80733e-06
168	-6.91997e-06
168.5	-7.50475e-06
169	-7.98676e-06
169.5	-8.34135e-06
170	-8.73335e-06
170.5	-9.36954e-06
171	-1.03259e-05
171.5	-1.12903e-05
172	-1.20421e-05
172.5	-1.26802e-05
173	-1.32888e-05
173.5	-1.44741e-05
174	-1.59791e-05
174.5	-0.00010298
175	-0.000330098
175.5	0.000557849
176	1.48198e-05
176.5	-0.00015961
177	-3.95465e-05
177.5	-2.11485e-05
178	-1.81728e-05
178.5	-1.62755e-05
179	-1.47353e-05
179.5	-1.40256e-05
180	-1.36974e-05
180.5	-1.34818e-05
181	-1.34639e-05
181.5	-1.3397e-05
182	-1.34377e-05
182.5	-1.35552e-05
183	-1.41313e-05
183.5	-1.47253e-05
184	-1.51401e-05
184.5	-1.53399e-05
185	-1.53687e-05
185.5	-1.55081e-05
186	-1.55152e-05
186.5	-1.47134e-05
187	-1.47293e-05
187.5	-1.32305e-05
188	-1.39843e-05
188.5	-1.32445e-05
189	-1.34108e-05
189.5	-1.38394e-05
190	-1.40714e-05
190.5	-1.41866e-05
191	-1.4808e-05
191.5	-1.52092e-05
192	-1.49378e-05
192.5	-1.41646e-05
193	-1.31114e-05
193.5	-1.2111e-05
194	-1.1363e-05
194.5	-1.10343e-05
195	-1.13144e-05
195.5	-1.17601e-05
196	-1.23276e-05
196.5	-1.29646e-05
197	-1.40479e-05
197.5	-1.5044e-05
198	-1.62668e-05
198.5	-1.77924e-05
199	-2.01996e-05
199.5	-2.74619e-05
200	-0.000183379
200.5	0.000145384
201	0.000109536
201.5	-5.76792e-05
202	-0.000100751
202.5	-3.06281e-05
203	-2.72679e-05
203.5	-2.55166e-05
204	-2.15597e-05
204.5	-1.8417e-05
205	-1.52663e-05
205.5	-1.33408e-05
206	-1.22797e-05
206.5	-1.15521e-05
207	-1.09504e-05
207.5	-1.05631e-05
208	-1.04993e-05
208.5	-1.0262e-05
209	-9.77619e-06
209.5	-9.18099e-06
210	-8.59633e-06
210.5	-8.17485e-06
211	-7.79917e-06
211.5	-7.61983e-06
212	-7.62722e-06
212.5	-7.76727e-06
213	-8.10464e-06
213.5	-8.67005e-06
214	-9.38901e-06
214.5	-1.05986e-05
215	-1.21231e-05
215.5	-1.44869e-05
216	-2.15067e-05
216.5	-0.000178792
217	0.000300969
217.5	0.000135653
218	-0.00010535
218.5	-0.00013425
219	-3.55279e-05
219.5	-2.43374e-05
220	-1.85008e-05
220.5	-1.51956e-05
221	-1.39575e-05
221.5	-1.35589e-05
222	-1.34348e-05
222.5	-1.33545e-05
223	-1.31152e-05
223.5	-1.27704e-05
224	-1.23241e-05
224.5	-1.16772e-05
225	-1.10278e-05
225.5	-1.06838e-05
226	-1.04806e-05
226.5	-1.04038e-05
227	-1.06423e-05
227.5	-1.12077e-05
228	-1.08527e-05
228.5	-1.034e-05
229	-1.08965e-05
229.5	-1.21903e-05
230	-1.4664e-05
230.5	-6.32447e-05
231	-0.000362619
231.5	0.000395043
232	4.04387e-05
232.5	-0.000142699
233	-6.63579e-05
233.5	-2.91493e-05
234	-2.2014e-05
234.5	-1.77154e-05
235	-1.4964e-05
235.5	-1.37077e-05
236	-1.32169e-05
236.5	-1.25633e-05
237	-1.2157e-05
237.5	-1.16337e-05
238	-1.10512e-05
238.5	-1.08648e-05
239	-1.06142e-05
239.5	-1.00734e-05
240	-9.97295e-06
240.5	-9.86405e-06
241	-9.69829e-06
241.5	-1.00867e-05
242	-9.7716e-06
242.5	-9.0845e-06
243	-6.50543e-06
243.5	-4.84901e-06
244	-6.12185e-06
244.5	-7.36385e-06
245	-7.14662e-06
245.5	-6.58977e-06
246	-7.22738e-06
246.5	-7.77648e-06
247	-8.11775e-06
247.5	-8.03623e-06
248	-7.29468e-06
248.5	-6.09343e-06
249	-6.00723e-06
249.5	-5.87738e-06
250	-5.67255e-06
250.5	-6.25295e-06
251	-6.83108e-06
251.5	-7.50042e-06
252	-8.25739e-06
252.5	-8.79179e-06
253	-9.02423e-06
253.5	-9.06183e-06
254	-8.85381e-06
254.5	-8.72905e-06
255	-8.60252e-06
255.5	-8.60376e-06
256	-9.2488e-06
256.5	-1.07522e-05
257	-1.29241e-05
257.5	-1.64061e-05
258	-3.07433e-05
258.5	-0.000381988
259	0.000387773
259.5	9.49957e-06
260	-0.000110506
260.5	-4.56091e-05
261	-2.64249e-05
261.5	-2.23078e-05
262	-1.90327e-05
262.5	-1.63549e-05
263	-1.37307e-05
263.5	-1.19753e-05
264	-1.09812e-05
264.5	-1.03758e-05
265	-9.89221e-06
265.5	-9.48081e-06
266	-9.25286e-06
266.5	-8.94086e-06
267	-8.4449e-06
267.5	-7.98728e-06
268	-7.64873e-06
268.5	-7.33563e-06
269	-7.23189e-06
269.5	-7.67275e-06
270	-7.95932e-06
270.5	-7.01435e-06
271	-7.17407e-06
271.5	-7.70192e-06
272	-8.22374e-06
272.5	-8.10113e-06
273	-8.26144e-06
273.5	-8.59037e-06
274	-8.72815e-06
274.5	-8.8484e-06
275	-8.48102e-06
275.5	-7.08768e-06
276	-6.86036e-06
276.5	-7.05703e-06
277	-4.98103e-06
277.5	-3.63731e-06
278	-5.04634e-06
278.5	-6.31548e-06
279	-7.35032e-06
279.5	-8.49544e-06
280	-9.6799e-06
280.5	-1.11186e-05
281	-1.35011e-05
281.5	-2.11328e-05
282	-0.000196626
282.5	0.000253922
283	1.53395e-06
283.5	-0.000104638
284	-5.06546e-05
284.5	-1.63434e-05
285	-1.2915e-05
285.5	-1.12615e-05
286	-1.01812e-05
286.5	-9.4922e-06
287	-1.04707e-05
287.5	-1.12207e-05
288	-1.20279e-05
288.5	-1.23727e-05
289	-1.24182e-05
289.5	-1.18656e-05
290	-1.13107e-05
290.5	-1.11387e-05
291	-1.09787e-05
291.5	-1.09947e-05
292	-1.08672e-05
292.5	-1.05628e-05
293	-1.01856e-05
293.5	-9.59975e-06
294	-9.21767e-06
294.5	-9.08725e-06
295	-9.22159e-06
295.5	-9.62392e-06
296	-1.0317e-05
296.5	-1.19859e-05
297	-1.75687e-05
297.5	-0.000151191
298	0.000411059
298.5	0.000180627
299	-9.6577e-05
299.5	-0.000135626
300	-1.93756e-05
300.5	-1.34057e-05
301	-1.24451e-05
301.5	-1.47366e-05
302	-1.9228e-05
302.5	-1.75372e-05
303	-1.45559e-05
303.5	-1.31537e-05
304	-1.23445e-05
304.5	-1.18562e-05
305	-1.18108e-05
305.5	-1.19805e-05
306	-1.24077e-05
306.5	-1.27188e-05
307	-1.28994e-05
307.5	-1.32483e-05
308	-1.3469e-05
308.5	-1.34375e-05
309	-1.35554e-05
309.5	-1.38294e-05
310	-1.42764e-05
310.5	-1.47716e-05
311	-1.52463e-05
311.5	-1.58934e-05
312	-1.6594e-05
312.5	-1.87749e-05
313	-2.80942e-05
313.5	-0.000219397
314	0.000180694
314.5	9.97751e-05
315	-6.02008e-05
315.5	-9.33629e-05
316	-3.27468e-05
316.5	-2.55418e-05
317	-2.15999e-05
317.5	-1.87901e-05
318	-1.64186e-05
318.5	-1.46353e-05
319	-1.36507e-05
319.5	-1.25325e-05
320	-1.16602e-05
320.5	-1.1334e-05
321	-1.12584e-05
321.5	-1.10814e-05
322	-1.09611e-05
322.5	-1.09832e-05
323	-1.13051e-05
323.5	-1.16908e-05
324	-1.19459e-05
324.5	-1.21725e-05
325	-1.23298e-05
325.5	-1.22053e-05
326	-1.18059e-05
326.5	-1.22945e-05
327	-1.31029e-05
327.5	-1.35421e-05
328	-1.57049e-05
328.5	-4.20197e-05
329	-0.000325282
329.5	0.00035198
330	5.81178e-05
330.5	-0.000128682
331	-7.68963e-05
331.5	-2.47925e-05
332	-1.61988e-05
332.5	-1.18155e-05
333	-9.52872e-06
333.5	-8.04453e-06
334	-6.86023e-06
334.5	-6.00389e-06
335	-5.3539e-06
335.5	-5.31289e-06
336	-5.71508e-06
336.5	-6.09851e-06
337	-6.37576e-06
337.5	-6.4211e-06
338	-6.53492e-06
338.5	-6.69482e-06
339	-6.90158e-06
339.5	-7.27746e-06
340	-7.49696e-06
340.5	-7.36369e-06
341	-7.54429e-06
341.5	-7.08222e-06
342	-5.18926e-06
342.5	-5.11083e-06
343	-7.1835e-06
343.5	-9.20282e-06
344	-1.05351e-05
344.5	-1.21985e-05
345	-1.52932e-05
345.5	-2.25808e-05
346	-0.000174087
346.5	0.000649555
347	0.000326673
347.5	-7.02089e-05
348	-0.000155148
348.5	-2.99274e-05
349	-2.0186e-05
349.5	-1.69314e-05
350	-1.4837e-05
350.5	-1.33251e-05
351	-1.22248e-05
351.5	-1.14853e-05
352	-1.11167e-05
352.5	-1.08503e-05
353	-1.06949e-05
353.5	-1.0465e-05
354	-1.01485e-05
354.5	-9.89489e-06
355	-9.91639e-06
355.5	-9.24684e-06
356	-8.2857e-06
356.5	-7.8706e-06
357	-6.41908e-06
357.5	-5.72445e-06
358	-5.98196e-06
358.5	-6.6847e-06
359	-7.44009e-06
359.5	-7.85374e-06
360	-8.1274e-06
360.5	-8.37897e-06
361	-8.66675e-06
361.5	-9.06511e-06
362	-9.38615e-06
362.5	-9.74825e-06
363	-1.02796e-05
363.5	-1.09177e-05
364	-1.18308e-05
364.5	-1.28771e-05
365	-1.34765e-05
365.5	-1.63017e-05
366	-5.65289e-05
366.5	-0.000390898
367	0.000345508
367.5	-7.69116e-06
368	-0.000127758
368.5	-4.63289e-05
369	-2.11354e-05
369.5	-2.0858e-05
370	-2.30048e-05
370.5	-2.34046e-05
371	-2.13691e-05
371.5	-1.7221e-05
372	-1.52247e-05
372.5	-1.28749e-05
373	-1.19358e-05
373.5	-1.05528e-05
374	-1.0157e-05
374.5	-1.05453e-05
375	-1.06797e-05
375.5	-1.11075e-05
376	-1.09422e-05
376.5	-9.38252e-06
377	-8.72598e-06
377.5	-8.36231e-06
378	-7.90146e-06
378.5	-7.59342e-06
379	-7.47352e-06
379.5	-6.70795e-06
380	-5.84195e-06
380.5	-5.23902e-06
381	-4.92388e-06
381.5	-5.08997e-06
382	-5.32178e-06
382.5	-5.7091e-06
383	-5.86481e-06
383.5	-5.80425e-06
384	-5.79187e-06
384.5	-5.95309e-06
385	-6.32291e-06
385.5	-6.98725e-06
386	-7.22525e-06
386.5	-9.03952e-06
387	-1.30384e-05
387.5	-2.89392e-05
388	-0.000443576
388.5	0.000425796
389	9.22957e-05
389.5	-0.000105725
390	-5.48164e-05
390.5	-2.57729e-05
391	-2.03394e-05
391.5	-1.61251e-05
392	-1.27438e-05
392.5	-1.03749e-05
393	-8.82021e-06
393.5	-7.81304e-06
394	-6.94107e-06
394.5	-6.49699e-06
395	-6.2928e-06
395.5	-6.42001e-06
396	-6.55684e-06
396.5	-6.92413e-06
397	-7.20911e-06
397.5	-7.46761e-06
398	-7.66871e-06
398.5	-7.74645e-06
399	-7.86452e-06
399.5	-8.19342e-06
400	-8.54911e-06
400.5	-9.02966e-06
401	-9.85816e-06
401.5	-1.07867e-05
402	-1.02564e-05
402.5	-1.07674e-05
403	-1.34349e-05
403.5	-2.04429e-05
404	-0.000151801
404.5	0.000295649
405	0.000212291
405.5	-4.16206e-05
406	-0.000136594
406.5	-2.9003e-05
407	-2.09832e-05
407.5	-1.83568e-05
408	-1.58239e-05
408.5	-1.3723e-05
409	-1.23104e-05
409.5	-1.12943e-05
410	-1.05638e-05
410.5	-1.02244e-05
411	-9.97371e-06
411.5	-9.50353e-06
412	-9.02939e-06
412.5	-8.39751e-06
413	-8.44573e-06
413.5	-8.77531e-06
414	-9.2366e-06
414.5	-9.74073e-06
415	-9.614e-06
415.5	-9.91567e-06
416	-1.03089e-05
416.5	-1.42904e-05
417	-0.000137007
417.5	0.000575839
418	0.000314807
418.5	-7.04491e-05
419	-0.000160244
419.5	-2.97342e-05
420	-1.98413e-05
420.5	-1.67338e-05
421	-1.29893e-05
421.5	-1.06319e-05
422	-9.84372e-06
422.5	-9.79371e-06
423	-9.98353e-06
423.5	-1.0136e-05
424	-1.01669e-05
424.5	-1.04419e-05
425	-1.06806e-05
425.5	-1.08725e-05
426	-1.13411e-05
426.5	-1.17375e-05
427	-1.20194e-05
427.5	-1.20985e-05
428	-1.20039e-05
428.5	-1.18607e-05
429	-1.19857e-05
429.5	-1.21228e-05
430	-1.19115e-05
430.5	-1.04123e-05
431	-9.09322e-06
431.5	-9.17786e-06
432	-9.24963e-06
432.5	-8.52951e-06
433	-7.56838e-06
433.5	-6.53885e-06
434	-6.02132e-06
434.5	-6.74792e-06
435	-7.56699e-06
435.5	-8.02841e-06
436	-7.93264e-06
436.5	-8.08042e-06
437	-8.02348e-06
437.5	-8.12518e-06
438	-8.0192e-06
438.5	-7.88515e-06
439	-8.02682e-06
439.5	-7.98833e-06
440	-7.79623e-06
440.5	-7.47779e-06
441	-7.29237e-06
441.5	-7.3601e-06
442	-7.54824e-06
442.5	-7.40048e-06
443	-7.06546e-06
443.5	-6.73994e-06
444	-6.60312e-06
444.5	-6.46211e-06
445	-5.51422e-06
445.5	-4.94793e-06
446	-3.55449e-06
446.5	-3.53098e-06
447	-1.75586e-06
447.5	-2.77986e-06
448	-3.91422e-06
448.5	-5.22109e-06
449	-5.70209e-06
449.5	-6.59215e-06
450	-7.13834e-06
450.5	-7.58929e-06
451	-7.78345e-06
451.5	-7.6282e-06
452	-7.59994e-06
452.5	-7.79367e-06
453	-8.02093e-06
453.5	-8.16254e-06
454	-8.14504e-06
454.5	-8.01075e-06
455	-7.95318e-06
455.5	-7.87565e-06
456	-7.59796e-06
456.5	-7.51638e-06
457	-7.32682e-06
457.5	-7.25385e-06
458	-7.35821e-06
458.5	-7.81544e-06
459	-8.76701e-06
459.5	-9.69873e-06
460	-1.17909e-05
460.5	-2.79539e-05
461	-0.000324904
461.5	0.000338573
462	3.77292e-05
462.5	-0.000105116
463	-5.55762e-05
463.5	-2.91188e-05
464	-2.1097e-05
464.5	-1.64473e-05
465	-1.35125e-05
465.5	-1.18159e-05
466	-1.10466e-05
466.5	-1.07515e-05
467	-1.03139e-05
467.5	-9.9672e-06
468	-9.52939e-06
468.5	-9.10101e-06
469	-8.85045e-06
469.5	-8.54902e-06
470	-8.40276e-06
470.5	-8.25292e-06
471	-8.10715e-06
471.5	-8.04251e-06
472	-7.96168e-06
472.5	-8.16176e-06
473	-8.7509e-06
473.5	-1.00937e-05
474	-1.27574e-05
474.5	-2.76343e-05
475	-0.000292796
475.5	0.000265774
476	9.00641e-06
476.5	-0.000123442
477	-7.37207e-05
477.5	-2.64475e-05
478	-2.17303e-05
478.5	-1.88781e-05
479	-1.61334e-05
479.5	-1.49577e-05
480	-1.34425e-05
480.5	-1.24797e-05
481	-1.18011e-05
481.5	-1.10358e-05
482	-1.04381e-05
482.5	-1.00688e-05
483	-9.7909e-06
483.5	-1.00169e-05
484	-1.03653e-05
484.5	-1.06352e-05
485	-1.12544e-05
485.5	-1.23205e-05
486	-1.4827e-05
486.5	-3.16209e-05
487	-0.000343341
487.5	0.000283833
488	-3.80679e-06
488.5	-0.00012034
489	-5.36741e-05
489.5	-1.51474e-05
490	-1.41232e-05
490.5	-1.50197e-05
491	-1.39358e-05
491.5	-1.25789e-05
492	-1.24438e-05
492.5	-1.08855e-05
493	-9.4802e-06
493.5	-7.76476e-06
494	-6.48744e-06
494.5	-6.26316e-06
495	-6.42556e-06
495.5	-6.96679e-06
496	-7.13685e-06
496.5	-7.15527e-06
497	-7.07374e-06
497.5	-6.86217e-06
498	-6.48828e-06
498.5	-5.33161e-06
499	-4.65295e-06
499.5	-4.74337e-06
500	-5.0853e-06
500.5	-5.29164e-06
501	-5.72558e-06
501.5	-5.74117e-06
502	-6.08186e-06
502.5	-6.52818e-06
503	-6.93326e-06
503.5	-7.54657e-06
504	-7.98988e-06
504.5	-8.86983e-06
505	-6.1646e-06
505.5	-1.76501e-06
506	-1.39161e-06
506.5	-2.61598e-06
507	-4.1931e-06
507.5	-5.92711e-06
508	-6.56963e-06
508.5	-6.91781e-06
509	-8.19292e-06
509.5	-8.1022e-06
510	-6.95219e-06
510.5	-5.62242e-06
511	-4.72391e-06
511.5	-4.23389e-06
512	-3.88374e-06
512.5	-4.32366e-06
513	-4.88482e-06
513.5	-5.39359e-06
514	-5.7778e-06
514.5	-6.15822e-06
515	-6.67743e-06
515.5	-7.07366e-06
516	-7.42838e-06
516.5	-7.57935e-06
517	-7.65873e-06
517.5	-7.77207e-06
518	-7.95709e-06
518.5	-8.19424e-06
519	-8.75859e-06
519.5	-9.65159e-06
520	-1.14509e-05
520.5	-1.6963e-05
521	-0.000122466
521.5	0.000494823
522	0.000268367
522.5	-7.85201e-05
523	-0.000143937
523.5	-3.40262e-05
524	-2.94913e-05
524.5	-2.53663e-05
525	-2.00925e-05
525.5	-1.65439e-05
526	-1.36307e-05
526.5	-1.16169e-05
527	-1.0459e-05
527.5	-9.48179e-06
528	-8.85168e-06
528.5	-8.3305e-06
529	-7.96827e-06
529.5	-7.6696e-06
530	-7.5257e-06
530.5	-7.5455e-06
531	-7.99259e-06
531.5	-8.46241e-06
532	-8.84097e-06
532.5	-9.09035e-06
533	-9.21837e-06
533.5	-9.35159e-06
534	-9.38299e-06
534.5	-9.50152e-06
535	-9.84548e-06
535.5	-1.03548e-05
536	-1.09818e-05
536.5	-1.18563e-05
537	-1.34125e-05
537.5	-1.80559e-05
538	-0.000112217
538.5	0.000349447
539	0.000324106
539.5	-4.19371e-05
540	-0.000160062
540.5	-3.2295e-05
541	-2.18978e-05
541.5	-1.8105e-05
542	-1.34529e-05
542.5	-1.03674e-05
543	-8.61042e-06
543.5	-7.80592e-06
544	-7.43397e-06
544.5	-7.327e-06
545	-7.36555e-06
545.5	-7.39037e-06
546	-7.34563e-06
546.5	-7.28311e-06
547	-7.43425e-06
547.5	-7.70528e-06
548	-8.22764e-06
548.5	-8.8831e-06
549	-9.38384e-06
549.5	-9.54405e-06
550	-9.60174e-06
550.5	-9.90629e-06
551	-1.02819e-05
551.5	-1.1047e-05
552	-1.14402e-05
552.5	-1.11603e-05
553	-1.27948e-05
553.5	-1.61917e-05
554	-3.16577e-05
554.5	-0.000280946
555	0.000273759
555.5	9.78363e-05
556	-7.37278e-05
556.5	-8.7264e-05
557	-3.09118e-05
557.5	-2.2751e-05
558	-1.80459e-05
558.5	-1.50412e-05
559	-1.31664e-05
559.5	-1.21407e-05
560	-1.13528e-05
560.5	-1.07276e-05
561	-1.01884e-05
561.5	-9.89212e-06
562	-9.82071e-06
562.5	-9.90989e-06
563	-1.02244e-05
563.5	-1.04468e-05
564	-1.07388e-05
564.5	-1.11558e-05
565	-1.14476e-05
565.5	-1.18259e-05
566	-1.19126e-05
566.5	-1.10881e-05
567	-1.16064e-05
567.5	-1.26631e-05
568	-1.53552e-05
568.5	-5.97597e-05
569	-0.00039351
569.5	0.000511765
570	2.78069e-05
570.5	-0.000133145
571	-5.2767e-05
571.5	-2.93158e-05
572	-2.48279e-05
572.5	-2.21276e-05
573	-2.03526e-05
573.5	-1.88431e-05
574	-1.71426e-05
574.5	-1.5988e-05
575	-1.53846e-05
575.5	-1.52015e-05
576	-1.50448e-05
576.5	-1.4924e-05
577	-1.49615e-05
577.5	-1.51305e-05
578	-1.53508e-05
578.5	-1.57526e-05
579	-1.70148e-05
579.5	-2.05175e-05
580	-8.56387e-05
580.5	-0.000281673
581	0.000415619
581.5	-2.34425e-06
582	-0.000156368
582.5	-3.20786e-05
583	-2.27061e-05
583.5	-2.00541e-05
584	-1.86962e-05
584.5	-1.48897e-05
585	-1.20558e-05
585.5	-1.01899e-05
586	-8.90472e-06
586.5	-8.16952e-06
587	-7.63812e-06
587.5	-7.32398e-06
588	-7.4596e-06
588.5	-7.84412e-06
589	-8.42642e-06
589.5	-9.05863e-06
590	-9.56536e-06
590.5	-1.00036e-05
591	-1.0387e-05
591.5	-1.0854e-05
592	-1.16058e-05
592.5	-1.20649e-05
593	-1.39413e-05
593.5	-2.521e-05
594	-0.000266285
594.5	0.000246549
595	3.10148e-05
595.5	-0.00010385
596	-6.90736e-05
596.5	-2.59293e-05
597	-2.25895e-05
597.5	-2.0217e-05
598	-1.80742e-05
598.5	-1.64552e-05
599	-1.50458e-05
599.5	-1.4e-05
600	-1.33864e-05
600.5	-1.28542e-05
601	-1.30821e-05
601.5	-1.3549e-05
602	-1.37848e-05
602.5	-1.38114e-05
603	-1.40243e-05
603.5	-1.42256e-05
604	-1.44108e-05
604.5	-1.47131e-05
605	-1.47992e-05
605.5	-1.53829e-05
606	-1.63126e-05
606.5	-1.78636e-05
607	-2.23315e-05
607.5	-0.000113942
608	0.000155065
608.5	0.000323996
609	-3.68262e-05
609.5	-0.000155973
610	-3.28819e-05
610.5	-2.76089e-05
611	-2.80105e-05
611.5	-2.64695e-05
612	-2.3156e-05
612.5	-2.00897e-05
613	-1.80563e-05
613.5	-1.69691e-05
614	-1.65291e-05
614.5	-1.52137e-05
615	-1.39196e-05
615.5	-1.29182e-05
616	-1.28275e-05
616.5	-1.23509e-05
617	-1.11954e-05
617.5	-1.10934e-05
618	-1.14281e-05
618.5	-1.18867e-05
619	-1.21737e-05
619.5	-1.27435e-05
620	-1.33213e-05
620.5	-1.30475e-05
621	-1.18794e-05
621.5	-1.30526e-05
622	-1.51369e-05
622.5	-1.64423e-05
623	-1.83949e-05
623.5	-2.23676e-05
624	-0.000118129
624.5	6.63743e-05
625	0.000582095
625.5	-1.039e-05
626	-0.000196713
626.5	-7.79444e-05
627	-1.06039e-05
627.5	-9.64547e-06
628	-1.05561e-05
628.5	-1.08148e-05
629	-1.05461e-05
629.5	-1.02164e-05
630	-9.91229e-06
630.5	-9.64495e-06
631	-9.7711e-06
631.5	-9.93353e-06
632	-9.98795e-06
632.5	-9.98081e-06
633	-9.86277e-06
633.5	-9.27246e-06
634	-8.02778e-06
634.5	-5.68688e-06
635	-5.46814e-06
635.5	-5.22529e-06
636	-5.92286e-06
636.5	-5.92376e-06
637	-6.79656e-06
637.5	-8.27027e-06
638	-9.54088e-06
638.5	-1.11451e-05
639	-1.26407e-05
639.5	-1.4195e-05
640	-1.62137e-05
640.5	-2.01794e-05
641	-5.86173e-05
641.5	-0.000372195
642	0.000379116
642.5	5.30795e-05
643	-0.000101308
643.5	-5.37969e-05
644	-2.0825e-05
644.5	-1.6771e-05
645	-1.45588e-05
645.5	-1.32076e-05
646	-1.24534e-05
646.5	-1.16388e-05
647	-1.09007e-05
647.5	-1.02742e-05
648	-9.8736e-06
648.5	-9.39992e-06
649	-8.9963e-06
649.5	-8.50553e-06
650	-7.89717e-06
650.5	-7.16264e-06
651	-6.20505e-06
651.5	-5.26844e-06
652	-5.04999e-06
652.5	-4.92062e-06
653	-4.83591e-06
653.5	-4.96874e-06
654	-5.15002e-06
654.5	-5.29318e-06
655	-5.48676e-06
655.5	-5.62363e-06
656	-5.49302e-06
656.5	-5.13931e-06
657	-5.09993e-06
657.5	-5.04736e-06
658	-4.93739e-06
658.5	-4.96263e-06
659	-5.09992e-06
659.5	-5.37596e-06
660	-5.997e-06
660.5	-6.84944e-06
661	-8.24716e-06
661.5	-1.17716e-05
662	-7.27507e-05
662.5	-0.000310737
663	0.000399835
663.5	-1.34349e-05
664	-0.000148998
664.5	-2.91224e-05
665	-2.22378e-05
665.5	-1.65343e-05
666	-1.29436e-05
666.5	-1.05765e-05
667	-8.64228e-06
667.5	-7.82457e-06
668	-7.01371e-06
668.5	-6.60311e-06
669	-6.56334e-06
669.5	-6.67006e-06
670	-6.81833e-06
670.5	-7.02941e-06
671	-7.20977e-06
671.5	-7.52445e-06
672	-7.89017e-06
672.5	-8.14676e-06
673	-8.26437e-06
673.5	-8.43274e-06
674	-9.63553e-06
674.5	-1.07882e-05
675	-1.19696e-05
675.5	-1.30635e-05
676	-1.42835e-05
676.5	-1.54983e-05
677	-1.71621e-05
677.5	-1.95376e-05
678	-2.56821e-05
678.5	-0.000160467
679	0.000365604
679.5	0.000419058
680	3.38507e-05
680.5	-0.000156499
681	-3.81513e-05
681.5	-2.86363e-05
682	-2.40631e-05
682.5	-2.02231e-05
683	-1.67012e-05
683.5	-1.47504e-05
684	-1.3656e-05
684.5	-1.31867e-05
685	-1.29139e-05
685.5	-1.27376e-05
686	-1.26833e-05
686.5	-1.2692e-05
687	-1.25497e-05
687.5	-1.23538e-05
688	-1.21657e-05
688.5	-1.21266e-05
689	-1.2304e-05
689.5	-1.24263e-05
690	-1.25742e-05
690.5	-1.31462e-05
691	-1.42465e-05
691.5	-1.63412e-05
692	-2.24271e-05
692.5	-0.000128222
693	0.000368811
693.5	0.000386661
694	1.04411e-05
694.5	-0.000159264
695	-3.47259e-05
695.5	-2.25121e-05
696	-1.72654e-05
696.5	-1.48038e-05
697	-1.29693e-05
697.5	-1.2248e-05
698	-1.19897e-05
698.5	-1.18402e-05
699	-1.16822e-05
699.5	-1.14043e-05
700	-1.10939e-05
700.5	-1.10853e-05
701	-1.1142e-05
701.5	-1.12864e-05
702	-1.15721e-05
702.5	-1.17302e-05
703	-1.17768e-05
703.5	-1.18289e-05
704	-1.18657e-05
704.5	-1.16092e-05
705	-1.13769e-05
705.5	-1.13684e-05
706	-1.1068e-05
706.5	-1.0955e-05
707	-1.1048e-05
707.5	-1.10645e-05
708	-8.24182e-06
708.5	-7.68326e-06
709	-8.89282e-06
709.5	-1.13254e-05
710	-1.59318e-05
710.5	-0.000106631
711	-0.00018557
711.5	0.000475562
712	5.50971e-06
712.5	-0.000174538
713	-3.93191e-05
713.5	-2.40725e-05
714	-1.9204e-05
714.5	-1.62812e-05
715	-1.44186e-05
715.5	-1.31559e-05
716	-1.26159e-05
716.5	-1.23624e-05
717	-1.2036e-05
717.5	-1.17156e-05
718	-1.15347e-05
718.5	-1.13295e-05
719	-1.12437e-05
719.5	-1.14269e-05
720	-1.15866e-05
720.5	-1.17222e-05
721	-1.20762e-05
721.5	-1.33221e-05
722	-1.63188e-05
722.5	-5.48031e-05
723	-0.000392568
723.5	0.000455234
724	2.51266e-05
724.5	-0.00014592
725	-5.77054e-05
725.5	-2.7943e-05
726	-2.04888e-05
726.5	-1.63593e-05
727	-1.39501e-05
727.5	-1.23547e-05
728	-1.14481e-05
728.5	-1.10089e-05
729	-1.08617e-05
729.5	-1.09695e-05
730	-1.10313e-05
730.5	-1.11286e-05
731	-1.11286e-05
731.5	-1.14645e-05
732	-1.1347e-05
732.5	-1.09095e-05
733	-1.05743e-05
733.5	-9.97425e-06
734	-9.25684e-06
734.5	-8.81715e-06
735	-8.31701e-06
735.5	-7.9684e-06
736	-8.09834e-06
736.5	-8.76635e-06
737	-8.95706e-06
737.5	-1.00465e-05
738	-9.6859e-06
738.5	-1.15362e-05
739	-3.78649e-05
739.5	-0.000291478
740	0.000396912
740.5	6.838e-05
741	-0.000133429
741.5	-8.93216e-05
742	-2.92081e-05
742.5	-2.16967e-05
743	-1.66327e-05
743.5	-1.43101e-05
744	-1.11589e-05
744.5	-9.48768e-06
745	-9.18029e-06
745.5	-9.23388e-06
746	-1.06489e-05
746.5	-1.18317e-05
747	-1.19921e-05
747.5	-1.26984e-05
748	-1.27423e-05
748.5	-1.28525e-05
749	-1.24052e-05
749.5	-1.23732e-05
750	-1.28987e-05
750.5	-1.13329e-05
751	-1.02299e-05
751.5	-1.0462e-05
752	-1.00329e-05
752.5	-9.40848e-06
753	-9.13744e-06
753.5	-8.85369e-06
754	-8.95749e-06
754.5	-9.20751e-06
755	-9.55261e-06
755.5	-9.8848e-06
756	-1.00091e-05
756.5	-1.00608e-05
757	-1.0083e-05
757.5	-1.01803e-05
758	-1.03625e-05
758.5	-1.06785e-05
759	-1.13835e-05
759.5	-1.31418e-05
760	-1.93045e-05
760.5	-0.000167887
761	0.000224291
761.5	9.46414e-05
762	-0.000105542
762.5	-0.000114618
763	-3.06659e-05
763.5	-2.28661e-05
764	-1.88955e-05
764.5	-1.52418e-05
765	-1.32489e-05
765.5	-1.28234e-05
766	-1.2776e-05
766.5	-1.30028e-05
767	-1.32893e-05
767.5	-1.35411e-05
768	-1.37473e-05
768.5	-1.40833e-05
769	-1.44127e-05
769.5	-1.45806e-05
770	-1.44503e-05
770.5	-1.39412e-05
771	-1.31937e-05
771.5	-1.27146e-05
772	-1.25193e-05
772.5	-1.23454e-05
773	-1.21461e-05
773.5	-1.18248e-05
774	-1.16654e-05
774.5	-1.17856e-05
775	-1.24977e-05
775.5	-1.45573e-05
776	-4.08713e-05
776.5	-0.000381197
777	0.000417192
777.5	2.5533e-05
778	-0.000115785
778.5	-5.35491e-05
779	-2.54257e-05
779.5	-2.09132e-05
780	-1.72944e-05
780.5	-1.46217e-05
781	-1.30377e-05
781.5	-1.21482e-05
782	-1.16752e-05
782.5	-1.13807e-05
783	-1.14146e-05
783.5	-1.15228e-05
784	-1.19766e-05
784.5	-1.24482e-05
785	-1.28287e-05
785.5	-1.34157e-05
786	-1.42167e-05
786.5	-1.59866e-05
787	-2.49818e-05
787.5	-0.000208951
788	0.000220616
788.5	4.75093e-05
789	-0.000124541
789.5	-0.000103691
790	-1.89478e-05
790.5	-1.98011e-05
791	-2.08269e-05
791.5	-1.85844e-05
792	-1.63343e-05
792.5	-1.36659e-05
793	-1.13375e-05
793.5	-9.88072e-06
794	-9.35959e-06
794.5	-9.43143e-06
795	-9.60919e-06
795.5	-9.79819e-06
796	-9.95111e-06
796.5	-1.00761e-05
797	-1.00827e-05
797.5	-1.01453e-05
798	-1.04622e-05
798.5	-1.0807e-05
799	-1.10715e-05
799.5	-1.12792e-05
800	-1.16434e-05
800.5	-1.23702e-05
801	-1.40969e-05
801.5	-2.25042e-05
802	-0.000213045
802.5	0.00020846
803	3.36356e-05
803.5	-0.000113489
804	-8.97593e-05
804.5	-1.8688e-05
805	-1.54196e-05
805.5	-1.39585e-05
806	-1.38127e-05
806.5	-1.31905e-05
807	-1.13331e-05
807.5	-9.51012e-06
808	-8.49096e-06
808.5	-8.03149e-06
809	-7.92938e-06
809.5	-8.16358e-06
810	-8.49822e-06
810.5	-8.55732e-06
811	-8.72882e-06
811.5	-8.91509e-06
812	-9.30753e-06
812.5	-9.68524e-06
813	-1.02651e-05
813.5	-1.10178e-05
814	-1.16581e-05
814.5	-1.24406e-05
815	-1.33722e-05
815.5	-1.45074e-05
816	-1.64338e-05
816.5	-2.37456e-05
817	-0.000191405
817.5	0.000172689
818	4.88972e-05
818.5	-9.89927e-05
819	-9.39153e-05
819.5	-2.23517e-05
820	-1.88922e-05
820.5	-1.67498e-05
821	-1.66261e-05
821.5	-1.47442e-05
822	-1.25244e-05
822.5	-1.04592e-05
823	-9.18773e-06
823.5	-8.31157e-06
824	-7.75445e-06
824.5	-7.31022e-06
825	-6.87909e-06
825.5	-6.52064e-06
826	-6.40625e-06
826.5	-6.80978e-06
827	-7.26555e-06
827.5	-7.56359e-06
828	-7.86399e-06
828.5	-8.38519e-06
829	-9.06063e-06
829.5	-9.61837e-06
830	-1.01919e-05
830.5	-9.531e-06
831	-9.6385e-06
831.5	-1.00442e-05
832	-9.1136e-06
832.5	-1.02039e-05
833	-2.71071e-05
833.5	-0.00030643
834	0.000354278
834.5	2.71393e-05
835	-0.000122041
835.5	-5.35377e-05
836	-2.07167e-05
836.5	-1.43293e-05
837	-1.05397e-05
837.5	-8.55862e-06
838	-7.44998e-06
838.5	-6.98373e-06
839	-6.74097e-06
839.5	-6.54409e-06
840	-6.33659e-06
840.5	-6.06877e-06
841	-5.71002e-06
841.5	-5.90905e-06
842	-6.03678e-06
842.5	-6.11395e-06
843	-6.37947e-06
843.5	-6.58595e-06
844	-6.81409e-06
844.5	-7.04979e-06
845	-7.08953e-06
845.5	-5.28061e-06
846	-4.35596e-06
846.5	-3.67366e-06
847	-3.75442e-06
847.5	-4.5913e-06
848	-5.22277e-06
848.5	-5.64846e-06
849	-5.8994e-06
849.5	-6.14699e-06
850	-6.27584e-06
850.5	-6.31009e-06
851	-5.99119e-06
851.5	-5.93457e-06
852	-6.04787e-06
852.5	-6.10875e-06
853	-6.22762e-06
853.5	-6.66404e-06
854	-7.48779e-06
854.5	-8.44522e-06
855	-9.37295e-06
855.5	-1.04595e-05
856	-1.19397e-05
856.5	-1.44145e-05
857	-2.07798e-05
857.5	-0.00012078
858	0.000305373
858.5	0.000359337
859	1.48759e-05
859.5	-0.000149068
860	-3.68031e-05
860.5	-2.71293e-05
861	-2.24504e-05
861.5	-2.00274e-05
862	-1.82743e-05
862.5	-1.63295e-05
863	-1.56648e-05
863.5	-1.49385e-05
864	-1.40582e-05
864.5	-1.31587e-05
865	-1.21335e-05
865.5	-1.20359e-05
866	-1.11273e-05
866.5	-1.11805e-05
867	-1.10361e-05
867.5	-1.06301e-05
868	-1.09039e-05
868.5	-1.19887e-05
869	-1.39111e-05
869.5	-1.43437e-05
870	-1.5042e-05
870.5	-1.51725e-05
871	-1.61926e-05
871.5	-1.63194e-05
872	-1.61339e-05
872.5	-1.67653e-05
873	-1.65678e-05
873.5	-1.6454e-05
874	-1.58798e-05
874.5	-1.44485e-05
875	-1.3261e-05
875.5	-1.21709e-05
876	-1.20523e-05
876.5	-1.20313e-05
877	-1.16519e-05
877.5	-1.12514e-05
878	-1.07804e-05
878.5	-1.06483e-05
879	-1.12667e-05
879.5	-1.19862e-05
880	-1.31194e-05
880.5	-1.70966e-05
881	-6.56398e-05
881.5	0.000115225
882	0.000293457
882.5	2.61577e-05
883	-0.000119658
883.5	-2.29849e-05
884	-2.06904e-05
884.5	-2.55145e-05
885	-2.28316e-05
885.5	-1.85919e-05
886	-1.54012e-05
886.5	-1.32281e-05
887	-1.17084e-05
887.5	-1.05899e-05
888	-9.70383e-06
888.5	-8.83945e-06
889	-8.17803e-06
889.5	-8.18719e-06
890	-8.57382e-06
890.5	-9.31106e-06
891	-1.02201e-05
891.5	-1.13875e-05
892	-1.23083e-05
892.5	-1.30093e-05
893	-1.35634e-05
893.5	-1.40231e-05
894	-1.45498e-05
894.5	-1.52818e-05
895	-1.62309e-05
895.5	-1.77033e-05
896	-2.09875e-05
896.5	-3.84183e-05
897	-0.000428917
897.5	0.000389328
898	7.75191e-05
898.5	-9.25038e-05
899	-5.03798e-05
899.5	-2.18488e-05
900	-1.93226e-05
900.5	-1.83537e-05
901	-1.63214e-05
901.5	-1.45637e-05
902	-1.35873e-05
902.5	-1.31711e-05
903	-1.27659e-05
903.5	-1.19004e-05
904	-1.1386e-05
904.5	-1.08309e-05
905	-1.08024e-05
905.5	-1.06836e-05
906	-9.85081e-06
906.5	-9.62218e-06
907	-9.64023e-06
907.5	-9.73413e-06
908	-9.93128e-06
908.5	-1.02956e-05
909	-9.70763e-06
909.5	-1.10237e-05
910	-1.67889e-05
910.5	-0.000138022
911	0.000508739
911.5	0.000197679
912	-8.01292e-05
912.5	-0.00013571
913	-2.28316e-05
913.5	-1.71068e-05
914	-1.60539e-05
914.5	-1.53751e-05
915	-1.45761e-05
915.5	-1.39548e-05
916	-1.47942e-05
916.5	-1.39388e-05
917	-1.24588e-05
917.5	-1.11878e-05
918	-1.04518e-05
918.5	-9.53524e-06
919	-8.55587e-06
919.5	-8.00223e-06
920	-7.8835e-06
920.5	-8.41825e-06
921	-8.99551e-06
921.5	-9.34722e-06
922	-9.4782e-06
922.5	-9.53453e-06
923	-9.46886e-06
923.5	-9.32804e-06
924	-9.0767e-06
924.5	-8.89591e-06
925	-8.95138e-06
925.5	-8.9853e-06
926	-8.84472e-06
926.5	-8.7e-06
927	-8.86067e-06
927.5	-9.04183e-06
928	-9.19141e-06
928.5	-9.60414e-06
929	-1.00645e-05
929.5	-1.04234e-05
930	-1.10455e-05
930.5	-1.25168e-05
931	-1.44256e-05
931.5	-3.90553e-05
932	-0.000393789
932.5	0.000475848
933	2.29265e-05
933.5	-0.000139286
934	-4.61934e-05
934.5	-2.65304e-05
935	-2.36894e-05
935.5	-2.12064e-05
936	-1.85936e-05
936.5	-1.71513e-05
937	-1.53287e-05
937.5	-1.41489e-05
938	-1.36975e-05
938.5	-1.36017e-05
939	-1.36251e-05
939.5	-1.38227e-05
940	-1.41002e-05
940.5	-1.41783e-05
941	-1.4349e-05
941.5	-1.4705e-05
942	-1.50665e-05
942.5	-1.54654e-05
943	-1.63986e-05
943.5	-1.76818e-05
944	-1.97214e-05
944.5	-2.52585e-05
945	-0.000130326
945.5	0.000466827
946	0.000315083
946.5	-5.27161e-05
947	-0.000155016
947.5	-3.56392e-05
948	-2.73588e-05
948.5	-2.30465e-05
949	-1.86454e-05
949.5	-1.66826e-05
950	-1.37479e-05
950.5	-1.1686e-05
951	-1.06247e-05
951.5	-9.92245e-06
952	-9.28716e-06
952.5	-8.6527e-06
953	-8.12813e-06
953.5	-7.94169e-06
954	-8.17569e-06
954.5	-8.73152e-06
955	-9.36734e-06
955.5	-1.01307e-05
956	-1.08687e-05
956.5	-1.16183e-05
957	-1.22591e-05
957.5	-1.29379e-05
958	-1.35664e-05
958.5	-1.38794e-05
959	-1.42597e-05
959.5	-1.47708e-05
960	-1.48523e-05
960.5	-1.79592e-05
961	-6.86018e-05
961.5	-0.00040539
962	0.000587379
962.5	5.99713e-05
963	-0.000137139
963.5	-5.23685e-05
964	-2.67125e-05
964.5	-1.99424e-05
965	-1.68839e-05
965.5	-1.58224e-05
966	-1.52761e-05
966.5	-1.48455e-05
967	-1.45039e-05
967.5	-1.41596e-05
968	-1.37709e-05
968.5	-1.35127e-05
969	-1.35423e-05
969.5	-1.37244e-05
970	-1.36058e-05
970.5	-1.3338e-05
971	-1.29866e-05
971.5	-1.25927e-05
972	-1.23841e-05
972.5	-1.2233e-05
973	-1.2179e-05
973.5	-1.21077e-05
974	-1.22569e-05
974.5	-1.19536e-05
975	-1.20921e-05
975.5	-1.22232e-05
976	-1.03751e-05
976.5	-8.68294e-06
977	-1.28401e-05
977.5	-0.000113831
978	-0.000315571
978.5	0.000603885
979	2.11678e-06
979.5	-0.000167473
980	-4.41532e-05
980.5	-2.3289e-05
981	-1.81147e-05
981.5	-1.54596e-05
982	-1.43093e-05
982.5	-1.37678e-05
983	-1.33063e-05
983.5	-1.29167e-05
984	-1.31105e-05
984.5	-1.34651e-05
985	-1.36582e-05
985.5	-1.36474e-05
986	-1.34465e-05
986.5	-1.32456e-05
987	-1.27023e-05
987.5	-1.25196e-05
988	-1.32455e-05
988.5	-1.3526e-05
989	-1.431e-05
989.5	-1.50277e-05
990	-1.47603e-05
990.5	-1.49244e-05
991	-1.39425e-05
991.5	-1.36901e-05
992	-1.34218e-05
992.5	-1.48278e-05
993	-1.53385e-05
993.5	-1.68038e-05
994	-1.59168e-05
994.5	-1.47435e-05
995	-1.38264e-05
995.5	-1.29166e-05
996	-1.17102e-05
996.5	-1.11987e-05
997	-1.06247e-05
997.5	-9.9586e-06
998	-9.6456e-06
998.5	-9.76951e-06
999	-1.0183e-05
999.5	-1.02795e-05
1000	-1.04483e-05
