0.264 432629
0.511 480698
0.642 536818
0.984 520407
1.901 516604
2.913 413993
2.998 762485
3.211 489505
3.317 423883
3.591 379519
5.320 351193
5.417 465911
6.056 486519
6.271 751270
6.498 520192
6.860 424910
6.892 413239
6.949 481122
7.724 429449
8.422 510589
9.247 496387
9.325 734225
9.425 6126
9.519 411240
10.000 6049
10.076 401642
10.200 6259
10.280 356457
10.450 449716
10.555 542648
10.656 350274
11.053 449804
11.127 462741
11.450 6050
11.594 424482
11.595 420066
11.650 6098
11.844 414596
12.242 383880
12.600 6103
12.650 6239
12.775 6386
12.800 336654
13.025 6286
13.200 336142
13.450 336230
13.450 336567
13.575 336861
13.575 6124
13.727 752717
13.750 336802
13.892 503353
14.000 336775
14.175 250849
14.300 6418
14.322 359405
14.325 6206
14.374 513924
14.450 336563
14.800 336452
14.841 394007
14.875 336443
15.208 540393
15.412 436345
15.572 417919
15.850 18652
15.850 18739
15.900 336862
16.065 730159
16.286 416870
16.800 292265
16.913 476752
17.142 479942
17.225 18535
17.350 18452
17.582 714285
17.875 242734
17.900 242166
18.052 533806
18.504 540999
19.129 460552
19.200 232411
19.232 455649
19.557 460933
19.588 504333
19.740 487824
20.075 18616
20.210 420763
20.218 459656
20.263 406178
20.392 516197
20.500 244496
20.825 447850
21.150 244530
21.228 533903
21.360 453980
21.450 260555
21.792 752451
22.192 417918
22.200 18498
22.225 18461
22.716 536895
23.392 418795
23.464 480177
23.772 735232
23.783 493792
24.025 18535
24.170 537599
24.796 412473
24.804 501125
24.875 236369
24.900 338613
25.225 251966
25.275 18778
25.318 508327
25.356 419315
25.375 236440
25.525 6126
25.750 256581
25.800 336653
25.875 258793
25.907 405299
25.950 6049
26.079 389165
26.150 230631
26.250 243854
26.250 336772
26.300 239831
26.300 6386
26.400 243894
26.550 237516
26.625 230127
26.650 265762
26.675 3010
26.700 263566
26.725 2881
26.750 232404
26.800 242254
26.875 257113
26.875 6124
26.875 6239
26.900 2990
26.925 2901
26.950 234733
27.000 6050
27.000 6418
27.050 236371
27.050 3149
27.175 2944
27.211 414949
27.225 6286
27.275 2989
27.350 239316
27.400 258819
27.425 230092
27.425 234765
27.425 254190
27.425 336775
27.450 2902
27.450 2947
27.475 20774
27.500 248511
27.500 336771
27.550 230094
27.550 241594
27.600 336866
27.600 6098
27.600 6259
27.650 20795
27.675 20808
27.675 336597
27.700 20824
27.700 234697
27.750 20822
27.850 234659
27.875 20825
27.925 246850
27.968 488898
27.975 238125
28.000 243393
28.000 2946
28.000 3012
28.000 6206
28.025 2969
28.050 20840
28.050 245608
28.072 728894
28.150 230142
28.208 423512
28.250 251961
28.250 2970
28.275 235812
28.295 481884
28.300 465431
28.350 245672
28.350 3054
28.375 336802
28.416 408487
28.500 336801
28.525 243321
28.675 20776
28.825 230661
28.825 245579
28.870 423379
27.525 1008
28.875 230610
28.875 252592
28.875 336684
28.925 221027
28.925 242734
28.975 237535
28.975 240475
29.000 3099
29.019 532060
29.025 336624
29.042 379863
29.050 243419
29.100 336863
29.164 486737
29.175 235983
29.300 266425
29.300 275592
29.350 239318
29.375 243932
29.400 230682
29.400 240490
29.402 476752
29.475 248585
29.500 230065
29.525 239311
29.550 234196
29.550 254329
29.550 2923
29.600 292265
29.608 373011
29.625 336654
29.675 228923
29.700 234743
29.800 243883
29.814 419269
29.825 256096
29.875 246135
29.878 404763
29.925 236418
29.925 241602
30.000 245022
30.075 234106
30.075 244003
30.100 275562
30.125 230076
30.125 245683
30.125 336711
30.150 232412
30.175 236436
30.200 230058
30.225 251375
30.226 382769
30.250 247899
30.275 239290
30.275 241043
30.300 221617
30.314 455849
30.350 245170
30.375 237015
30.392 488558
30.400 336144
30.400 336861
30.425 239381
30.425 245681
30.450 232342
30.450 253660
30.475 265853
30.475 336567
30.475 336835
30.500 232350
30.500 336444
30.508 375221
30.525 240547
30.525 244538
30.525 262874
30.550 239350
30.550 242200
30.550 261122
30.550 336443
30.575 336142
30.600 246826
30.600 336230
30.625 235279
30.625 243993
30.625 336564
30.650 336921
30.675 336563
30.675 336777
30.700 237533
30.700 259424
30.700 336452
30.725 233559
30.725 238206
30.725 336471
30.750 253133
30.773 489447
30.775 235789
30.775 336656
30.775 336680
30.796 757070
30.800 266945
30.800 336862
30.825 231779
30.825 255348
30.825 336593
30.825 336741
30.850 251997
30.900 336532
30.925 239865
30.925 336502
30.925 336627
30.975 248482
30.975 336650
31.000 246207
31.050 238742
31.050 336623
31.075 253626
31.075 265802
31.100 229495
31.100 235907
31.110 494685
31.125 239844
31.150 240484
31.150 260525
31.175 250849
31.175 336747
31.200 336812
31.225 224467
31.250 242747
31.250 246858
31.275 2881
31.325 238687
31.325 244477
31.350 241120
31.350 243931
31.350 247424
31.350 3010
31.375 260555
31.400 239895
31.400 241056
31.400 245582
31.425 18498
31.600 244530
31.625 231826
31.650 236494
31.650 256551
31.650 2901
31.675 232520
31.675 250745
31.682 353341
31.683 512926
31.700 257729
31.725 232411
31.725 247864
31.725 2990
31.775 268574
31.776 481896
31.800 243967
31.875 242166
31.875 251349
31.875 2947
31.875 2989
31.900 3149
31.925 250288
31.925 2902
31.975 232406
32.025 2944
32.076 536303
32.125 260033
32.150 244433
32.150 259404
32.150 261881
32.200 256583
32.200 258259
32.225 231290
32.250 247374
32.325 259998
32.375 249021
32.384 438246
32.450 230703
32.450 233597
32.500 244428
32.544 459560
32.575 229482
32.695 450916
32.700 224904
32.741 416501
32.750 227815
33.025 2946
33.051 428513
33.175 2970
33.300 3012
34.014 449889
34.035 486144
34.100 3099
34.176 515239
34.391 452027
34.567 441813
34.775 2923
34.800 336772
34.816 409875
34.925 336775
35.000 336597
35.050 336771
35.125 336866
35.150 336624
35.150 336653
35.375 336564
35.375 336684
35.450 336144
35.525 336777
35.545 444883
35.550 336471
35.625 336863
35.650 336862
35.725 336567
35.750 336444
35.750 336812
35.850 336801
35.850 336802
35.872 438122
35.875 336443
35.875 336593
35.875 336656
35.900 336741
35.900 336921
35.950 336650
36.050 336747
36.075 336711
36.100 336230
36.100 336627
36.150 336835
36.273 501218
36.275 336532
36.350 336563
36.500 336861
36.550 336654
36.577 707422
36.850 336623
36.975 336502
37.404 757282
37.407 745612
38.218 470111
38.426 420361
38.757 726076
39.103 422538
39.284 368892
39.997 534683
40.286 437301
40.506 471381
41.072 486866
41.854 700841
42.092 453429
42.244 743646
42.550 18652
42.786 528373
42.833 528586
43.181 388086
43.506 467477
43.634 481611
43.905 497663
45.031 471382
45.176 498206
45.234 404785
45.392 513613
45.400 6049
45.603 366204
45.663 389121
45.700 6103
45.975 338613
46.549 434404
46.625 6286
46.662 436348
46.775 18454
46.897 507419
47.092 472594
47.317 472296
47.558 469169
47.585 497898
47.600 6126
47.825 18498
47.875 6386
47.940 536303
48.075 6098
48.142 504699
48.178 479242
48.325 6418
48.563 505191
48.650 6050
48.673 341556
48.950 6124
49.000 6206
49.027 483927
49.241 465988
49.504 406875
49.642 477472
49.860 418085
49.962 402515
50.129 435316
50.273 694519
50.325 6239
50.785 453370
51.607 405688
51.658 533659
52.071 479716
52.159 440092
46.200 1008
52.312 508614
52.754 420817
52.890 410308
52.892 459377
53.325 18452
53.639 491140
53.839 341680
54.084 404609
54.675 18652
54.961 464965
54.996 394361
55.093 526850
55.555 444126
56.026 491227
56.537 358527
57.072 726000
57.423 427816
57.431 399335
57.753 414927
58.274 440116
58.525 497784
59.225 18616
59.858 541878
60.050 336653
60.313 358114
60.393 427152
60.919 414125
60.923 717093
61.104 392013
61.223 380954
61.263 400516
61.785 353573
62.134 460405
62.137 432919
62.138 462015
62.175 336230
62.211 412193
62.275 6386
62.450 336623
62.475 6126
62.855 542001
62.925 6239
63.050 6050
63.275 6103
63.300 336747
63.300 6259
63.475 6098
63.550 336812
63.575 6049
63.775 336711
63.950 338613
64.154 526424
64.165 530061
64.375 336444
64.575 13691
64.726 502350
64.800 336921
64.834 438804
64.975 6124
65.100 6286
65.175 6206
65.216 507954
65.375 336680
65.639 533064
65.690 471376
65.775 336567
65.900 336835
65.988 461253
66.050 336532
66.057 684926
66.227 415355
66.228 405016
66.425 6418
66.620 711177
66.775 336775
66.964 383345
67.187 404601
67.459 453393
67.554 478166
67.910 339060
68.196 506515
68.278 479413
69.038 454519
69.275 18452
69.323 481122
69.418 425366
70.515 391499
70.548 477456
70.554 530885
71.587 430513
71.662 489228
72.334 440714
72.373 393328
72.602 428243
72.792 512354
73.714 532095
73.826 411569
73.880 499631
73.920 421233
74.006 505073
74.013 448827
74.058 459059
61.200 1008
74.085 351306
74.270 382414
75.256 484771
76.124 498831
76.175 18616
76.220 708904
77.150 6126
77.239 519747
77.250 6418
77.414 479015
77.600 18454
77.750 6103
78.253 510850
78.575 6049
78.625 6386
78.791 493600
78.885 452401
78.950 336502
78.975 6124
79.425 6239
79.661 532817
79.750 6286
79.900 336597
80.021 346201
80.025 336532
80.725 336747
81.175 6259
82.622 412601
82.800 13444
82.883 764551
83.263 472389
83.625 232404
83.900 456554
84.039 364753
84.654 444162
85.466 445521
86.153 421881
86.244 776165
86.693 517875
86.698 430116
86.775 18778
87.336 452088
87.439 522917
87.900 18616
88.062 505454
88.217 480435
88.243 469720
89.296 529269
89.525 13618
89.712 367770
90.153 459519
90.636 380200
91.250 338613
91.375 446512
91.575 523198
91.900 6050
91.921 526004
92.050 336532
92.440 540192
92.828 419958
93.200 6386
93.425 6259
93.557 479607
93.617 449162
93.699 425626
93.745 726383
93.775 6049
94.025 6206
94.058 465272
94.100 336862
94.230 445592
94.375 6126
94.765 424378
94.775 6418
94.875 6239
95.075 6103
95.379 708270
95.561 525577
96.076 475673
97.914 489228
98.650 18535
98.967 523540
98.980 485359
99.155 745824
99.978 480837
100.073 428957
100.173 700611
100.580 413751
100.785 421431
101.147 434447
101.171 479607
101.360 539928
101.361 416363
101.500 439121
101.500 470550
102.261 417214
102.884 505507
102.957 449096
102.979 522517
103.025 349184
103.042 493191
103.194 499207
77.600 1008
103.289 504579
103.301 471382
103.306 443130
103.700 421157
103.813 465077
104.048 413520
104.112 441367
104.900 489230
105.200 435990
105.424 413651
105.600 6124
106.175 6098
106.222 713678
106.225 6286
106.325 6050
106.775 6049
106.900 6206
107.150 6418
107.325 6126
107.674 465272
108.022 499260
108.750 6103
108.750 6259
109.300 338613
109.575 6239
109.649 401789
110.054 400235
110.265 410353
110.650 338907
110.950 336597
111.154 422661
111.225 13338
111.282 417757
111.496 439293
111.730 502050
111.819 484689
111.922 425626
112.095 451521
112.915 532456
113.021 351501
113.074 474766
113.712 465784
114.165 490696
114.657 725598
114.825 246135
114.839 468325
114.925 230076
115.311 412191
115.550 239865
115.875 2970
115.975 221027
116.152 414122
116.180 429497
116.386 534085
116.407 341700
116.450 239316
116.481 493512
116.575 232411
116.616 451629
116.750 242747
116.900 2881
117.057 339308
117.100 499345
117.111 510851
117.128 452200
117.288 417548
117.375 253660
117.450 431428
117.532 758055
117.839 494987
117.863 478668
118.199 505873
118.325 230610
118.546 472974
118.560 422538
118.699 386864
118.700 230631
118.789 532242
119.050 256096
119.299 489048
119.326 474023
119.425 230094
119.434 418278
119.600 238206
119.839 452649
120.075 257113
120.100 232404
120.200 245672
120.435 455325
120.475 240547
120.648 452513
120.707 456137
120.807 529532
120.850 232412
120.881 424147
121.000 234196
121.100 237015
121.125 3149
121.200 227815
121.300 2901
121.425 230142
121.500 244477
109.075 1008
121.550 235907
121.575 242166
121.675 229495
121.850 243393
121.900 2989
121.900 6418
121.902 741328
121.925 20774
121.925 221617
121.950 236369
122.050 2923
122.225 262874
122.275 241602
122.275 6286
122.400 6126
122.485 632921
122.500 233559
122.600 240475
122.600 338613
122.600 6098
122.625 234697
122.675 252592
122.725 239895
122.843 489371
122.875 20824
122.875 248482
122.875 3054
122.875 6386
122.900 2990
122.950 20795
122.975 6049
123.025 2947
123.100 239318
123.145 352070
123.150 237533
123.150 2902
123.150 336802
123.200 2946
123.225 260033
123.250 20776
123.275 20822
123.275 20825
123.325 244538
123.325 247374
123.425 244496
123.475 224467
123.600 20808
123.600 20840
123.600 2969
123.650 6124
123.675 230092
123.700 236440
123.722 455414
123.750 245681
123.750 246826
123.750 3012
123.825 6259
123.850 336835
123.950 241594
123.950 2944
123.975 236371
123.975 336144
124.000 243419
124.025 230661
124.075 247899
124.125 233597
124.125 239831
124.125 336142
124.150 250288
124.200 2970
124.225 243993
124.225 251966
124.225 3010
124.250 231779
124.250 238125
124.322 521938
124.350 251997
124.425 2881
124.450 248511
124.450 256581
124.475 239290
124.475 244003
124.500 232342
124.510 372913
124.550 3099
124.575 241056
124.600 243931
124.600 245683
124.600 336650
124.625 250745
124.625 251349
124.650 232411
124.650 253626
124.675 336230
124.700 230058
124.700 245022
124.725 243967
124.750 235812
124.775 234765
124.800 245579
124.800 265802
124.805 381088
124.725 1008
124.806 417367
124.850 230682
124.850 231826
124.950 236418
124.950 238742
125.000 232520
125.050 239381
125.050 336444
125.100 230127
125.100 336680
125.100 6103
125.125 249021
125.150 257729
125.200 221027
125.200 238687
125.200 336563
125.225 246207
125.255 412955
125.275 243894
125.275 244530
125.275 259424
125.275 336684
125.300 253133
125.325 237516
125.375 336502
125.450 232350
125.500 266425
125.500 336656
125.525 230703
125.525 246858
125.525 336532
125.550 336564
125.550 336627
125.575 243854
125.575 336921
125.618 481884
125.625 336777
125.650 234659
125.675 245170
125.675 261881
125.675 292265
125.675 336593
125.685 457280
125.725 224904
125.754 512584
125.775 242200
125.775 263566
125.775 336623
125.800 336567
125.800 336597
125.800 336711
125.825 244428
125.850 251961
125.875 229482
125.875 236436
125.875 336624
125.900 228923
125.900 241043
125.975 248585
125.975 259998
125.975 336654
126.000 239311
126.000 245582
126.025 234106
126.025 258793
126.025 2901
126.025 336771
126.050 239865
126.050 244433
126.050 250849
126.050 336775
126.100 241120
126.100 246850
126.100 255348
126.100 275562
126.125 234733
126.125 239350
126.150 336653
126.150 336741
126.150 336866
126.200 239844
126.200 242734
126.200 243932
126.275 231290
126.275 336747
126.300 243883
126.375 240484
126.375 266945
126.400 3149
126.400 336801
126.450 235983
126.500 240490
126.525 235789
126.525 242254
126.575 230076
126.600 245608
126.650 265762
126.700 234743
126.700 336471
126.775 230065
126.775 232406
126.800 258819
126.925 336862
126.950 261122
126.951 429688
126.975 2989
127.025 254190
127.175 256551
127.180 752001
127.200 235279
127.225 247864
127.250 260555
127.250 265853
127.300 259404
127.325 237535
127.488 412494
127.725 254329
127.774 436896
127.791 404599
127.800 2902
127.825 247424
127.925 275592
127.925 336861
127.950 2946
128.105 416530
128.150 260525
128.150 2990
128.175 336452
128.207 470938
128.225 2969
128.225 3054
128.250 236494
128.250 2923
128.275 246135
128.400 251375
128.425 336812
128.474 382725
128.500 256583
128.500 2947
128.528 493857
128.610 534881
128.750 2970
128.850 243321
128.875 336144
128.925 3010
128.950 336443
129.068 464448
129.075 3012
129.088 449946
129.100 258259
129.150 268574
129.255 405290
129.397 414337
129.450 336142
129.465 463570
129.500 3099
129.750 336802
129.752 361412
130.050 336863
130.100 336444
130.179 412076
130.231 394037
130.256 532597
130.275 336230
130.350 336772
130.538 522554
130.700 336680
130.775 336650
130.889 400211
131.000 336567
131.025 336532
131.025 336564
131.075 336711
131.075 336777
131.100 336563
131.221 462136
131.325 336741
131.400 336624
131.550 336775
131.575 336623
131.650 336627
131.725 336684
132.209 439354
132.275 336835
132.475 336593
133.493 406993
133.700 754930
133.959 444477
135.276 478889
135.343 405648
135.983 427788
136.164 490317
136.330 446528
136.937 514615
136.987 526391
138.122 411157
138.143 479911
138.450 342147
138.528 526752
138.811 502276
138.889 450594
139.020 409781
139.519 523254
139.785 505165
139.961 679528
140.062 467452
140.200 6239
140.325 6126
140.441 348023
140.505 625992
140.575 338613
140.850 6050
140.900 6259
141.009 395317
141.153 752717
141.166 474766
141.344 418918
141.502 449482
141.550 411213
141.806 426336
141.850 6206
141.925 6124
142.333 709611
142.421 415736
142.700 6103
142.850 6418
143.527 718509
144.541 500687
144.703 447447
144.775 471382
144.921 467477
145.000 6386
145.260 457732
146.141 469611
146.898 415103
148.293 764551
148.861 448479
149.288 516723
149.491 346629
149.493 495444
149.500 750167
149.602 438845
150.107 454582
150.353 435469
150.399 434152
150.551 386864
150.597 444295
151.235 457320
151.391 460807
151.995 406510
152.615 461602
152.620 458377
152.814 511529
153.118 529289
153.305 466525
153.719 740444
153.790 450381
154.415 375378
154.503 453389
154.583 402515
154.682 711084
154.898 738925
155.134 436834
155.506 491946
155.700 6049
156.139 504892
156.375 13553
156.421 433938
156.450 6239
156.550 336567
156.700 6103
156.825 6126
156.990 358114
157.200 6050
157.600 6206
157.710 480395
158.112 405436
158.175 6124
158.350 336623
158.488 756718
158.675 6098
158.700 336627
158.725 338613
158.775 6286
159.575 336863
159.625 336772
159.725 336771
159.725 6418
160.403 415880
160.600 18498
160.800 13655
161.325 13827
161.598 452200
161.718 730948
161.820 477032
162.320 501218
162.610 406236
162.916 678869
163.300 397537
163.360 463519
164.038 454065
164.083 428021
164.596 466308
164.702 457149
164.842 534411
164.989 441651
142.150 1008
158.025 1008
165.048 421974
166.264 429960
166.308 369475
166.603 701713
166.733 653885
166.744 389799
166.968 738279
167.296 390748
167.659 500083
167.742 405370
169.033 365655
169.103 416361
169.205 418886
169.779 429432
169.799 458295
170.150 540518
170.526 432908
170.750 6098
170.875 6049
170.900 6050
171.450 6126
171.625 6103
171.928 441734
172.025 6206
172.175 6418
172.203 508566
172.358 401012
172.400 18454
172.475 6286
172.652 488271
172.875 336921
172.887 444919
173.275 13232
173.275 390474
173.318 476850
173.325 336443
173.373 342377
173.452 513635
173.675 13336
173.871 404805
173.989 506050
174.025 336680
174.100 336747
174.425 6259
174.627 633417
174.886 425286
175.025 6386
175.197 745824
175.275 336802
175.851 487207
175.934 433938
176.402 518964
176.596 422523
176.981 409998
177.141 739615
177.378 542648
177.745 516216
178.104 421709
178.311 501467
178.500 359055
178.864 372800
179.102 738925
179.278 525360
179.473 481627
179.669 460552
179.787 341228
179.897 438246
180.200 514580
181.730 501125
182.089 475872
182.500 336142
182.575 338613
182.631 511324
182.905 416530
183.183 353877
183.225 6124
183.318 694525
183.582 435074
183.975 6098
184.000 6239
184.140 482513
184.350 336444
184.350 336654
185.125 6126
185.225 6103
185.560 757237
185.607 410601
185.825 6418
185.963 408019
186.075 6206
186.400 336627
186.508 494665
186.550 6049
186.850 6050
186.900 336597
187.225 6286
187.400 6386
187.442 469701
187.568 505419
187.725 336861
187.924 415662
188.334 515469
175.050 1008
188.350 13440
189.412 459792
189.473 507462
189.652 423782
189.744 526268
190.307 376437
190.461 435182
190.906 698194
191.090 422310
191.246 476512
191.366 754944
192.237 515037
192.239 539333
192.634 496174
192.944 517099
193.072 509323
193.084 711109
193.289 437773
193.466 523748
193.528 439907
194.178 442218
194.379 482441
194.836 443378
196.513 540518
196.676 498206
197.121 426460
197.149 503873
197.150 682274
197.292 413162
197.492 436375
197.520 387366
197.595 532817
197.700 6259
197.723 471668
198.125 6098
198.566 717093
198.638 401546
198.995 520062
199.150 6124
199.225 6103
199.228 539854
199.337 436505
199.375 6206
199.675 18452
199.950 336452
200.000 6050
200.000 6126
200.107 464448
200.650 6049
200.925 336142
201.150 6239
201.225 6418
201.282 339254
201.363 409355
201.775 13793
201.871 458184
202.050 6386
202.150 336654
202.244 509992
202.497 536550
203.278 424910
203.826 351257
204.143 469692
204.265 488332
204.281 426366
204.533 468353
204.590 504172
204.684 492209
204.858 386154
205.567 391150
206.904 450376
207.679 369493
207.806 413557
208.256 729501
208.339 678869
208.549 526625
208.567 519317
208.738 537337
209.613 711109
209.997 350274
210.671 419368
210.966 447677
211.049 680182
211.994 531562
212.538 463500
212.785 372583
213.000 6286
213.054 362095
213.325 6098
213.341 410639
213.550 6126
213.625 6259
213.825 232404
213.925 6050
213.936 455236
213.950 6206
214.153 496964
214.450 6049
214.575 6124
214.605 527121
214.775 6103
214.815 729167
200.325 1008
215.025 338613
215.033 409196
215.460 467954
215.775 6418
215.978 482128
216.024 492712
216.050 336711
216.229 405370
216.750 336802
216.800 6386
216.905 415631
216.985 517162
217.039 748520
217.157 537337
217.166 719569
217.250 503936
217.610 364753
217.947 495021
218.225 380913
218.722 434669
219.461 486144
219.673 732720
219.859 418768
220.103 476850
220.595 486144
220.954 348974
221.490 445319
221.643 413020
222.160 697291
222.515 458787
222.722 447777
223.232 532373
223.691 489371
223.709 705533
223.769 409923
223.775 258793
223.924 479932
224.727 412385
224.825 6239
225.369 718222
225.685 407181
226.071 426460
226.636 456487
226.650 6286
226.936 531870
227.000 6049
227.250 336502
227.467 520302
227.561 707368
227.700 6098
228.012 348637
228.075 6103
228.150 6206
228.274 671443
228.456 416278
228.525 6050
228.525 6126
228.525 6259
228.615 414051
229.075 6124
229.125 6386
229.174 700841
229.800 336624
230.264 438263
230.300 338613
230.753 743715
230.850 6418
231.050 266425
231.204 421772
231.644 705286
231.681 417709
232.268 398345
232.275 239381
232.308 531065
232.625 522842
232.798 404600
233.081 467637
233.288 418951
233.358 442483
233.750 18454
233.775 234697
234.125 2947
234.475 13727
234.554 486891
234.772 512572
234.897 430203
234.927 509123
235.150 221617
235.244 396389
235.543 461436
235.556 516902
235.575 336452
235.686 455649
236.025 236494
236.060 499772
236.525 240490
236.700 241056
236.750 224467
236.975 232520
237.081 520239
237.200 230058
237.225 237015
216.825 1008
231.125 1008
237.300 336812
237.450 261881
237.525 221027
237.720 448827
237.850 231826
237.900 246826
237.925 231290
237.969 463865
238.082 478913
238.122 510851
238.200 230092
238.300 2970
238.300 3149
238.350 234765
238.375 240475
238.375 2969
238.400 245170
238.625 236440
238.675 240547
238.675 243419
238.716 537108
238.750 20825
238.900 243393
238.925 20776
238.950 252592
239.075 238206
239.087 427026
239.125 244496
239.150 234196
239.180 422661
239.200 243993
239.300 233597
239.325 232412
239.325 245681
239.325 2881
239.350 243931
239.400 243932
239.425 2901
239.450 336627
239.500 2946
239.550 20808
239.594 491616
239.650 230142
239.700 20824
239.775 248511
239.800 239350
239.825 235983
239.900 2990
239.900 336567
239.950 232411
239.950 265853
239.975 233559
240.000 2944
240.075 234743
240.175 20840
240.225 247864
240.275 232406
240.275 2902
240.300 244530
240.325 236418
240.350 230631
240.353 513119
240.400 247424
240.425 242200
240.425 336597
240.450 227815
240.475 20774
240.500 241120
240.550 253660
240.600 250849
240.600 2923
240.650 230682
240.675 245672
240.675 263566
240.675 336656
240.725 235907
240.750 336777
240.775 230703
240.775 3012
240.800 336444
240.825 229495
240.850 232350
240.850 242254
240.875 239895
240.975 232404
241.000 336144
241.025 239844
241.025 246858
241.025 336747
241.050 250288
241.050 2947
241.075 243967
241.100 239316
241.125 245683
241.175 20822
241.175 256096
241.200 336593
241.250 237535
241.250 239311
241.275 259998
241.300 228923
241.300 234733
241.334 461193
241.350 237516
241.350 246850
241.350 248585
241.375 230127
241.375 244538
241.400 230076
241.450 239318
241.475 239290
241.500 230094
241.500 246207
241.525 236371
241.550 242166
241.550 244428
241.575 3010
241.625 2989
241.700 3054
241.700 336564
241.725 241602
241.725 244003
241.850 236436
241.925 238687
241.925 257729
242.000 234106
242.000 235812
242.025 251997
242.025 336835
242.100 231779
242.125 336502
242.125 336624
242.150 255348
242.200 244477
242.200 336623
242.200 336775
242.225 251966
242.225 258259
242.250 235279
242.250 254190
242.250 336866
242.275 247374
242.300 336563
242.375 336684
242.421 440174
242.450 336812
242.475 230065
242.500 240484
242.525 232342
242.525 239865
242.550 3099
242.600 238125
242.625 259404
242.625 266945
242.675 260033
242.698 426622
242.700 260555
242.750 230661
242.750 262874
242.775 230610
242.775 237533
242.925 259424
242.950 241043
242.950 251961
242.950 256581
242.950 2970
242.975 245608
242.975 336452
242.975 336653
242.975 336654
243.041 496528
243.052 531726
243.075 254329
243.100 238742
243.125 253133
243.150 336471
243.175 3149
243.275 2969
243.275 336650
243.325 236369
243.325 243894
243.350 336142
243.375 245579
243.425 224904
243.425 241594
243.425 246135
243.425 336443
243.450 243883
243.475 336863
243.525 239831
243.525 242734
243.525 242747
243.525 275592
243.550 243321
243.550 261122
243.575 229482
243.575 234659
243.677 523231
243.743 450293
243.750 247899
243.750 2881
243.797 378360
243.800 235789
243.800 249021
243.825 336230
243.825 336532
243.875 245582
243.875 257113
243.879 751270
243.900 266425
243.925 2901
243.950 336801
244.000 336741
244.050 336802
244.150 245022
244.225 251375
244.225 258819
244.225 2946
244.250 265762
244.275 234697
244.275 251349
244.325 336680
244.350 248482
244.475 336711
244.481 436718
244.500 2944
244.550 253626
244.614 482716
244.625 336627
244.650 256551
244.750 336862
244.875 243854
245.250 2923
245.305 704154
245.325 258793
245.375 3012
245.375 336567
245.425 275562
245.425 336771
245.550 292265
245.550 336656
245.575 250745
245.575 260525
245.900 244433
245.900 265802
245.975 256583
245.975 336597
246.200 3010
246.200 336444
246.225 336777
246.350 336747
246.606 711221
246.650 336144
246.700 336772
246.716 413830
246.850 336861
247.075 268574
247.111 405436
247.300 336593
247.300 336921
247.325 336564
247.525 336623
247.935 721052
247.961 739068
248.000 336775
248.125 336866
248.195 440587
248.800 336142
248.800 336471
248.984 513053
249.147 488558
249.280 387453
249.300 336563
249.333 492785
249.347 492610
249.757 418899
250.467 533525
250.790 498872
250.806 357227
250.885 460823
251.385 517099
251.613 426748
252.259 416501
252.335 445618
252.411 426056
252.476 446608
252.499 493005
252.642 721202
252.743 739343
253.121 358250
253.330 521378
253.534 532597
253.928 504170
253.931 378642
253.947 754930
254.245 429850
254.433 432492
254.499 452017
254.905 444646
255.024 414758
255.197 471865
255.225 6103
255.579 344822
255.630 482128
255.794 509070
256.025 6286
256.275 338613
256.475 6049
256.600 6259
256.649 442487
256.925 6206
257.035 423134
257.600 6126
258.051 409820
258.222 375892
258.521 444203
258.675 12853
258.800 13232
258.850 6418
258.942 500852
258.950 6386
259.265 452918
259.850 449277
260.261 529269
260.609 533240
262.090 417373
262.613 451417
262.631 425891
262.730 663760
262.932 376303
263.154 488558
264.188 509887
265.445 465612
265.493 470076
265.789 350686
265.849 717059
265.879 418349
265.923 424842
266.248 442982
266.425 14111
266.625 13370
266.900 6239
267.126 700611
267.175 6050
267.623 721438
268.046 439727
268.184 413007
268.222 490786
268.350 18454
268.777 459778
268.988 348657
269.143 461666
269.225 6286
269.450 336624
269.661 696610
270.244 433480
270.440 759970
270.862 458418
270.878 426182
271.475 336443
271.818 443861
271.900 6098
272.025 336502
272.706 382389
272.872 497553
273.325 336532
273.625 6103
273.687 399507
273.750 6206
273.825 6049
273.925 6124
273.944 495915
274.240 371019
274.480 699269
274.529 346629
274.778 539562
274.787 387669
275.081 498225
275.180 529257
275.350 336680
275.393 484094
275.450 449870
275.553 490779
275.729 773376
275.915 504579
275.978 426014
276.189 432724
276.244 478210
277.162 446214
277.453 439762
277.458 378360
277.636 535186
277.882 437492
277.955 535346
277.958 408698
278.376 397394
278.493 350781
280.326 404516
281.171 432392
281.677 414994
282.317 443471
282.960 340563
283.076 413830
283.174 350088
283.529 532174
283.538 447283
283.575 6259
283.737 499842
258.600 1008
282.250 1008
283.750 708094
284.000 495940
284.365 431209
284.375 6126
284.789 732115
284.904 454783
284.950 336654
285.175 6418
285.700 6103
285.700 6386
285.825 6124
286.250 338613
286.268 448832
286.700 336711
286.739 441995
286.827 413965
287.048 429995
287.225 13618
287.554 419150
287.912 486891
288.015 486254
288.072 477347
288.234 338925
288.361 442498
288.651 447510
288.725 13552
289.215 444924
289.796 505671
290.026 527899
290.307 529542
290.324 430327
290.656 507419
290.815 455849
291.255 350274
291.661 486050
291.695 480177
292.873 541294
292.884 451709
293.479 432629
293.825 18652
294.268 412473
294.320 440903
294.584 417919
295.200 6239
295.503 452088
295.734 730948
295.809 404169
296.781 404012
296.939 415469
297.755 754930
298.116 413445
298.172 356125
298.275 6050
298.350 6103
298.350 6259
298.421 685030
298.450 6098
298.494 505803
298.550 6206
298.850 6049
299.075 6126
299.200 721109
299.460 512960
299.550 437863
299.805 410739
299.840 367941
300.140 477084
300.142 541257
300.350 6286
300.566 338907
300.675 338613
300.804 513232
300.897 519235
301.234 681484
301.325 13727
302.048 442218
302.120 475607
302.436 423592
302.653 526086
302.941 537842
303.199 425455
303.280 421233
303.400 6386
303.551 428783
303.608 490270
303.712 688375
303.992 468578
304.073 468805
305.153 425750
305.431 464407
305.464 467768
305.627 757095
305.893 470132
306.507 508588
307.010 492355
307.622 486666
307.708 443218
307.727 516715
308.346 418899
308.425 432747
308.613 432735
308.825 6239
297.850 1008
308.846 353429
308.851 481002
308.921 533517
309.425 418107
309.589 407661
310.107 422601
310.133 521509
310.314 509575
310.650 6418
310.897 432932
311.120 426901
311.244 419798
311.275 6050
311.342 490310
311.450 6124
311.575 6259
311.755 729467
312.091 529542
312.275 6206
312.800 6286
313.375 6386
313.412 473963
313.475 6049
313.600 230065
313.625 13378
313.950 6126
313.996 722353
314.625 239311
314.875 18454
315.450 6098
316.067 419996
316.268 522440
316.427 357967
316.891 389868
316.961 455498
317.021 427161
317.041 457189
317.066 512371
317.102 389121
317.186 446507
317.611 534356
318.289 428021
318.898 736066
319.001 427240
319.045 401447
319.309 500021
319.409 439556
319.478 413965
319.661 428501
320.120 531046
320.884 468078
322.375 6103
322.482 339822
322.708 504954
324.010 694288
324.025 6239
324.150 336444
324.449 523663
324.725 6050
324.950 6286
325.064 490334
325.450 338613
325.650 6126
325.825 6418
326.001 339060
326.050 6049
326.275 336650
326.300 6386
326.400 6259
326.625 336802
326.650 6206
326.750 6098
327.021 535520
327.109 414122
327.482 489645
327.828 443371
327.975 336835
328.082 492712
328.384 403396
328.449 467814
328.750 336564
329.186 461453
329.250 336862
329.325 432445
329.347 731004
330.154 469720
330.213 477032
331.316 361593
331.481 419582
331.952 411718
332.116 416187
332.151 754437
332.508 370248
332.592 491227
332.741 479509
332.780 383225
333.108 721506
333.174 512593
333.461 534887
333.522 441328
333.737 365746
334.263 454369
313.750 1008
329.175 1008
334.423 447447
334.766 482527
334.869 353104
335.126 498480
335.187 387291
335.595 463789
336.013 470550
336.381 434795
336.597 696833
336.598 437692
336.850 6124
337.160 414949
337.173 485376
337.967 366528
338.015 537097
338.080 438478
338.095 348625
338.275 6418
338.297 452354
338.350 6050
338.425 6239
338.550 6286
338.775 6103
338.825 6386
339.050 6126
339.341 446576
339.463 449217
339.579 512291
339.628 745824
339.694 413659
339.923 774736
340.107 451455
340.225 6259
340.275 336452
340.320 452280
340.600 6098
340.825 229495
340.825 336563
340.954 457842
341.125 6049
341.275 336777
341.550 336741
342.025 6206
342.100 338613
342.750 336711
342.791 433159
343.300 18498
344.099 456778
344.534 539461
345.043 350364
345.315 469258
346.180 731004
346.317 481572
347.424 433304
348.026 416187
348.161 484360
348.420 507854
348.464 421262
348.540 413659
348.708 506767
348.916 435153
349.161 712348
349.318 463659
349.842 523540
351.053 409184
351.132 514714
351.319 455510
351.325 243393
351.642 527811
351.825 6286
351.858 463762
352.150 6124
352.314 639378
352.425 6050
352.450 6126
352.525 336444
352.814 468825
353.125 6239
353.479 497125
353.525 6098
353.559 517922
353.675 6259
353.725 6206
353.750 6386
353.875 6418
353.900 336861
353.945 444919
353.988 444304
354.025 6103
354.140 369493
354.925 221027
354.925 336532
354.974 684327
354.975 338613
355.025 336771
355.167 411457
355.219 522049
355.276 492289
355.320 436401
355.775 245681
355.892 446270
356.011 423592
346.400 1008
356.181 489228
356.326 530259
356.915 452098
357.039 461875
357.409 415144
357.822 482454
357.891 509539
358.804 437379
359.095 501337
359.596 524971
359.964 458676
360.309 746517
360.578 486184
361.150 244477
361.400 2990
361.591 491551
362.125 243894
362.849 464863
362.850 236371
363.256 465784
363.425 221617
363.440 412529
364.167 404805
364.175 234765
364.300 336452
364.450 224467
364.475 235983
364.550 233597
364.575 20795
364.575 231779
364.675 243393
364.852 433486
364.892 353710
364.975 232520
365.206 415980
365.375 2881
365.425 221027
365.500 6124
365.750 233559
366.025 231826
366.125 232411
366.200 336144
366.400 234697
366.450 6386
366.500 241056
366.500 6126
366.875 20776
366.925 2970
367.025 230142
367.025 242200
367.025 6098
367.050 3149
367.075 230631
367.150 2969
367.250 230092
367.250 2947
367.300 230703
367.375 246850
367.375 2902
367.423 456624
367.450 6049
367.475 238206
367.500 6418
367.525 20825
367.600 230094
367.600 2944
367.700 242254
367.900 239381
368.050 2901
368.050 2946
368.225 239316
368.225 336772
368.250 6206
368.263 366034
368.325 261881
368.375 234733
368.400 228923
368.450 20808
368.500 232350
368.525 236440
368.525 240475
368.550 20774
368.550 230127
368.550 232412
368.575 2923
368.600 246826
368.650 239865
368.673 513844
368.700 247374
368.750 244530
368.775 3012
368.800 234196
368.825 236494
368.825 239831
368.825 239844
368.925 237015
368.925 336567
368.950 20824
369.025 2989
369.075 230076
369.075 231290
369.225 245170
366.625 1008
369.325 240547
369.350 235907
369.375 239350
369.434 699495
369.475 252592
369.500 3010
369.525 251966
369.575 230661
369.575 243419
369.575 2990
369.600 244003
369.600 250288
369.615 508566
369.625 232406
369.650 336812
369.700 20840
369.750 238687
369.775 227815
369.775 229495
369.800 239311
369.825 2881
369.875 230058
369.875 239290
369.875 336230
370.000 234743
370.050 20822
370.050 248511
370.055 431465
370.100 234106
370.100 336443
370.100 336452
370.125 243932
370.125 336627
370.150 230682
370.158 494397
370.175 245683
370.175 336142
370.200 235812
370.200 241602
370.250 336624
370.275 336444
370.300 237535
370.350 248585
370.350 336597
370.350 336656
370.475 230065
370.475 243967
370.500 243321
370.500 256096
370.500 336502
370.550 13552
370.575 238742
370.600 246207
370.614 492355
370.625 239895
370.625 336593
370.650 232404
370.650 236418
370.650 236436
370.673 722588
370.675 240490
370.700 230610
370.700 234659
370.700 236369
370.700 241120
370.700 244496
370.725 336653
370.750 224904
370.750 245672
370.750 253133
370.800 243931
370.850 239318
370.850 242747
370.850 245579
370.925 238125
370.975 247424
370.998 468293
371.009 508207
371.025 232342
371.050 235279
371.074 440738
371.075 336747
371.100 243883
371.125 336144
371.125 336471
371.175 464073
371.225 336564
371.325 243993
371.425 256581
371.450 258793
371.450 3054
371.475 229482
371.525 237516
371.534 503781
371.550 247899
371.575 2970
371.643 530826
371.650 237533
371.650 263566
371.657 430473
371.725 244477
371.725 336623
371.775 245608
371.800 245681
371.825 242734
371.850 241594
371.950 2947
372.000 240484
372.000 242166
372.000 250849
372.025 2944
372.027 416256
372.050 246858
372.175 246135
372.175 249021
372.275 336835
372.300 245022
372.301 479592
372.325 3099
372.350 251997
372.350 336563
372.375 336775
372.400 336532
372.450 244538
372.450 257113
372.600 241043
372.775 336654
372.796 371104
372.875 244428
372.875 2902
372.900 253660
372.925 3149
372.968 419244
373.025 336680
373.050 265853
373.075 336650
373.125 255348
373.125 260033
373.200 254329
373.225 235789
373.275 336863
373.325 251961
373.325 2923
373.450 247864
373.450 2946
373.450 336777
373.575 3012
373.575 336802
373.600 248482
373.600 336741
373.625 256583
373.775 254190
373.925 251349
373.950 336801
373.975 3010
374.000 245582
374.000 259404
374.000 336862
374.025 243854
374.050 253626
374.125 258819
374.125 2989
374.175 266425
374.225 257729
374.225 261122
374.425 262874
374.650 336711
374.650 336861
374.750 266945
374.757 422783
374.845 421881
374.850 265762
374.850 336771
375.075 244433
375.075 251375
375.075 336684
375.157 450594
375.284 419887
375.400 259424
375.491 446103
375.525 259998
375.575 250745
375.600 256551
375.600 275562
375.603 372584
375.850 268574
375.950 260555
376.112 428021
376.125 275592
376.250 260525
376.425 258259
376.425 265802
376.895 520361
377.173 349184
377.375 336921
377.735 363423
378.035 429006
378.106 433938
378.325 336772
378.424 471707
378.750 336866
378.855 452918
378.971 468530
378.980 404781
379.047 534680
379.289 386448
379.350 336802
379.475 336863
379.956 476829
380.306 470449
380.615 415894
380.749 484738
381.154 520614
381.914 498480
382.400 292265
382.450 6239
382.730 427877
383.093 539523
383.307 448827
383.552 428306
383.658 516902
383.669 478618
384.072 437786
384.271 521981
384.447 492619
384.634 464402
384.875 338613
384.905 474074
384.958 512255
385.325 6206
385.375 6049
385.563 428485
386.450 6126
386.594 364658
386.825 6124
387.104 420066
387.582 477456
387.700 6286
387.763 465784
387.975 18498
388.040 439916
388.325 6386
388.488 468078
388.913 451709
389.215 539562
389.771 476850
389.832 416730
389.975 6418
390.713 465295
391.124 439163
391.749 470132
391.998 351906
392.953 504180
393.000 519218
393.096 517875
393.221 441627
393.351 496812
394.178 740704
394.276 423923
394.349 517162
394.843 437301
395.589 526487
395.736 436255
395.954 415735
396.404 709688
396.484 442738
396.732 489106
396.777 446214
396.805 496401
397.300 425947
397.342 458720
397.855 411943
398.425 13336
398.437 437338
398.450 6098
398.487 475726
398.528 531424
398.675 13378
398.769 341889
398.925 336564
398.925 6239
398.961 448827
398.979 518290
399.489 402439
399.632 435838
399.908 482414
400.031 429751
400.882 374087
401.212 457149
401.388 437872
401.514 458516
401.593 476656
401.658 707454
401.925 6206
402.000 6259
402.026 460823
402.500 426842
402.579 462170
402.623 542602
403.325 336650
403.360 441621
403.373 480441
403.537 721833
403.596 473902
404.100 6386
404.150 336802
388.100 1008
404.151 480720
404.214 457008
404.686 375221
405.490 378755
405.747 517118
405.800 18616
406.240 438788
406.375 18498
406.437 695825
406.927 530885
406.938 413751
407.220 505736
407.475 6418
407.567 449053
407.571 486737
407.713 451487
407.904 525459
408.199 415894
408.301 490696
408.807 418349
408.845 530767
408.937 464448
409.125 6050
409.211 467804
409.425 13655
409.578 468036
410.609 412601
410.963 487217
411.113 444433
411.225 13516
411.750 6049
411.943 418209
412.325 466836
412.800 6124
412.825 6126
413.099 459924
413.250 338613
413.725 336597
413.911 526658
414.169 418931
415.275 6098
415.533 537118
415.675 6286
415.825 336921
415.825 6259
416.036 747464
416.550 6206
416.658 461602
416.803 723744
416.841 353709
417.050 6386
417.100 6103
417.279 440957
417.779 740704
418.363 481002
418.476 490270
418.537 686278
419.346 339786
420.881 534718
420.954 474489
421.009 473267
421.037 463986
421.228 441922
421.346 404805
421.458 400911
421.950 12853
422.071 382309
422.087 721825
422.156 525228
422.500 435727
423.409 501905
423.432 372641
425.100 429944
425.371 419959
425.565 463078
426.600 336564
426.875 6050
427.300 6098
427.350 6126
427.828 483709
429.025 6124
429.166 421360
429.625 6206
429.755 476090
430.200 6239
430.375 336563
430.400 6286
430.525 336624
430.550 338613
430.585 520002
430.600 6418
430.650 336812
430.687 704809
430.752 715732
430.872 449551
431.307 490949
431.900 13687
432.293 361412
432.425 6103
432.716 447107
433.425 13727
433.444 409355
404.350 1008
417.400 1008
433.450 6386
434.436 464061
435.182 534864
435.197 767527
435.295 496879
435.589 470961
435.626 406853
436.717 541878
436.759 490334
436.975 2969
436.993 519651
437.417 372045
437.499 738279
438.067 339308
438.071 423392
438.350 251966
438.706 435838
438.775 731565
438.899 424482
439.790 504947
439.839 537853
440.311 437968
440.417 412104
440.472 446521
440.767 443640
441.396 422540
441.450 6049
442.375 6259
442.400 427320
442.417 409526
442.421 754944
442.600 6098
443.375 6206
443.400 396297
443.434 423674
443.450 6239
443.453 693460
443.500 6050
443.675 6126
443.898 707410
444.400 6286
444.590 513635
444.700 6386
444.793 478618
445.325 6124
445.431 426248
445.750 6103
445.975 248511
446.374 480928
446.475 6418
446.615 345428
446.866 501905
447.059 463795
447.143 437698
447.762 361018
448.219 520842
448.294 457133
448.392 429801
448.550 336452
449.006 717093
450.076 416043
451.064 407317
451.426 691760
451.574 406615
452.242 414989
452.709 380954
452.866 353429
452.971 514956
453.030 408705
453.052 767072
453.424 449957
454.007 415513
454.184 466605
454.792 542648
454.980 429221
455.092 756484
455.391 536087
455.957 505507
455.979 487869
456.325 6259
456.575 338613
456.892 715232
456.938 497829
456.978 533656
457.125 13546
457.203 478210
457.285 358703
458.036 523663
458.143 723744
458.242 436408
458.375 6286
458.400 6206
458.511 480435
458.566 493651
458.650 6050
458.850 6098
458.852 402240
458.925 6103
458.950 6049
459.123 374158
459.150 367146
459.250 6386
459.466 484657
459.500 6239
459.625 336653
459.625 6124
459.837 422654
460.261 370248
460.303 486394
460.572 377267
460.575 336771
461.025 336650
461.277 513509
461.350 6418
461.770 486394
462.142 451803
462.425 336866
462.900 232412
463.203 513720
463.333 508752
463.364 487519
463.870 430203
464.099 508963
464.285 492879
464.380 390050
465.223 506012
465.269 406847
465.331 413751
465.340 509574
466.422 531619
467.876 764551
467.991 487093
468.341 438616
468.850 696728
468.993 701273
469.809 484351
469.881 496879
469.935 433144
469.948 471668
469.956 451781
470.309 411677
470.701 740077
470.769 512025
470.966 405531
471.378 443714
471.597 435182
471.721 417081
472.019 404601
472.130 407956
472.175 6126
472.412 494866
472.725 6418
472.727 458560
472.925 6286
473.250 6103
473.273 694712
473.325 6259
473.421 463500
473.667 474461
473.737 511599
473.770 528025
474.075 6098
474.200 258793
474.350 6050
474.379 457606
474.439 484405
474.550 336650
474.700 233597
474.727 695348
475.025 6239
475.125 255348
475.150 336567
475.239 513740
475.300 336711
475.496 422945
475.813 351597
475.825 6049
475.975 6206
476.112 725281
476.424 357286
476.647 362666
476.664 389285
476.796 530445
476.798 521365
477.467 411677
477.562 470002
477.834 510590
478.550 336656
478.684 372641
478.751 518290
479.188 363776
479.392 451417
479.846 422096
479.953 444124
479.990 481627
480.005 458370
480.233 503602
480.945 452702
481.072 448509
481.358 488567
481.390 432392
481.548 526510
482.165 503379
482.494 415287
461.150 1008
475.200 1008
483.260 412560
483.277 443076
483.422 480923
483.825 240475
483.900 497001
484.011 412798
484.442 766596
484.683 471173
485.075 239311
485.591 475645
485.750 513098
485.860 464106
485.947 533408
486.079 517610
486.375 6386
486.525 239350
486.950 6259
487.347 428211
487.478 412601
487.725 338613
488.256 439107
488.320 351206
488.471 416194
488.485 416272
488.500 336862
488.511 442816
488.525 6418
488.575 6286
488.625 6124
488.642 438563
488.785 421145
488.790 445336
488.900 6206
489.000 235983
489.475 234659
489.500 6239
489.600 6126
489.700 236371
489.700 336777
489.725 6098
490.175 247374
490.175 6049
490.209 342484
490.281 429751
490.330 422310
490.350 6050
490.456 458669
490.725 230065
490.800 336866
490.925 336144
491.048 756484
491.220 394729
491.400 336771
491.625 462600
491.925 250745
492.075 239318
492.213 463842
492.286 434348
492.325 6103
492.550 351906
492.598 507096
493.600 253133
493.950 237015
494.472 449172
494.525 3010
494.830 429944
494.850 231779
495.030 430975
495.100 2901
495.109 536949
495.135 743471
495.175 2902
495.186 492619
495.325 2947
495.350 3012
495.375 239381
495.389 408728
495.758 505191
495.875 230127
495.875 2989
496.145 493807
496.275 245683
496.288 516811
496.327 474461
496.375 245022
496.444 501267
496.650 243854
496.668 475731
496.925 240547
496.975 258793
497.025 2944
497.169 413163
497.350 246850
497.375 244530
497.499 497295
498.027 342618
498.075 265853
498.492 379125
498.525 233597
498.625 256581
498.750 257729
498.775 239895
487.150 1008
498.923 439153
499.325 239844
499.325 241602
499.450 235812
499.500 236418
499.650 262874
499.766 400673
499.825 237516
499.834 412197
499.945 708904
500.019 402824
500.125 232342
500.175 243993
500.225 20774
500.225 251349
500.325 3099
500.388 370765
500.475 20822
500.525 230142
500.575 236440
500.625 250288
500.662 497553
500.671 434111
500.700 235983
500.725 20840
500.775 246135
500.800 239865
500.881 532801
500.900 20776
500.900 20808
500.975 235907
501.000 231826
501.050 259998
501.050 261122
501.075 230058
501.075 243883
501.100 241043
501.100 246207
501.200 3054
501.250 20824
501.250 238125
501.275 245672
501.279 375378
501.375 242747
501.425 237533
501.450 248482
501.450 2970
501.475 20795
501.550 20825
501.550 2901
501.600 3149
501.625 2969
501.700 230076
501.700 230631
501.725 2881
501.750 3010
501.887 484689
501.900 263566
501.900 2923
501.925 238206
501.950 236369
501.975 229495
502.050 239311
502.075 2990
502.125 230092
502.200 266425
502.350 244428
502.400 234659
502.400 248511
502.425 227815
502.525 246826
502.525 246858
502.575 245579
502.650 249021
502.675 235279
502.700 232350
502.749 370854
502.750 2946
502.800 239290
502.825 224904
502.875 239316
502.875 244538
502.950 250849
502.950 258819
503.000 239831
503.050 257113
503.100 232412
503.100 247424
503.125 2989
503.150 243932
503.175 240475
503.175 336563
503.225 260555
503.239 515584
503.250 228923
503.250 243393
503.250 247374
503.311 682274
503.325 253626
503.375 6286
503.425 232404
503.450 243321
503.450 254329
503.450 261881
503.475 3012
503.491 432724
503.500 242200
503.500 2902
503.525 230661
503.550 232411
503.600 260033
503.625 245608
503.675 241594
503.775 236436
503.775 240490
503.825 2947
503.875 250745
503.900 237015
503.950 6418
504.025 224467
504.025 2944
504.075 239318
504.100 242166
504.125 268574
504.150 240484
504.225 234196
504.235 465077
504.250 336532
504.275 229482
504.317 467732
504.334 418085
504.375 231779
504.425 230094
504.425 245582
504.425 6049
504.450 265762
504.475 275562
504.525 236371
504.525 336144
504.575 232520
504.575 244496
504.575 6239
504.600 256096
504.625 230610
504.650 336711
504.663 449889
504.700 238687
504.700 243419
504.725 234733
504.750 336741
504.825 336444
504.900 247864
504.950 265802
504.975 258793
505.000 244477
505.000 383213
505.025 237535
505.025 253133
505.025 336142
505.050 245683
505.100 6050
505.125 253660
505.150 243931
505.150 243967
505.200 234765
505.200 244433
505.225 221617
505.225 336443
505.230 417548
505.250 234697
505.275 256551
505.275 256583
505.275 336654
505.300 248585
505.325 245170
505.350 238742
505.375 235789
505.380 540278
505.416 413162
505.425 336627
505.475 252592
505.500 236494
505.525 241056
505.525 244003
505.550 230682
505.550 232406
505.550 251961
505.575 251966
505.600 233559
505.613 542039
505.625 255348
505.625 3099
505.625 336624
505.650 336452
505.650 336597
505.725 234743
505.725 336230
505.729 513740
505.775 254190
505.800 251375
505.825 336684
505.850 266945
505.875 336777
505.900 336564
505.900 336866
505.925 258259
505.925 336502
505.950 231290
505.975 239350
506.050 3054
506.050 336567
506.100 2970
506.150 234106
506.150 251997
506.150 3010
506.175 242254
506.175 2969
506.250 2881
506.325 2901
506.400 243894
506.400 245022
506.525 336812
506.600 2923
506.625 221027
506.625 241120
506.625 242734
506.625 245681
506.650 247899
506.700 336593
506.700 336747
506.800 2990
506.850 3149
506.875 259404
506.925 246850
507.025 230703
507.075 275592
507.200 2946
507.225 260525
507.225 336471
507.319 443037
507.417 390908
507.575 240547
507.600 259424
507.675 230127
507.725 292265
507.725 336802
507.817 714244
508.100 336801
508.150 336775
508.218 423109
508.325 2989
508.475 336772
508.700 230065
508.741 339384
508.788 685088
508.875 336680
508.950 336623
509.000 336921
509.125 336653
509.200 336650
509.275 336144
509.375 336771
509.443 752717
509.487 409673
509.575 336656
509.650 336863
509.750 336861
509.750 336862
509.800 336532
510.250 336835
510.725 336142
510.935 420283
511.086 465427
511.374 504646
511.375 336627
511.400 336563
511.400 336812
512.066 505224
512.472 457477
512.646 390307
512.800 492712
513.790 491483
514.592 452821
514.768 438580
514.794 364423
515.074 410353
515.254 417333
515.323 518380
515.366 539259
515.410 535500
515.755 718509
515.888 469682
516.328 407154
516.495 520160
516.537 698508
516.628 377048
516.796 358114
516.872 424251
517.931 351389
517.969 340623
517.990 457675
518.356 413162
519.098 475694
519.187 509574
519.250 338613
519.250 6124
519.375 6259
520.000 6126
520.044 353709
520.050 6098
520.225 6050
520.391 427496
520.500 6103
520.755 436408
520.850 6049
521.275 6286
521.779 425661
521.959 518475
522.200 6418
522.325 6386
522.798 483939
522.838 478210
523.825 6239
523.846 423401
523.889 414216
523.915 469885
524.382 442813
524.802 354702
524.943 524258
525.223 523866
526.356 382725
526.358 458787
526.547 516902
527.171 758041
527.479 403175
527.730 352070
528.366 452645
528.506 427152
530.011 419034
530.665 456921
530.751 414789
530.923 452856
530.991 413069
531.014 470723
531.316 519272
531.504 446291
531.571 711085
531.681 490494
533.400 13793
533.882 411213
534.054 430116
534.800 6206
535.201 534771
535.411 510832
535.500 336684
535.525 336567
535.725 6098
535.895 526473
536.050 336532
536.075 6259
536.192 348263
536.400 6126
536.550 6103
537.537 376705
537.650 6418
537.834 464259
537.869 376303
537.875 6239
537.925 336443
538.050 6049
538.550 336623
538.550 338613
538.638 417333
538.825 694288
539.691 514724
539.842 418585
540.075 336863
541.081 439904
541.228 439724
541.507 423985
541.685 511893
541.821 389433
541.992 432853
542.019 526226
543.005 404012
543.398 432943
543.467 368863
543.752 540623
543.993 461666
544.371 447851
544.377 408777
544.588 458184
544.677 724608
544.769 421536
544.860 413020
545.163 425046
545.205 491451
545.221 468476
545.735 411681
546.602 694519
546.793 526658
546.850 13552
547.249 444365
547.494 405299
547.507 430255
547.791 527259
547.791 717059
548.096 469191
521.375 1008
538.425 1008
548.229 460860
548.775 6050
549.105 415007
549.150 6098
549.337 493857
549.819 519061
549.887 695877
550.225 6124
550.381 386448
550.850 6049
550.875 443285
551.000 6286
551.740 527016
551.975 336802
552.175 6386
552.350 6126
552.425 239865
552.458 407634
552.600 6206
552.663 535186
552.700 336771
552.850 6103
552.996 466223
553.078 352489
553.100 6418
553.281 486737
553.507 415196
553.810 359248
553.824 428957
553.857 523783
554.005 450552
554.045 444228
554.197 486998
555.268 694519
555.375 336623
555.960 501410
556.473 491520
556.652 478350
557.400 436401
557.791 455299
557.946 462891
558.001 472380
558.149 396749
558.188 401948
558.885 460319
559.075 478024
559.321 440738
559.852 500318
560.518 458516
560.554 537804
560.644 434769
560.653 418585
560.969 406481
561.651 474635
562.145 403049
562.195 514305
562.550 338613
562.604 477995
562.612 471143
562.986 406800
562.991 351193
563.025 370097
563.050 6239
563.295 432392
563.425 336812
563.650 701713
563.891 433486
564.125 239318
564.250 6259
564.365 481896
564.373 485303
564.450 336593
564.800 6103
564.900 6049
565.025 6098
565.250 418335
565.542 339254
565.950 6126
565.972 482605
566.186 348750
566.235 412406
566.246 482803
566.436 701662
566.575 336627
566.993 413557
567.080 410288
567.478 358703
567.494 405777
567.775 6206
567.800 6286
567.841 394037
567.900 336711
567.914 366528
567.974 411213
568.142 491709
568.302 448894
568.382 530826
568.405 480435
568.497 721825
568.603 756718
568.803 435919
569.552 449530
554.725 1008
569.100 1008
569.827 452200
570.200 6386
570.390 416052
570.492 478532
570.826 442483
570.928 419632
571.198 530139
571.563 499013
571.590 743668
571.605 430473
571.733 478024
572.179 419269
572.762 439440
573.235 406968
573.371 419632
573.394 509558
574.130 421709
574.261 524833
574.572 459073
574.655 484405
575.423 391478
575.553 434489
575.620 687612
575.912 436948
576.125 438292
576.165 487624
576.209 399609
576.502 374747
576.717 404686
577.241 488619
577.825 6050
577.825 6103
578.082 465376
578.629 527456
578.975 464995
579.462 412105
579.550 6126
579.575 6049
580.182 500048
580.272 784586
580.375 6286
580.450 6206
580.461 487583
580.490 443297
580.725 6239
581.150 338613
581.311 372276
581.389 494935
581.438 505224
581.528 533978
581.550 6386
581.734 376267
581.925 6259
582.055 506887
582.441 340623
582.500 437114
582.775 18778
582.975 6418
583.054 532095
583.748 537977
584.188 436565
584.480 435505
584.541 383213
584.542 653762
584.962 540623
585.050 14113
585.066 695825
585.105 537745
585.467 524901
585.613 464645
585.715 359189
585.933 538251
585.970 444456
586.030 458483
586.300 243894
586.628 729501
587.029 419959
587.371 425880
587.372 438129
587.632 430407
587.685 706674
588.115 467505
588.613 446214
588.851 425962
589.250 6098
589.399 514677
590.501 406897
590.517 699269
590.979 507854
591.150 6050
591.190 449660
591.275 6103
591.763 525896
592.350 6124
592.450 6126
592.482 479716
592.543 693385
592.644 739135
592.901 499345
593.134 520838
593.275 336747
593.385 695877
580.500 1008
593.500 336777
593.525 6418
593.569 441864
593.675 6259
593.824 434512
594.208 475673
594.225 6239
594.550 6286
594.751 496812
594.894 758055
594.925 234733
595.040 486363
595.275 6206
595.350 336866
595.650 239350
596.437 512225
596.525 239831
596.575 6386
596.637 430537
597.160 753226
597.361 760150
597.675 275562
598.004 413392
598.123 495748
598.182 411969
598.195 531176
598.212 415736
599.093 353877
599.201 411718
599.367 724028
599.549 405531
600.067 412214
600.119 504074
600.620 437379
600.650 248511
600.938 431810
600.980 429019
601.511 713221
601.725 238206
601.870 700711
602.137 519791
603.380 525698
603.600 18616
603.638 468537
603.650 233597
603.651 401672
603.684 724888
603.822 415804
603.999 507693
604.203 471198
604.354 435952
604.415 535628
604.528 519715
604.549 481002
604.677 438563
604.712 402629
604.775 336563
604.850 251961
604.925 6103
605.175 236418
605.900 6049
605.982 686278
606.242 536588
606.298 446507
606.325 338613
606.325 6239
606.513 757070
606.550 245608
606.734 744300
606.780 472389
606.800 236436
606.900 6124
607.151 454533
607.300 6259
607.450 266425
607.500 336564
607.550 230127
607.725 6126
607.815 461523
607.850 6050
607.875 246207
607.975 239865
608.157 405436
608.200 241043
608.250 229495
608.275 6418
608.325 246135
608.493 439762
608.522 497401
608.600 6386
608.675 6206
608.850 221027
609.000 6286
609.114 487739
609.175 275562
609.500 230703
609.571 463198
609.601 419317
609.735 399104
610.050 6098
610.175 259424
610.464 431465
594.200 1008
607.950 1008
610.675 250288
610.707 448440
610.775 251997
610.875 2881
610.950 2902
611.058 438246
611.125 2901
611.300 242200
611.400 236440
611.575 2923
611.725 2946
611.725 2990
611.975 230661
612.025 248511
612.250 230631
612.275 2947
612.275 3010
612.350 231779
612.350 239318
612.375 436663
612.425 243931
612.450 257113
612.675 237535
612.725 253660
612.775 2969
612.925 3012
612.950 239895
612.975 240475
613.000 2944
613.075 248482
613.075 2989
613.175 232404
613.175 238687
613.201 532095
613.275 2970
613.325 239844
613.333 469595
613.350 3099
613.380 708287
613.400 232406
613.493 485609
613.550 234106
613.636 511893
613.875 230682
613.925 246850
613.950 3149
613.975 229482
614.125 235907
614.125 236371
614.200 240547
614.204 451803
614.300 266945
614.375 230610
614.450 243393
614.475 235812
614.550 3054
614.625 243993
614.650 256581
614.650 261881
614.750 233559
614.750 253626
614.800 251349
614.850 230092
615.000 239290
615.150 244530
615.175 245170
615.200 224904
615.250 234733
615.298 432579
615.300 239831
615.325 230076
615.400 234697
615.400 244538
615.400 247374
615.403 508103
615.464 479361
615.475 243321
615.475 263566
615.625 244003
615.700 227815
615.750 236494
615.825 232412
615.850 230065
615.900 243419
615.950 262874
616.050 242747
616.075 260555
616.100 241594
616.100 243967
616.173 413453
616.175 230142
616.175 254329
616.225 233597
616.300 232411
616.350 235983
616.475 241056
616.480 407714
616.500 260525
616.508 443415
616.575 239381
616.575 247899
616.700 258259
616.775 259404
616.800 243932
616.800 244428
616.800 253133
616.875 234196
616.900 245672
616.900 2881
616.910 529289
616.925 265762
616.950 479942
616.961 455325
616.975 239311
616.975 243883
617.000 238125
617.075 242254
617.200 2902
617.225 224467
617.250 260033
617.300 241120
617.325 221617
617.350 234765
617.375 252592
617.375 2901
617.375 336711
617.400 245582
617.400 2990
617.400 336812
617.425 247864
617.432 440477
617.450 245683
617.475 237533
617.481 412850
617.500 236418
617.525 244477
617.525 248585
617.550 2947
617.550 336627
617.575 229495
617.575 2946
617.650 243854
617.725 236369
617.725 336684
617.750 241602
617.750 247424
617.750 336866
617.800 256096
617.800 336775
617.825 336771
617.850 246826
617.850 336654
617.875 336835
617.877 505261
617.900 239350
617.900 2923
617.900 336452
617.925 237516
617.950 230094
617.950 336623
617.950 336624
617.975 245681
617.975 336656
617.975 336680
618.000 240490
618.000 336444
618.000 336802
618.025 292265
618.025 336741
618.050 232342
618.050 237015
618.075 251375
618.075 336747
618.100 251961
618.100 2969
618.100 2989
618.100 336564
618.125 250849
618.175 221027
618.175 238742
618.200 239316
618.200 2970
618.200 3012
618.200 336567
618.225 230127
618.225 336443
618.250 3010
618.250 336653
618.275 239865
618.275 243894
618.275 336597
618.300 245579
618.300 336772
618.325 336650
618.350 251966
618.400 234743
618.400 242166
618.400 336563
618.425 241043
618.425 265802
618.450 245608
618.450 2944
618.491 446530
618.500 244496
618.525 242734
618.550 245022
618.550 336502
618.550 336593
618.625 336861
618.645 721109
618.650 336777
618.650 336801
618.675 256551
618.696 362791
618.700 336471
618.700 336862
618.700 336863
618.725 257729
618.725 275592
618.725 3149
618.725 336921
618.749 407284
618.750 265853
618.875 236436
618.875 249021
618.875 266425
618.875 3099
618.925 246858
618.925 256583
619.003 473779
619.075 258819
619.100 336532
619.145 421722
619.150 231290
619.250 234659
619.361 443861
619.375 230058
619.375 250745
619.425 231826
619.475 259998
619.491 538076
619.525 255348
619.550 235279
619.550 268574
619.575 3054
619.675 336142
619.700 246135
619.750 244433
619.800 235789
619.800 240484
619.810 682900
619.819 459913
619.848 414237
620.000 336144
620.017 389433
620.025 232350
620.074 348056
620.075 232520
620.125 336230
620.150 228923
620.350 254190
620.375 275562
620.400 230703
620.500 261122
620.575 258793
620.610 426495
620.775 238206
620.806 693385
620.948 435605
621.400 2881
621.425 246207
621.475 2902
621.486 449405
621.675 231779
621.675 336812
621.925 251997
622.139 508103
622.260 474295
622.325 336711
622.375 230631
622.375 336654
622.425 336775
622.475 336684
622.475 336771
622.490 405358
622.550 336835
622.575 336564
622.600 336627
622.625 336624
622.625 336741
622.650 336680
622.650 336747
622.700 336802
622.725 336444
622.850 336563
622.900 336567
622.950 336597
622.950 336650
623.025 336656
623.025 336772
623.025 492176
623.050 336593
623.125 336443
623.125 336653
623.125 336777
623.153 458184
623.200 336623
623.245 460207
623.249 435808
623.297 506767
623.375 336862
623.450 336863
623.638 470732
623.659 468153
623.666 423109
623.800 336471
623.825 336452
623.875 336532
624.108 429039
624.225 336801
625.725 336144
625.924 449461
625.985 411658
626.342 460682
626.786 407062
626.852 431914
626.894 518821
626.909 418931
627.111 473115
627.308 468334
627.586 508740
627.826 416509
627.956 425613
628.764 513709
628.944 456905
629.425 18461
629.796 462036
629.900 338613
629.985 393572
630.211 469169
630.218 486891
630.400 6206
630.576 405548
630.666 378524
630.925 6286
630.932 454725
631.025 6386
631.050 6103
631.175 6239
631.255 422272
631.525 6418
631.850 6126
631.975 6259
632.272 418430
632.320 468515
632.369 406328
632.412 534647
632.425 6049
632.563 537789
632.577 468036
632.815 442529
633.199 537108
633.225 6124
633.275 6050
633.444 446066
633.500 482454
633.512 451613
633.525 400968
633.581 408838
633.891 722518
634.215 422122
634.350 6098
634.629 403232
635.158 497387
636.879 537588
637.006 492336
637.137 421182
637.650 508963
638.808 424083
638.810 486254
639.561 430553
639.659 428870
640.409 509985
640.668 409918
642.007 692638
642.096 339308
642.477 515037
642.575 12853
643.010 441685
643.448 398622
643.474 409237
643.734 468036
644.069 477687
644.369 534125
644.589 494615
644.847 493792
645.032 508360
645.232 430062
645.336 415541
645.775 6206
645.941 357715
646.350 6418
646.475 6386
646.626 351597
646.900 6239
646.941 487207
646.993 428874
647.303 356896
624.850 1008
641.650 1008
647.350 6286
647.375 6259
647.475 6126
648.050 6103
648.066 533542
648.075 6098
648.170 341228
648.219 404785
648.875 6050
649.000 336921
649.189 513434
649.375 6049
649.930 434489
650.020 519715
650.339 712232
650.404 414747
650.864 474461
651.679 499868
651.688 406944
652.033 408015
652.035 505165
652.189 423592
652.778 539853
652.925 13553
652.972 441621
653.246 442831
653.285 473779
653.378 510231
653.804 711506
654.434 404615
655.163 451455
655.210 428883
655.333 472181
656.015 437683
656.210 453765
656.635 449716
656.675 452098
656.700 336142
657.579 482165
658.241 474536
658.563 424760
658.912 388973
660.052 442487
660.075 336802
660.402 472559
660.499 525718
660.509 407181
660.525 338613
660.550 336502
660.800 6103
660.950 6239
661.060 523663
661.070 518859
661.275 6386
661.325 6049
661.400 336564
661.425 6259
661.497 725889
661.575 6206
661.650 6124
661.805 421536
661.947 539854
662.175 18498
662.550 6098
662.649 345121
662.663 488379
662.729 426848
662.950 6126
663.078 440510
663.125 336771
663.475 6286
663.513 503582
663.900 740444
663.914 470358
664.000 6050
664.050 336835
664.199 490151
664.525 336654
665.327 413208
665.965 533178
666.230 454198
666.799 457494
667.774 427229
668.089 419317
668.168 492610
668.255 453765
668.561 500684
669.300 18498
670.080 536303
670.091 458184
670.220 772134
670.345 492165
670.450 248511
670.675 757134
671.009 515896
671.373 406875
671.402 691424
671.536 535500
671.877 487519
672.085 449162
672.184 482165
672.246 414494
662.500 1008
672.358 768164
672.597 452577
672.850 519317
673.264 504180
673.375 490547
674.198 381088
675.000 6239
675.107 541837
675.150 6206
675.464 451702
675.586 481884
675.875 6259
676.003 491045
676.150 6386
676.290 708088
676.511 633487
676.900 6050
677.055 517423
677.275 244428
677.300 6418
677.500 6049
677.598 445179
677.663 466989
677.875 6098
677.941 502881
678.217 439727
678.249 382309
678.325 6126
678.402 434320
678.425 6124
678.473 433146
678.550 336866
678.551 509558
678.675 338613
678.765 513696
678.799 703050
678.975 336711
679.050 6103
679.075 6286
679.113 405699
679.150 336567
679.252 515584
679.500 370765
680.031 407284
680.265 397537
680.375 420737
680.434 358114
680.475 336142
680.800 336230
680.945 346629
681.153 364490
681.685 444679
681.945 469169
682.496 504156
682.792 452354
682.877 454663
684.245 370794
684.389 416220
684.644 662007
684.916 470111
685.125 230682
685.821 437419
686.423 421126
686.700 465772
686.968 704256
687.616 531562
688.242 533240
688.363 447777
688.453 424557
689.016 435567
689.125 6386
689.219 451455
689.528 541319
689.825 6239
689.825 6259
690.450 6418
690.475 6286
690.595 444162
690.635 415514
690.650 6124
690.662 338994
690.850 6098
690.850 6206
690.890 440092
691.525 336502
691.615 694712
691.850 772157
692.125 6103
692.355 463198
692.665 427229
692.825 6126
692.904 439107
692.925 6049
692.933 440000
693.475 336623
693.598 472336
693.651 678888
693.700 6050
693.825 18454
693.925 336777
693.950 236418
693.957 721438
678.900 1008
692.900 1008
694.031 729474
694.250 336866
694.262 721506
695.631 406328
696.191 380517
696.567 488922
696.852 728626
697.503 478913
697.915 438004
698.080 719281
698.143 409781
698.820 461250
699.202 350686
700.006 436061
700.286 542648
700.558 428268
701.522 745924
701.614 541471
701.645 530445
701.917 459765
702.139 429039
702.243 527899
702.677 360066
702.791 409827
702.903 703998
702.989 365655
703.199 760026
703.406 358629
703.686 678869
703.705 466525
703.945 341861
704.283 444365
704.375 6259
704.540 425483
704.600 6098
704.625 6239
704.700 6286
704.735 442498
704.978 462507
705.050 6103
705.090 434111
705.125 338613
705.292 353487
705.532 739343
705.650 6386
705.850 6124
705.950 336684
706.261 423592
706.375 6126
706.479 745587
706.500 6418
706.625 6206
706.650 336444
706.698 445319
706.725 336802
706.900 6050
706.975 336772
707.164 438127
707.250 6049
707.478 446012
707.618 436081
708.042 421145
708.238 403334
708.613 486998
708.656 409875
709.035 390764
709.384 464259
709.853 362712
709.853 471376
710.080 344636
710.118 414758
710.320 411658
710.539 471100
710.704 505459
710.732 419006
711.080 424130
711.292 368164
712.073 701273
712.416 414465
712.552 531009
712.582 404033
712.920 398389
713.700 230058
713.936 536760
713.995 526424
714.065 346151
714.169 477906
714.354 493504
715.347 750008
715.424 459560
715.444 497039
715.933 473267
716.287 427877
716.500 336921
717.807 721077
718.132 348263
718.467 730026
718.503 496846
718.922 492298
719.000 6239
719.080 502127
719.250 6206
711.025 1008
719.687 471173
720.000 6126
720.100 6103
720.153 450916
720.475 6386
720.511 365650
720.550 6049
720.629 533408
720.644 472380
720.690 346903
720.725 6098
720.900 6259
720.925 6418
720.977 701662
721.200 6124
721.447 421712
721.625 336812
721.682 513696
721.825 236371
721.875 6050
722.350 338613
722.500 18461
722.625 234733
722.919 512615
722.925 238687
722.988 475645
723.181 541556
723.272 360390
723.725 444291
723.851 424139
724.267 525869
724.300 252592
724.889 465258
724.900 231290
724.925 336861
725.167 463570
725.470 707422
725.551 346649
726.450 408843
728.025 246858
728.025 251349
728.391 360066
728.422 537097
729.093 414949
729.150 245608
729.609 432766
729.675 261881
730.034 517838
730.248 460552
730.631 470723
730.875 239831
731.109 358703
731.518 489228
731.528 517374
732.029 434137
732.432 422217
732.543 741328
732.569 390474
732.603 501467
732.929 435751
732.943 501730
733.500 18498
733.550 6286
733.843 536303
733.925 275592
734.025 336656
734.375 260555
734.400 6124
734.475 6206
734.735 440957
734.755 354702
734.850 246850
734.850 2944
734.925 6239
734.937 499894
734.950 253626
735.100 6386
735.425 336771
735.500 242734
735.500 6259
735.525 6098
735.625 234106
735.642 748520
735.741 394007
735.775 6050
736.065 493792
736.100 6103
736.136 496762
736.175 6418
736.365 483150
736.375 234765
736.875 6126
737.081 415735
737.125 259998
737.135 517898
737.175 263566
737.250 336653
737.325 6049
737.375 292265
737.575 336772
737.902 412253
738.050 261122
723.100 1008
738.299 752490
738.315 425081
738.600 2901
738.700 262874
738.850 2989
738.975 3012
739.150 232520
739.175 244477
739.283 374158
739.325 230094
739.325 3054
739.425 2947
739.442 723744
739.550 230065
739.700 237533
739.725 2946
739.925 230661
739.925 2970
739.950 2969
740.075 239844
740.075 2881
740.175 2902
740.225 2990
740.250 3010
740.400 256096
740.500 230076
740.700 3149
740.838 535628
740.932 487026
741.000 237535
741.000 2923
741.017 460392
741.100 256551
741.125 251961
741.141 421881
741.200 239865
741.250 336144
741.275 235812
741.350 232406
741.400 234196
741.400 3099
741.450 251997
741.500 224467
741.500 235907
741.575 243883
741.725 255348
741.795 500910
741.825 245022
741.925 234697
741.975 221027
742.025 244496
742.075 230058
742.150 236371
742.150 239318
742.335 350834
742.375 232411
742.375 238206
742.375 243967
742.375 250849
742.400 237516
742.427 520834
742.475 241043
742.575 237015
742.600 242747
742.650 230631
742.675 230127
742.700 241594
742.700 243419
742.750 257113
742.925 236494
742.950 228923
742.950 232342
742.950 236369
742.975 2944
743.000 230092
743.022 528586
743.027 509323
743.075 245170
743.125 240475
743.175 239290
743.325 221617
743.400 336142
743.425 244538
743.475 239311
743.500 230142
743.500 247374
743.525 243931
743.600 254190
743.650 245608
743.850 232404
743.875 245672
743.925 230610
743.950 235789
744.000 251349
744.025 247899
744.075 259424
744.100 229495
744.100 231779
744.125 231826
744.125 240484
744.150 232412
744.200 227815
739.725 1008
744.225 234733
744.250 238687
744.275 247864
744.275 336471
744.300 336230
744.325 265853
744.350 245579
744.375 336444
744.400 2901
744.450 234659
744.500 245582
744.575 235279
744.575 250745
744.625 244428
744.625 2989
744.625 336532
744.650 258793
744.675 239895
744.675 246826
744.700 2947
744.725 2946
744.750 224904
744.750 246135
744.791 439329
744.800 242254
744.825 244433
744.850 233597
744.850 243393
744.875 236436
744.875 241602
744.875 250288
744.941 767527
744.950 242200
744.950 246850
744.950 247424
744.950 336684
744.975 2902
745.025 238125
745.025 336593
745.050 3010
745.050 336624
745.075 229482
745.075 243321
745.075 336597
745.125 231290
745.125 233559
745.125 240490
745.175 257729
745.200 2881
745.250 336802
745.275 3054
745.300 336623
745.303 504762
745.350 266425
745.350 2970
745.350 3012
745.400 230703
745.400 243894
745.422 433052
745.425 243932
745.425 336627
745.450 251375
745.450 2969
745.500 2990
745.525 336502
745.550 244530
745.550 336567
745.575 336866
745.600 246207
745.625 232350
745.625 236440
745.625 336741
745.650 242166
745.650 248585
745.675 336654
745.700 248482
745.700 336563
745.750 336862
745.800 336650
745.800 336771
745.800 336801
745.825 245681
745.825 2923
745.845 382389
745.850 239350
745.850 248511
745.850 336680
745.894 537749
745.900 336564
745.925 241056
745.950 238742
745.950 336443
745.975 241120
746.000 243993
746.000 275592
746.025 336777
746.050 336653
746.075 265802
746.075 336656
746.125 244003
746.125 252592
746.125 336775
746.150 336812
746.150 336921
746.200 336747
746.225 235983
746.225 236418
746.225 336863
746.250 336835
746.264 405699
746.300 254329
746.300 260033
746.325 234743
746.325 239381
746.350 253660
746.350 259998
746.350 336861
746.423 463544
746.475 240547
746.475 242734
746.475 251966
746.475 336144
746.475 336711
746.477 443378
746.500 245683
746.575 256581
746.625 230682
746.625 249021
746.625 253133
746.625 3099
746.650 239316
746.675 275562
746.675 3149
746.700 234765
746.700 336452
746.725 253626
746.800 336772
746.875 243854
747.025 246858
747.350 260555
747.350 2944
747.418 412677
747.425 258819
747.450 260525
747.500 266945
747.575 268574
747.600 261881
747.625 256583
747.725 259404
747.825 258259
747.825 265762
748.175 261122
748.300 263566
748.580 421247
748.632 440695
748.750 336532
748.789 638370
748.982 412372
749.067 395050
749.250 336471
749.300 292265
749.318 429278
749.338 534683
749.375 336684
749.500 336593
749.587 480973
749.783 462014
750.000 336567
750.050 336627
750.100 336444
750.149 457452
750.200 336741
750.200 336771
750.225 336654
750.300 336502
750.350 336812
750.375 336623
750.375 336624
750.450 336563
750.475 336862
750.500 336650
750.525 336564
750.525 336656
750.555 353429
750.625 336747
750.750 336835
750.775 336653
750.875 336801
751.025 336711
751.075 336861
751.082 470723
751.125 336777
751.225 336772
751.277 685880
751.525 336866
751.575 336775
751.925 336921
752.016 451578
753.207 479376
753.784 451670
754.669 696833
754.715 516031
755.629 737480
755.809 435316
755.938 453173
757.363 463853
757.680 416278
758.025 6050
758.100 6098
758.125 6206
758.200 6103
758.325 6049
758.450 6239
758.484 468078
758.650 18535
758.800 6259
758.956 460024
759.075 6126
759.460 461591
759.696 489193
759.722 412184
760.050 339786
760.075 6286
760.180 699343
760.525 6386
760.750 6418
760.925 338613
761.104 534680
761.266 469642
761.319 577975
761.664 481282
761.714 475872
761.914 451701
761.965 413040
762.162 467175
762.811 424482
762.980 733406
763.560 503326
764.557 406475
764.700 410272
765.045 502276
765.131 478160
765.167 500108
765.564 433001
765.813 480690
766.121 520361
766.393 489027
766.746 405358
766.785 462594
767.293 426356
767.350 13370
767.931 694595
767.950 13338
768.171 507839
768.250 444203
768.387 522704
768.714 360066
769.060 499576
769.100 521353
769.329 353104
769.663 485609
770.176 429221
771.667 412780
772.068 409918
772.107 539203
772.153 435143
772.375 6124
772.623 437681
772.739 486519
773.300 6286
773.350 6259
773.499 353104
773.972 456565
774.246 400673
774.250 6049
774.264 408265
774.277 504479
774.668 438463
774.733 504762
774.750 336866
774.900 6098
774.900 6103
775.125 6206
775.399 486891
775.450 336597
775.525 336627
775.624 445592
775.901 681484
776.073 503704
776.083 417566
776.102 405731
776.125 6050
776.133 682900
776.150 338613
776.476 453173
776.647 533806
776.745 378821
776.957 458787
776.990 489106
777.105 516869
777.275 336771
777.437 490334
777.636 521938
778.025 450376
778.551 356714
778.560 422217
760.825 1008
776.625 1008
778.566 404102
778.600 6418
779.289 356714
779.330 391991
779.855 435898
780.046 422767
780.303 533517
780.621 749576
780.651 522109
781.265 392013
781.288 529444
781.552 342085
781.657 346649
781.685 409465
781.691 417373
781.882 459364
782.192 446610
782.212 402563
782.731 523749
782.933 537681
783.053 382564
784.479 461253
784.771 528631
784.969 658408
785.225 18535
785.315 348048
785.325 538610
785.663 625992
786.031 457837
786.248 374158
786.433 496174
787.125 6386
787.150 6049
787.200 6126
787.476 438595
787.545 471636
787.550 6124
787.650 6286
788.125 6206
788.375 6239
788.450 336861
788.450 6098
788.675 336921
788.900 6259
789.100 475524
789.107 485398
789.220 422783
789.250 6050
789.311 483702
789.714 477995
789.948 427241
790.200 336654
790.200 483776
790.225 6418
790.477 461287
790.493 407714
790.605 499612
790.619 350088
790.705 508327
791.774 459259
792.752 479874
792.766 477687
793.040 408487
793.175 18452
793.500 515037
793.680 508294
794.296 504250
794.451 349528
794.582 441375
794.989 451130
795.036 443861
795.361 365089
795.587 459792
795.603 359405
796.518 454907
797.217 416278
797.244 416207
797.537 468476
797.561 362666
797.638 468978
797.763 338994
797.921 369493
798.282 469258
798.339 427877
798.409 423586
798.416 651852
798.428 490417
798.653 475673
798.971 348657
799.317 398622
799.469 480478
799.700 6103
799.987 351501
800.409 496036
800.684 365397
800.878 425845
801.725 6049
801.738 338802
802.525 6050
802.525 6286
802.628 465911
802.950 338613
787.775 1008
802.250 1008
803.150 6126
803.225 6098
803.296 409305
803.382 356125
803.400 6239
803.611 427816
803.732 388086
803.773 736724
804.000 6124
804.429 514677
804.450 6206
804.684 633417
804.800 336921
804.803 416272
804.858 427229
805.400 6418
805.475 537647
805.500 6386
806.089 414494
806.439 386154
807.019 423405
807.198 428657
807.393 523755
807.727 522917
807.750 18454
808.404 425654
808.432 457626
808.594 535511
808.950 447655
809.013 526087
809.032 519559
809.218 686348
809.529 409781
809.720 524833
809.882 446118
809.883 510482
810.177 517568
810.504 498666
810.691 715920
810.881 530480
811.449 423592
812.632 442105
813.230 719281
813.259 742807
813.271 375221
813.913 499921
814.272 442816
814.618 691760
814.700 6259
814.900 18616
814.940 436780
815.027 529289
815.325 6049
815.328 367072
815.350 6124
815.802 500662
815.858 465772
816.444 409501
816.675 6050
816.740 406178
816.761 425639
817.005 493518
817.025 336650
817.469 445451
817.475 6206
817.700 6418
817.825 6386
818.175 6239
818.229 438881
818.323 432081
818.500 338613
818.544 505073
818.586 479856
818.775 6126
819.254 493651
819.350 244433
819.475 418227
820.460 422523
820.691 473388
820.728 462036
820.777 364658
821.189 517118
822.220 483165
822.568 542091
822.939 754327
822.945 766696
823.002 424867
823.401 533792
823.659 422551
824.238 708270
824.473 447323
824.500 416220
824.625 18616
824.950 709611
824.960 385383
825.404 464577
825.622 465920
826.153 452488
826.276 423985
826.350 221027
826.867 472009
827.050 6049
817.275 1008
827.103 497039
827.256 401463
827.400 336142
828.069 436663
828.070 444362
828.223 441520
828.379 405299
828.400 6050
828.464 374899
828.675 6126
828.975 6103
829.225 336443
829.425 336567
829.481 436481
829.567 418011
830.125 6124
830.125 6239
830.500 6259
830.703 443371
831.086 513681
831.275 336623
831.650 6286
831.969 480441
832.268 538290
832.749 512615
832.800 336861
832.825 6418
832.889 431391
832.892 436675
832.925 336866
833.699 729501
833.721 480914
834.165 464608
834.756 505724
834.784 428385
834.825 336771
837.100 3149
837.633 710754
837.637 412304
837.763 516723
837.918 408775
838.504 543338
839.225 506218
839.288 419318
839.474 350686
840.078 449461
841.105 523749
841.533 451372
842.025 6050
842.025 6098
842.100 6206
842.174 725598
842.309 521111
842.378 434159
842.532 774478
842.675 6239
842.775 6124
842.850 6103
842.894 428311
843.232 415827
843.275 6126
843.325 6259
843.425 230661
843.525 6049
843.525 6386
843.800 338613
843.840 739674
844.040 460015
844.350 336471
844.878 449217
844.916 449461
845.275 507195
845.675 336835
845.774 458665
845.850 336866
845.875 438263
846.084 351325
846.167 466989
846.175 6418
846.536 446610
846.815 425947
846.946 406875
847.110 344636
847.474 479911
847.506 467605
848.075 389165
848.085 693109
848.696 438563
849.319 512512
849.726 394007
849.841 478024
850.189 718283
850.200 505671
850.411 427229
851.199 523210
851.766 484657
851.943 457805
852.130 508963
852.360 467452
852.513 540696
852.639 437683
852.779 493005
833.675 1008
853.223 498989
853.245 433857
853.371 442928
853.554 763136
853.600 399335
854.250 6050
854.850 6239
854.960 464645
854.985 533706
855.275 6286
855.475 6126
855.500 6098
855.725 6103
856.046 526145
856.079 526957
856.096 436856
856.300 336741
856.675 6049
856.691 680211
856.800 235812
857.100 230092
857.183 408944
857.278 428646
857.300 230631
857.560 522060
857.764 644423
858.098 478166
858.375 6206
858.375 6386
858.668 429751
858.685 389433
858.953 733451
859.175 6418
859.227 737480
859.600 6259
859.650 6124
859.675 336144
859.700 256581
859.700 2881
859.755 534683
859.900 18616
859.900 230094
860.000 233597
860.100 336921
860.625 229495
860.675 336142
860.925 224467
861.075 2901
861.075 2902
861.150 2946
861.184 433074
861.249 503704
861.375 245170
861.500 221617
861.798 513395
862.000 230142
862.025 228923
862.275 2923
862.525 2989
862.550 336230
862.950 242200
863.050 451803
863.151 422937
863.300 232406
863.550 2970
863.600 233559
863.625 230661
863.675 234765
863.675 2947
863.750 232520
863.825 2944
863.850 230127
863.875 243894
864.023 497153
864.025 224904
864.083 420038
864.100 2990
864.139 408500
864.150 232411
864.150 2969
864.170 467814
864.175 229482
864.182 428748
864.271 748520
864.275 230065
864.350 232342
864.375 232350
864.400 231779
864.412 723962
864.450 2881
864.500 230703
864.650 227815
864.650 238125
864.687 715219
864.708 462891
864.725 336471
864.750 232412
864.750 239290
864.775 230610
864.775 239831
864.825 251961
865.025 236369
857.900 1008
865.075 3099
865.093 509070
865.125 231290
865.150 235907
865.225 240547
865.275 235983
865.275 292265
865.300 3012
865.343 520193
865.350 230682
865.356 366754
865.375 234733
865.392 410969
865.400 234106
865.400 242166
865.425 239381
865.442 405366
865.450 20808
865.475 230076
865.475 336532
865.514 536818
865.575 246850
865.600 247899
865.675 237015
865.675 336502
865.700 232404
865.750 236494
865.759 434795
865.775 236440
865.850 231826
865.950 2901
866.000 336443
866.000 336444
866.075 236436
866.100 2902
866.125 230058
866.150 251997
866.175 239895
866.200 336144
866.300 20825
866.300 336452
866.325 248511
866.350 234697
866.375 336563
866.475 20824
866.478 653762
866.550 2946
866.586 402903
866.625 234196
866.650 336593
866.722 389428
866.725 243883
866.725 250288
866.750 236371
866.750 243393
866.750 3054
866.775 240475
866.825 3010
866.875 243932
866.925 234659
866.925 237516
866.925 2923
867.000 235789
867.000 239844
867.050 336567
867.050 336624
867.075 336623
867.075 336627
867.150 263566
867.200 247374
867.225 239316
867.225 246135
867.250 20822
867.250 238687
867.300 243967
867.325 242254
867.400 336597
867.422 481982
867.425 234743
867.425 240490
867.450 241594
867.450 336564
867.475 261881
867.525 235279
867.533 448440
867.550 336653
867.600 20840
867.600 241056
867.625 241043
867.650 237535
867.725 248482
867.750 239311
867.750 244477
867.750 336684
867.775 243931
867.775 244538
867.781 453809
867.850 239318
867.875 237533
867.875 336656
867.900 244003
867.925 2970
867.950 239865
867.950 242734
867.950 336654
867.950 336680
867.975 243321
868.000 275592
868.125 244496
868.175 246826
868.225 245582
868.225 2989
868.250 239350
868.250 336812
868.275 242747
868.275 247424
868.300 236418
868.300 241602
868.375 244530
868.375 2947
868.381 505698
868.400 254190
868.425 243419
868.450 251966
868.475 336711
868.525 245608
868.550 2969
868.575 2990
868.650 253660
868.650 336777
868.675 245683
868.675 2944
868.675 336650
868.711 467344
868.750 238742
868.750 243993
868.775 240484
868.800 245022
868.825 245672
868.850 245579
868.850 251349
868.975 246207
868.975 336747
869.067 717590
869.146 437492
869.150 250849
869.150 336775
869.171 406897
869.175 253626
869.175 256583
869.200 243854
869.238 468530
869.300 245681
869.300 336741
869.375 246858
869.375 266425
869.525 247864
869.525 336771
869.550 241120
869.625 252592
869.725 336802
869.825 257113
869.875 248585
869.925 253133
869.950 244428
869.966 443471
869.997 520192
870.000 257729
870.050 336471
870.100 256096
870.150 255348
870.150 3012
870.175 249021
870.250 244433
870.250 250745
870.253 705533
870.275 336866
870.300 251375
870.300 336801
870.325 254329
870.350 336835
870.425 336502
870.450 336772
870.700 3149
870.700 336863
870.725 336862
870.850 256581
870.875 336563
870.900 336861
870.975 336532
871.100 336593
871.196 425046
871.200 258819
871.200 3099
871.250 258793
871.400 3054
871.440 513709
871.525 336921
871.550 266945
871.625 261122
871.712 418209
871.725 3010
872.091 421431
872.125 259998
872.175 336567
872.200 259404
872.325 260525
872.375 336443
872.400 336444
872.400 336623
872.425 256551
872.425 259424
872.464 532009
872.475 268574
872.492 461968
872.689 412893
872.700 336624
872.800 262874
872.875 265762
872.875 275562
872.875 336653
872.875 336656
872.896 518206
872.900 265802
872.950 265853
873.025 260033
873.050 336684
873.092 400516
873.097 533408
873.100 336812
873.250 258259
873.386 397646
873.425 336627
873.450 336711
873.700 336597
873.805 428096
873.990 542648
874.000 260555
874.187 412955
874.227 513232
874.306 490153
874.325 336775
874.431 722462
874.700 336680
874.733 458560
875.083 366692
875.158 339254
875.188 433395
875.600 336747
875.735 497737
875.900 3149
876.096 536550
876.275 336802
876.322 432331
876.675 336866
876.700 336771
876.791 519501
876.981 480742
877.003 434769
877.435 405648
877.505 429731
877.576 366201
877.581 390190
878.023 341323
878.733 480487
880.180 446576
880.189 467344
880.800 6050
880.875 6098
880.907 757237
881.000 6049
881.089 506019
881.100 6239
881.129 449405
881.350 6126
881.450 338613
881.462 454533
881.643 455362
881.767 424130
881.889 492493
881.934 519272
884.375 6206
884.504 417523
884.928 532597
885.125 6286
885.154 475694
885.250 13440
885.350 6259
885.355 416063
885.684 428957
885.703 422416
886.001 433159
886.069 427338
886.149 524457
886.177 413428
886.412 760150
886.455 496772
886.575 540286
886.650 6386
887.292 535446
887.411 736092
887.550 6418
887.707 404852
887.808 443531
888.037 454308
888.173 411943
881.400 1008
888.352 527208
888.382 767163
888.419 409497
888.975 18778
889.006 525347
890.325 413263
890.778 752282
891.537 723744
891.850 407181
892.328 531009
892.400 433074
892.696 425626
892.758 463789
892.788 414453
893.005 701708
893.019 516197
893.055 338755
893.529 527213
893.575 336567
893.583 359086
894.100 6103
894.627 414994
894.886 540518
895.002 491518
895.134 485841
895.173 688329
895.375 14111
895.574 496846
895.751 403072
895.876 717093
895.989 494615
896.203 429223
896.399 536175
896.789 406152
896.875 6124
897.082 404609
898.281 346887
898.298 639378
898.590 393781
898.850 336563
898.934 380517
899.091 348263
899.250 6286
899.341 409075
899.575 6098
899.659 378642
899.928 414237
900.268 504428
900.600 452577
900.956 461061
901.119 517066
901.140 451222
901.339 487851
901.380 720460
901.597 421722
901.770 361900
902.153 486458
902.275 6050
902.368 450416
902.461 438950
902.575 6049
902.723 419934
902.950 13691
904.314 496412
904.856 685057
904.893 762485
905.216 504129
905.222 421694
905.318 537295
905.423 509049
905.525 6126
905.728 418227
905.998 475645
906.206 758041
906.327 383063
906.418 413208
906.620 513830
906.989 414337
907.456 400889
908.716 410353
908.930 455325
908.931 533542
909.618 490547
910.079 752430
910.270 403334
910.355 442912
910.364 459547
910.908 434152
911.212 537502
911.480 422661
911.782 413849
912.149 486228
912.197 521509
912.245 775415
912.444 492355
912.450 6103
912.483 531065
912.650 6259
913.200 6239
913.825 6206
913.939 423416
914.122 419179
897.125 1008
910.875 1008
914.334 526424
914.422 429608
914.431 534881
914.975 6050
914.999 508207
915.050 338613
915.200 6386
915.400 6049
915.500 6418
915.633 481187
915.950 6124
916.203 721202
916.400 6098
917.038 684926
917.100 336835
917.133 463762
917.400 13827
918.952 382844
919.380 504170
919.675 336653
920.057 428306
920.180 434260
920.347 711506
920.375 336142
920.600 13546
920.962 513924
921.291 460934
921.344 721825
921.519 361088
921.668 347756
922.302 464559
922.921 487851
923.055 403171
923.192 533659
923.395 480973
923.723 507567
924.798 776642
926.105 368083
926.109 447777
926.118 424378
926.668 736066
926.713 447510
926.895 419317
926.963 707148
927.058 434038
927.329 432766
927.427 683537
927.675 6126
928.250 6286
928.427 494615
928.691 451123
928.869 438122
929.125 6098
929.200 6259
929.242 459059
929.411 517822
929.528 447457
929.650 6239
929.700 6206
929.936 698194
929.994 449847
930.095 462178
930.275 6103
930.589 434774
930.959 487078
931.154 525771
931.230 467386
931.325 6049
931.525 708993
931.605 693162
931.675 338613
931.800 6050
932.010 433488
932.072 476352
932.244 446994
932.441 469724
932.833 533636
932.975 6124
932.995 517426
933.100 6386
933.385 427788
933.832 479362
934.241 379521
934.473 429711
934.634 532268
934.882 721106
935.212 468742
935.829 425891
935.877 406315
936.431 457077
936.559 483873
937.127 433106
937.723 653762
938.296 346041
938.450 444291
939.087 412780
939.406 733492
939.442 386882
939.484 413965
939.659 533554
940.060 366215
940.434 395050
932.100 1008
940.585 537647
941.124 651242
941.875 6418
942.136 359055
942.445 414166
942.569 415736
942.600 6124
942.850 6206
942.950 6286
943.150 474536
943.330 687612
943.500 6049
943.512 492289
943.568 511324
943.573 353429
943.775 6259
944.175 6126
944.700 6098
945.018 475607
945.125 336563
945.225 6386
945.687 393328
945.975 6050
945.994 477946
946.025 6239
946.069 530742
946.125 338613
946.225 336775
946.425 336801
946.806 752717
947.264 379196
947.670 486737
948.669 452488
949.167 421234
949.718 742224
950.358 464532
950.405 465603
950.438 440054
950.837 482454
950.889 504250
951.254 411578
951.435 395050
951.746 525858
951.858 470550
952.531 372583
952.751 389868
952.857 525612
953.578 480395
954.018 408309
954.138 481489
954.217 479716
954.375 452030
954.386 524506
954.866 434711
954.980 471854
955.197 339606
955.290 525612
955.477 429039
955.598 416194
955.744 455510
956.550 6103
956.645 382158
956.719 414465
957.193 477579
957.444 522668
957.455 504694
957.575 6049
958.125 6286
958.150 6050
958.175 6418
958.500 244538
958.525 6126
958.641 435898
958.850 6259
958.970 444064
959.003 414329
959.175 6206
959.365 475939
959.455 701708
959.575 336835
959.675 6239
959.750 6124
959.800 731832
960.188 721202
960.350 6386
960.409 404785
960.662 486572
960.737 521054
960.762 764011
960.826 419959
960.889 520700
961.306 456905
961.600 232342
961.625 336650
961.725 336680
961.825 338613
961.850 251997
962.061 508515
962.150 336801
962.318 498225
962.460 515469
963.309 412410
945.400 1008
961.575 1008
963.948 352091
964.715 413090
964.874 356896
965.311 772134
965.761 420361
965.961 774478
966.141 490600
966.460 450416
968.428 417566
968.679 756112
969.344 637812
969.432 448901
970.242 419006
970.505 420128
970.538 509539
970.550 422738
970.579 513944
970.913 468742
971.250 6386
971.625 265853
971.625 336775
972.337 433576
972.425 6103
972.644 415287
972.700 6049
972.775 6050
972.807 482605
972.957 448044
973.025 6286
973.100 6206
973.125 18616
973.125 6098
973.465 526625
973.825 6126
973.876 468393
973.900 6418
974.283 345428
974.676 422586
975.100 240484
975.108 509796
975.300 231826
975.499 507853
975.500 338613
975.855 382658
976.072 474766
976.287 492785
976.425 221617
976.535 533636
976.600 537844
976.775 248482
976.900 517898
976.900 6239
977.050 241043
977.212 437224
977.431 340563
977.768 384200
977.795 357227
978.206 419145
978.345 470723
978.775 230661
979.063 436505
979.129 407606
979.147 535186
979.450 239290
980.209 494987
980.300 235983
980.375 232520
980.550 247899
980.610 407284
980.967 728626
980.975 230094
981.150 336144
981.199 534125
981.326 343856
981.493 503353
981.700 239381
981.725 2881
981.800 18616
981.925 221027
982.217 449482
982.300 233597
982.300 246850
982.425 247374
982.425 2923
982.477 365655
982.525 20795
982.600 336142
982.700 336452
982.850 228923
982.925 2901
982.975 232412
983.025 235812
983.056 444733
983.100 224467
983.350 230610
983.387 402240
983.525 2970
983.675 20776
983.700 234765
983.725 230092
983.750 2902
983.850 20774
978.050 1008
983.875 229495
983.897 753353
983.950 234697
983.975 237516
984.025 2944
984.050 2946
984.125 224904
984.125 245683
984.150 2947
984.175 230142
984.225 239865
984.250 230065
984.350 238206
984.375 232411
984.450 336230
984.500 230127
984.500 232350
984.500 234733
984.525 236440
984.550 336444
984.625 240490
984.650 236418
984.700 234196
984.721 469595
984.750 234743
984.775 230631
984.800 236494
984.800 2969
984.836 468209
984.900 239316
984.925 236369
984.975 244530
985.050 20808
985.050 230076
985.050 234106
985.075 227815
985.083 663023
985.100 2989
985.175 336443
985.220 409196
985.225 2990
985.275 250288
985.300 3012
985.325 236436
985.350 238687
985.375 275562
985.430 403396
985.450 261881
985.500 230703
985.500 243993
985.525 20825
985.575 336502
985.657 739343
985.675 240547
985.706 436345
985.725 232342
985.750 231290
985.750 241056
985.750 243894
985.775 237015
985.775 336567
985.825 20824
985.850 232404
985.875 243932
985.950 238125
986.000 230058
986.000 236371
986.050 336593
986.100 336144
986.150 230682
986.150 233559
986.175 229482
986.175 239895
986.200 232406
986.250 253660
986.275 243854
986.275 336471
986.275 336624
986.300 235907
986.300 254190
986.350 231826
986.350 241602
986.475 231779
986.475 237535
986.575 244477
986.600 246826
986.625 3010
986.650 336597
986.800 18535
986.800 237533
986.803 429278
986.825 256096
986.875 20840
986.925 20822
986.925 234659
986.925 245170
987.000 235279
987.000 248511
987.000 250849
987.050 243419
987.200 239844
987.250 240475
987.275 243321
987.300 246858
987.325 6386
987.327 522440
987.364 439907
987.400 336812
987.450 2923
987.575 336653
987.600 242166
987.600 2901
987.700 434242
987.704 462136
987.750 241043
987.750 244003
987.750 336777
987.775 256581
987.825 239311
987.850 336627
987.875 243967
987.908 726076
987.925 245672
987.975 242200
988.000 241594
988.100 239831
988.100 336563
988.125 2970
988.200 242254
988.225 239350
988.225 243931
988.250 253133
988.250 336747
988.325 248585
988.350 235789
988.350 2902
988.375 252592
988.375 336564
988.400 244428
988.400 3054
988.475 241120
988.525 244538
988.525 336623
988.575 246135
988.575 3149
988.575 336741
988.596 502845
988.600 242734
988.625 2946
988.625 2947
988.650 239318
988.675 336775
988.700 251961
988.750 260555
988.750 2944
988.750 336656
988.775 244496
988.800 258793
988.800 336532
988.825 6418
988.850 245608
988.900 246207
988.925 251966
988.950 336680
988.975 243883
989.000 336650
989.000 336654
989.025 245022
989.025 247424
989.075 261122
989.100 336862
989.150 245579
989.150 249021
989.250 238742
989.250 336802
989.350 2989
989.350 3099
989.375 242747
989.400 259998
989.450 245681
989.450 251997
989.475 256551
989.500 245582
989.500 336801
989.500 336835
989.518 460319
989.600 2990
989.625 243393
989.700 247864
989.750 336771
989.800 3012
989.925 251375
989.950 251349
989.950 263566
990.000 254329
990.075 240484
990.075 253626
990.075 257729
990.075 266945
990.200 256583
990.225 244433
990.275 248482
990.300 265802
990.475 336863
990.498 479060
990.838 450594
990.850 259404
990.925 260033
990.950 262874
991.000 257113
991.000 450594
991.075 259424
991.130 343383
991.150 336861
991.200 336711
991.225 3010
991.272 386882
991.272 417335
991.275 258259
991.700 255348
991.742 426248
991.772 377199
991.800 265762
991.800 266425
991.828 381813
991.850 260525
991.950 336684
991.975 250745
992.025 258819
992.373 487026
992.668 350088
992.731 431845
992.950 336772
993.050 268574
993.175 462406
993.250 18616
993.309 405539
993.350 336921
993.375 3149
993.425 275592
993.450 265853
993.617 455856
993.731 506012
994.103 513924
994.189 455049
994.225 336812
994.400 336866
994.700 336777
994.930 421544
995.019 417081
995.025 336775
995.039 388086
995.172 757043
995.400 292265
995.749 451107
996.374 382564
996.538 403959
996.764 443640
997.330 495940
997.622 485825
998.159 721052
998.507 514580
998.512 467502
999.100 6049
999.503 542595
999.620 507854
999.696 499209
999.807 708260
999.896 444162
999.900 6050
999.964 514147
1000.012 479627
1000.635 714331
1000.905 533903
1001.029 429305
1001.188 385279
1001.301 696610
1001.398 470272
1001.475 6103
1001.534 532174
1001.736 512926
1001.843 493600
1002.069 453604
1002.075 6206
1002.195 472369
1002.231 429801
1002.403 490799
1002.712 684097
1002.796 700841
1003.025 18535
1003.550 6286
1003.667 439727
1004.241 499751
1004.488 506217
1004.580 356125
1005.150 338613
1005.275 6259
1005.307 539523
1005.675 482513
1005.686 441893
1005.787 402371
1005.821 370301
1006.251 711506
1006.919 411943
1006.923 404599
1007.370 423883
