0	0
0.5	4.01131e-06
1	4.01179e-06
1.5	4.01187e-06
2	4.0118e-06
2.5	4.01165e-06
3	4.01146e-06
3.5	2.76072e-06
4	1.92722e-06
4.5	-2.88989e-08
5	-2.48413e-06
5.5	-3.65368e-06
6	-5.11432e-06
6.5	-6.14164e-06
7	-7.62147e-06
7.5	-8.22396e-06
8	-6.85483e-06
8.5	-5.9711e-06
9	-6.56589e-06
9.5	-7.48437e-06
10	-9.2934e-06
10.5	-1.01725e-05
11	-1.04729e-05
11.5	-1.03352e-05
12	-9.90416e-06
12.5	-9.5956e-06
13	-9.2084e-06
13.5	-5.96054e-06
14	-2.74161e-05
14.5	-4.57196e-05
15	-1.91576e-05
15.5	7.20114e-06
16	5.95865e-05
16.5	6.16298e-05
17	4.19429e-05
17.5	7.59005e-05
18	0.000127708
18.5	0.000168826
19	0.000164452
19.5	0.000116123
20	-0.000244927
20.5	-9.63673e-05
21	-8.32909e-05
21.5	-8.53852e-05
22	-6.70954e-05
22.5	-5.30331e-05
23	-4.65514e-05
23.5	-4.27366e-05
24	-3.68791e-05
24.5	-3.26975e-05
25	-5.54538e-05
25.5	-5.44145e-05
26	-4.1579e-05
26.5	-3.2466e-05
27	-2.54335e-05
27.5	-2.31279e-05
28	-2.07225e-05
28.5	4.6665e-05
29	7.4522e-05
29.5	0.000183727
30	0.000265967
30.5	0.000364537
31	0.000568595
31.5	0.000415573
32	0.000257312
32.5	0.000149913
33	0.000116622
33.5	0.000102956
34	6.20543e-05
34.5	1.99263e-05
35	1.55802e-05
35.5	-2.49949e-05
36	-3.04747e-05
36.5	-3.79348e-05
37	-4.16541e-05
37.5	-4.28114e-05
38	-3.9766e-05
38.5	-3.88798e-05
39	-3.24094e-05
39.5	-2.52462e-05
40	-1.56802e-05
40.5	-1.38094e-05
41	-1.22729e-05
41.5	-1.07278e-05
42	-8.39729e-06
42.5	-5.58588e-06
43	-3.65006e-06
43.5	-1.55603e-06
44	6.34416e-07
44.5	2.13637e-06
45	3.00099e-06
45.5	2.91618e-06
46	2.95479e-06
46.5	2.43306e-06
47	7.80545e-07
47.5	-5.00664e-07
48	-2.43729e-06
48.5	-4.17634e-06
49	-1.36726e-06
49.5	2.65223e-06
50	1.62846e-06
50.5	-6.47648e-07
51	-3.39563e-06
51.5	-5.57666e-06
52	-6.90654e-06
52.5	-1.24863e-06
53	-2.63211e-06
53.5	1.29895e-06
54	1.65218e-06
54.5	6.85569e-07
55	-3.06269e-07
55.5	-1.15898e-06
56	-1.97248e-06
56.5	-3.23022e-06
57	-3.9491e-06
57.5	-4.47762e-06
58	-5.33834e-06
58.5	-6.5937e-06
59	-7.64973e-06
59.5	-9.28573e-06
60	-9.83397e-06
60.5	-1.14611e-05
61	-1.22627e-05
61.5	-1.26016e-05
62	-1.28442e-05
62.5	-1.34616e-05
63	-1.22456e-05
63.5	-1.38906e-05
64	-1.49977e-05
64.5	-1.64179e-05
65	-1.76934e-05
65.5	-1.58667e-05
66	-1.46827e-05
66.5	-1.38866e-05
67	-1.05075e-05
67.5	-7.50862e-06
68	-5.9182e-06
68.5	-7.84181e-06
69	-8.20832e-06
69.5	-6.1482e-06
70	-6.49534e-06
70.5	-8.60279e-06
71	-9.99916e-06
71.5	-1.16662e-05
72	-1.20583e-05
72.5	-1.0882e-05
73	-9.30646e-06
73.5	-8.2904e-06
74	-4.51623e-05
74.5	-5.96278e-05
75	-5.71423e-05
75.5	-7.51219e-05
76	-6.77244e-05
76.5	-6.11143e-05
77	-5.83921e-05
77.5	-4.57197e-05
78	-3.77218e-05
78.5	-3.33535e-05
79	-2.5904e-05
79.5	-2.12906e-05
80	1.20574e-07
80.5	1.00247e-05
81	1.01048e-05
81.5	1.14798e-05
82	1.19993e-05
82.5	1.04305e-05
83	7.34383e-06
83.5	5.22629e-06
84	2.79635e-06
84.5	1.45939e-06
85	-6.44937e-07
85.5	-2.55494e-06
86	-3.4937e-06
86.5	-3.22582e-06
87	-2.84238e-06
87.5	-2.89265e-06
88	-3.35744e-06
88.5	-3.58092e-06
89	-4.162e-06
89.5	-6.67609e-06
90	-8.0042e-06
90.5	-8.55464e-06
91	-8.9691e-06
91.5	-9.63555e-06
92	-1.11348e-05
92.5	-1.27416e-05
93	-1.40713e-05
93.5	-1.44074e-05
94	6.63044e-06
94.5	2.31808e-05
95	2.47312e-05
95.5	2.10717e-05
96	1.62414e-05
96.5	4.47146e-06
97	1.35689e-05
97.5	2.03264e-05
98	1.85463e-05
98.5	1.28566e-05
99	-2.45534e-06
99.5	-5.73478e-06
100	-2.69591e-06
100.5	2.73654e-07
101	1.62311e-06
101.5	1.80382e-06
102	1.3097e-06
102.5	1.44446e-06
103	1.25225e-06
103.5	4.40825e-07
104	-2.19127e-07
104.5	-1.79676e-07
105	-5.68885e-07
105.5	-2.25473e-06
106	-4.69104e-06
106.5	-1.21324e-05
107	-8.86367e-06
107.5	-3.21956e-06
108	1.17453e-05
108.5	9.59928e-06
109	8.60741e-06
109.5	8.40635e-06
110	1.29485e-05
110.5	7.71341e-06
111	-2.25458e-05
111.5	-2.01799e-05
112	-2.34299e-05
112.5	-2.26194e-05
113	-6.84545e-05
113.5	-0.000104102
114	-0.000104454
114.5	-0.000226183
115	-0.000148507
115.5	-0.000124551
116	-0.000101857
116.5	-7.60815e-05
117	-9.18328e-05
117.5	-9.36315e-05
118	-8.74536e-05
118.5	-8.56023e-05
119	-0.000100578
119.5	-9.6824e-05
120	3.23758e-05
120.5	0.000237108
121	0.000387025
121.5	0.00026002
122	-3.56863e-05
122.5	-9.65436e-05
123	-4.99158e-05
123.5	-4.87906e-05
124	-4.90633e-05
124.5	-3.31931e-05
125	2.45546e-05
125.5	3.51446e-05
126	-2.79449e-05
126.5	-5.69828e-05
127	-7.7058e-05
127.5	-7.66075e-05
128	-6.20353e-05
128.5	-3.76236e-05
129	-3.08081e-05
129.5	-3.0746e-05
130	-3.08739e-05
130.5	-3.07291e-05
131	-2.87808e-05
131.5	-2.62288e-05
132	-2.35816e-05
132.5	-2.067e-05
133	-1.76064e-05
133.5	-1.45943e-05
134	-1.12054e-05
134.5	-8.20183e-06
135	-5.97608e-06
135.5	-4.09853e-06
136	-2.53077e-06
136.5	-2.82312e-06
137	-3.17868e-06
137.5	-4.81329e-06
138	-4.28112e-07
138.5	6.20436e-06
139	1.70685e-05
139.5	1.47426e-05
140	1.5204e-05
140.5	1.01987e-05
141	1.29182e-05
141.5	1.02764e-05
142	4.63294e-06
142.5	2.38777e-06
143	1.75803e-06
143.5	1.64824e-06
144	1.31299e-06
144.5	2.0812e-07
145	-1.11145e-06
145.5	-2.44698e-06
146	-3.07204e-06
146.5	-3.91808e-06
147	-4.62754e-06
147.5	-4.62632e-06
148	-4.30215e-06
148.5	-3.86366e-06
149	-4.70896e-06
149.5	-5.61946e-06
150	-6.46212e-06
150.5	-6.30341e-06
151	-5.97954e-06
151.5	-6.46274e-06
152	-6.94583e-06
152.5	-7.77412e-06
153	-7.72995e-06
153.5	-6.31071e-06
154	-7.71588e-06
154.5	-1.27478e-05
155	-1.45479e-05
155.5	-1.2194e-05
156	-8.4589e-06
156.5	-4.88805e-06
157	-3.2188e-06
157.5	2.68349e-06
158	2.51978e-06
158.5	6.26059e-06
159	6.04621e-06
159.5	3.24294e-06
160	1.50962e-06
160.5	1.0088e-06
161	5.55693e-07
161.5	4.61393e-08
162	-3.69934e-07
162.5	-9.37831e-07
163	-1.44039e-06
163.5	-1.92185e-06
164	-3.54477e-06
164.5	-4.91639e-06
165	-5.24484e-06
165.5	-6.01845e-06
166	-6.66956e-06
166.5	-6.42499e-06
167	-6.27902e-06
167.5	-1.36751e-05
168	-1.71243e-05
168.5	-1.04827e-05
169	-1.08187e-05
169.5	-1.33374e-05
170	-1.3629e-05
170.5	-2.01171e-07
171	4.54283e-06
171.5	-7.65905e-06
172	-1.45904e-05
172.5	-7.18257e-06
173	1.57517e-06
173.5	2.07124e-05
174	1.96792e-05
174.5	1.59387e-05
175	1.31667e-05
175.5	-8.28642e-06
176	-1.19836e-05
176.5	2.84321e-06
177	6.14841e-06
177.5	4.31595e-06
178	2.08345e-06
178.5	5.24823e-07
179	-2.00681e-07
179.5	-7.37682e-07
180	-9.75482e-07
180.5	-9.36154e-07
181	-1.11508e-06
181.5	-1.74354e-06
182	-6.85154e-06
182.5	-1.74606e-05
183	-2.07604e-05
183.5	-1.851e-05
184	-1.11103e-05
184.5	1.4245e-06
185	1.09834e-05
185.5	9.18552e-06
186	-6.48803e-05
186.5	-6.97482e-05
187	-6.63307e-05
187.5	-5.90683e-05
188	-4.67981e-05
188.5	-3.94867e-05
189	-3.26321e-05
189.5	-2.7606e-05
190	-2.45818e-05
190.5	-2.15261e-05
191	-1.85878e-05
191.5	-1.60033e-05
192	-1.37472e-05
192.5	-1.2959e-05
193	-1.18311e-05
193.5	-1.07035e-05
194	-1.04577e-05
194.5	-9.6235e-06
195	-8.62447e-06
195.5	-8.20077e-06
196	-7.76381e-06
196.5	-7.29928e-06
197	-6.31571e-06
197.5	-6.22963e-06
198	-6.2753e-06
198.5	-3.2039e-06
199	-2.24431e-06
199.5	1.6543e-06
200	9.6416e-06
200.5	1.0693e-05
201	7.6211e-06
201.5	1.17065e-05
202	0.000108911
202.5	0.000153782
203	0.000146876
203.5	0.000122339
204	9.78695e-05
204.5	7.85247e-05
205	6.63536e-05
205.5	5.49303e-05
206	4.12305e-05
206.5	3.25874e-05
207	2.1012e-05
207.5	1.40618e-05
208	8.06485e-06
208.5	2.77888e-06
209	-3.09362e-07
209.5	-2.1655e-06
210	-2.66539e-06
210.5	-2.89818e-06
211	-3.08311e-06
211.5	-3.11716e-06
212	-3.73171e-06
212.5	-1.35168e-06
213	9.86308e-07
213.5	1.00481e-06
214	8.75015e-06
214.5	9.1338e-06
215	1.85104e-05
215.5	1.42009e-05
216	1.12672e-05
216.5	6.42788e-06
217	5.91166e-06
217.5	5.18226e-06
218	4.64881e-06
218.5	2.79857e-06
219	1.06935e-05
219.5	2.14253e-05
220	1.74689e-05
220.5	1.20776e-05
221	1.01251e-05
221.5	1.26755e-05
222	9.61014e-06
222.5	6.75273e-06
223	6.28657e-06
223.5	-1.75845e-05
224	-1.414e-05
224.5	1.33629e-05
225	-1.55002e-05
225.5	-2.53966e-05
226	-2.45596e-05
226.5	-1.76849e-05
227	-1.18302e-05
227.5	-1.15506e-05
228	4.58526e-06
228.5	3.4347e-05
229	2.63683e-05
229.5	0.000213649
230	0.000325479
230.5	0.00040125
231	0.00063487
231.5	0.00048895
232	0.000256918
232.5	0.000120238
233	3.32153e-05
233.5	-1.70361e-05
234	1.42829e-05
234.5	-1.84711e-05
235	-2.38354e-05
235.5	-2.15366e-05
236	-3.17484e-05
236.5	-3.6601e-05
237	-4.25087e-05
237.5	-5.19422e-05
238	-4.83867e-05
238.5	-4.55095e-05
239	-4.33677e-05
239.5	-4.00052e-05
240	-3.71893e-05
240.5	-3.47009e-05
241	-3.0224e-05
241.5	-2.49954e-05
242	-1.96813e-05
242.5	-1.48621e-05
243	-1.07061e-05
243.5	-6.89084e-06
244	-4.48385e-06
244.5	-2.25132e-06
245	-8.37877e-07
245.5	3.52291e-07
246	9.78253e-08
246.5	-8.47053e-07
247	-6.44761e-07
247.5	7.5692e-06
248	8.90178e-06
248.5	8.06249e-06
249	1.19037e-05
249.5	1.05222e-05
250	8.83873e-06
250.5	7.15255e-06
251	2.96011e-06
251.5	2.11827e-06
252	4.04114e-06
252.5	4.52631e-06
253	4.45458e-06
253.5	4.31556e-06
254	2.43632e-06
254.5	1.31667e-06
255	1.97053e-07
255.5	-1.90273e-08
256	-3.21816e-07
256.5	-1.90814e-07
257	-6.96824e-08
257.5	-7.41709e-07
258	-2.86382e-06
258.5	-3.72745e-06
259	-5.9928e-06
259.5	-9.20357e-06
260	-9.41219e-06
260.5	-9.95995e-06
261	-9.4279e-06
261.5	-2.71114e-06
262	-1.58492e-06
262.5	2.06086e-06
263	7.89079e-07
263.5	2.06578e-06
264	7.49598e-06
264.5	6.14061e-06
265	5.02097e-06
265.5	4.58365e-06
266	3.62341e-06
266.5	7.71106e-06
267	-9.74779e-06
267.5	-1.15594e-05
268	-9.3048e-06
268.5	-6.35288e-06
269	-3.20864e-06
269.5	-1.11498e-06
270	-4.01126e-07
270.5	-5.90493e-07
271	-6.3065e-07
271.5	-8.12133e-07
272	-1.04835e-06
272.5	5.97441e-07
273	-1.19134e-06
273.5	-2.93388e-06
274	-1.92869e-06
274.5	1.80355e-06
275	4.5748e-06
275.5	9.02787e-07
276	3.13893e-06
276.5	8.19084e-06
277	2.03916e-05
277.5	1.52379e-05
278	1.07648e-05
278.5	4.27546e-06
279	2.42228e-06
279.5	1.38316e-06
280	5.29889e-08
280.5	-1.26969e-06
281	-5.11001e-06
281.5	-6.76024e-06
282	-1.01661e-05
282.5	-3.11227e-06
283	5.38685e-07
283.5	8.34639e-07
284	2.92067e-07
284.5	7.06367e-08
285	2.30423e-08
285.5	-6.58076e-07
286	-2.26884e-06
286.5	-2.62853e-06
287	3.03913e-08
287.5	4.70684e-06
288	7.7722e-06
288.5	7.58266e-06
289	1.4561e-05
289.5	1.92309e-05
290	2.40173e-05
290.5	-2.295e-05
291	-3.81807e-05
291.5	-3.91993e-05
292	-3.54598e-05
292.5	-3.04762e-05
293	-2.74093e-05
293.5	-2.47627e-05
294	-2.29228e-05
294.5	-2.03645e-05
295	-1.75092e-05
295.5	-1.4563e-05
296	-1.32792e-05
296.5	-1.39738e-05
297	-1.34774e-05
297.5	-1.15565e-05
298	-8.3885e-06
298.5	-7.01378e-06
299	-6.53798e-06
299.5	-6.48448e-06
300	-6.30344e-06
300.5	-5.55868e-06
301	-7.15853e-06
301.5	-8.13985e-06
302	-8.9216e-06
302.5	-8.75531e-06
303	-7.54866e-06
303.5	-2.84204e-06
304	2.41006e-06
304.5	1.35383e-05
305	1.2817e-05
305.5	1.36773e-05
306	1.57329e-05
306.5	1.21926e-05
307	9.69549e-06
307.5	7.65711e-06
308	5.38306e-06
308.5	4.59146e-06
309	4.53418e-06
309.5	4.19085e-06
310	1.67897e-06
310.5	-4.94246e-07
311	-7.57956e-07
311.5	-3.14182e-06
312	-8.73465e-06
312.5	-6.48074e-06
313	-1.7566e-06
313.5	6.06623e-07
314	4.52292e-07
314.5	3.50378e-07
315	9.54496e-08
315.5	-1.36158e-06
316	-3.21721e-06
316.5	-4.55841e-06
317	-4.99402e-06
317.5	-6.26403e-06
318	4.65498e-06
318.5	2.03187e-05
319	1.49978e-05
319.5	8.02989e-05
320	9.24153e-05
320.5	8.64867e-05
321	7.10455e-05
321.5	4.55016e-05
322	4.97045e-05
322.5	5.57105e-05
323	4.79504e-05
323.5	3.96024e-05
324	2.97352e-05
324.5	1.32474e-05
325	1.0926e-05
325.5	8.71262e-06
326	-9.00782e-06
326.5	-3.1259e-06
327	4.05517e-06
327.5	5.17866e-06
328	4.42597e-06
328.5	2.84049e-06
329	1.6249e-06
329.5	1.04167e-05
330	3.20935e-05
330.5	2.11611e-05
331	2.2716e-05
331.5	1.57524e-05
332	5.00486e-05
332.5	4.79536e-05
333	2.74326e-05
333.5	4.55207e-05
334	3.48587e-05
334.5	1.62848e-05
335	1.29854e-05
335.5	1.78995e-05
336	-2.74856e-06
336.5	-3.50627e-06
337	-3.98153e-08
337.5	1.21846e-06
338	1.93731e-06
338.5	1.38662e-06
339	3.28635e-07
339.5	-9.67809e-07
340	-2.47909e-06
340.5	-3.37707e-06
341	-3.75343e-06
341.5	-5.22799e-06
342	-6.62919e-06
342.5	-3.67186e-06
343	-1.04557e-05
343.5	-1.21026e-05
344	-1.52384e-05
344.5	6.19495e-05
345	8.62037e-05
345.5	8.25634e-05
346	8.81194e-05
346.5	0.000176806
347	0.00019283
347.5	0.000389321
348	0.000619264
348.5	0.000527116
349	0.000268242
349.5	0.000145106
350	6.41146e-05
350.5	-1.92219e-05
351	-2.94996e-05
351.5	-4.44281e-05
352	-1.49952e-05
352.5	-3.94862e-05
353	-9.66847e-06
353.5	4.89536e-05
354	3.00714e-05
354.5	2.19358e-05
355	2.44669e-05
355.5	4.4978e-07
356	-1.91614e-05
356.5	-2.85229e-05
357	-2.00456e-05
357.5	-2.21966e-05
358	-2.93603e-05
358.5	-3.81607e-05
359	-4.45615e-05
359.5	-3.28711e-05
360	-2.60172e-05
360.5	-2.31085e-05
361	-2.01011e-05
361.5	-6.38808e-06
362	-2.92753e-06
362.5	-3.94969e-06
363	6.05182e-07
363.5	1.56131e-06
364	1.76536e-06
364.5	2.76469e-06
365	3.41624e-06
365.5	4.13369e-06
366	5.01705e-06
366.5	4.83234e-06
367	3.70912e-06
367.5	2.87133e-06
368	3.03666e-06
368.5	2.43232e-06
369	6.45352e-06
369.5	1.14239e-05
370	1.36074e-05
370.5	1.93439e-05
371	1.62055e-05
371.5	1.3282e-05
372	1.51429e-05
372.5	1.55907e-05
373	1.43792e-05
373.5	1.29063e-05
374	9.71509e-06
374.5	6.98219e-06
375	5.2843e-06
375.5	4.62089e-06
376	4.25897e-06
376.5	3.28061e-06
377	2.65623e-06
377.5	2.33049e-06
378	2.01626e-06
378.5	7.85254e-07
379	-7.68934e-07
379.5	-2.88746e-07
380	-2.75432e-06
380.5	-3.56118e-05
381	-7.60847e-05
381.5	-8.10348e-05
382	-7.96645e-05
382.5	-6.60414e-05
383	-4.88668e-05
383.5	-3.9864e-05
384	-3.07025e-05
384.5	-1.3146e-05
385	-1.1487e-05
385.5	-1.57317e-05
386	-1.27984e-05
386.5	3.04423e-07
387	1.45739e-05
387.5	1.04839e-05
388	4.14816e-06
388.5	2.15858e-06
389	3.44583e-07
389.5	-4.86555e-07
390	-6.79097e-07
390.5	-5.49022e-07
391	3.08706e-07
391.5	1.42114e-06
392	1.68198e-06
392.5	1.56377e-06
393	1.78745e-06
393.5	2.0922e-06
394	1.11258e-06
394.5	4.34665e-07
395	-1.22557e-06
395.5	-4.56965e-06
396	-5.96523e-06
396.5	-5.84091e-06
397	-5.48839e-06
397.5	-5.29543e-06
398	-3.98369e-06
398.5	-3.15552e-06
399	-2.93658e-06
399.5	-2.57747e-06
400	-2.40512e-06
400.5	7.63797e-06
401	2.80541e-05
401.5	2.45129e-05
402	2.35518e-05
402.5	2.02727e-05
403	1.65204e-05
403.5	1.3609e-05
404	1.17626e-05
404.5	9.68637e-06
405	7.37088e-06
405.5	5.85909e-06
406	5.06295e-06
406.5	4.62072e-06
407	2.18494e-06
407.5	2.51314e-07
408	-1.81985e-07
408.5	6.09963e-08
409	3.74685e-07
409.5	4.03863e-07
410	3.22464e-07
410.5	-1.43226e-07
411	-8.33831e-07
411.5	-2.13086e-06
412	-3.72189e-06
412.5	-3.65953e-06
413	-5.90756e-06
413.5	-1.52537e-05
414	-1.35581e-05
414.5	-8.53735e-06
415	6.12389e-06
415.5	1.17471e-05
416	1.16146e-05
416.5	1.76061e-05
417	2.85326e-05
417.5	5.23633e-06
418	3.32039e-07
418.5	5.36046e-06
419	8.70851e-06
419.5	9.46203e-06
420	8.13523e-06
420.5	7.30847e-06
421	6.19921e-06
421.5	4.00949e-06
422	2.17818e-06
422.5	1.96251e-06
423	1.91832e-06
423.5	1.29566e-06
424	8.0077e-07
424.5	2.76789e-07
425	-1.3848e-06
425.5	-1.63684e-06
426	-1.85477e-06
426.5	-1.62323e-06
427	5.16204e-06
427.5	3.99452e-06
428	-4.60855e-06
428.5	-8.18794e-06
429	2.49862e-06
429.5	2.81586e-05
430	3.19663e-05
430.5	3.7972e-05
431	3.24981e-05
431.5	2.82056e-05
432	1.85392e-05
432.5	6.85655e-06
433	6.49761e-06
433.5	8.22804e-06
434	8.29538e-06
434.5	6.10005e-06
435	5.62264e-06
435.5	-6.78543e-06
436	-8.08825e-06
436.5	-1.0935e-05
437	-2.21002e-05
437.5	-1.64878e-05
438	-1.44432e-05
438.5	-1.08372e-05
439	-6.00329e-06
439.5	-1.16535e-05
440	-5.84713e-06
440.5	-8.18233e-07
441	8.22025e-06
441.5	1.88922e-05
442	2.32988e-05
442.5	1.90669e-05
443	1.48538e-05
443.5	2.44532e-05
444	2.13454e-05
444.5	1.75071e-05
445	1.7543e-05
445.5	2.05376e-05
446	1.81993e-05
446.5	1.32505e-05
447	1.03812e-05
447.5	9.36792e-06
448	8.55102e-06
448.5	6.99244e-06
449	5.36463e-06
449.5	4.56151e-06
450	4.12999e-06
450.5	3.93988e-06
451	1.89859e-06
451.5	4.27433e-07
452	1.23951e-07
452.5	-2.51198e-07
453	-4.20367e-07
453.5	2.63431e-07
454	-9.84622e-06
454.5	-2.26674e-05
455	-2.47042e-05
455.5	-2.69942e-05
456	1.95232e-05
456.5	2.39834e-05
457	1.90333e-05
457.5	1.81575e-05
458	1.46891e-05
458.5	1.69184e-05
459	1.37921e-05
459.5	8.85446e-06
460	6.79875e-06
460.5	5.1794e-06
461	4.57521e-06
461.5	3.83396e-06
462	3.04718e-06
462.5	2.51176e-06
463	2.30059e-06
463.5	2.30322e-06
464	1.72373e-06
464.5	1.57266e-06
465	3.89105e-07
465.5	-2.33557e-06
466	-3.5625e-06
466.5	-3.10948e-06
467	-3.40051e-06
467.5	-5.17514e-06
468	-6.60505e-06
468.5	8.06777e-06
469	6.23051e-06
469.5	5.51467e-06
470	-7.4117e-07
470.5	2.70852e-06
471	6.60436e-06
471.5	6.32152e-06
472	9.24419e-06
472.5	3.63944e-06
473	1.59557e-05
473.5	4.25658e-05
474	1.9404e-05
474.5	3.89998e-05
475	0.0001029
475.5	0.000129668
476	0.000136786
476.5	0.000186424
477	0.000222447
477.5	0.000325322
478	0.000483901
478.5	0.00024284
479	8.82406e-05
479.5	5.54763e-05
480	-3.40426e-05
480.5	-2.80198e-05
481	-7.13791e-05
481.5	-0.000127648
482	-0.000103104
482.5	5.53659e-06
483	5.27288e-05
483.5	5.13102e-05
484	1.42052e-05
484.5	-1.06672e-06
485	-1.05357e-05
485.5	1.90662e-05
486	2.45155e-05
486.5	1.22781e-05
487	6.81191e-06
487.5	-2.21236e-06
488	1.40226e-05
488.5	7.38105e-06
489	1.6457e-06
489.5	-2.1839e-06
490	-5.16679e-06
490.5	-8.32741e-06
491	-6.15533e-06
491.5	-3.85496e-06
492	-3.25806e-06
492.5	-2.64854e-06
493	-1.92554e-06
493.5	-1.20775e-06
494	-1.15114e-06
494.5	-8.20078e-06
495	-2.4824e-05
495.5	-2.82455e-05
496	-2.74777e-05
496.5	-2.37465e-05
497	-1.39955e-05
497.5	-1.30092e-05
498	-1.50255e-05
498.5	-1.49739e-05
499	-1.29189e-06
499.5	-8.36906e-07
500	-1.79871e-06
500.5	3.10964e-07
501	-1.24652e-06
501.5	6.61733e-07
502	8.42709e-07
502.5	2.68136e-07
503	5.16348e-07
503.5	-1.55986e-07
504	-1.56671e-06
504.5	-1.75317e-06
505	-9.5202e-07
505.5	-9.66363e-07
506	-1.50398e-06
506.5	-1.80796e-06
507	-2.20075e-06
507.5	-2.17587e-06
508	-2.91194e-06
508.5	-2.84987e-06
509	-3.55605e-06
509.5	-4.21839e-06
510	-6.55011e-06
510.5	3.96332e-06
511	3.77368e-06
511.5	3.93126e-06
512	2.84144e-06
512.5	6.08039e-06
513	6.81027e-06
513.5	7.02974e-06
514	1.56961e-05
514.5	1.50952e-05
515	1.26215e-05
515.5	1.15307e-05
516	9.75007e-06
516.5	7.67061e-06
517	4.98279e-06
517.5	1.97287e-06
518	2.76559e-07
518.5	-1.7659e-07
519	-5.66291e-07
519.5	-3.19749e-06
520	4.59035e-06
520.5	-2.27692e-05
521	-2.28207e-05
521.5	-1.51713e-05
522	-8.7226e-06
522.5	-5.07115e-06
523	-4.56806e-06
523.5	-6.3027e-06
524	-6.62955e-06
524.5	-6.0216e-06
525	-5.75013e-06
525.5	-5.71388e-06
526	9.3904e-06
526.5	1.26332e-05
527	9.79887e-06
527.5	1.03087e-05
528	1.59048e-05
528.5	1.41573e-05
529	1.04145e-05
529.5	1.31828e-05
530	7.68266e-06
530.5	4.76975e-06
531	5.14495e-06
531.5	9.51267e-07
532	5.90661e-08
532.5	-1.77762e-06
533	-1.01103e-06
533.5	-3.38244e-07
534	7.99055e-07
534.5	5.64709e-06
535	-4.02996e-06
535.5	-1.02075e-05
536	-8.78467e-06
536.5	-2.74295e-06
537	1.70109e-06
537.5	2.7757e-06
538	2.29392e-06
538.5	3.76513e-08
539	7.94004e-07
539.5	6.69892e-07
540	2.95672e-06
540.5	2.64897e-06
541	1.05678e-05
541.5	1.11989e-05
542	9.86751e-06
542.5	-4.21799e-05
543	-2.4663e-05
543.5	-1.78552e-05
544	-1.37704e-05
544.5	-1.04564e-05
545	-6.31252e-06
545.5	-4.72455e-06
546	-3.1716e-06
546.5	-9.54947e-07
547	1.19041e-06
547.5	2.95209e-06
548	4.09134e-06
548.5	5.45041e-06
549	6.38945e-06
549.5	5.13876e-06
550	2.06939e-06
550.5	1.03441e-06
551	3.7032e-07
551.5	2.69538e-07
552	-3.75898e-06
552.5	-6.03832e-06
553	-4.35346e-06
553.5	-2.1036e-05
554	-2.76011e-05
554.5	-2.36982e-05
555	1.50025e-05
555.5	3.01547e-05
556	3.55719e-05
556.5	3.76663e-05
557	2.74456e-05
557.5	2.13879e-05
558	1.64365e-05
558.5	1.22951e-05
559	9.2743e-06
559.5	7.07966e-06
560	5.44659e-06
560.5	3.57576e-06
561	3.39013e-06
561.5	3.61734e-06
562	3.68543e-06
562.5	3.68695e-06
563	3.44904e-06
563.5	1.98824e-06
564	5.40266e-07
564.5	-3.9881e-06
565	-7.12032e-06
565.5	-8.90975e-06
566	-1.01323e-05
566.5	-1.12296e-05
567	-1.17145e-05
567.5	-7.87315e-06
568	-5.81045e-06
568.5	-1.87218e-05
569	-1.37238e-05
569.5	-1.37768e-05
570	-1.96576e-05
570.5	-9.73378e-06
571	-9.55708e-07
571.5	3.01674e-05
572	2.3968e-05
572.5	1.64336e-05
573	7.826e-06
573.5	6.67618e-07
574	2.0704e-06
574.5	3.69355e-06
575	2.97167e-06
575.5	1.46147e-06
576	-1.08512e-05
576.5	-1.68091e-05
577	-1.91244e-05
577.5	-1.10044e-05
578	-1.63022e-05
578.5	-1.58145e-05
579	-1.5853e-05
579.5	-1.60629e-05
580	-1.65789e-05
580.5	1.45224e-05
581	6.05098e-05
581.5	6.13128e-05
582	4.92876e-05
582.5	3.72307e-05
583	3.77771e-05
583.5	3.60667e-05
584	3.83545e-05
584.5	4.05276e-05
585	3.85289e-05
585.5	3.33904e-05
586	3.27351e-05
586.5	3.14063e-05
587	2.71573e-05
587.5	2.11817e-05
588	1.72281e-05
588.5	1.41349e-05
589	1.07666e-05
589.5	8.19632e-06
590	5.9262e-06
590.5	4.09869e-06
591	8.24624e-06
591.5	6.77874e-06
592	4.48096e-06
592.5	4.96307e-06
593	3.25511e-06
593.5	-3.96519e-06
594	-2.00283e-05
594.5	-2.45343e-05
595	-2.96672e-05
595.5	-2.34283e-05
596	-3.07877e-05
596.5	-2.58587e-05
597	-2.41753e-05
597.5	-1.88771e-05
598	-1.39895e-05
598.5	-1.80264e-05
599	-3.55874e-06
599.5	-8.21972e-06
600	2.58701e-06
600.5	1.83406e-05
601	7.22833e-05
601.5	0.000209094
602	0.000325425
602.5	0.000445041
603	0.000510293
603.5	0.000293463
604	4.93397e-05
604.5	4.973e-06
605	-8.65839e-05
605.5	-0.000122769
606	-0.000124
606.5	-4.74136e-05
607	-2.0217e-05
607.5	-1.83126e-05
608	-3.35455e-05
608.5	-3.70658e-05
609	-2.35141e-05
609.5	-2.09332e-05
610	-1.94656e-05
610.5	-2.35678e-05
611	-2.6736e-05
611.5	-2.58027e-05
612	-2.52518e-05
612.5	-2.62398e-05
613	-2.39408e-05
613.5	-2.04608e-05
614	-1.70815e-05
614.5	-1.32624e-05
615	-1.0195e-05
615.5	-8.07785e-06
616	-6.20161e-06
616.5	-5.26609e-06
617	-4.84402e-06
617.5	-4.08175e-06
618	-4.86091e-06
618.5	-4.56425e-06
619	-4.28192e-06
619.5	-3.92806e-06
620	-5.05465e-06
620.5	-5.41912e-06
621	-3.00073e-06
621.5	9.22448e-06
622	1.26445e-05
622.5	1.4256e-05
623	1.17239e-05
623.5	8.10828e-06
624	6.27626e-06
624.5	5.64954e-06
625	6.09277e-06
625.5	6.35896e-06
626	6.42547e-06
626.5	5.78359e-06
627	2.32488e-06
627.5	-2.41831e-07
628	-1.05163e-06
628.5	-1.97365e-06
629	-1.37912e-06
629.5	6.74834e-06
630	-2.35741e-05
630.5	-2.13264e-05
631	-1.31521e-05
631.5	-6.37236e-06
632	-3.54167e-06
632.5	-2.9676e-06
633	-5.60275e-06
633.5	-9.31967e-06
634	-7.12274e-06
634.5	-2.42963e-06
635	-2.76814e-06
635.5	-1.58026e-06
636	9.20993e-07
636.5	1.14442e-06
637	2.19448e-06
637.5	-2.9557e-07
638	6.91698e-07
638.5	2.27054e-06
639	1.63308e-06
639.5	1.74411e-06
640	-5.02492e-07
640.5	-1.20093e-06
641	-9.69684e-07
641.5	-6.29952e-07
642	-1.30892e-07
642.5	-1.8869e-06
643	-3.04982e-06
643.5	-3.36037e-06
644	-4.72298e-06
644.5	-4.86353e-06
645	-6.6895e-06
645.5	-7.52829e-06
646	-7.76633e-06
646.5	-7.51573e-06
647	-8.16839e-06
647.5	-1.05908e-05
648	-1.1215e-05
648.5	-1.22068e-05
649	-1.33483e-05
649.5	-1.46487e-05
650	-1.61499e-05
650.5	1.59189e-05
651	-9.82996e-06
651.5	6.4192e-05
652	7.33294e-05
652.5	5.01724e-05
653	3.84535e-05
653.5	3.13914e-05
654	2.087e-05
654.5	1.173e-05
655	9.45772e-06
655.5	7.36565e-06
656	2.02338e-06
656.5	-5.42901e-07
657	-1.47922e-06
657.5	-2.15744e-06
658	-1.85684e-06
658.5	-6.26347e-07
659	-3.38558e-07
659.5	-2.60334e-07
660	-2.14323e-06
660.5	-2.37223e-06
661	-1.52407e-06
661.5	-8.74819e-07
662	-4.91453e-07
662.5	-4.00067e-07
663	-1.20804e-06
663.5	-2.05159e-06
664	-2.2828e-06
664.5	-9.11778e-07
665	7.09547e-07
665.5	6.94939e-06
666	9.66155e-06
666.5	7.14846e-06
667	4.37226e-06
667.5	9.34331e-06
668	-6.11848e-06
668.5	-4.18969e-06
669	-1.92138e-07
669.5	-2.85478e-06
670	-4.74474e-06
670.5	-5.51392e-06
671	-4.67861e-06
671.5	-3.70086e-06
672	-3.3122e-06
672.5	-4.45562e-06
673	-4.62726e-06
673.5	-6.0207e-06
674	-6.76511e-06
674.5	-6.68253e-06
675	-6.47028e-06
675.5	-5.76462e-06
676	-5.28334e-06
676.5	-4.88833e-06
677	-4.24173e-06
677.5	-5.23181e-06
678	-6.1741e-06
678.5	-7.56762e-06
679	-8.26915e-06
679.5	-1.18462e-05
680	-1.06497e-05
680.5	-1.43695e-06
681	5.76914e-06
681.5	5.98667e-06
682	1.29955e-05
682.5	1.15184e-05
683	9.28825e-06
683.5	1.21238e-05
684	1.00888e-05
684.5	4.96269e-08
685	-4.32604e-06
685.5	-1.99514e-06
686	-1.66101e-06
686.5	-4.46434e-06
687	-1.0137e-05
687.5	-1.62966e-06
688	-3.40461e-05
688.5	-3.03844e-05
689	-1.94752e-05
689.5	-1.18481e-05
690	-7.64283e-06
690.5	-5.22051e-06
691	-4.27177e-06
691.5	-3.15784e-06
692	-2.50244e-06
692.5	-1.74776e-06
693	-1.55286e-06
693.5	-2.10828e-06
694	-4.84155e-07
694.5	-1.44269e-06
695	6.23794e-06
695.5	2.13737e-05
696	1.99819e-05
696.5	1.39798e-05
697	3.01917e-06
697.5	7.30403e-06
698	-8.49523e-06
698.5	-7.03028e-06
699	-2.59919e-05
699.5	-2.66153e-05
700	-2.52175e-05
700.5	-2.32121e-05
701	-2.12132e-05
701.5	-1.8916e-05
702	-1.69339e-05
702.5	-1.49508e-05
703	-0.000113108
703.5	-1.00744e-05
704	1.92155e-05
704.5	3.67221e-05
705	4.23485e-05
705.5	0.000101011
706	0.000224847
706.5	0.00037773
707	0.000133998
707.5	-5.12168e-05
708	-7.39367e-05
708.5	-7.84752e-05
709	-6.53703e-05
709.5	-3.99617e-05
710	-1.89137e-05
710.5	2.77558e-05
711	4.48801e-05
711.5	1.06987e-05
712	7.29123e-06
712.5	2.732e-05
713	3.67192e-05
713.5	0.000184078
714	0.000305206
714.5	0.000292223
715	0.000170861
715.5	9.66816e-05
716	2.1587e-05
716.5	-1.08469e-05
717	-1.94032e-05
717.5	-4.95798e-05
718	5.88161e-05
718.5	5.72856e-05
719	4.56311e-05
719.5	2.71221e-05
720	2.68593e-06
720.5	1.77761e-06
721	-4.76301e-06
721.5	-1.34316e-05
722	-1.96211e-05
722.5	-2.33759e-05
723	-2.58335e-05
723.5	-2.3628e-05
724	-2.28967e-05
724.5	-2.23253e-05
725	-2.0755e-05
725.5	-1.91264e-05
726	-1.75655e-05
726.5	-1.64021e-05
727	-1.46909e-05
727.5	-1.40523e-05
728	-1.25642e-05
728.5	-1.08427e-05
729	-1.23231e-05
729.5	-1.16118e-05
730	-1.0212e-05
730.5	4.60522e-06
731	2.01935e-05
731.5	1.76447e-05
732	1.57743e-05
732.5	1.67219e-05
733	1.36896e-05
733.5	9.78509e-06
734	1.12034e-05
734.5	9.97588e-06
735	7.3646e-06
735.5	5.60342e-06
736	3.5694e-06
736.5	6.96228e-07
737	-5.90044e-08
737.5	2.46321e-07
738	1.01953e-07
738.5	-1.63788e-08
739	-3.39963e-07
739.5	-1.04247e-06
740	-2.0202e-06
740.5	-3.75574e-06
741	-4.77749e-06
741.5	-4.86119e-06
742	-5.85759e-06
742.5	-6.47526e-06
743	-6.33271e-06
743.5	-6.2009e-06
744	-5.59317e-06
744.5	-5.29405e-06
745	-4.37966e-06
745.5	-3.70013e-06
746	-3.35167e-06
746.5	-5.0702e-06
747	-5.82022e-06
747.5	8.61908e-06
748	1.00029e-05
748.5	8.16529e-06
749	6.91073e-06
749.5	7.02656e-06
750	9.23555e-06
750.5	7.50202e-06
751	6.31654e-06
751.5	4.94548e-06
752	4.96146e-06
752.5	3.96212e-06
753	2.02594e-06
753.5	8.57544e-07
754	-3.19532e-07
754.5	-1.22625e-06
755	-1.87398e-06
755.5	-2.38677e-06
756	-2.37786e-06
756.5	-3.5115e-06
757	-4.11776e-06
757.5	-4.44773e-06
758	-5.16134e-06
758.5	-6.50234e-06
759	-8.90483e-06
759.5	-9.80481e-06
760	-1.02239e-05
760.5	-8.95904e-06
761	-9.63414e-06
761.5	-2.15181e-05
762	-2.67422e-05
762.5	-2.78363e-05
763	-2.97947e-05
763.5	-1.22105e-05
764	5.83024e-06
764.5	5.90138e-06
765	6.89001e-06
765.5	7.47278e-06
766	1.04427e-05
766.5	1.21403e-05
767	1.76707e-05
767.5	1.42136e-05
768	8.81126e-06
768.5	9.76971e-06
769	9.70278e-06
769.5	8.18439e-06
770	6.51662e-06
770.5	4.73115e-06
771	3.19023e-06
771.5	1.97767e-06
772	8.33986e-07
772.5	2.62903e-07
773	-1.9932e-05
773.5	-3.97965e-05
774	-3.56015e-05
774.5	-2.78268e-05
775	-2.54035e-05
775.5	-2.41761e-05
776	-2.0882e-05
776.5	-9.0926e-06
777	1.23684e-05
777.5	1.5691e-05
778	4.23355e-05
778.5	4.74011e-05
779	4.63523e-05
779.5	4.40363e-05
780	5.38865e-05
780.5	-0.000135079
781	-9.61128e-05
781.5	-8.34253e-05
782	-7.62133e-05
782.5	-7.12132e-05
783	-6.47514e-05
783.5	-5.718e-05
784	-4.98158e-05
784.5	-4.25824e-05
785	-3.58322e-05
785.5	-2.95794e-05
786	-2.38636e-05
786.5	-1.90613e-05
787	-1.57684e-05
787.5	-1.28006e-05
788	-1.02044e-05
788.5	-8.5929e-06
789	-8.16905e-06
789.5	-8.55729e-06
790	-8.45053e-06
790.5	-2.90758e-06
791	-4.35119e-06
791.5	-3.79822e-06
792	2.32236e-05
792.5	3.50875e-05
793	3.24998e-05
793.5	2.76486e-05
794	2.18648e-05
794.5	1.98664e-05
795	1.61351e-05
795.5	1.27799e-05
796	1.03591e-05
796.5	8.42737e-06
797	7.45973e-06
797.5	6.55112e-06
798	4.16666e-06
798.5	2.53143e-06
799	1.34073e-06
799.5	4.52702e-07
800	-5.49485e-07
800.5	-1.85863e-06
801	-3.76848e-06
801.5	-7.48015e-06
802	-9.78262e-06
802.5	-1.0198e-05
803	-9.68826e-06
803.5	-1.86535e-05
804	-8.03623e-05
804.5	-9.13132e-05
805	-5.48091e-05
805.5	-0.000109869
806	-2.26247e-05
806.5	3.49794e-05
807	7.29207e-05
807.5	7.00133e-05
808	6.07412e-05
808.5	2.84404e-05
809	4.94648e-06
809.5	4.15825e-06
810	6.33551e-06
810.5	1.25322e-05
811	1.41394e-05
811.5	3.99991e-06
812	-7.77338e-06
812.5	-6.771e-06
813	-4.92663e-06
813.5	-4.12366e-06
814	-4.48212e-06
814.5	-4.93253e-06
815	-5.94506e-06
815.5	-7.96003e-06
816	-9.22664e-06
816.5	-9.53937e-06
817	-9.38121e-06
817.5	-9.43442e-06
818	-1.00857e-05
818.5	-9.54711e-06
819	-5.48973e-06
819.5	-3.28116e-06
820	1.45545e-06
820.5	7.98481e-06
821	-2.31828e-06
821.5	4.61364e-06
822	9.76485e-06
822.5	1.50556e-05
823	1.01577e-05
823.5	1.0759e-05
824	1.22904e-06
824.5	-4.41724e-06
825	-6.06628e-06
825.5	-8.4476e-06
826	-5.82596e-06
826.5	9.24761e-05
827	9.59205e-05
827.5	0.000101715
828	0.000162781
828.5	0.000337059
829	0.000583315
829.5	0.000212234
830	2.72094e-05
830.5	-0.000144157
831	-0.000154168
831.5	-9.42977e-05
832	-5.14856e-05
832.5	-4.61902e-05
833	-6.41879e-05
833.5	-0.000121089
834	-4.67659e-05
834.5	-2.16284e-05
835	-6.51274e-05
835.5	-3.35368e-05
836	1.50088e-05
836.5	5.28943e-07
837	-2.6687e-05
837.5	-2.1889e-05
838	2.87496e-05
838.5	3.44744e-05
839	2.27566e-05
839.5	2.79794e-05
840	2.6643e-05
840.5	1.76314e-05
841	5.25899e-06
841.5	-4.24507e-06
842	-1.06532e-05
842.5	-1.44609e-05
843	-6.86319e-06
843.5	-6.39146e-06
844	-6.95959e-06
844.5	-8.41546e-06
845	-1.047e-05
845.5	-1.03469e-05
846	-9.0344e-06
846.5	-8.24833e-06
847	-7.53229e-06
847.5	-6.95008e-06
848	-6.60407e-06
848.5	-5.03501e-06
849	1.53879e-06
849.5	1.79781e-05
850	1.65019e-05
850.5	1.22013e-05
851	8.84765e-06
851.5	7.74554e-06
852	5.51522e-06
852.5	5.78855e-06
853	4.77963e-07
853.5	-1.46039e-05
854	-1.19223e-05
854.5	-8.38111e-06
855	2.29524e-06
855.5	1.05357e-06
856	-2.13342e-05
856.5	-1.32562e-05
857	-7.31491e-06
857.5	-5.89233e-06
858	-6.85004e-06
858.5	-7.87227e-06
859	-8.91866e-06
859.5	-1.00477e-05
860	-1.02074e-05
860.5	-9.2042e-06
861	-1.00716e-05
861.5	-1.08016e-05
862	-1.17036e-06
862.5	3.35819e-06
863	1.61493e-06
863.5	1.10706e-05
864	1.24458e-05
864.5	9.60734e-06
865	5.99541e-06
865.5	3.21833e-06
866	2.99295e-06
866.5	2.48826e-06
867	-8.5319e-08
867.5	6.06488e-07
868	-1.15093e-06
868.5	-2.84739e-06
869	-2.83811e-06
869.5	2.47001e-07
870	-1.41546e-06
870.5	-7.73853e-06
871	-6.2474e-06
871.5	-1.26969e-05
872	-1.24451e-05
872.5	-6.02181e-06
873	-8.22373e-07
873.5	-1.51732e-05
874	-2.32669e-05
874.5	-2.18964e-05
875	-2.01278e-05
875.5	-2.57901e-05
876	-2.43904e-05
876.5	-1.58469e-05
877	4.54002e-06
877.5	1.19289e-05
878	8.85496e-07
878.5	1.07404e-07
879	4.78107e-06
879.5	5.24866e-06
880	2.05478e-05
880.5	1.94344e-05
881	2.16139e-05
881.5	1.54915e-05
882	1.09024e-05
882.5	8.04578e-06
883	5.2716e-06
883.5	2.605e-06
884	-1.79226e-06
884.5	-4.95075e-05
885	-6.0347e-05
885.5	-5.59545e-05
886	-5.05525e-05
886.5	-5.46864e-05
887	-4.67377e-05
887.5	-3.64516e-05
888	-2.90667e-05
888.5	-2.44505e-05
889	-2.08445e-05
889.5	-1.86069e-05
890	-1.66904e-05
890.5	-1.70817e-05
891	-1.71514e-05
891.5	-1.69829e-05
892	-1.63445e-05
892.5	-1.14469e-05
893	-1.35668e-05
893.5	-1.98357e-05
894	-1.51687e-05
894.5	1.07971e-05
895	2.58333e-05
895.5	2.36786e-05
896	1.89974e-05
896.5	2.35003e-05
897	1.77658e-05
897.5	1.34009e-05
898	9.9697e-06
898.5	7.06848e-06
899	4.67652e-06
899.5	1.76709e-06
900	-3.49829e-07
900.5	-2.6472e-06
901	-4.0244e-06
901.5	-4.57291e-06
902	-4.80248e-06
902.5	-4.49921e-06
903	-4.04107e-06
903.5	-4.28763e-06
904	-4.93522e-06
904.5	-6.42137e-06
905	-6.26207e-06
905.5	-7.1487e-06
906	-7.36862e-06
906.5	-8.06502e-06
907	-7.03755e-06
907.5	2.34392e-06
908	1.16304e-05
908.5	1.31411e-05
909	1.10866e-05
909.5	1.62255e-05
910	1.14716e-05
910.5	6.94828e-06
911	4.34161e-06
911.5	7.35886e-07
912	-2.28584e-06
912.5	-3.28e-06
913	-4.20779e-06
913.5	-3.87022e-06
914	-3.1218e-06
914.5	-3.50843e-06
915	-4.10741e-06
915.5	-4.62967e-06
916	-4.59517e-06
916.5	-4.39028e-06
917	-4.23714e-06
917.5	-5.06885e-06
918	-5.26425e-06
918.5	-5.21814e-06
919	-5.72139e-06
919.5	-7.82937e-06
920	-1.00211e-05
920.5	-1.09492e-05
921	-1.09668e-05
921.5	-1.07905e-05
922	-2.46183e-05
922.5	-2.26716e-05
923	-6.50574e-06
923.5	-2.08583e-05
924	-1.65944e-05
924.5	1.21122e-05
925	5.69758e-05
925.5	4.29994e-05
926	3.24395e-05
926.5	2.35367e-05
927	1.81652e-05
927.5	1.46837e-05
928	1.51721e-05
928.5	1.22028e-05
929	9.47255e-06
929.5	7.80977e-06
930	5.18791e-06
930.5	3.88876e-06
931	3.89481e-06
931.5	3.67352e-06
932	3.82154e-06
932.5	3.61103e-06
933	-3.69914e-05
933.5	-5.76355e-05
934	-5.83573e-05
934.5	-5.41273e-05
935	-4.81134e-05
935.5	-4.20785e-05
936	-2.12662e-05
936.5	-1.15336e-05
937	-1.10033e-05
937.5	-8.14556e-06
938	-9.04928e-06
938.5	-3.95468e-06
939	-7.92841e-06
939.5	-1.00613e-05
940	-7.06986e-06
940.5	-6.04969e-06
941	-4.71595e-06
941.5	-6.31023e-06
942	-8.49338e-06
942.5	-1.03705e-05
943	-1.41592e-05
943.5	-1.72346e-05
944	-1.92698e-05
944.5	-1.96142e-05
945	-1.88825e-05
945.5	-2.06067e-05
946	-2.56226e-05
946.5	-2.75333e-05
947	-3.4171e-05
947.5	-3.67273e-05
948	-3.74393e-05
948.5	-2.36222e-05
949	-2.19346e-05
949.5	-2.12421e-05
950	-1.7104e-05
950.5	2.97052e-05
951	2.05375e-05
951.5	2.03223e-05
952	1.48543e-05
952.5	5.18452e-06
953	-1.08902e-06
953.5	1.2008e-06
954	-8.28583e-06
954.5	-8.73857e-06
955	-5.3656e-06
955.5	-1.13227e-05
956	-2.88146e-05
956.5	-1.91393e-05
957	-1.22125e-05
957.5	-1.23282e-05
958	-1.2603e-05
958.5	-1.21934e-05
959	-1.2119e-05
959.5	2.71416e-06
960	1.48398e-05
960.5	5.04329e-06
961	1.01806e-06
961.5	-5.98794e-06
962	-2.49512e-05
962.5	1.72087e-05
963	-1.28118e-05
963.5	-1.8071e-05
964	-5.79096e-06
964.5	7.48826e-06
965	1.41543e-05
965.5	1.45182e-05
966	6.76555e-06
966.5	8.01155e-06
967	7.47628e-05
967.5	0.000126471
968	0.000291556
968.5	0.000536305
969	0.000646334
969.5	0.000282988
970	0.000107612
970.5	3.2013e-06
971	-3.79616e-05
971.5	-2.0034e-05
972	2.22806e-05
972.5	2.36279e-05
973	-9.9039e-06
973.5	-2.49156e-05
974	-3.2036e-05
974.5	-4.11413e-05
975	-4.43982e-05
975.5	-4.63335e-05
976	-4.896e-05
976.5	-4.784e-05
977	-3.93454e-05
977.5	-3.2297e-05
978	-2.99081e-05
978.5	-1.96204e-05
979	-1.84351e-05
979.5	-1.82548e-05
980	-1.72201e-05
980.5	-1.47377e-05
981	-1.22198e-05
981.5	-1.05043e-05
982	-9.27951e-06
982.5	-9.06735e-06
983	-8.0291e-06
983.5	-6.98333e-06
984	-4.8387e-06
984.5	-3.4596e-06
985	-3.84949e-06
985.5	-6.25005e-06
986	-2.34465e-06
986.5	7.70889e-06
987	9.79763e-06
987.5	1.00976e-05
988	7.93611e-06
988.5	4.92263e-06
989	5.62638e-06
989.5	4.30205e-06
990	3.44878e-06
990.5	3.02368e-06
991	1.34997e-06
991.5	-4.49843e-07
992	-8.78326e-07
992.5	-1.14733e-06
993	-2.30883e-06
993.5	-3.41216e-06
994	-3.68737e-06
994.5	-3.53504e-06
995	-2.94967e-06
995.5	-3.66282e-06
996	-5.51453e-06
996.5	-5.47444e-06
997	-4.5127e-06
997.5	-3.429e-06
998	-3.90206e-06
998.5	-6.25123e-06
999	-6.89349e-06
999.5	-1.08654e-06
1000	-3.21008e-05
