0	0
0.5	-3.63554e-26
1	-2.61745e-25
1.5	2.83761e-25
2	2.08222e-25
2.5	-1.19427e-26
3	3.21852e-26
3.5	-3.70811e-26
4	-5.93043e-08
4.5	-1.86959e-07
5	-3.27874e-07
5.5	-4.53443e-07
6	-5.94563e-07
6.5	-9.92285e-07
7	-1.42305e-06
7.5	-1.76384e-06
8	-2.23597e-06
8.5	-2.71763e-06
9	-3.21236e-06
9.5	-3.8385e-06
10	-4.32077e-06
10.5	-4.72612e-06
11	-5.11441e-06
11.5	-5.35513e-06
12	-5.4694e-06
12.5	-5.48526e-06
13	-5.29184e-06
13.5	-5.04874e-06
14	-4.955e-06
14.5	-5.03694e-06
15	-4.83618e-06
15.5	-4.43111e-06
16	-5.03072e-06
16.5	-5.71832e-06
17	-6.44029e-06
17.5	-6.98568e-06
18	-7.33623e-06
18.5	-8.05171e-06
19	-8.84523e-06
19.5	-9.4425e-06
20	-9.88344e-06
20.5	-1.01412e-05
21	-1.02836e-05
21.5	-1.03749e-05
22	-1.08252e-05
22.5	-1.1485e-05
23	-1.22681e-05
23.5	-1.37193e-05
24	-1.69554e-05
24.5	-0.000104566
25	-0.000337826
25.5	0.000466875
26	-2.43446e-05
26.5	-0.000101032
27	-3.42865e-05
27.5	-1.55075e-05
28	-1.41914e-05
28.5	-1.52802e-05
29	-1.51208e-05
29.5	-1.51222e-05
30	-1.57047e-05
30.5	-1.37337e-05
31	-1.21879e-05
31.5	-1.02854e-05
32	-8.92266e-06
32.5	-9.82966e-06
33	-1.14004e-05
33.5	-1.35576e-05
34	-1.45279e-05
34.5	-1.33232e-05
35	-1.16849e-05
35.5	-9.61878e-06
36	-7.80492e-06
36.5	-7.2683e-06
37	-6.87508e-06
37.5	-6.53351e-06
38	-6.23328e-06
38.5	-6.03092e-06
39	-6.19061e-06
39.5	-6.71836e-06
40	-7.33058e-06
40.5	-7.68039e-06
41	-7.89076e-06
41.5	-8.03803e-06
42	-8.04265e-06
42.5	-7.97411e-06
43	-8.2964e-06
43.5	-8.74335e-06
44	-9.52801e-06
44.5	-1.10289e-05
45	-1.63061e-05
45.5	-0.000150315
46	0.000197235
46.5	6.3838e-05
47	-7.62317e-05
47.5	-9.43137e-05
48	-1.44958e-05
48.5	-1.12463e-05
49	-1.27841e-05
49.5	-1.17566e-05
50	-1.05096e-05
50.5	-1.00394e-05
51	-9.47808e-06
51.5	-8.06352e-06
52	-6.87152e-06
52.5	-6.10614e-06
53	-5.78409e-06
53.5	-5.73282e-06
54	-6.11175e-06
54.5	-6.59965e-06
55	-7.07224e-06
55.5	-7.42493e-06
56	-7.64664e-06
56.5	-7.74291e-06
57	-7.70629e-06
57.5	-8.00258e-06
58	-8.57748e-06
58.5	-9.13394e-06
59	-9.6119e-06
59.5	-1.00726e-05
60	-1.07349e-05
60.5	-1.1602e-05
61	-1.27425e-05
61.5	-1.49412e-05
62	-2.31523e-05
62.5	-0.000198129
63	0.000173384
63.5	4.28137e-07
64	-8.58774e-05
64.5	-5.72818e-05
65	-1.52325e-05
65.5	-1.24585e-05
66	-1.25795e-05
66.5	-1.31732e-05
67	-1.14423e-05
67.5	-9.75683e-06
68	-7.99655e-06
68.5	-6.76054e-06
69	-5.91046e-06
69.5	-5.36423e-06
70	-5.23596e-06
70.5	-5.28909e-06
71	-5.27393e-06
71.5	-5.3428e-06
72	-5.33945e-06
72.5	-5.46411e-06
73	-5.63464e-06
73.5	-5.95977e-06
74	-6.06445e-06
74.5	-6.12888e-06
75	-6.40637e-06
75.5	-7.31827e-06
76	-1.04966e-05
76.5	-9.63608e-05
77	0.000158362
77.5	0.000262577
78	-4.21484e-05
78.5	-0.000130559
79	-1.8042e-05
79.5	-8.64222e-06
80	-9.02493e-06
80.5	-9.32808e-06
81	-8.9438e-06
81.5	-8.68094e-06
82	-7.87518e-06
82.5	-7.25318e-06
83	-6.74208e-06
83.5	-5.99103e-06
84	-5.3978e-06
84.5	-5.20317e-06
85	-5.16698e-06
85.5	-5.20724e-06
86	-5.21002e-06
86.5	-5.2716e-06
87	-5.32627e-06
87.5	-5.3733e-06
88	-5.4715e-06
88.5	-5.88217e-06
89	-6.74679e-06
89.5	-8.98995e-06
90	-3.46751e-05
90.5	-0.000339449
91	0.000403511
91.5	-1.91346e-05
92	-0.000111673
92.5	-3.10875e-05
93	-1.16401e-05
93.5	-1.0273e-05
94	-1.04628e-05
94.5	-1.15229e-05
95	-1.15877e-05
95.5	-1.17423e-05
96	-1.18671e-05
96.5	-1.09409e-05
97	-1.02464e-05
97.5	-9.88277e-06
98	-9.48089e-06
98.5	-8.98052e-06
99	-8.76824e-06
99.5	-8.72333e-06
100	-8.93809e-06
100.5	-9.20041e-06
101	-9.42589e-06
101.5	-9.47532e-06
102	-9.49618e-06
102.5	-9.48042e-06
103	-9.56068e-06
103.5	-9.50506e-06
104	-9.53622e-06
104.5	-9.79733e-06
105	-1.03166e-05
105.5	-1.13923e-05
106	-1.36355e-05
106.5	-2.18916e-05
107	-0.000214792
107.5	0.000193596
108	4.76844e-05
108.5	-5.04199e-05
109	-5.37747e-05
109.5	-1.85661e-05
110	-1.65409e-05
110.5	-1.40051e-05
111	-1.15083e-05
111.5	-8.84826e-06
112	-7.48046e-06
112.5	-6.78536e-06
113	-6.45436e-06
113.5	-6.40947e-06
114	-6.31967e-06
114.5	-6.3167e-06
115	-6.39668e-06
115.5	-6.30997e-06
116	-6.38488e-06
116.5	-6.28458e-06
117	-6.09818e-06
117.5	-5.82887e-06
118	-5.80762e-06
118.5	-5.89715e-06
119	-5.49013e-06
119.5	-4.98964e-06
120	-4.80333e-06
120.5	-4.83235e-06
121	-5.30251e-06
121.5	-5.27167e-06
122	-5.13433e-06
122.5	-5.80696e-06
123	-5.68055e-06
123.5	-5.54577e-06
124	-3.20441e-06
124.5	-1.44121e-06
125	-1.20331e-06
125.5	-1.51169e-06
126	-2.32258e-06
126.5	-1.88205e-06
127	-2.52558e-06
127.5	-4.4429e-06
128	-5.09832e-06
128.5	-4.92512e-06
129	-4.22247e-06
129.5	-2.59886e-06
130	-2.06549e-06
130.5	-2.65971e-06
131	-1.97356e-06
131.5	-1.42537e-06
132	-1.39099e-06
132.5	-1.75712e-06
133	-1.97992e-06
133.5	-2.19439e-06
134	-2.57682e-06
134.5	-3.09362e-06
135	-3.91301e-06
135.5	-4.64942e-06
136	-5.34507e-06
136.5	-5.86628e-06
137	-6.26866e-06
137.5	-6.53799e-06
138	-6.64537e-06
138.5	-6.69187e-06
139	-6.86291e-06
139.5	-7.3738e-06
140	-7.95111e-06
140.5	-8.38209e-06
141	-1.19661e-05
141.5	-3.68428e-05
142	-0.000572098
142.5	0.000425651
143	6.4501e-05
143.5	-0.000128561
144	-3.00783e-05
144.5	-1.82691e-05
145	-1.5417e-05
145.5	-1.36174e-05
146	-1.21302e-05
146.5	-1.07616e-05
147	-1.03432e-05
147.5	-1.02122e-05
148	-1.00307e-05
148.5	-9.78519e-06
149	-9.63516e-06
149.5	-9.74606e-06
150	-1.01929e-05
150.5	-1.0974e-05
151	-1.18567e-05
151.5	-1.29009e-05
152	-1.43405e-05
152.5	-1.67285e-05
153	-2.22577e-05
153.5	-0.000126094
154	0.000178183
154.5	0.00034854
155	3.39692e-05
155.5	-0.000130779
156	-2.59845e-05
156.5	-1.91368e-05
157	-1.87013e-05
157.5	-1.75434e-05
158	-1.62878e-05
158.5	-1.53351e-05
159	-1.395e-05
159.5	-1.27511e-05
160	-1.14989e-05
160.5	-1.04121e-05
161	-9.2649e-06
161.5	-8.45682e-06
162	-8.20424e-06
162.5	-8.26662e-06
163	-8.30691e-06
163.5	-8.06621e-06
164	-7.88631e-06
164.5	-7.68889e-06
165	-7.62245e-06
165.5	-7.63368e-06
166	-7.59679e-06
166.5	-7.69592e-06
167	-8.214e-06
167.5	-9.16488e-06
168	-1.04055e-05
168.5	-1.14722e-05
169	-1.2643e-05
169.5	-1.44079e-05
170	-1.70928e-05
170.5	-2.53873e-05
171	-0.00018765
171.5	0.000117709
172	4.04646e-05
172.5	-6.5964e-05
173	-6.82825e-05
173.5	-1.50351e-05
174	-1.2902e-05
174.5	-1.55438e-05
175	-1.58463e-05
175.5	-1.35852e-05
176	-1.0537e-05
176.5	-9.01079e-06
177	-7.63082e-06
177.5	-6.73579e-06
178	-6.28989e-06
178.5	-6.18898e-06
179	-6.21238e-06
179.5	-6.25598e-06
180	-6.49021e-06
180.5	-6.59848e-06
181	-6.67298e-06
181.5	-6.71196e-06
182	-6.89365e-06
182.5	-7.15971e-06
183	-7.46708e-06
183.5	-7.80705e-06
184	-8.12749e-06
184.5	-8.62783e-06
185	-9.6194e-06
185.5	-1.24628e-05
186	-4.85332e-05
186.5	-0.000275616
187	0.000336232
187.5	-1.36381e-06
188	-0.000127026
188.5	-2.4838e-05
189	-1.2474e-05
189.5	-8.06377e-06
190	-6.52744e-06
190.5	-4.49805e-06
191	-3.26055e-06
191.5	-2.77356e-06
192	-2.81433e-06
192.5	-2.99738e-06
193	-3.01314e-06
193.5	-3.26603e-06
194	-3.67372e-06
194.5	-4.26524e-06
195	-4.92559e-06
195.5	-5.42753e-06
196	-5.83351e-06
196.5	-6.19029e-06
197	-6.573e-06
197.5	-6.91714e-06
198	-7.12152e-06
198.5	-7.28014e-06
199	-7.31035e-06
199.5	-7.80619e-06
200	-8.4943e-06
200.5	-9.25865e-06
201	-1.03037e-05
201.5	-1.16059e-05
202	-1.42993e-05
202.5	-2.53747e-05
203	-0.000311528
203.5	0.000298411
204	5.25055e-05
204.5	-7.77173e-05
205	-5.06651e-05
205.5	-2.14945e-05
206	-1.49008e-05
206.5	-1.15545e-05
207	-8.90202e-06
207.5	-7.40287e-06
208	-6.5568e-06
208.5	-6.25919e-06
209	-6.03952e-06
209.5	-5.84072e-06
210	-5.61092e-06
210.5	-5.40723e-06
211	-5.22502e-06
211.5	-5.22784e-06
212	-4.98018e-06
212.5	-4.74953e-06
213	-4.58931e-06
213.5	-4.56924e-06
214	-4.49228e-06
214.5	-4.41391e-06
215	-4.60597e-06
215.5	-5.05536e-06
216	-5.71239e-06
216.5	-6.20039e-06
217	-9.33497e-06
217.5	-1.78699e-05
218	-0.000236768
218.5	0.000214641
219	0.000150068
219.5	-5.59912e-05
220	-9.21819e-05
220.5	-2.47274e-05
221	-1.54341e-05
221.5	-1.01542e-05
222	-7.05045e-06
222.5	-5.50344e-06
223	-4.93064e-06
223.5	-4.91155e-06
224	-4.96505e-06
224.5	-5.02416e-06
225	-5.04899e-06
225.5	-4.92596e-06
226	-5.06883e-06
226.5	-5.49964e-06
227	-5.98214e-06
227.5	-6.36408e-06
228	-6.6282e-06
228.5	-6.85195e-06
229	-7.29896e-06
229.5	-7.94967e-06
230	-7.9685e-06
230.5	-7.85579e-06
231	-6.93946e-06
231.5	-6.01146e-06
232	-6.13854e-06
232.5	-6.57525e-06
233	-7.67783e-06
233.5	-8.61476e-06
234	-8.40605e-06
234.5	-7.9015e-06
235	-8.05933e-06
235.5	-8.83854e-06
236	-8.4111e-06
236.5	-7.04295e-06
237	-6.11267e-06
237.5	-6.09034e-06
238	-6.05434e-06
238.5	-6.18322e-06
239	-7.79754e-06
239.5	-9.24201e-06
240	-1.00984e-05
240.5	-9.78086e-06
241	-8.84545e-06
241.5	-8.11097e-06
242	-7.36472e-06
242.5	-7.16785e-06
243	-8.15572e-06
243.5	-9.66859e-06
244	-9.98415e-06
244.5	-9.96589e-06
245	-1.06144e-05
245.5	-1.16461e-05
246	-1.15506e-05
246.5	-1.10096e-05
247	-1.06281e-05
247.5	-1.0002e-05
248	-9.88363e-06
248.5	-1.00245e-05
249	-1.0188e-05
249.5	-1.05433e-05
250	-1.07604e-05
250.5	-1.12389e-05
251	-1.21718e-05
251.5	-1.47649e-05
252	-8.31552e-05
252.5	-0.000326738
253	0.000446587
253.5	-2.25884e-05
254	-0.00013461
254.5	-2.68161e-05
255	-1.33426e-05
255.5	-1.26341e-05
256	-1.18697e-05
256.5	-1.13966e-05
257	-1.109e-05
257.5	-1.11262e-05
258	-1.09112e-05
258.5	-1.06609e-05
259	-1.04295e-05
259.5	-1.012e-05
260	-9.82586e-06
260.5	-9.79951e-06
261	-9.80625e-06
261.5	-9.74257e-06
262	-9.57666e-06
262.5	-9.31255e-06
263	-9.3442e-06
263.5	-9.36722e-06
264	-9.27751e-06
264.5	-9.05003e-06
265	-9.06276e-06
265.5	-9.472e-06
266	-1.03944e-05
266.5	-1.20505e-05
267	-1.92167e-05
267.5	-0.000195518
268	0.000223925
268.5	1.21915e-05
269	-0.000105373
269.5	-6.70823e-05
270	-1.40436e-05
270.5	-1.08204e-05
271	-9.72604e-06
271.5	-9.50025e-06
272	-1.01527e-05
272.5	-9.80384e-06
273	-9.55863e-06
273.5	-9.52248e-06
274	-9.74368e-06
274.5	-9.98568e-06
275	-9.77268e-06
275.5	-9.60275e-06
276	-9.46155e-06
276.5	-9.4237e-06
277	-9.17017e-06
277.5	-9.21575e-06
278	-9.48149e-06
278.5	-9.91825e-06
279	-1.03635e-05
279.5	-1.18469e-05
280	-1.64617e-05
280.5	-0.000108395
281	0.000296706
281.5	0.000282003
282	-4.886e-05
282.5	-0.000145001
283	-2.4582e-05
283.5	-1.69591e-05
284	-1.57833e-05
284.5	-1.46996e-05
285	-1.45607e-05
285.5	-1.38141e-05
286	-1.3642e-05
286.5	-1.27786e-05
287	-1.20458e-05
287.5	-1.14699e-05
288	-1.08774e-05
288.5	-1.01021e-05
289	-9.61293e-06
289.5	-9.52986e-06
290	-9.43403e-06
290.5	-9.78742e-06
291	-1.02735e-05
291.5	-1.07819e-05
292	-1.11816e-05
292.5	-1.24663e-05
293	-1.57229e-05
293.5	-0.000106923
294	-0.00029541
294.5	0.000488643
295	-1.66306e-05
295.5	-0.000135357
296	-2.91178e-05
296.5	-1.28334e-05
297	-1.15083e-05
297.5	-9.9364e-06
298	-8.62451e-06
298.5	-7.66137e-06
299	-7.42964e-06
299.5	-7.04785e-06
300	-6.57617e-06
300.5	-6.22746e-06
301	-6.20771e-06
301.5	-6.04956e-06
302	-5.90161e-06
302.5	-5.86529e-06
303	-6.11763e-06
303.5	-6.54191e-06
304	-6.75176e-06
304.5	-6.79713e-06
305	-7.02167e-06
305.5	-7.0397e-06
306	-7.27434e-06
306.5	-7.63394e-06
307	-7.87983e-06
307.5	-8.01248e-06
308	-8.06378e-06
308.5	-8.32243e-06
309	-8.75261e-06
309.5	-8.17614e-06
310	-8.42549e-06
310.5	-1.01881e-05
311	-1.21608e-05
311.5	-1.40616e-05
312	-2.21637e-05
312.5	-0.000168439
313	0.000280781
313.5	0.000105012
314	-0.000102071
314.5	-0.000104983
315	-1.97253e-05
315.5	-1.5751e-05
316	-1.43624e-05
316.5	-1.28852e-05
317	-1.15848e-05
317.5	-1.04971e-05
318	-9.55676e-06
318.5	-8.62632e-06
319	-7.88136e-06
319.5	-7.35008e-06
320	-7.46447e-06
320.5	-7.33317e-06
321	-6.89811e-06
321.5	-6.45483e-06
322	-6.04807e-06
322.5	-5.71677e-06
323	-5.37651e-06
323.5	-5.47042e-06
324	-4.72371e-06
324.5	-5.18383e-06
325	-5.31117e-06
325.5	-5.60217e-06
326	-5.70186e-06
326.5	-6.16035e-06
327	-6.60868e-06
327.5	-8.01157e-06
328	-9.58964e-06
328.5	-1.24827e-05
329	-9.31524e-05
329.5	-0.000340288
330	0.000389397
330.5	6.69383e-07
331	-0.000128846
331.5	-4.03453e-05
332	-1.35295e-05
332.5	-9.58224e-06
333	-7.69058e-06
333.5	-6.54335e-06
334	-5.86084e-06
334.5	-5.51584e-06
335	-5.24846e-06
335.5	-5.06998e-06
336	-5.02505e-06
336.5	-4.94664e-06
337	-4.82878e-06
337.5	-4.764e-06
338	-4.9775e-06
338.5	-5.11908e-06
339	-4.81379e-06
339.5	-4.6439e-06
340	-4.50559e-06
340.5	-4.52129e-06
341	-4.54776e-06
341.5	-4.75284e-06
342	-4.93028e-06
342.5	-5.22857e-06
343	-5.48371e-06
343.5	-5.49967e-06
344	-5.59113e-06
344.5	-5.59552e-06
345	-5.51817e-06
345.5	-5.45534e-06
346	-5.26087e-06
346.5	-5.31086e-06
347	-5.57162e-06
347.5	-5.97344e-06
348	-6.39807e-06
348.5	-6.92284e-06
349	-7.02685e-06
349.5	-6.94552e-06
350	-6.90423e-06
350.5	-6.88473e-06
351	-6.93782e-06
351.5	-7.06122e-06
352	-7.68507e-06
352.5	-8.87873e-06
353	-1.05632e-05
353.5	-1.98304e-05
354	-0.000232859
354.5	0.000279127
355	2.32223e-05
355.5	-0.000111841
356	-6.99328e-05
356.5	-2.04937e-05
357	-1.70888e-05
357.5	-1.28585e-05
358	-1.01197e-05
358.5	-8.53516e-06
359	-7.57823e-06
359.5	-6.85896e-06
360	-6.32611e-06
360.5	-6.18095e-06
361	-6.21148e-06
361.5	-6.22619e-06
362	-6.27618e-06
362.5	-6.5505e-06
363	-6.8607e-06
363.5	-7.14208e-06
364	-7.48233e-06
364.5	-7.97523e-06
365	-8.8014e-06
365.5	-1.09087e-05
366	-2.6111e-05
366.5	-0.000301015
367	0.000256572
367.5	-3.20179e-06
368	-0.000105922
368.5	-4.61423e-05
369	-1.57017e-05
369.5	-1.43684e-05
370	-1.50357e-05
370.5	-1.40209e-05
371	-1.1066e-05
371.5	-9.39101e-06
372	-9.17303e-06
372.5	-8.25121e-06
373	-7.39052e-06
373.5	-7.11502e-06
374	-5.70821e-06
374.5	-4.31623e-06
375	-4.28518e-06
375.5	-4.14159e-06
376	-3.08642e-06
376.5	-2.71999e-06
377	-2.66129e-06
377.5	-2.45037e-06
378	-3.18242e-06
378.5	-3.18133e-06
379	-3.42587e-06
379.5	-3.86416e-06
380	-3.89808e-06
380.5	-3.93147e-06
381	-3.83532e-06
381.5	-3.93184e-06
382	-4.0376e-06
382.5	-4.19785e-06
383	-4.89675e-06
383.5	-5.98954e-06
384	-7.05029e-06
384.5	-8.49273e-06
385	-1.07136e-05
385.5	-1.95421e-05
386	-0.000187384
386.5	0.000191691
387	3.91078e-05
387.5	-0.00010356
388	-7.67902e-05
388.5	-1.48931e-05
389	-1.16026e-05
389.5	-1.07916e-05
390	-1.0358e-05
390.5	-1.01593e-05
391	-9.67802e-06
391.5	-8.91098e-06
392	-8.16867e-06
392.5	-7.79249e-06
393	-8.18598e-06
393.5	-8.35675e-06
394	-8.39044e-06
394.5	-8.67025e-06
395	-9.00012e-06
395.5	-9.25695e-06
396	-9.42206e-06
396.5	-9.75467e-06
397	-9.96873e-06
397.5	-9.95392e-06
398	-9.48717e-06
398.5	-9.17561e-06
399	-9.01796e-06
399.5	-8.93338e-06
400	-8.52442e-06
400.5	-8.70301e-06
401	-9.26677e-06
401.5	-1.01597e-05
402	-1.16386e-05
402.5	-1.48154e-05
403	-4.48417e-05
403.5	-0.000372864
404	0.000409873
404.5	1.14714e-05
405	-0.000100957
405.5	-3.1484e-05
406	-1.20914e-05
406.5	-1.09394e-05
407	-9.39014e-06
407.5	-8.68268e-06
408	-7.60212e-06
408.5	-7.27643e-06
409	-6.58725e-06
409.5	-6.21899e-06
410	-6.03668e-06
410.5	-5.82255e-06
411	-5.67186e-06
411.5	-5.53011e-06
412	-5.40795e-06
412.5	-5.30724e-06
413	-5.25859e-06
413.5	-5.07548e-06
414	-4.92413e-06
414.5	-4.75727e-06
415	-4.57451e-06
415.5	-4.49119e-06
416	-4.64036e-06
416.5	-4.46161e-06
417	-4.61609e-06
417.5	-4.73018e-06
418	-4.82205e-06
418.5	-4.9187e-06
419	-4.45186e-06
419.5	-4.24438e-06
420	-3.8504e-06
420.5	-3.87034e-06
421	-3.83641e-06
421.5	-4.25121e-06
422	-4.94314e-06
422.5	-5.64176e-06
423	-6.31448e-06
423.5	-7.06733e-06
424	-7.78068e-06
424.5	-8.2609e-06
425	-8.30337e-06
425.5	-8.48064e-06
426	-8.75398e-06
426.5	-9.6485e-06
427	-1.06693e-05
427.5	-1.16122e-05
428	-1.25991e-05
428.5	-1.4045e-05
429	-1.72878e-05
429.5	-0.000101892
430	-0.000301133
430.5	0.00046932
431	-1.72084e-05
431.5	-0.000134072
432	-2.89805e-05
432.5	-1.42396e-05
433	-1.31399e-05
433.5	-1.35706e-05
434	-1.35199e-05
434.5	-1.4402e-05
435	-1.44274e-05
435.5	-1.35084e-05
436	-1.25517e-05
436.5	-1.20123e-05
437	-1.17717e-05
437.5	-1.16484e-05
438	-1.1466e-05
438.5	-1.14465e-05
439	-1.15159e-05
439.5	-1.15173e-05
440	-1.12421e-05
440.5	-1.09343e-05
441	-1.08274e-05
441.5	-1.10038e-05
442	-1.14322e-05
442.5	-1.22421e-05
443	-1.33617e-05
443.5	-1.55423e-05
444	-2.83916e-05
444.5	-0.000256029
445	0.000236074
445.5	1.13133e-05
446	-0.000109991
446.5	-6.71534e-05
447	-1.26261e-05
447.5	-1.05539e-05
448	-1.17499e-05
448.5	-1.36668e-05
449	-1.20343e-05
449.5	-1.04668e-05
450	-8.87035e-06
450.5	-7.95558e-06
451	-7.3255e-06
451.5	-6.73337e-06
452	-6.56699e-06
452.5	-6.55289e-06
453	-6.85739e-06
453.5	-7.37732e-06
454	-7.84526e-06
454.5	-8.30225e-06
455	-8.71962e-06
455.5	-9.00755e-06
456	-9.15932e-06
456.5	-9.22286e-06
457	-9.30258e-06
457.5	-9.37559e-06
458	-9.29164e-06
458.5	-9.39443e-06
459	-1.0164e-05
459.5	-1.16175e-05
460	-1.515e-05
460.5	-9.31925e-05
461	-0.000138448
461.5	0.000292342
462	-1.15418e-05
462.5	-0.000132078
463	-2.40235e-05
463.5	-1.81587e-05
464	-1.6691e-05
464.5	-1.43307e-05
465	-1.22219e-05
465.5	-1.03855e-05
466	-8.92621e-06
466.5	-8.12138e-06
467	-7.70464e-06
467.5	-7.27927e-06
468	-6.95918e-06
468.5	-6.68807e-06
469	-6.42262e-06
469.5	-6.2836e-06
470	-6.22433e-06
470.5	-6.15133e-06
471	-6.20918e-06
471.5	-6.42625e-06
472	-6.58004e-06
472.5	-6.75162e-06
473	-6.58464e-06
473.5	-6.3197e-06
474	-6.16212e-06
474.5	-6.0636e-06
475	-6.00558e-06
475.5	-5.99396e-06
476	-4.73238e-06
476.5	-3.37538e-06
477	-4.03443e-06
477.5	-3.51331e-06
478	-3.56814e-06
478.5	-3.93982e-06
479	-4.2072e-06
479.5	-4.51202e-06
480	-5.45833e-06
480.5	-5.85587e-06
481	-5.84104e-06
481.5	-5.81461e-06
482	-5.94303e-06
482.5	-6.0279e-06
483	-6.06852e-06
483.5	-6.07214e-06
484	-6.35698e-06
484.5	-6.84315e-06
485	-7.47712e-06
485.5	-8.31631e-06
486	-9.1133e-06
486.5	-1.00293e-05
487	-1.15041e-05
487.5	-1.5242e-05
488	-0.000101889
488.5	0.000379056
489	0.000246111
489.5	-4.99146e-05
490	-0.000121405
490.5	-2.02544e-05
491	-1.46402e-05
491.5	-1.26202e-05
492	-1.03868e-05
492.5	-8.93731e-06
493	-7.76395e-06
493.5	-6.89405e-06
494	-6.9801e-06
494.5	-7.44525e-06
495	-8.18091e-06
495.5	-8.98408e-06
496	-9.70632e-06
496.5	-1.02555e-05
497	-1.03233e-05
497.5	-9.85435e-06
498	-9.17968e-06
498.5	-8.6179e-06
499	-8.28049e-06
499.5	-7.67999e-06
500	-7.39202e-06
500.5	-7.48499e-06
501	-7.77117e-06
501.5	-7.98625e-06
502	-8.23789e-06
502.5	-8.5879e-06
503	-8.93098e-06
503.5	-9.68843e-06
504	-1.08511e-05
504.5	-1.28476e-05
505	-1.8102e-05
505.5	-0.000153925
506	0.000216267
506.5	6.50379e-05
507	-9.469e-05
507.5	-9.11014e-05
508	-3.30572e-05
508.5	-2.49412e-05
509	-1.80336e-05
509.5	-1.70421e-05
510	-1.62726e-05
510.5	-1.31513e-05
511	-1.07734e-05
511.5	-9.73054e-06
512	-8.2205e-06
512.5	-6.1525e-06
513	-3.92581e-06
513.5	-1.78283e-06
514	-1.43426e-06
514.5	-1.60566e-06
515	-2.26673e-06
515.5	-2.74069e-06
516	-3.01298e-06
516.5	-3.34145e-06
517	-3.95694e-06
517.5	-4.74666e-06
518	-5.69406e-06
518.5	-6.51215e-06
519	-7.11292e-06
519.5	-7.54005e-06
520	-7.94701e-06
520.5	-8.44834e-06
521	-9.24357e-06
521.5	-1.02671e-05
522	-1.14876e-05
522.5	-1.31173e-05
523	-1.686e-05
523.5	-5.38174e-05
524	-0.000511452
524.5	0.000477056
525	6.05126e-05
525.5	-0.000130882
526	-3.26206e-05
526.5	-2.25966e-05
527	-1.86299e-05
527.5	-1.52285e-05
528	-1.29457e-05
528.5	-1.16957e-05
529	-1.11217e-05
529.5	-1.07675e-05
530	-1.02307e-05
530.5	-9.87247e-06
531	-9.58784e-06
531.5	-9.29947e-06
532	-8.90179e-06
532.5	-8.46879e-06
533	-8.01897e-06
533.5	-7.53163e-06
534	-7.15352e-06
534.5	-7.09943e-06
535	-7.15554e-06
535.5	-7.22536e-06
536	-7.40971e-06
536.5	-7.79388e-06
537	-8.34499e-06
537.5	-9.75232e-06
538	-1.5436e-05
538.5	-0.000154555
539	0.000184294
539.5	6.60701e-05
540	-9.96056e-05
540.5	-9.55384e-05
541	-1.38924e-05
541.5	-9.39085e-06
542	-9.93157e-06
542.5	-1.0836e-05
543	-9.22528e-06
543.5	-7.80755e-06
544	-7.43075e-06
544.5	-6.39458e-06
545	-5.62352e-06
545.5	-5.27396e-06
546	-5.05544e-06
546.5	-4.95581e-06
547	-5.13452e-06
547.5	-5.5623e-06
548	-6.02728e-06
548.5	-6.4617e-06
549	-6.79416e-06
549.5	-7.02887e-06
550	-7.17809e-06
550.5	-7.3534e-06
551	-7.62089e-06
551.5	-7.84084e-06
552	-8.02706e-06
552.5	-8.1963e-06
553	-8.55447e-06
553.5	-9.17936e-06
554	-1.00852e-05
554.5	-1.65491e-05
555	-0.000158616
555.5	0.000280601
556	0.000125293
556.5	-9.80438e-05
557	-0.000114911
557.5	-1.99226e-05
558	-1.22466e-05
558.5	-8.615e-06
559	-5.41502e-06
559.5	-3.58322e-06
560	-2.67633e-06
560.5	-2.53604e-06
561	-2.77333e-06
561.5	-3.03717e-06
562	-3.17459e-06
562.5	-3.19544e-06
563	-3.05076e-06
563.5	-2.85741e-06
564	-2.77562e-06
564.5	-3.02136e-06
565	-3.30412e-06
565.5	-3.84362e-06
566	-4.41903e-06
566.5	-4.95914e-06
567	-5.53739e-06
567.5	-6.18954e-06
568	-6.67508e-06
568.5	-7.50802e-06
569	-8.25144e-06
569.5	-9.01053e-06
570	-9.19037e-06
570.5	-9.20608e-06
571	-9.81428e-06
571.5	-9.95247e-06
572	-9.79596e-06
572.5	-1.03783e-05
573	-1.04127e-05
573.5	-1.02871e-05
574	-1.02672e-05
574.5	-1.0364e-05
575	-9.96948e-06
575.5	-9.96444e-06
576	-1.0173e-05
576.5	-1.11571e-05
577	-1.47429e-05
577.5	-9.26627e-05
578	-0.000327184
578.5	0.000458989
579	-9.69492e-06
579.5	-0.000132447
580	-3.33431e-05
580.5	-1.57782e-05
581	-1.37976e-05
581.5	-1.30973e-05
582	-1.27006e-05
582.5	-1.244e-05
583	-1.27253e-05
583.5	-1.30177e-05
584	-1.23853e-05
584.5	-1.17262e-05
585	-1.11042e-05
585.5	-1.08151e-05
586	-1.07995e-05
586.5	-1.07648e-05
587	-1.02781e-05
587.5	-1.00603e-05
588	-9.89514e-06
588.5	-9.9031e-06
589	-1.02872e-05
589.5	-1.0575e-05
590	-1.08222e-05
590.5	-1.09249e-05
591	-1.09302e-05
591.5	-1.08349e-05
592	-1.06921e-05
592.5	-1.04131e-05
593	-9.94293e-06
593.5	-9.21119e-06
594	-9.2592e-06
594.5	-9.41245e-06
595	-9.69914e-06
595.5	-9.99854e-06
596	-1.01869e-05
596.5	-1.02947e-05
597	-9.97496e-06
597.5	-9.45077e-06
598	-8.72065e-06
598.5	-9.11125e-06
599	-1.02088e-05
599.5	-9.95305e-06
600	-9.67574e-06
600.5	-9.48825e-06
601	-8.14527e-06
601.5	-7.29164e-06
602	-6.63014e-06
602.5	-5.6741e-06
603	-5.14248e-06
603.5	-5.0222e-06
604	-5.00907e-06
604.5	-5.46595e-06
605	-6.30134e-06
605.5	-7.56427e-06
606	-9.37821e-06
606.5	-1.34239e-05
607	-3.9455e-05
607.5	-0.000423373
608	0.000488996
608.5	3.54088e-05
609	-0.000114091
609.5	-2.7855e-05
610	-1.41454e-05
610.5	-1.39584e-05
611	-1.29022e-05
611.5	-1.12085e-05
612	-1.0291e-05
612.5	-9.40304e-06
613	-9.23598e-06
613.5	-8.87793e-06
614	-9.44963e-06
614.5	-9.23947e-06
615	-8.52703e-06
615.5	-8.15433e-06
616	-8.57508e-06
616.5	-8.19206e-06
617	-7.90245e-06
617.5	-7.53817e-06
618	-7.1686e-06
618.5	-8.83237e-06
619	-8.50281e-06
619.5	-8.99921e-06
620	-1.00285e-05
620.5	-1.02389e-05
621	-1.1173e-05
621.5	-1.38383e-05
622	-1.39495e-05
622.5	-1.38464e-05
623	-1.43538e-05
623.5	-1.43324e-05
624	-1.29513e-05
624.5	-1.18164e-05
625	-1.07383e-05
625.5	-9.76904e-06
626	-8.93866e-06
626.5	-8.29935e-06
627	-7.94807e-06
627.5	-7.74505e-06
628	-7.83232e-06
628.5	-7.93128e-06
629	-8.03965e-06
629.5	-8.31167e-06
630	-8.61779e-06
630.5	-9.12791e-06
631	-9.61839e-06
631.5	-1.00529e-05
632	-1.05917e-05
632.5	-1.14957e-05
633	-1.37935e-05
633.5	-2.22235e-05
634	-0.000191981
634.5	0.00014029
635	2.54278e-05
635.5	-7.96082e-05
636	-6.14757e-05
636.5	-1.75357e-05
637	-1.58922e-05
637.5	-1.31431e-05
638	-1.11991e-05
638.5	-1.00844e-05
639	-9.31057e-06
639.5	-8.8772e-06
640	-8.65769e-06
640.5	-8.49545e-06
641	-8.56836e-06
641.5	-8.54877e-06
642	-8.45817e-06
642.5	-7.96006e-06
643	-7.37826e-06
643.5	-6.82681e-06
644	-6.30562e-06
644.5	-5.92212e-06
645	-5.57413e-06
645.5	-5.28368e-06
646	-5.03235e-06
646.5	-4.93352e-06
647	-4.87501e-06
647.5	-4.62762e-06
648	-3.99249e-06
648.5	-4.05159e-06
649	-4.27717e-06
649.5	-4.72873e-06
650	-5.13194e-06
650.5	-2.99105e-06
651	-3.99033e-06
651.5	-4.91209e-06
652	-4.65394e-06
652.5	-5.07681e-06
653	-5.54097e-06
653.5	-6.0245e-06
654	-6.45368e-06
654.5	-6.80058e-06
655	-7.00021e-06
655.5	-7.00741e-06
656	-7.12727e-06
656.5	-7.29552e-06
657	-7.31129e-06
657.5	-7.25921e-06
658	-7.15854e-06
658.5	-7.00546e-06
659	-6.89263e-06
659.5	-6.94116e-06
660	-7.12365e-06
660.5	-7.64704e-06
661	-8.89421e-06
661.5	-1.09441e-05
662	-1.71973e-05
662.5	-0.000155248
663	9.70706e-05
663.5	4.46684e-05
664	-7.03745e-05
664.5	-7.38656e-05
665	-1.99705e-05
665.5	-1.47797e-05
666	-1.10337e-05
666.5	-9.26662e-06
667	-7.50669e-06
667.5	-6.67177e-06
668	-6.51987e-06
668.5	-6.59537e-06
669	-6.77078e-06
669.5	-6.93505e-06
670	-7.1367e-06
670.5	-7.41013e-06
671	-7.62241e-06
671.5	-7.67019e-06
672	-7.66163e-06
672.5	-7.50916e-06
673	-7.20543e-06
673.5	-6.7881e-06
674	-6.53916e-06
674.5	-6.30009e-06
675	-6.20688e-06
675.5	-6.17832e-06
676	-6.21956e-06
676.5	-6.4873e-06
677	-6.92118e-06
677.5	-7.5574e-06
678	-7.87473e-06
678.5	-8.0855e-06
679	-8.25035e-06
679.5	-8.77706e-06
680	-7.94595e-06
680.5	-7.21866e-06
681	-1.01592e-05
681.5	-1.91322e-05
682	-0.000152038
682.5	0.00048946
683	0.000315772
683.5	-4.58693e-05
684	-0.000138349
684.5	-2.52562e-05
685	-1.50151e-05
685.5	-1.13788e-05
686	-9.30129e-06
686.5	-8.19695e-06
687	-7.79801e-06
687.5	-7.65499e-06
688	-7.87596e-06
688.5	-8.1466e-06
689	-8.38178e-06
689.5	-8.76044e-06
690	-8.72195e-06
690.5	-8.69845e-06
691	-8.97968e-06
691.5	-9.49167e-06
692	-1.02925e-05
692.5	-1.15506e-05
693	-1.42731e-05
693.5	-0.000101301
694	-5.56756e-05
694.5	0.000329846
695	-8.87126e-06
695.5	-0.000156034
696	-3.4368e-05
696.5	-1.86894e-05
697	-1.2458e-05
697.5	-9.18389e-06
698	-7.47227e-06
698.5	-6.79135e-06
699	-7.02346e-06
699.5	-7.34178e-06
700	-7.56091e-06
700.5	-7.78299e-06
701	-7.86815e-06
701.5	-7.87021e-06
702	-7.67463e-06
702.5	-7.42993e-06
703	-7.29346e-06
703.5	-7.37655e-06
704	-7.96843e-06
704.5	-8.80846e-06
705	-9.77021e-06
705.5	-1.09431e-05
706	-1.3027e-05
706.5	-2.46556e-05
707	-0.000243603
707.5	0.000204775
708	2.09073e-05
708.5	-9.89157e-05
709	-6.6557e-05
709.5	-1.93492e-05
710	-1.52255e-05
710.5	-1.09994e-05
711	-8.50415e-06
711.5	-7.77078e-06
712	-7.80253e-06
712.5	-7.88599e-06
713	-7.97222e-06
713.5	-8.00618e-06
714	-7.949e-06
714.5	-8.02724e-06
715	-8.47575e-06
715.5	-8.88318e-06
716	-9.05878e-06
716.5	-8.9853e-06
717	-8.93369e-06
717.5	-9.24984e-06
718	-9.60003e-06
718.5	-9.77591e-06
719	-9.62149e-06
719.5	-9.45389e-06
720	-9.33398e-06
720.5	-9.21276e-06
721	-9.02896e-06
721.5	-8.63501e-06
722	-7.51588e-06
722.5	-5.52313e-06
723	-4.14044e-06
723.5	-3.75779e-06
724	-4.29308e-06
724.5	-4.66837e-06
725	-4.65772e-06
725.5	-4.67631e-06
726	-4.28831e-06
726.5	-4.20475e-06
727	-4.25553e-06
727.5	-3.70783e-06
728	-3.30987e-06
728.5	-2.94172e-06
729	-2.71331e-06
729.5	-2.55392e-06
730	-2.49567e-06
730.5	-2.3938e-06
731	-2.41737e-06
731.5	-2.49316e-06
732	-2.68228e-06
732.5	-3.20113e-06
733	-3.78432e-06
733.5	-4.48615e-06
734	-5.32883e-06
734.5	-6.44982e-06
735	-7.92712e-06
735.5	-1.059e-05
736	-1.68449e-05
736.5	-0.000184207
737	0.000182759
737.5	7.89638e-05
738	-5.70707e-05
738.5	-7.59576e-05
739	-2.32691e-05
739.5	-1.53996e-05
740	-1.0885e-05
740.5	-8.97099e-06
741	-8.57444e-06
741.5	-7.9629e-06
742	-7.48051e-06
742.5	-7.52609e-06
743	-6.99773e-06
743.5	-6.95042e-06
744	-5.66301e-06
744.5	-3.84073e-06
745	-3.78129e-06
745.5	-4.46253e-06
746	-5.18251e-06
746.5	-5.77185e-06
747	-6.20087e-06
747.5	-7.04797e-06
748	-7.13937e-06
748.5	-8.21255e-06
749	-7.09567e-06
749.5	-7.02451e-06
750	-7.28699e-06
750.5	-8.51999e-06
751	-7.81667e-06
751.5	-6.57304e-06
752	-5.48706e-06
752.5	-4.70214e-06
753	-3.31928e-06
753.5	-3.14723e-06
754	-2.81661e-06
754.5	-2.53314e-06
755	-2.37353e-06
755.5	-2.47109e-06
756	-2.94656e-06
756.5	-3.35304e-06
757	-3.61031e-06
757.5	-3.8082e-06
758	-4.0465e-06
758.5	-4.45151e-06
759	-5.15235e-06
759.5	-6.80056e-06
760	-1.48516e-05
760.5	-0.000221097
761	0.000195231
761.5	-1.09172e-05
762	-9.24864e-05
762.5	-3.77838e-05
763	-8.88948e-06
763.5	-7.55307e-06
764	-9.5177e-06
764.5	-1.04076e-05
765	-9.39113e-06
765.5	-7.70657e-06
766	-6.90873e-06
766.5	-6.5897e-06
767	-6.08681e-06
767.5	-5.92005e-06
768	-6.07916e-06
768.5	-6.41798e-06
769	-6.63173e-06
769.5	-6.42346e-06
770	-6.18547e-06
770.5	-6.32454e-06
771	-6.3519e-06
771.5	-6.25313e-06
772	-6.20968e-06
772.5	-6.35263e-06
773	-6.53268e-06
773.5	-6.80317e-06
774	-7.11323e-06
774.5	-7.51557e-06
775	-8.00801e-06
775.5	-8.46913e-06
776	-9.10554e-06
776.5	-1.02169e-05
777	-1.14099e-05
777.5	-1.71528e-05
778	-0.000117959
778.5	0.000352635
779	0.000312226
779.5	1.94295e-06
780	-0.000126124
780.5	-2.51184e-05
781	-1.69968e-05
781.5	-1.24874e-05
782	-9.78284e-06
782.5	-8.36557e-06
783	-7.83012e-06
783.5	-7.55338e-06
784	-7.41767e-06
784.5	-7.19667e-06
785	-6.82086e-06
785.5	-6.40487e-06
786	-5.92542e-06
786.5	-5.68781e-06
787	-5.55591e-06
787.5	-5.46758e-06
788	-5.36848e-06
788.5	-5.29085e-06
789	-5.52486e-06
789.5	-5.9015e-06
790	-6.39811e-06
790.5	-6.75669e-06
791	-7.47993e-06
791.5	-8.77087e-06
792	-9.64411e-06
792.5	-1.33664e-05
793	-0.000100435
793.5	-0.00030254
794	0.000521521
794.5	9.97111e-06
795	-0.000142947
795.5	-4.21893e-05
796	-2.12076e-05
796.5	-1.62278e-05
797	-1.36797e-05
797.5	-1.17214e-05
798	-1.04595e-05
798.5	-9.51586e-06
799	-8.69437e-06
799.5	-8.18273e-06
800	-7.87977e-06
800.5	-7.76685e-06
801	-7.72952e-06
801.5	-7.69335e-06
802	-7.51217e-06
802.5	-7.53457e-06
803	-7.57995e-06
803.5	-7.51387e-06
804	-7.43577e-06
804.5	-7.6452e-06
805	-7.78298e-06
805.5	-7.25642e-06
806	-6.15862e-06
806.5	-4.95421e-06
807	-5.20402e-06
807.5	-4.85117e-06
808	-5.49778e-06
808.5	-6.945e-06
809	-7.91337e-06
809.5	-8.60833e-06
810	-8.91693e-06
810.5	-9.32145e-06
811	-1.01203e-05
811.5	-1.1764e-05
812	-1.88499e-05
812.5	-0.000160688
813	0.000245822
813.5	7.3337e-05
814	-0.000106749
814.5	-9.34929e-05
815	-1.54343e-05
815.5	-1.0401e-05
816	-8.85752e-06
816.5	-7.7846e-06
817	-6.9507e-06
817.5	-6.53276e-06
818	-6.43405e-06
818.5	-6.66759e-06
819	-6.85785e-06
819.5	-7.01659e-06
820	-7.2185e-06
820.5	-6.99623e-06
821	-6.35006e-06
821.5	-6.04535e-06
822	-6.03593e-06
822.5	-6.70595e-06
823	-7.26948e-06
823.5	-7.60877e-06
824	-8.3033e-06
824.5	-8.7019e-06
825	-8.94562e-06
825.5	-9.10402e-06
826	-9.32642e-06
826.5	-9.53769e-06
827	-9.72358e-06
827.5	-9.8712e-06
828	-1.01338e-05
828.5	-1.04618e-05
829	-1.09005e-05
829.5	-1.1407e-05
830	-1.22814e-05
830.5	-1.38018e-05
831	-1.8174e-05
831.5	-0.00010217
832	0.000301819
832.5	0.000269649
833	-4.04726e-05
833.5	-0.000123701
834	-1.83393e-05
834.5	-1.31897e-05
835	-1.17911e-05
835.5	-1.04476e-05
836	-1.07548e-05
836.5	-1.08173e-05
837	-1.15813e-05
837.5	-1.16022e-05
838	-1.18015e-05
838.5	-1.18653e-05
839	-1.17744e-05
839.5	-1.16337e-05
840	-1.16862e-05
840.5	-1.16374e-05
841	-1.14306e-05
841.5	-1.14469e-05
842	-1.13968e-05
842.5	-1.12714e-05
843	-1.1341e-05
843.5	-1.16397e-05
844	-1.22268e-05
844.5	-1.28863e-05
845	-1.38607e-05
845.5	-1.60834e-05
846	-2.28672e-05
846.5	-0.000161712
847	0.000141826
847.5	9.68116e-05
848	-6.09185e-05
848.5	-9.33373e-05
849	-2.3127e-05
849.5	-1.83264e-05
850	-1.69084e-05
850.5	-1.7086e-05
851	-1.64904e-05
851.5	-1.53734e-05
852	-1.42844e-05
852.5	-1.34772e-05
853	-1.30597e-05
853.5	-1.29751e-05
854	-1.32286e-05
854.5	-1.35063e-05
855	-1.37141e-05
855.5	-1.39709e-05
856	-1.47546e-05
856.5	-1.65041e-05
857	-2.43405e-05
857.5	-0.000179109
858	0.000189034
858.5	6.35806e-05
859	-0.000105134
859.5	-9.62993e-05
860	-1.77916e-05
860.5	-1.48564e-05
861	-1.59611e-05
861.5	-1.3878e-05
862	-1.20728e-05
862.5	-1.10515e-05
863	-1.0166e-05
863.5	-9.07765e-06
864	-8.72224e-06
864.5	-8.72141e-06
865	-8.24019e-06
865.5	-7.87916e-06
866	-7.8976e-06
866.5	-8.18762e-06
867	-8.48028e-06
867.5	-8.52128e-06
868	-8.784e-06
868.5	-9.27006e-06
869	-9.64866e-06
869.5	-1.00879e-05
870	-1.04779e-05
870.5	-1.07923e-05
871	-1.0849e-05
871.5	-1.10371e-05
872	-1.09622e-05
872.5	-1.05942e-05
873	-1.05588e-05
873.5	-9.82975e-06
874	-9.95113e-06
874.5	-1.38142e-05
875	-8.65063e-05
875.5	-8.20846e-05
876	0.000373636
876.5	-2.83389e-06
877	-0.000127283
877.5	-3.45341e-05
878	-2.7446e-05
878.5	-2.55304e-05
879	-2.15222e-05
879.5	-1.87497e-05
880	-1.53885e-05
880.5	-1.28074e-05
881	-1.13711e-05
881.5	-1.04191e-05
882	-9.8488e-06
882.5	-9.52168e-06
883	-9.59457e-06
883.5	-9.53035e-06
884	-9.40332e-06
884.5	-9.44057e-06
885	-9.85941e-06
885.5	-1.07354e-05
886	-1.23086e-05
886.5	-1.61269e-05
887	-0.00014564
887.5	0.000135274
888	4.32231e-05
888.5	-8.34439e-05
889	-7.79589e-05
889.5	-2.38758e-05
890	-2.11669e-05
890.5	-2.01459e-05
891	-1.83237e-05
891.5	-1.61281e-05
892	-1.47768e-05
892.5	-1.38172e-05
893	-1.33737e-05
893.5	-1.33125e-05
894	-1.34548e-05
894.5	-1.35909e-05
895	-1.38286e-05
895.5	-1.43728e-05
896	-1.55661e-05
896.5	-1.90756e-05
897	-0.00010217
897.5	-0.00010404
898	0.000336156
898.5	-3.2163e-05
899	-0.000144441
899.5	-2.45133e-05
900	-1.45805e-05
900.5	-1.33079e-05
901	-1.2886e-05
901.5	-1.2659e-05
902	-1.24306e-05
902.5	-1.19471e-05
903	-1.15336e-05
903.5	-1.10332e-05
904	-1.05194e-05
904.5	-9.79424e-06
905	-9.03433e-06
905.5	-8.33141e-06
906	-7.73746e-06
906.5	-7.07518e-06
907	-6.39452e-06
907.5	-6.27745e-06
908	-6.33703e-06
908.5	-6.48228e-06
909	-6.5625e-06
909.5	-6.72213e-06
910	-7.02078e-06
910.5	-7.3206e-06
911	-7.50796e-06
911.5	-7.6851e-06
912	-7.83552e-06
912.5	-7.95432e-06
913	-8.141e-06
913.5	-8.4116e-06
914	-8.89263e-06
914.5	-1.00045e-05
915	-1.32812e-05
915.5	-9.87869e-05
916	-0.000187003
916.5	0.000330795
917	-2.90061e-05
917.5	-0.00013984
918	-2.20107e-05
918.5	-1.13925e-05
919	-9.56792e-06
919.5	-9.71723e-06
920	-9.34941e-06
920.5	-7.2893e-06
921	-5.99014e-06
921.5	-5.57717e-06
922	-5.68445e-06
922.5	-5.87646e-06
923	-6.00333e-06
923.5	-6.13806e-06
924	-6.35322e-06
924.5	-6.61199e-06
925	-6.97707e-06
925.5	-7.31391e-06
926	-7.59517e-06
926.5	-7.91419e-06
927	-8.5648e-06
927.5	-9.42008e-06
928	-1.01898e-05
928.5	-1.05877e-05
929	-1.08381e-05
929.5	-1.11818e-05
930	-1.1114e-05
930.5	-1.15527e-05
931	-1.27399e-05
931.5	-1.40469e-05
932	-1.84483e-05
932.5	-0.000145626
933	0.000487509
933.5	0.000289399
934	-5.13229e-05
934.5	-0.00013547
935	-2.4696e-05
935.5	-1.59087e-05
936	-1.27487e-05
936.5	-1.02014e-05
937	-9.01288e-06
937.5	-8.52783e-06
938	-8.38091e-06
938.5	-8.37015e-06
939	-8.32559e-06
939.5	-8.46429e-06
940	-8.86036e-06
940.5	-9.34553e-06
941	-9.79928e-06
941.5	-1.01086e-05
942	-1.02508e-05
942.5	-1.02648e-05
943	-1.02833e-05
943.5	-1.05857e-05
944	-1.0977e-05
944.5	-1.13658e-05
945	-1.16545e-05
945.5	-1.19601e-05
946	-1.24482e-05
946.5	-1.18729e-05
947	-1.21368e-05
947.5	-1.34519e-05
948	-2.11035e-05
948.5	-0.000165064
949	0.000537077
949.5	0.000253927
950	-8.26311e-05
950.5	-0.000139533
951	-2.58648e-05
951.5	-1.65846e-05
952	-1.38758e-05
952.5	-1.28453e-05
953	-1.23971e-05
953.5	-1.20172e-05
954	-1.1636e-05
954.5	-1.11789e-05
955	-1.07087e-05
955.5	-1.01595e-05
956	-9.73017e-06
956.5	-9.64437e-06
957	-9.80633e-06
957.5	-9.95278e-06
958	-9.8887e-06
958.5	-9.76445e-06
959	-9.81461e-06
959.5	-1.00014e-05
960	-9.57937e-06
960.5	-9.38164e-06
961	-9.56002e-06
961.5	-9.00296e-06
962	-9.24864e-06
962.5	-9.43951e-06
963	-1.36448e-05
963.5	-0.000119145
964	0.000419178
964.5	0.00028444
965	-4.95499e-05
965.5	-0.000135835
966	-2.40715e-05
966.5	-1.5246e-05
967	-1.27137e-05
967.5	-1.1321e-05
968	-1.044e-05
968.5	-9.74404e-06
969	-9.16486e-06
969.5	-8.65744e-06
970	-8.23015e-06
970.5	-7.86548e-06
971	-7.57519e-06
971.5	-7.2047e-06
972	-7.00452e-06
972.5	-6.91233e-06
973	-6.82042e-06
973.5	-6.41101e-06
974	-6.34494e-06
974.5	-6.44917e-06
975	-6.4228e-06
975.5	-6.21101e-06
976	-6.41963e-06
976.5	-6.08855e-06
977	-6.54842e-06
977.5	-7.20165e-06
978	-8.12497e-06
978.5	-1.23613e-05
979	-0.000104591
979.5	-0.000321398
980	0.000439167
980.5	6.98441e-06
981	-0.00013886
981.5	-4.51633e-05
982	-1.70826e-05
982.5	-1.30854e-05
983	-1.1953e-05
983.5	-1.17632e-05
984	-1.17102e-05
984.5	-1.15185e-05
985	-1.1137e-05
985.5	-1.10378e-05
986	-1.09163e-05
986.5	-1.10031e-05
987	-1.09545e-05
987.5	-1.12719e-05
988	-1.17273e-05
988.5	-1.24389e-05
989	-1.22129e-05
989.5	-1.19228e-05
990	-1.22241e-05
990.5	-1.29304e-05
991	-1.42607e-05
991.5	-1.32879e-05
992	-1.03662e-05
992.5	-8.98512e-06
993	-8.96753e-06
993.5	-7.04175e-06
994	-5.46169e-06
994.5	-5.15311e-06
995	-5.11404e-06
995.5	-4.56042e-06
996	-5.00905e-06
996.5	-3.69025e-06
997	-1.34106e-06
997.5	-1.28252e-06
998	-1.1943e-06
998.5	-1.16086e-06
999	-1.15585e-06
999.5	-1.07171e-06
1000	-1.08092e-06
