0.618 459032
1.244 422804
1.318 425175
1.545 346962
2.104 441168
2.372 426715
2.648 426457
2.740 408189
2.852 427205
4.147 480701
4.363 791115
4.783 434057
5.406 454138
5.617 490685
5.745 663911
6.860 424910
6.938 521231
7.796 463555
7.819 443825
7.882 341226
8.524 426918
8.579 465386
9.016 484999
9.247 346233
9.277 502103
9.667 416247
9.957 450363
10.276 339347
10.937 488374
11.125 453635
11.345 491714
11.463 445944
11.595 420066
11.675 6481
11.698 711955
11.775 6580
11.895 505022
11.950 6635
12.038 455727
12.049 517398
12.125 6554
12.128 500049
12.550 6480
13.000 6396
13.053 438813
13.225 337237
13.225 6375
13.300 18959
13.300 19082
13.350 18920
13.350 337296
13.350 6449
13.375 338645
13.675 337184
13.700 337094
13.775 18872
13.775 336996
13.775 6429
13.825 337180
13.875 337298
13.889 509253
14.150 6503
14.356 425041
14.400 18757
14.700 6240
14.703 481735
14.830 458522
14.850 337026
14.919 768562
15.050 337002
15.125 337239
15.178 460949
15.445 512083
15.600 337330
15.650 337207
15.996 352550
16.080 478978
16.234 741779
16.900 18947
18.324 516424
18.375 18995
18.435 770954
18.578 408394
18.975 267884
19.675 288550
19.720 481135
19.816 437605
19.818 512856
19.912 472179
20.085 503254
20.384 453882
20.522 380419
20.725 18757
20.800 18792
20.825 18920
20.898 507912
20.900 263705
20.924 464206
20.993 450490
21.065 472344
21.100 264301
21.130 513332
21.300 285606
21.356 765327
21.828 462643
21.918 688844
21.925 271896
21.925 275998
22.082 466942
22.375 18872
22.400 256155
22.425 292114
22.575 267866
22.577 440131
22.775 453635
23.066 450883
23.198 484076
23.225 510994
23.356 465976
23.716 469338
23.864 385660
23.950 18959
23.979 419543
24.150 284524
24.252 481217
24.422 459921
24.600 278286
24.775 6581
24.814 403585
24.900 280584
25.000 278863
25.100 285150
25.110 449486
25.175 278747
25.300 285085
25.425 302233
25.590 542212
25.725 278090
25.725 281576
25.825 267346
25.850 284436
25.875 475557
25.925 273543
25.950 259788
26.050 18875
26.050 268432
26.075 287316
26.106 450363
26.125 251617
26.150 262647
26.175 3291
26.200 287429
26.250 268985
26.300 259740
26.300 297867
26.300 3269
26.325 21010
26.400 3242
26.425 275982
26.425 3265
26.450 20978
26.450 278176
26.475 20930
26.475 262082
26.495 364876
26.500 21025
26.500 3247
26.500 3251
26.518 469571
26.525 18995
26.525 287975
26.550 6503
26.650 3290
26.671 520673
26.675 20975
26.675 285144
26.700 3226
26.750 249307
26.750 279787
26.800 20943
26.800 262713
26.825 270590
26.825 288483
26.850 21023
26.850 21092
26.850 286811
26.875 6449
26.900 285585
26.975 261558
27.000 265996
27.000 275774
27.050 259174
27.075 3176
27.075 3222
27.125 262683
27.200 283930
27.225 270747
27.225 3244
27.300 280557
27.341 506207
27.350 338645
27.350 6554
27.375 254080
27.375 283975
25.050 1152
27.425 263211
27.425 3225
27.450 256365
27.475 270010
27.475 270698
27.525 261582
27.650 263804
27.675 267214
27.700 256720
27.700 3218
27.775 280545
27.775 3248
27.850 284008
27.850 3264
27.875 263873
27.875 286035
27.925 267275
27.925 267292
27.925 273486
27.925 6240
27.925 6375
27.925 6635
27.950 268353
27.950 278058
27.975 337385
28.025 281109
28.050 283863
28.050 6580
28.100 337417
28.150 263250
28.175 266627
28.175 275169
28.175 275894
28.200 280351
28.200 280467
28.200 6480
28.225 270598
28.400 3262
28.425 18947
28.475 6429
28.525 274692
28.575 263778
28.600 6481
28.651 766375
28.675 272494
28.700 18757
28.725 273611
28.725 337236
28.745 479223
28.750 337175
28.771 459138
28.775 270772
28.775 337298
28.825 271303
28.925 272455
28.925 337180
28.950 276466
29.014 446427
29.050 269417
29.075 277105
29.100 273041
29.150 276930
29.175 281598
29.200 286166
29.225 263859
29.275 282297
29.325 273453
29.325 305184
29.325 6396
29.350 271345
29.350 288200
29.375 266721
29.375 279871
29.425 270619
29.507 685652
29.550 263229
29.575 270228
29.575 273598
29.634 734506
29.700 266164
29.700 266746
29.700 270679
29.725 267744
29.725 284973
29.750 261521
29.750 265588
29.750 274181
29.775 278774
29.775 279808
29.800 280513
29.825 267272
29.850 263228
29.875 270217
29.875 337118
29.925 337271
29.950 262128
29.950 263836
29.950 286175
29.950 286290
30.023 434981
30.025 266109
30.025 266677
30.025 279827
30.025 337142
30.042 512222
30.075 337182
30.100 285040
30.100 337357
30.125 271726
30.175 271127
30.175 276321
30.175 288545
30.200 264915
30.200 337629
30.250 268980
30.250 274838
30.275 262610
30.275 281722
30.275 337084
30.300 337121
30.300 337330
30.300 337362
30.350 306351
30.375 268946
30.375 271933
30.425 268285
30.425 337030
30.475 281073
30.525 337092
30.525 337239
30.550 256203
30.550 337207
30.573 471380
30.575 263705
30.625 273633
30.650 3291
30.650 337184
30.675 250638
30.675 263784
30.675 266767
30.700 337354
30.725 337391
30.750 336972
30.775 266154
30.775 266563
30.775 268398
30.800 270229
30.825 252733
30.825 260874
30.825 337026
30.825 337296
30.875 3269
30.900 259754
30.900 3265
30.925 267884
30.925 337265
30.950 337237
31.000 3251
31.009 473880
31.025 263209
31.025 3226
31.050 336996
31.075 262582
31.075 337094
31.075 337449
31.100 275998
31.100 3242
31.100 337002
31.100 337633
31.125 270689
31.200 3290
31.225 3247
31.250 288550
31.275 287971
31.300 272224
31.325 264385
31.350 337144
31.425 3176
31.475 285606
31.519 467862
31.550 269558
31.550 3222
31.550 337451
31.700 3244
31.725 261436
31.775 264301
31.850 272741
32.225 3264
32.250 3225
32.688 653592
32.953 439549
33.000 271896
33.359 749614
33.513 462345
34.138 425961
34.725 337086
34.842 425528
34.875 337293
35.070 776744
35.350 337142
35.425 337354
35.525 337239
35.637 408583
35.700 337385
35.700 337417
35.725 337026
35.752 540807
35.850 337419
35.872 438122
35.975 337118
35.975 337271
36.025 337092
36.075 337175
36.099 493693
36.100 337296
36.150 337144
36.265 459138
36.350 336972
36.372 509172
36.375 337391
36.484 497984
36.692 516186
36.753 430905
36.855 462557
37.125 337237
37.475 337084
37.821 440364
38.125 18872
38.437 459590
38.687 394091
38.745 448613
39.065 401590
39.357 716982
39.387 438811
39.450 742179
39.522 509109
39.917 666801
39.942 497804
40.523 507070
41.168 361587
41.752 445062
42.153 434433
42.501 453082
42.556 445492
42.845 441007
42.920 472179
43.102 462847
43.951 534246
44.482 431494
44.685 462098
45.221 504955
45.338 444132
45.375 6429
45.472 452533
45.500 6240
45.616 460525
45.746 506890
45.762 479421
45.900 18872
45.987 537849
46.070 464255
46.762 475172
46.897 529937
46.925 6449
47.097 708423
47.525 6503
47.550 6375
47.750 6481
47.896 445024
48.375 338645
48.680 450379
48.875 6396
48.925 18875
49.065 433762
49.140 462752
49.175 6580
49.242 448909
49.441 436171
50.131 480403
50.316 674944
50.362 452533
50.381 734372
50.525 19082
50.911 518354
51.100 337182
51.294 424922
52.090 397405
52.884 722959
53.050 14446
53.312 450780
53.841 786522
53.986 735316
54.201 442160
55.720 439696
56.256 426734
56.455 491672
56.529 507077
56.709 454872
57.291 430704
57.874 432232
58.068 383929
58.995 427310
59.040 427812
59.622 514707
59.700 336944
60.225 6480
45.825 1152
60.679 471921
60.951 449375
61.517 494919
61.600 6554
62.369 430704
62.700 6481
62.775 6635
62.925 6429
62.975 337084
63.075 337184
63.139 510688
63.225 6503
63.300 6375
63.800 6240
63.975 6449
64.281 491192
64.415 514381
64.502 475580
64.625 6580
64.718 427504
64.750 337144
65.025 337086
65.074 466599
65.079 460108
65.130 459932
65.300 6581
65.313 531492
65.550 337207
65.690 471376
65.750 14201
65.800 338645
66.068 484656
66.094 524082
66.278 519932
66.388 499546
66.459 425801
66.742 459187
66.824 463843
66.851 433051
66.959 431439
67.285 524673
67.704 445062
67.812 449857
68.327 466500
68.444 492492
68.622 440758
68.813 487371
69.019 514947
69.309 490034
69.515 424472
69.715 445293
69.735 421830
70.055 444750
70.246 444052
70.653 716487
70.659 465554
70.831 437523
70.939 366330
71.129 463878
71.217 423763
71.550 541624
71.724 462522
71.765 428467
72.597 474395
73.248 446949
73.518 349118
74.020 425656
74.269 381725
74.545 456991
74.625 337182
74.872 527776
74.922 510228
75.234 743772
75.300 534375
75.361 499999
75.553 459621
75.779 435667
75.844 541163
75.932 527412
76.475 6429
76.577 460614
76.579 479209
76.917 472036
77.050 6396
77.075 6480
77.201 665787
77.347 517727
77.525 6503
77.625 337121
77.875 501877
77.892 415779
77.975 6449
78.044 417538
78.325 6554
78.521 508015
78.539 490829
78.700 278090
78.748 444233
78.925 337094
78.940 442815
79.016 490055
79.075 6481
62.725 1152
76.950 1152
79.309 525730
79.350 6580
79.550 6240
79.586 363621
79.661 532817
79.750 337002
79.825 6635
79.908 360932
80.075 337092
80.368 788014
80.375 337451
80.538 366965
80.614 362386
80.650 6581
80.743 454106
82.246 418384
82.325 14728
82.730 349367
83.042 349678
83.223 349436
83.301 527425
83.783 447993
84.398 456116
84.721 541428
84.836 437237
84.850 371030
84.856 532240
84.929 368634
84.950 788851
85.068 487268
85.925 19082
86.153 421881
86.162 497834
86.680 537353
86.777 768986
88.229 481735
88.442 380851
88.695 759924
88.799 420123
88.860 765383
88.900 6375
89.236 454394
89.254 436295
89.446 743686
89.926 437565
90.850 337449
90.947 363034
91.054 755906
91.101 519558
91.125 6635
91.175 338645
91.257 375590
91.813 492741
92.100 6580
92.391 541428
92.425 6481
92.513 725680
92.550 6429
92.600 14446
92.725 6480
92.775 6396
92.800 337184
93.087 425339
93.214 541481
93.325 6449
93.437 453185
93.875 264385
94.030 451850
94.488 539390
94.500 337002
94.519 444052
94.550 6240
94.584 422536
94.650 6554
94.678 378469
94.896 658540
95.440 453635
95.754 431698
95.885 459223
96.170 438802
96.404 744081
97.414 541559
97.720 469082
98.437 439030
98.627 494757
98.970 434991
98.980 485359
99.515 496147
99.807 505132
100.150 540835
100.405 428806
100.498 461954
100.836 700855
101.020 542297
101.172 467149
101.287 474205
101.963 435807
102.742 479692
103.185 722455
103.237 443254
103.950 538692
104.350 14132
90.600 1152
104.535 378035
105.200 6503
105.424 413651
105.458 455212
105.555 340056
105.725 6635
105.947 386836
105.950 6396
106.250 6375
106.575 6449
106.800 6429
106.904 463962
107.125 337354
107.177 757161
107.275 6240
107.525 6480
107.800 6481
108.050 271127
108.225 338645
108.232 464055
108.350 6580
108.367 485074
108.407 499987
108.437 435689
108.570 443176
108.975 337086
109.003 427562
109.044 726061
109.702 513563
109.813 459532
110.300 267275
110.325 337236
110.500 6581
110.725 337180
111.284 408103
111.397 430893
111.515 458072
111.954 361212
112.550 276466
113.300 273611
113.364 487371
113.657 479349
113.925 3226
114.075 261436
114.100 486022
114.259 507368
114.275 472257
114.495 462752
115.350 262082
115.400 3244
115.751 537868
116.042 421052
116.159 696278
116.276 460053
116.441 487234
116.645 368122
117.150 256720
117.200 270679
117.350 264301
117.450 263836
117.650 270010
117.700 278176
117.773 430400
117.900 268398
117.911 534513
118.025 262128
118.048 423018
118.060 441317
118.113 422033
118.375 6554
118.425 256155
118.600 256365
119.000 263209
119.028 514019
119.150 270229
119.250 267214
119.375 3176
119.486 456448
119.600 267884
119.625 266154
119.750 271933
119.775 263250
119.789 514315
119.790 371199
119.850 3247
119.875 263784
119.900 284524
119.950 263211
120.006 439733
120.075 3248
120.107 535410
120.125 275982
120.275 254080
120.300 20930
120.300 268985
120.325 270598
120.327 387480
120.338 446228
120.338 451335
120.500 3264
120.550 262713
120.850 20943
107.225 1152
120.850 271896
120.875 3222
120.875 6635
120.924 344121
120.929 541530
121.000 266164
121.025 20975
121.050 266767
121.075 263804
121.087 477711
121.124 490829
121.175 267866
121.200 259174
121.200 270217
121.300 3218
121.420 459532
121.475 259788
121.475 284973
121.574 500145
121.585 788793
121.600 261558
121.675 265996
121.675 3269
121.700 287429
121.700 3291
121.750 263229
121.750 3242
121.850 281598
121.900 261582
122.000 20978
122.000 6480
122.025 268946
122.050 266627
122.125 259754
122.150 267275
122.150 278286
122.200 266721
122.209 517606
122.227 478334
122.300 280513
122.334 461115
122.350 259740
122.375 271303
122.400 21023
122.425 263778
122.450 269558
122.450 283975
122.500 250638
122.525 266746
122.525 3251
122.525 508015
122.528 485306
122.550 263228
122.555 501052
122.575 21010
122.596 474816
122.600 6396
122.625 267292
122.625 279808
122.771 540123
122.775 252733
122.800 280545
122.825 272494
122.825 282297
122.900 6240
123.000 278774
123.025 21025
123.050 270772
123.050 286811
123.075 3226
123.075 6503
123.125 265588
123.150 273633
123.225 6481
123.350 286290
123.375 261521
123.375 283863
123.375 3225
123.400 267272
123.425 3265
123.425 336972
123.442 500964
123.450 262610
123.450 279871
123.475 263705
123.500 336996
123.500 6580
123.525 274692
123.525 281576
123.550 270689
123.600 260874
123.600 273598
123.600 280351
123.650 337092
123.675 302233
123.675 3290
123.700 263859
123.700 267346
123.750 264915
123.750 280467
123.815 483831
123.825 262647
123.825 278090
123.825 3262
123.850 270228
123.850 271726
123.875 256203
123.900 271345
123.900 337026
123.946 460894
123.975 266109
124.000 264385
124.025 337030
124.075 21092
124.075 249307
124.125 268980
124.175 272455
124.200 275169
124.200 278863
124.200 337271
124.217 445113
124.250 270747
124.250 337207
124.275 3244
124.275 337239
124.300 263873
124.300 337121
124.325 251617
124.425 262082
124.425 285040
124.500 336944
124.525 277105
124.550 273543
124.575 262683
124.600 273041
124.625 268353
124.625 270679
124.700 273611
124.700 284008
124.700 3176
124.825 278058
124.875 261436
124.875 337296
124.900 287971
124.925 280584
124.925 337237
124.925 337357
124.950 281722
124.975 267744
124.975 274181
124.975 6581
125.000 337118
125.025 276930
125.025 284436
125.025 337175
125.050 337298
125.072 474361
125.075 270619
125.075 286035
125.125 274838
125.125 337094
125.150 281109
125.150 337182
125.200 275894
125.225 285606
125.225 3247
125.225 337330
125.250 337184
125.300 283930
125.325 270698
125.325 3248
125.325 337144
125.375 270590
125.375 272224
125.425 268432
125.500 288545
125.500 306351
125.525 273453
125.600 285150
125.650 337293
125.675 275998
125.750 297867
125.775 337385
125.825 337449
125.850 285144
125.875 279827
125.875 3222
125.875 3264
125.900 273486
125.974 521517
126.075 278747
126.196 450096
126.250 275774
126.300 268285
126.450 262582
126.450 285085
126.450 285585
126.475 305184
126.475 3218
126.500 280557
126.500 287316
126.575 288550
126.575 3269
126.580 426473
126.625 271127
126.700 3291
126.700 337451
126.725 266677
126.725 337142
126.750 269417
126.775 3242
126.775 337265
126.800 288483
126.825 337354
126.850 281073
126.925 276321
126.925 337633
127.075 292114
127.109 464540
127.175 272741
127.275 337417
127.350 286175
127.446 466086
127.475 266563
127.475 3251
127.625 478230
127.675 276466
127.675 337180
127.750 3226
127.785 741879
127.925 337419
128.056 504818
128.124 433298
128.150 3265
128.250 337002
128.300 287975
128.300 3262
128.475 3290
128.624 428928
128.625 279787
128.638 445522
128.650 337084
128.700 337086
128.700 337391
128.750 286166
128.800 288200
128.975 337362
129.025 337030
129.125 337092
129.250 336972
129.350 337026
129.357 474896
129.550 337239
129.575 336996
129.600 337629
129.677 536383
129.725 337236
130.200 337144
130.200 337271
130.338 769494
130.350 337118
130.375 337296
130.543 432754
130.675 337207
130.711 513394
130.925 337330
131.025 337357
131.363 537081
131.394 715285
131.460 432232
131.665 362949
132.175 18947
132.510 460600
133.237 445913
133.376 538313
134.590 716688
134.848 436052
135.307 422168
135.344 404253
135.650 426388
135.759 491384
135.821 539855
136.030 349678
136.563 394091
136.870 449137
136.962 463545
137.150 6429
137.224 494652
137.302 493605
137.379 498305
137.442 483622
137.518 480193
137.572 484137
137.640 429726
137.807 538547
138.593 542626
138.650 428210
138.803 658121
138.875 455124
138.900 6240
139.030 464129
139.450 6480
139.454 483336
139.668 447768
139.850 6396
140.100 6449
140.150 338645
140.748 489739
140.800 6481
141.265 462571
141.313 390613
141.314 531833
141.425 6554
141.453 449399
141.530 684841
141.906 518594
142.100 6503
142.311 500316
142.325 6635
142.525 6581
142.882 343673
142.987 765629
143.029 394408
143.035 460765
143.077 536048
143.232 753367
143.285 512918
143.295 439508
143.536 348247
144.318 537353
144.411 400004
144.475 337030
144.731 480403
145.587 484953
145.819 384757
145.824 496147
146.191 713387
146.541 399253
146.674 370693
146.777 454622
146.815 541053
147.296 461746
147.656 425088
147.716 527326
148.460 457053
148.867 522230
148.945 426661
149.083 422963
149.378 471386
149.392 446601
150.266 541537
150.450 371384
150.884 492498
151.354 738754
151.598 468487
151.830 451620
151.878 429134
152.459 503453
152.538 451104
152.550 486224
153.004 462681
153.021 434981
153.525 6580
153.672 539855
153.844 442522
153.872 475172
154.542 451228
155.200 6375
156.100 6481
156.200 6396
156.408 437777
156.550 6503
157.000 6449
157.075 6635
157.275 6581
157.325 6240
157.379 428738
157.775 6480
157.840 495891
158.075 337184
158.284 784927
158.620 461289
158.650 337385
158.700 337296
158.741 474346
158.775 336972
158.900 337357
158.975 337121
159.000 337330
159.100 337451
159.110 382978
159.344 479464
159.550 337142
159.591 363086
159.800 337417
160.055 446883
160.175 337293
160.183 426561
160.379 704915
160.773 428835
160.875 338645
160.955 471724
161.511 786522
161.616 455643
162.825 14271
162.881 444908
163.186 352621
163.207 522042
142.000 1152
153.900 1152
163.285 463081
163.432 768160
163.465 360031
163.674 738754
163.770 516819
164.137 383812
164.149 438236
164.169 424895
164.231 506527
164.250 532684
164.418 716664
165.112 400271
165.622 448466
165.627 504341
165.635 498395
165.804 734372
167.137 668234
167.380 431064
167.433 506602
167.746 489397
168.768 505132
169.350 716487
169.429 376560
169.700 496894
170.252 423035
170.948 516217
170.975 337629
171.000 6554
171.102 755906
171.131 533752
171.150 6240
171.500 6429
171.600 6481
171.772 517390
172.130 491669
172.150 6375
172.175 6580
172.500 337175
172.698 375910
172.850 336996
173.050 6581
173.075 6480
173.099 508288
173.525 6396
173.643 509109
173.700 6635
173.809 493687
174.302 440569
174.939 438441
175.185 435159
175.426 503253
175.513 477098
175.529 495910
175.555 445304
175.957 439120
176.280 458165
176.363 428457
176.400 451079
176.567 715357
176.570 446382
176.829 506348
177.567 441524
177.667 512326
177.979 502217
178.289 533219
178.468 457889
178.825 18947
179.049 468856
179.133 541195
179.172 427812
179.583 354750
179.583 757161
180.077 360031
180.085 462458
180.702 442760
180.851 487797
181.188 495891
181.706 347453
181.811 351526
181.863 505094
182.052 355189
182.131 476793
183.264 405716
183.425 337362
183.484 455596
183.512 476614
184.039 425237
184.333 437000
184.450 6240
184.680 506926
184.700 6480
184.875 6449
184.983 511240
185.025 6503
185.573 428760
185.783 537045
185.836 528580
186.000 337180
186.625 6375
186.750 6581
186.950 6396
186.966 477610
171.250 1152
186.500 1152
187.000 14482
187.154 416247
187.187 474515
187.375 336972
187.375 338645
187.382 520498
187.424 770103
187.775 6429
187.967 355721
188.125 337419
188.143 403119
188.150 337330
188.200 337184
188.250 446367
188.600 337092
188.850 6554
189.100 6481
189.165 484992
189.275 6580
189.412 459792
189.602 528962
189.807 451792
190.375 337417
190.543 447619
190.908 439292
191.246 476512
191.403 463962
191.427 727775
192.338 437777
193.191 527554
193.590 433131
193.923 460121
194.605 525836
194.751 528512
195.030 431705
195.259 449862
195.690 340204
195.789 462628
195.882 770103
195.942 383907
196.009 494342
196.570 443129
197.149 503873
197.318 490681
197.595 532817
198.190 448802
198.280 456753
198.467 381264
198.508 469743
198.596 479421
198.597 398720
198.975 6635
199.037 427414
199.600 6480
199.631 511152
199.818 371049
200.175 6240
200.212 502101
200.800 6481
200.861 427291
200.900 6429
201.300 6375
201.303 367574
201.450 6449
201.825 6503
201.861 506620
202.073 537053
202.100 18757
202.100 6580
202.750 337357
202.825 337265
202.950 337094
203.075 6554
203.278 424910
203.328 520183
204.007 522306
204.116 429764
204.533 468353
204.685 500106
204.976 448393
205.067 495971
205.099 439000
205.162 483675
205.488 471921
205.900 429649
206.261 486918
207.015 429026
207.568 459980
208.050 420101
208.118 670901
208.396 489457
208.549 526625
209.719 443516
209.831 365916
210.248 428174
210.322 485506
210.500 674944
210.690 445090
210.748 360932
210.754 439543
210.867 427097
210.959 450241
203.150 1152
211.227 352550
211.360 535724
211.873 349276
212.130 346720
212.155 495033
212.531 488580
212.616 439543
212.820 541053
212.888 540123
213.175 6481
213.210 404739
213.238 341025
213.300 6375
213.400 338645
213.749 753041
213.955 496429
214.025 6396
214.075 6429
214.300 6480
214.525 6635
214.800 261521
214.950 337236
215.025 6581
215.375 6503
215.875 6240
215.975 6554
216.042 536078
216.245 520937
216.249 495685
216.525 6449
216.699 688844
216.788 376782
216.973 494299
217.200 6580
217.350 337391
217.742 444969
217.910 360686
218.065 509006
218.070 493542
218.217 492573
218.293 514023
218.455 537063
218.820 490442
219.100 337293
219.141 481653
219.612 527063
219.732 451990
219.850 268398
220.205 455106
220.575 274181
221.275 276930
222.312 729728
222.454 485903
222.770 427149
222.955 775296
223.440 478288
224.450 263705
224.883 398253
225.029 435067
225.500 266746
225.525 254080
225.850 261558
225.860 452492
225.875 266767
225.975 268432
226.232 479873
226.300 285144
226.936 531870
227.352 361460
227.525 6240
227.613 361670
227.674 462385
227.705 462844
227.720 705199
228.180 788851
228.200 6429
228.225 6503
228.280 471921
228.425 284008
228.525 6480
229.108 457302
229.125 267346
229.225 6481
229.300 6449
229.450 450000
229.525 338645
229.650 263778
229.726 452013
229.825 250638
229.850 266721
230.469 537070
230.525 20930
230.546 524486
230.575 6580
230.750 337094
230.800 266677
230.875 337354
230.950 6554
231.126 355059
231.150 3225
231.200 263228
231.275 256365
218.250 1152
231.325 265588
231.325 266154
231.575 6581
231.650 337175
231.675 263836
231.934 442155
231.950 278863
231.975 261521
232.050 266164
232.164 480597
232.225 336972
232.300 259754
232.300 262713
232.400 263804
232.550 20978
232.625 336944
232.700 3251
232.775 262683
232.900 267272
232.900 3248
232.925 264385
232.925 3226
233.075 270698
233.350 261582
233.350 285150
233.350 3247
233.422 534642
233.425 352711
233.500 3222
233.575 263211
233.625 262082
233.625 3244
233.675 259788
233.725 259740
233.725 268985
233.850 275982
233.850 275998
233.901 428835
233.950 266109
233.975 263229
234.075 267866
234.100 251617
234.125 3269
234.175 280545
234.191 522001
234.250 256720
234.250 262128
234.250 3218
234.325 268398
234.346 477805
234.350 259174
234.350 264301
234.375 267884
234.500 270228
234.575 3242
234.650 260874
234.675 263859
234.700 3290
234.725 3176
234.775 267275
234.786 422860
234.800 263209
234.850 268946
234.900 277105
234.950 3291
234.975 274692
235.050 272494
235.125 262610
235.175 270747
235.197 752018
235.200 270229
235.275 271933
235.275 280584
235.350 267292
235.375 263784
235.375 279871
235.400 267214
235.425 268353
235.450 270689
235.450 270772
235.450 271345
235.475 278286
235.500 249307
235.550 269558
235.550 272455
235.569 470945
235.600 270679
235.625 262582
235.650 263250
235.725 271726
235.725 274838
235.809 504884
235.825 278774
235.850 268980
235.951 362735
236.025 263873
236.100 264915
236.100 337002
236.116 421830
236.123 431494
236.150 270217
236.225 256203
236.225 273041
236.226 786319
236.300 274181
236.350 266627
236.350 268432
236.375 3225
236.425 282297
236.450 281598
236.450 3265
236.500 271303
236.575 271896
236.627 718738
236.675 281722
236.675 3264
236.800 252733
236.850 265996
236.850 268285
236.900 337182
236.925 273633
236.950 263705
237.100 337026
237.275 337030
237.300 267744
237.305 435089
237.325 270598
237.350 281073
237.400 262647
237.425 287429
237.450 273611
237.475 283975
237.525 276466
237.575 266563
237.625 261436
237.650 3251
237.725 270590
237.750 3248
237.865 511240
237.875 270010
237.875 283930
237.900 285040
237.933 358275
238.100 273598
238.101 357740
238.125 280513
238.225 284524
238.225 337184
238.225 337271
238.250 337121
238.275 287316
238.275 3226
238.300 275894
238.325 337086
238.425 280467
238.450 3247
238.475 3222
238.500 256155
238.500 3262
238.506 445024
238.575 337180
238.600 337118
238.650 279827
238.750 281576
238.825 278176
238.846 436799
238.900 3244
238.950 337094
239.000 273543
239.073 461787
239.075 280557
239.100 283863
239.125 279808
239.125 281109
239.175 273453
239.200 284436
239.200 337362
239.231 345617
239.250 286811
239.259 464578
239.300 3176
239.300 336944
239.324 748215
239.325 271127
239.325 3269
239.340 724440
239.375 336996
239.375 337239
239.394 537081
239.400 337092
239.400 337237
239.400 337391
239.450 3242
239.500 3290
239.500 337144
239.500 337330
239.525 270619
239.550 285085
239.600 337207
239.675 337084
239.775 19082
239.775 337175
239.850 3291
239.850 337265
239.900 288545
240.000 287975
240.050 278747
240.097 427463
240.100 287971
240.150 337296
240.190 458435
240.250 337236
240.348 691344
240.425 286290
240.450 286175
240.475 3218
240.525 337357
240.529 469555
240.554 422033
240.607 441163
240.675 21092
240.789 778297
240.850 337142
240.925 272224
240.925 273486
240.950 337451
240.975 288550
241.050 337298
241.075 3265
241.125 278058
241.200 280351
241.300 292114
241.400 269417
241.400 3264
241.402 387213
241.425 337449
241.450 337419
241.575 276321
241.576 427254
241.600 278090
241.650 288483
241.800 337293
241.850 275774
241.950 275169
241.950 337182
241.975 285606
241.975 337385
242.050 337354
242.075 276930
242.125 279787
242.125 337026
242.225 337417
242.325 337633
242.431 353006
242.575 284973
242.675 286035
242.848 510547
243.000 297867
243.050 288200
243.100 3262
243.369 475193
243.450 286166
243.475 285585
243.475 337629
243.577 467771
243.700 337086
243.825 3222
243.850 272741
244.100 337362
244.125 337330
244.250 337271
244.297 505464
244.356 462847
244.375 337144
244.375 337391
244.500 337118
244.750 337084
244.825 337207
244.925 336996
245.250 305184
245.325 337180
245.325 337236
245.425 3218
245.450 302233
245.475 337265
245.539 483782
245.725 337175
245.823 484999
245.896 536691
245.975 337296
246.075 337451
246.325 306351
246.381 513120
246.476 399520
246.575 337142
246.630 781499
246.950 337419
246.980 467068
247.017 479079
247.325 337298
247.719 467634
247.725 337357
248.104 423222
248.220 474515
248.293 491672
248.347 468910
248.459 342682
248.541 484623
248.649 439113
249.050 337293
249.550 337633
249.675 6481
249.746 536569
249.755 470474
249.825 337354
249.875 6375
249.972 450772
250.616 422860
251.268 446136
251.397 474283
251.901 650797
251.976 753367
251.997 462738
252.175 6480
252.200 338645
252.905 343673
252.945 454106
252.989 343751
253.219 505709
253.666 520031
253.813 438906
254.125 6635
254.675 6449
254.716 425003
254.843 468999
254.939 390444
255.034 375910
255.611 420016
255.825 6396
255.986 537111
256.100 6580
256.400 6503
256.406 519755
256.554 778402
256.858 463578
258.542 525062
258.586 438028
258.587 462267
258.809 444199
259.009 508587
259.372 662354
259.381 446427
259.463 488756
259.523 527425
260.571 514158
260.781 420761
261.422 474371
261.441 464578
261.562 537849
261.758 461283
262.043 431046
262.675 288545
262.829 408394
263.056 533130
263.109 496769
263.198 493557
264.293 531389
264.325 6240
264.898 453347
265.183 423975
265.613 443962
265.776 469704
266.300 6429
266.555 422769
266.870 754949
267.250 434777
267.277 434728
267.298 477308
267.407 483622
268.127 433229
268.225 6480
268.269 431739
268.500 6581
268.521 433087
268.751 746170
268.790 347453
268.884 494310
269.135 454320
269.275 438121
269.800 338645
269.932 475301
270.096 453096
270.110 484907
270.490 453082
270.814 417545
270.960 491192
271.025 6580
271.070 387480
271.109 448542
271.200 337144
271.248 530706
271.425 337175
271.575 6449
271.795 515586
271.975 539855
272.162 426884
272.550 6396
272.612 475695
252.550 1152
267.750 1152
272.677 532279
273.000 14541
273.003 504652
273.275 14439
273.395 432439
273.400 6503
274.167 462830
274.240 371019
274.550 337629
274.954 484979
275.193 428806
275.362 494757
275.539 444627
275.617 770954
275.725 6635
275.898 540126
276.073 476605
276.146 487289
276.293 493993
276.754 428919
277.163 473986
277.345 361212
277.587 448881
277.799 428326
278.399 481756
278.487 480801
278.538 527425
278.983 442506
278.995 701069
279.454 479421
279.519 451820
279.542 474205
279.600 6429
279.637 734506
279.696 445025
279.700 18959
279.980 479414
280.300 6375
280.375 433435
280.959 454228
281.400 351094
281.557 473402
281.650 6240
282.337 430756
282.425 14080
282.500 6449
282.550 6503
282.602 468462
283.088 471992
283.221 540658
283.689 422225
284.875 6554
285.204 498105
285.440 446136
285.470 487671
285.475 337629
285.681 756948
285.800 337236
285.903 437202
285.945 383303
286.159 506637
286.410 463268
286.600 6635
286.835 432983
287.400 18959
288.240 534513
288.263 468487
288.475 542316
288.475 6580
288.499 521865
288.583 386836
289.139 452286
289.475 18872
289.733 520561
289.875 337633
290.210 461905
290.265 468065
290.961 387480
291.315 493124
291.512 478700
291.635 434187
291.917 769494
292.873 541294
293.150 6429
293.210 504161
293.699 352085
293.725 6480
294.323 470962
294.554 481756
294.745 438121
295.275 336944
295.324 446734
295.369 463117
295.775 6581
295.850 336972
296.575 6481
296.788 442025
296.927 438811
296.985 454717
297.489 476344
297.625 6449
297.767 439930
280.925 1152
294.025 1152
297.825 6635
297.955 730491
298.300 6554
298.665 435997
298.671 439007
298.722 767337
298.725 6503
299.283 443329
299.325 522853
299.515 432045
299.774 424607
299.968 447875
300.287 534355
300.459 483094
300.486 470824
300.758 530474
301.123 462557
301.395 727337
301.397 448229
301.428 541961
301.880 438813
302.175 6580
302.697 394969
304.326 514421
304.504 460894
304.892 506713
305.079 495356
305.178 470628
305.975 6240
306.009 513476
306.104 524486
306.320 726061
306.350 6375
306.375 6480
306.600 6396
306.795 471136
307.427 451724
307.777 721503
307.974 430408
308.150 6429
308.675 527992
308.903 425528
308.923 537053
309.000 338645
309.360 530990
309.517 708309
309.532 434433
309.539 459932
311.225 337362
311.390 510431
311.425 6580
311.550 6635
312.225 6581
312.239 522690
312.407 507526
312.429 491867
312.598 517606
312.807 351939
312.822 482906
313.323 493948
313.338 516105
314.121 437615
314.267 433450
314.541 472179
315.125 337417
315.275 337354
315.363 492224
316.146 349966
316.392 748215
316.400 18947
316.421 349678
316.441 716783
316.725 6449
316.774 481756
317.066 512371
317.096 487588
317.232 453516
317.500 479629
317.907 467066
318.075 14862
318.113 417211
318.151 541559
318.479 423398
318.885 474886
319.058 428441
319.236 513491
319.325 337629
319.369 400529
319.400 6481
319.634 487082
320.196 427463
320.454 362292
320.463 453892
320.500 6503
320.600 6375
320.610 727775
320.709 430893
320.850 6396
321.007 758044
321.042 740246
321.175 337118
321.183 539527
312.825 1152
321.531 353713
321.554 481064
321.725 6554
321.780 435271
321.875 6240
322.089 501864
322.359 436916
322.675 6429
322.675 6480
322.950 437202
323.125 6580
323.375 336972
323.450 6581
323.575 337121
323.835 362925
324.250 338645
324.341 451936
324.382 495565
324.400 337184
324.900 6635
324.921 496690
325.015 432996
325.864 468065
325.925 337092
326.283 432532
326.384 439894
326.521 525730
326.595 413863
326.718 443771
326.906 428169
327.098 348356
327.300 259740
328.216 423716
329.762 456281
329.787 363086
330.172 461191
330.322 452057
330.790 390519
331.026 398199
331.484 354327
331.855 493232
332.231 446328
333.033 477766
333.275 337184
334.259 448932
334.267 503032
334.281 405113
334.547 504188
334.713 758093
334.922 517391
335.150 6429
335.275 6481
335.700 6449
335.750 6554
336.125 6503
336.189 467552
336.300 338645
336.600 6375
336.775 6240
337.025 6480
337.450 6581
337.575 337271
337.629 466185
338.275 337121
338.300 6580
338.413 453082
338.525 6396
338.817 486597
338.906 430963
339.235 378002
339.287 392422
339.387 707314
339.423 488396
339.600 337236
339.615 375801
339.875 6635
341.950 283930
341.961 434588
342.210 514379
342.452 459590
342.801 734506
343.325 495201
343.509 770954
343.621 483297
343.838 499256
343.992 487176
344.495 444052
344.495 486750
344.534 539461
344.597 341340
344.641 520244
344.870 523578
345.050 254080
346.526 356675
347.393 371754
347.969 506890
348.047 439009
348.269 494231
348.457 683203
348.514 429201
348.682 345526
348.740 776356
329.600 1152
349.290 510456
349.378 488712
349.567 421454
349.773 786438
349.800 6429
349.900 6503
350.250 6375
350.326 426850
350.600 6481
350.642 482164
351.125 6449
351.328 541080
351.625 6480
351.700 270679
351.822 499459
352.175 6635
352.250 6581
352.305 413536
352.500 479797
352.575 6396
352.625 337121
352.703 518739
353.160 530321
353.176 403736
353.181 503350
353.450 6580
353.525 6554
353.600 6240
353.639 453073
353.675 337094
353.725 337239
353.839 474421
354.025 337385
354.048 351938
354.335 465783
354.623 500005
354.673 491593
354.746 537358
356.214 483256
356.273 489916
356.333 761855
356.350 745541
356.374 408189
356.431 426252
356.749 704511
356.967 540092
357.326 468945
357.535 392106
357.788 459909
357.896 466007
358.115 444233
358.122 503846
358.261 495698
358.771 375910
358.968 465152
358.989 492815
359.726 445139
360.961 473539
361.083 463903
361.603 514421
361.865 496001
361.907 462605
362.130 441682
362.145 443298
362.525 259788
362.651 442791
363.135 431458
363.300 254080
363.738 487715
363.756 436153
363.975 6503
364.056 457053
364.156 482599
364.223 431387
364.600 265588
364.625 250638
364.675 251617
364.816 444738
365.000 338645
365.075 261558
365.075 6396
365.075 6449
365.125 256720
365.300 20930
365.400 263784
365.450 336944
365.550 256365
365.550 271726
365.625 3176
365.700 264301
365.794 339898
365.831 425419
365.985 497834
366.025 263250
366.075 263229
366.125 270217
366.150 270590
366.150 278863
366.205 511240
366.250 336972
366.350 6581
366.450 3226
354.225 1152
366.525 262128
366.575 266154
366.625 252733
366.675 266721
366.750 6554
366.825 266109
366.825 6635
366.875 261582
366.925 6580
366.950 262683
367.050 267272
367.050 6429
367.075 267292
367.200 337002
367.325 263859
367.325 6480
367.350 263836
367.500 3225
367.600 268432
367.650 273598
367.700 259754
367.700 262713
367.750 263228
367.753 471877
367.775 260874
367.789 745541
367.875 267346
367.900 270229
368.000 263211
368.050 266746
368.050 273041
368.100 261521
368.125 3222
368.175 266627
368.200 263804
368.225 20978
368.250 262082
368.250 265996
368.350 268946
368.350 270698
368.400 256203
368.400 264385
368.450 337094
368.489 430915
368.550 268985
368.575 264915
368.625 277105
368.650 249307
368.650 262610
368.650 3248
368.700 267866
368.700 271896
368.725 3251
368.750 259174
368.750 263705
368.750 266767
368.850 20943
368.925 271933
368.950 267884
368.950 270228
368.975 263778
369.000 256155
369.025 275998
369.050 273633
369.075 268398
369.100 262647
369.129 399685
369.150 270679
369.175 259740
369.200 267275
369.200 270747
369.243 457395
369.250 263209
369.250 269558
369.275 337092
369.372 473846
369.400 266677
369.425 3247
369.475 268980
369.525 270619
369.550 276466
369.598 727022
369.680 442522
369.725 267214
369.750 3242
369.825 266164
369.850 267744
369.875 337180
369.900 263873
369.900 274181
369.990 529965
370.025 337030
370.100 270689
370.100 3244
370.123 439536
370.125 426597
370.134 516023
370.150 21010
370.150 3290
370.175 20975
370.225 271127
370.225 275982
366.650 1152
370.250 268353
370.250 3269
370.250 337026
370.275 337182
370.325 270772
370.375 280584
370.475 280467
370.494 466728
370.625 262582
370.700 337086
370.750 266563
370.750 272494
370.800 3291
370.825 285150
370.900 270598
370.925 278176
370.950 3218
370.950 337184
370.998 468293
371.070 540069
371.100 3176
371.150 278774
371.175 337175
371.175 464073
371.200 261436
371.225 271303
371.350 3226
371.375 284008
371.400 337144
371.425 336996
371.500 272455
371.625 337121
371.675 337118
371.682 517524
371.700 274692
371.800 273611
371.847 459932
371.875 273543
371.875 283975
371.903 376560
371.975 274838
372.000 272224
372.000 275894
372.000 3265
372.025 271345
372.075 280545
372.100 287975
372.234 497590
372.275 3264
372.300 278286
372.300 282297
372.425 3225
372.475 284524
372.502 374106
372.525 283930
372.675 337084
372.700 278090
372.725 275774
372.765 776068
372.800 270010
372.883 433141
372.900 286290
372.975 269417
373.075 281576
373.100 279871
373.200 3222
373.215 455742
373.225 337271
373.300 281073
373.375 337265
373.400 273486
373.400 281722
373.475 3248
373.500 281598
373.525 273453
373.525 285144
373.550 337239
373.625 285085
373.750 268285
373.798 451203
373.825 337237
373.850 292114
373.900 283863
373.900 287429
373.900 3251
373.975 337330
374.000 279787
374.099 525730
374.125 3247
374.150 3262
374.175 279827
374.200 278747
374.225 285040
374.300 276321
374.450 278058
374.450 280557
374.450 281109
374.520 347112
374.525 280513
374.550 3242
374.800 3244
374.825 288550
374.825 337354
374.845 421881
374.900 3290
374.950 275169
375.014 542626
375.100 336944
375.100 337293
375.125 337296
375.200 337207
375.250 279808
375.500 3269
375.575 287316
375.650 337236
375.700 3291
375.725 284436
375.725 288545
375.800 286811
375.875 337357
375.900 337385
375.900 337391
375.925 337026
375.947 713419
376.005 401270
376.025 337092
376.050 272741
376.052 371384
376.075 337142
376.150 3218
376.175 286166
376.175 337298
376.250 276930
376.325 297867
376.350 284973
376.400 286035
376.544 495356
376.550 428419
376.566 461539
376.575 280351
376.650 337449
376.750 285606
376.775 286175
376.895 520361
377.000 287971
377.125 285585
377.125 337451
377.175 288483
377.450 337419
377.600 337417
377.724 437360
377.805 514823
377.975 337265
378.033 473899
378.050 337633
378.750 337144
378.840 502349
378.894 434218
379.024 433469
379.125 337362
379.523 745663
379.555 456753
379.650 305184
379.825 337629
379.900 337330
379.938 542125
380.039 499708
380.130 463545
380.325 337237
380.525 337385
380.543 422290
380.584 529440
380.600 337239
380.650 337293
381.000 337296
381.025 337357
381.050 337354
381.142 430826
381.150 302233
381.194 528325
381.277 472261
381.425 6481
381.512 478480
381.550 288200
381.625 337236
382.286 444645
382.425 6240
383.050 306351
383.178 535408
383.182 425088
383.200 337298
383.625 6480
383.850 337449
384.100 337451
384.187 540862
384.350 337633
384.400 337417
385.386 541065
385.628 361215
385.751 762097
386.278 542987
386.850 421052
387.104 420066
387.469 540700
386.250 1152
387.800 338645
388.729 457395
388.887 455436
389.187 516662
389.233 737342
389.308 746170
389.675 6503
389.775 6635
390.001 519441
390.671 540583
390.694 538261
390.702 480139
390.950 6396
391.709 478097
391.763 428467
392.250 337207
392.475 14548
392.825 442295
392.943 467066
392.953 504180
393.221 441627
393.239 431387
393.272 449729
393.434 514530
393.575 428174
394.750 6429
394.959 498519
395.071 531743
395.209 428692
395.215 508037
395.351 426137
395.475 14201
395.561 468722
395.795 462844
396.156 480557
396.525 356806
396.621 468625
396.650 6375
396.816 488756
397.325 337121
397.565 473402
398.353 469414
398.832 464180
399.632 435838
400.526 465296
400.531 512397
400.650 285040
400.741 477169
400.925 427510
401.209 479692
401.388 437872
402.225 6481
402.337 530020
402.586 434588
402.586 537353
402.727 445913
402.751 381870
402.850 6580
402.988 446408
403.075 6396
403.450 6480
403.520 465487
404.000 6554
404.734 354945
404.793 542451
404.811 417598
404.850 6449
405.275 6429
405.660 501805
406.057 442184
406.350 6581
406.362 489916
406.600 6635
406.800 14202
407.142 430770
407.900 337092
408.650 337271
408.778 532136
409.401 500387
409.976 468722
410.624 502091
410.970 438966
411.583 386377
411.681 429643
412.175 438318
412.182 425192
412.249 425138
412.885 376664
413.050 6240
413.247 535306
414.249 425656
414.388 457522
415.225 338645
415.326 428074
415.365 440628
415.550 6503
416.250 6396
416.450 6449
416.625 14728
416.644 425237
416.646 438244
417.200 6481
403.575 1152
417.397 514712
417.483 501019
417.678 361212
417.683 440917
417.688 446458
417.729 521463
417.735 465373
417.750 6429
418.147 393382
418.519 472261
418.571 422756
419.201 459621
419.716 536048
419.878 471380
420.025 18792
420.100 337092
420.352 501177
420.528 437225
421.375 6635
421.516 448460
421.575 14201
421.780 519183
421.875 6581
421.924 425237
422.297 459945
422.425 6580
422.485 490726
422.503 427442
422.783 529071
422.870 729890
422.902 527326
423.175 18959
423.380 511817
423.797 471380
424.350 453882
424.528 721503
424.709 537119
424.974 487234
426.139 451418
426.565 538079
426.876 493522
427.095 383929
427.819 532279
427.959 763452
428.350 6375
428.568 503063
429.182 488934
429.500 6396
429.755 476090
429.797 402712
429.919 466814
429.950 6240
430.130 444750
430.630 470557
430.700 6480
430.717 528507
430.925 6449
430.964 389360
431.010 364876
431.275 6554
431.525 6503
431.584 378469
432.000 338645
432.275 6481
432.820 485523
433.149 392515
433.350 337030
433.485 733936
434.419 770734
434.575 6581
434.650 496032
434.877 478942
435.269 524412
435.918 353858
435.957 443825
436.087 439015
436.298 470926
436.394 521271
436.541 474282
436.600 14446
436.650 337391
437.297 457968
437.524 466500
437.568 498068
437.742 420102
437.769 480612
438.020 440628
438.226 693907
438.607 440751
438.706 435838
438.986 742179
440.149 500707
440.610 502161
440.629 467758
441.008 533560
441.258 435488
441.478 512688
441.891 499558
442.292 762097
442.612 523363
443.171 483641
443.671 492771
430.025 1152
443.811 534033
443.906 498037
444.311 498744
444.351 398718
444.438 426734
444.467 478978
444.675 6480
444.750 6396
444.886 362292
444.925 6240
444.950 6375
445.000 6635
445.081 480701
445.133 516023
445.400 6429
445.519 429306
445.900 6581
446.030 445709
446.150 6580
446.475 14274
446.510 432466
446.533 344736
446.805 475911
446.980 417724
447.031 472907
447.120 495762
447.320 492568
447.375 6481
447.700 337030
447.725 6449
448.240 393382
448.300 14548
448.441 522329
448.505 495967
448.825 6503
449.041 432532
449.100 337002
449.225 14763
449.450 759285
449.465 350210
449.957 737703
450.027 469294
450.272 543079
450.426 477327
450.698 733266
451.046 762643
452.909 437531
453.063 468127
453.482 482415
453.633 474988
454.142 449399
454.483 474346
454.584 447490
454.993 708599
455.324 529889
455.348 447875
455.441 731088
455.494 766448
456.334 448724
456.399 427235
456.692 516390
457.542 522303
457.554 465143
457.675 6554
457.796 427907
458.150 6581
458.207 541781
458.592 541087
458.606 424512
459.233 524082
459.450 6396
459.481 455770
459.671 448848
459.825 427032
459.825 6240
460.075 6480
460.250 6580
460.325 279808
460.425 6503
460.625 338645
460.657 440007
460.744 423120
460.825 6635
461.150 6449
461.332 433131
461.651 534475
461.675 6429
461.825 6375
461.926 521813
461.975 337296
462.133 457774
462.250 6481
463.911 484999
464.124 490442
465.914 446444
465.933 764782
466.623 517333
466.982 424099
467.379 491854
467.433 508984
467.731 457930
467.980 779251
444.700 1152
460.975 1152
468.068 477389
468.307 343857
468.563 493606
468.800 263229
469.204 509534
469.504 344758
470.133 502044
471.841 524255
472.400 354012
472.450 6481
472.484 463178
472.547 766246
472.550 6429
472.689 402209
472.764 471724
472.875 6581
472.925 6396
473.025 6503
473.200 6554
473.729 382945
473.850 337357
474.025 6449
474.150 6580
474.150 6635
474.475 6375
475.325 337449
475.391 452442
475.400 337092
475.467 534475
475.659 485287
475.725 337296
475.753 524412
475.989 426734
476.125 270619
476.150 337094
476.200 338645
476.250 6240
476.474 541117
476.575 263859
476.700 430210
476.710 537053
476.713 448391
476.738 492325
477.100 337026
477.562 470002
477.885 440476
478.075 336944
478.622 457407
478.802 439643
478.838 403837
479.480 352094
479.866 503442
480.140 481731
480.285 483055
480.347 427811
480.726 762097
481.072 448509
481.151 361670
481.373 429119
481.437 421557
481.548 526510
481.675 421076
481.850 18757
481.935 348271
482.022 366797
482.026 493124
482.071 476822
482.218 483305
482.550 779914
482.811 342087
482.820 429426
483.114 495907
483.293 441180
483.594 452294
483.604 424922
483.781 539774
484.487 374448
485.025 6480
485.069 431945
485.391 478855
485.572 508820
485.791 522001
485.951 483641
486.497 722959
486.504 756623
486.875 6554
487.100 6635
487.425 276466
487.525 6481
487.557 420063
487.818 445207
487.825 6580
488.100 6503
488.363 353405
488.400 6429
488.742 486048
488.900 6581
489.040 767922
489.050 6396
489.125 6240
489.234 523935
489.250 337293
488.400 1152
489.360 508710
489.425 524404
489.625 267292
489.625 6375
489.625 6449
489.938 478059
490.145 713387
490.175 336996
490.350 337092
490.450 338645
490.477 717157
490.525 337144
490.625 337026
491.341 728750
491.350 337030
492.054 501052
492.286 434348
492.850 256203
492.972 490755
493.473 471992
493.557 494757
493.635 425548
494.050 259788
494.225 3218
494.723 425977
494.739 441079
495.275 270228
495.525 397405
495.725 3242
495.863 520491
495.925 286290
496.315 497834
496.349 449715
496.503 440331
496.900 271896
497.262 430688
497.350 256720
497.400 435400
497.513 486773
497.900 279808
498.350 678522
498.432 530146
498.495 463827
498.914 466688
499.195 354418
499.385 492224
499.455 433338
499.736 508710
500.175 274838
500.250 276321
500.300 266563
500.325 266721
500.333 475580
500.550 278090
500.700 275998
500.775 280584
500.815 516008
501.025 266767
501.150 20975
501.150 270229
501.169 454717
501.200 273633
501.275 273543
501.325 20943
501.400 269558
501.500 266154
501.500 271303
501.525 279787
501.575 3176
501.700 3222
501.800 6554
501.825 278286
501.850 265588
501.850 266627
501.900 3265
502.000 264915
502.160 541589
502.182 425475
502.200 283863
502.250 263229
502.250 280513
502.291 528557
502.325 278747
502.350 3290
502.400 267214
502.448 433225
502.450 284524
502.475 263804
502.500 263228
502.525 267744
502.600 275894
502.611 537779
502.681 483539
502.750 6635
502.775 264301
502.775 268398
502.775 6429
502.875 274692
502.880 537868
503.050 6503
503.056 466007
503.075 281073
503.100 306351
503.194 446400
503.231 443979
503.300 3244
503.375 280545
503.390 511702
503.450 262683
503.450 3269
503.475 263250
503.650 262128
503.650 263778
503.675 6581
503.700 3264
503.750 262713
503.775 20978
503.775 278176
503.800 3262
503.843 482604
503.925 21023
503.944 441317
503.961 507699
504.000 270598
504.050 271726
504.050 276466
504.075 267292
504.150 278774
504.175 21025
504.200 256203
504.200 285040
504.229 736401
504.269 432232
504.300 3226
504.325 21010
504.374 385852
504.375 3251
504.400 256155
504.400 261436
504.400 281576
504.400 3242
504.425 20930
504.450 263705
504.450 3247
504.475 6396
504.500 6481
504.525 275774
504.550 272224
504.575 259740
504.575 3225
504.625 3248
504.650 272494
504.650 6449
504.675 267272
504.678 378469
504.725 268985
504.725 278058
504.775 6580
504.800 261582
504.900 261521
504.925 3218
504.950 271127
504.950 281109
504.975 6480
505.000 269417
505.025 263784
505.025 284008
505.050 262647
505.225 267275
505.325 259788
505.375 263209
505.416 401993
505.425 280351
505.450 3291
505.488 490517
505.500 268980
505.502 452398
505.525 279827
505.550 268353
505.550 273453
505.600 251617
505.600 270010
505.600 270619
505.675 337330
505.700 266109
505.710 349276
505.725 279871
505.725 285144
505.750 250638
505.775 286175
505.825 249307
505.825 264385
505.825 280467
505.850 265996
505.850 267884
505.850 281598
505.875 270679
505.900 271933
505.900 288550
505.950 263211
505.975 6240
506.000 272455
506.000 278863
506.050 260874
505.800 1152
506.075 262082
506.075 270747
506.150 276930
506.175 281722
506.200 252733
506.200 263859
506.200 287429
506.250 254080
506.300 270590
506.300 337237
506.325 268285
506.325 305184
506.425 268946
506.425 337293
506.444 347453
506.450 256365
506.450 266164
506.450 274181
506.500 3222
506.532 542212
506.542 438485
506.575 277105
506.575 337265
506.582 479349
506.600 288483
506.625 262610
506.625 263836
506.625 273611
506.650 272741
506.675 261558
506.675 267866
506.675 337002
506.775 263873
506.775 337094
506.800 3176
506.825 275982
506.850 280557
506.891 478055
506.925 286035
507.000 266746
507.025 273598
507.050 273486
507.150 268432
507.200 259754
507.200 262582
507.275 270689
507.350 275169
507.375 3265
507.375 3290
507.375 337092
507.450 336944
507.500 270772
507.525 266677
507.525 271896
507.550 283930
507.625 336996
507.675 267346
507.675 270698
507.675 286811
507.700 337180
507.825 259174
507.850 285085
507.900 283975
507.900 337271
507.950 270217
507.975 273041
508.075 287316
508.125 282297
508.150 284436
508.175 285150
508.200 285606
508.225 284973
508.300 3244
508.454 469026
508.500 287975
508.525 286166
508.550 285585
508.650 288545
508.700 337026
508.875 287971
508.900 3262
508.925 337419
509.000 3269
509.050 286290
509.200 288200
509.375 512247
509.450 3264
509.472 434780
509.475 297867
509.500 3242
509.550 337391
509.575 3248
509.600 3226
509.670 439292
509.725 271345
509.775 3247
509.800 3218
509.800 337144
509.900 3225
510.075 3251
510.100 292114
510.247 479342
510.250 337030
510.275 337084
510.300 337175
510.475 337142
510.500 3291
510.525 337633
510.550 337118
510.575 337357
510.600 336972
510.600 337086
510.700 337239
510.732 776008
510.800 337207
510.825 337121
510.825 337296
510.835 732857
510.850 337354
510.950 337184
511.000 337236
511.125 337298
511.150 337182
511.150 337629
511.375 337449
511.385 526494
511.475 337362
511.475 337385
511.500 302233
511.664 474283
511.700 337417
511.786 487998
511.825 337265
511.825 337293
511.900 337330
511.925 337451
512.068 382945
512.308 465483
512.675 337094
512.738 443436
512.975 337002
513.090 728750
513.175 337271
513.700 306351
513.746 462847
513.853 528204
513.957 443328
514.040 465296
514.213 409288
514.262 488178
514.691 449448
515.600 337633
516.051 504652
516.200 416393
516.391 762802
516.781 507077
516.943 350680
517.405 729648
517.790 429105
518.046 361215
518.146 506329
518.796 477308
519.098 475694
519.421 435271
519.851 483336
519.872 377741
519.883 494531
519.896 534666
520.120 432076
520.375 6554
520.619 502039
520.725 355721
520.874 461877
521.425 6396
521.493 482568
521.725 6481
521.810 440431
522.034 474515
522.364 475879
522.500 338645
522.700 6581
522.750 6635
522.833 404253
522.900 6240
522.975 6580
523.108 488178
523.232 426473
523.500 6375
523.600 6480
523.715 434328
523.906 497440
523.994 493731
524.100 6503
524.382 442813
525.004 343940
525.394 433435
526.085 515515
526.110 447795
526.530 440440
526.823 403493
526.920 532216
527.262 465483
527.287 774153
527.477 542396
524.025 1152
527.632 492249
528.065 437730
529.563 448708
529.887 489916
530.909 453650
531.014 470723
531.138 427695
531.582 511492
531.918 472791
532.461 438610
532.532 426497
532.977 453904
533.612 448085
534.025 471848
534.138 485306
534.450 18757
535.082 450935
535.269 726827
535.375 14829
535.575 336972
535.591 466662
535.750 6240
536.081 463629
536.258 500978
536.400 6449
537.479 487371
537.617 395769
537.625 337144
538.053 493766
538.600 6554
538.774 346331
538.950 6481
538.957 536940
539.100 6503
539.171 743721
539.224 497178
539.374 430408
539.443 461059
539.475 337175
539.800 338645
539.836 520052
540.031 438900
540.050 337142
540.275 337385
540.334 483297
540.450 6580
540.458 432532
540.475 6635
540.550 337237
540.775 337293
540.792 439377
541.150 337030
541.214 428174
541.300 337357
541.549 427254
541.562 453082
541.575 337265
541.675 336944
542.102 523900
542.220 516409
542.700 18872
542.865 422331
543.507 532973
543.546 766375
543.575 337629
543.857 443328
544.330 431358
544.425 14080
544.500 394091
547.237 494375
547.270 489113
547.339 355059
547.682 420094
547.887 347453
548.047 527789
548.090 408741
548.358 472791
549.149 484992
549.834 442250
549.907 488450
549.985 493542
550.185 477349
550.310 386200
550.325 6396
550.418 447226
550.575 6429
551.125 6480
551.993 445090
552.000 6375
552.300 6240
552.357 476501
552.417 351041
553.325 6581
553.521 447157
553.550 502103
553.650 6554
553.700 6635
554.021 450611
554.050 6481
554.322 476685
554.550 6449
554.589 489597
538.800 1152
554.773 424158
554.872 416605
554.950 266767
555.025 6580
555.425 337362
555.504 465538
555.525 337118
556.775 511323
557.056 460600
557.648 523900
558.485 516217
558.873 501570
559.178 472292
560.617 424167
560.644 434769
560.985 789958
561.216 517337
561.329 490442
561.606 783746
561.754 481904
561.957 411078
561.995 492429
562.248 444908
562.935 405182
563.011 510195
563.577 536187
563.617 340056
563.757 439733
563.791 441682
564.386 777560
564.575 6375
564.822 445816
564.870 517919
565.907 361355
565.959 460614
565.981 439030
566.240 439030
566.302 398199
566.365 469997
566.500 6240
566.825 338645
567.025 6635
567.121 445436
567.437 439883
567.594 462921
567.950 337121
568.000 6480
568.366 519408
568.375 6396
568.474 432628
568.650 6449
568.870 517213
568.977 511135
569.100 337271
569.191 536943
569.600 6429
570.224 425339
570.250 6581
570.305 346434
570.341 487524
570.635 461868
570.650 337296
571.256 527265
571.493 449857
571.700 6580
572.048 493402
572.212 776356
572.582 516923
572.700 457608
572.721 747760
572.800 6554
573.225 529937
573.364 481099
573.483 483056
573.618 460224
573.643 488120
574.490 493869
574.572 459073
575.291 467758
575.932 775296
576.024 455703
576.775 499798
577.150 438121
577.542 450696
577.886 724338
578.296 487197
578.443 487387
578.480 430944
578.501 352550
578.872 439837
579.647 479342
579.675 6240
579.713 469274
579.991 535163
580.025 6429
580.236 431455
580.300 6375
580.582 767823
580.725 6480
581.000 6396
581.125 6503
581.224 474782
555.325 1152
578.075 1152
581.375 6481
581.460 518739
581.475 6449
581.565 754970
581.950 6580
582.150 337237
582.200 337296
582.650 337030
582.747 534900
583.400 6635
583.550 6581
584.200 337449
584.200 337633
584.438 523071
584.724 440341
584.948 465858
585.147 747382
585.225 14202
585.456 431698
585.479 441084
585.637 457661
585.774 484623
585.775 337419
586.429 426805
586.439 348504
586.758 453882
587.470 346056
588.512 471285
589.311 344758
589.400 421748
589.531 515586
589.795 499289
589.900 3251
591.004 726286
591.150 756948
591.169 511419
591.299 481252
591.688 526494
592.795 426850
593.500 6481
593.550 268285
593.707 480165
593.850 337030
593.975 6554
594.016 493373
594.275 14091
594.301 510285
594.502 510394
594.657 476683
594.675 6429
594.739 514158
594.750 6580
594.800 6375
594.912 400100
595.350 390519
595.357 516923
595.448 504532
595.450 337236
595.695 416804
595.875 273486
596.125 6581
596.332 433435
596.404 524932
596.575 6396
596.708 440131
596.900 453026
597.058 483979
597.225 337449
597.342 704788
597.425 337633
597.450 6503
597.821 429764
598.025 337330
598.356 489800
598.425 337417
598.855 432229
599.150 6635
599.228 486773
599.314 480245
599.401 446734
599.463 500316
599.611 487438
599.650 270679
600.764 438244
600.798 746306
600.816 447520
600.938 490805
601.179 459135
601.251 437225
601.705 441434
601.952 516008
602.771 470831
602.815 491963
602.950 263873
603.052 454514
603.536 507521
603.594 527992
603.970 451982
604.395 486607
604.397 476826
604.400 285150
604.567 442872
604.888 403500
604.983 451410
605.023 755825
605.436 350563
605.452 744898
605.797 474383
606.550 338645
607.100 6481
607.250 6240
607.490 446204
607.550 266746
607.650 6375
608.250 259754
608.350 6449
608.479 521107
608.711 487390
608.820 466109
609.450 3176
609.525 6480
609.550 6580
609.600 270010
609.960 461141
610.150 259788
610.175 473874
610.225 278863
610.350 256155
610.375 268980
610.375 271303
610.393 446458
610.425 3225
610.443 683203
610.550 268985
610.775 263778
610.775 6635
610.825 3247
610.975 256203
611.000 249307
611.125 273633
611.275 287429
611.350 6554
611.475 266164
611.550 3251
611.625 3222
611.675 14271
611.840 371945
612.125 408922
612.225 283863
612.350 268432
612.450 266563
612.500 3244
612.549 517983
612.558 460614
612.600 273611
612.600 280513
612.600 6581
612.660 410259
612.750 274692
612.800 3242
612.825 262582
612.925 275982
612.975 281073
613.025 269558
613.100 3218
613.300 276321
613.400 266721
613.400 286166
613.525 261558
613.550 272224
613.659 523199
613.675 268353
613.711 398474
613.925 3262
614.000 273453
614.075 20975
614.075 250638
614.100 270228
614.200 279808
614.250 3226
614.300 264385
614.325 278090
614.400 3290
614.450 470599
614.500 278286
614.600 278747
614.625 268285
614.700 270679
614.750 272455
614.750 284008
614.900 273543
614.925 263804
614.950 259740
614.950 260874
615.000 261521
615.025 267884
615.025 271896
615.075 280584
615.100 262683
615.175 271345
615.225 3291
615.225 337002
615.275 286035
615.275 3248
607.575 1152
615.300 261436
615.392 462844
615.406 436798
615.472 498105
615.475 252733
615.475 268398
615.575 285040
615.625 3265
615.725 263211
615.725 3264
615.775 267346
615.775 270229
615.775 3269
615.900 262082
616.000 263250
616.150 263873
616.175 337026
616.188 733706
616.225 266154
616.250 273041
616.250 278058
616.275 270590
616.325 271933
616.525 280467
616.550 268946
616.575 336944
616.600 263836
616.651 423293
616.675 275998
616.750 263859
616.775 276466
616.825 3176
616.850 278774
616.900 302233
616.925 265996
616.950 270698
617.000 256365
617.025 251617
617.050 267214
617.075 267866
617.100 254080
617.125 282297
617.200 264915
617.200 3225
617.350 267744
617.375 271726
617.375 284973
617.450 337030
617.475 280351
617.500 336972
617.500 337142
617.525 267272
617.550 270598
617.550 270689
617.550 288200
617.575 262128
617.600 256720
617.600 271127
617.650 263229
617.675 279871
617.700 274181
617.700 337237
617.750 261582
617.750 263705
617.750 276930
617.750 285144
617.800 337094
617.825 280545
617.850 281109
617.850 281598
617.875 281576
617.900 270747
617.900 336996
617.925 266627
617.925 287975
617.925 3222
617.925 337239
617.976 539494
617.987 759076
618.000 279827
618.000 284436
618.000 288545
618.025 273598
618.050 265588
618.075 263784
618.077 527265
618.100 286290
618.100 337144
618.125 262647
618.125 263209
618.150 263228
618.150 266767
618.150 275169
618.175 3242
618.175 337180
618.210 479629
618.250 272741
618.250 3247
618.250 337175
618.300 283975
618.350 259754
618.350 337086
618.375 262610
618.375 262713
618.375 337084
618.400 3218
618.400 337296
618.425 259174
618.425 267292
618.425 269417
618.475 287971
618.491 446530
618.525 264301
618.530 716673
618.550 337092
618.550 337118
618.600 337265
618.625 285585
618.625 3244
618.700 275894
618.700 3251
618.750 267275
618.800 286175
618.800 337271
618.850 278176
618.861 461182
618.900 272494
618.900 279787
618.900 288550
618.950 337184
618.975 337182
619.075 270217
619.075 275774
619.100 337417
619.200 285085
619.225 270772
619.250 3262
619.250 337121
619.250 337236
619.250 337362
619.300 337298
619.350 3226
619.375 287316
619.425 266677
619.475 277105
619.500 288483
619.500 337391
619.625 337419
619.675 285606
619.750 337207
619.775 266109
619.800 337293
619.825 273486
619.875 3290
619.900 3248
619.925 283930
619.950 281722
620.025 292114
620.025 337449
620.121 477805
620.126 428441
620.175 337002
620.175 337330
620.200 337629
620.275 284524
620.325 3291
620.350 337385
620.354 491944
620.375 256155
620.375 270619
620.450 274838
620.450 337451
620.500 3265
620.500 3269
620.625 3264
620.627 778402
620.713 501320
620.725 337026
620.828 541080
620.850 285150
620.875 336944
620.925 337354
621.025 297867
621.150 305184
621.175 280557
621.183 474346
621.250 281073
621.350 337633
621.486 449405
621.675 286811
621.700 271303
621.773 455703
621.800 337357
622.300 337094
622.400 337030
622.400 337142
622.475 337239
622.600 306351
622.675 337144
622.847 472257
622.850 337237
622.900 336996
623.025 337265
623.050 337180
623.225 337296
623.250 337092
623.325 337271
623.475 336972
623.475 337084
623.525 337118
623.542 481117
623.544 484176
623.600 337184
623.875 337391
623.875 337417
623.925 337182
623.950 337175
624.268 532732
624.326 781854
624.380 431046
624.425 337121
624.425 337236
624.425 337298
624.450 337419
624.625 337293
624.675 337629
624.825 337451
625.200 337330
625.525 337362
625.713 464337
625.856 481557
625.909 345049
625.925 337385
625.950 337633
626.505 729803
626.800 337449
626.852 431914
626.862 531786
626.864 441617
627.613 433358
627.717 467068
628.024 517337
628.025 704416
628.587 536514
628.685 436812
629.004 724122
629.376 531011
629.664 480597
629.675 338645
629.821 718609
629.969 502044
630.050 6375
631.051 440007
631.350 6396
631.501 503798
631.925 6429
632.000 6480
632.122 721303
632.242 754540
632.500 6554
632.700 6240
632.812 364568
633.400 6481
633.475 6503
633.542 433039
633.695 467862
633.750 6449
633.775 6580
634.134 422229
634.157 443254
634.246 428987
634.411 504534
634.825 6635
635.215 339879
636.360 716783
636.664 520919
637.045 428835
637.063 487747
637.274 531011
637.557 502826
637.833 489930
638.190 460121
638.288 528580
638.550 429780
638.811 541530
638.913 539968
639.734 505302
640.132 451541
640.218 512019
640.836 518423
642.336 478059
642.783 451323
643.027 473864
643.132 479436
643.211 775518
643.246 536249
643.567 441365
643.576 533005
644.275 6396
644.725 6581
644.730 791326
645.048 496783
645.800 6375
646.275 336944
646.308 776322
646.603 430714
634.250 1152
646.643 472344
646.650 6481
646.936 445913
646.950 6635
647.000 6580
647.100 6240
647.100 6429
647.200 6449
647.727 517843
647.925 337118
648.062 458059
648.156 519349
648.325 338645
648.375 337084
648.400 6554
648.525 6480
648.656 428326
648.656 439616
648.715 534642
648.950 337237
649.362 480701
649.388 447226
649.402 707616
649.417 427004
649.650 337239
649.850 337330
650.506 442872
650.600 519558
650.637 439837
650.827 477522
651.600 337629
652.211 525479
652.234 497440
652.315 505094
652.359 657575
652.613 511702
652.950 14862
653.160 442011
654.148 472179
655.566 446150
655.893 427907
656.078 379142
656.590 496894
656.593 508640
657.122 491672
657.188 439292
657.334 487715
657.407 527681
657.417 441794
657.608 427291
658.450 357854
658.950 488396
659.833 487438
659.972 509534
660.400 6240
660.650 6581
660.663 520031
660.825 6580
660.875 6480
661.020 521393
661.525 6375
661.575 6449
661.850 6396
662.125 6481
662.175 337002
662.275 6429
662.533 503695
662.625 6503
662.678 434790
662.729 426848
662.779 730395
662.925 6554
662.951 525595
663.225 6635
663.350 14274
663.425 337449
664.165 535163
665.388 479883
665.958 451586
666.521 648506
666.766 461539
666.823 499999
667.523 452288
668.040 478066
668.320 482117
668.932 346720
669.050 18792
669.627 541624
669.810 477187
669.827 459710
669.910 440476
670.148 432664
670.386 474896
670.638 423976
670.786 349586
671.349 503274
671.403 445400
671.703 430492
672.152 459417
672.766 344606
672.820 430756
673.190 450000
662.775 1152
673.264 504180
673.558 457968
674.100 338645
674.400 451825
674.844 502374
674.998 486430
675.205 520998
675.394 452572
675.751 541163
675.812 460781
676.048 427514
676.229 468952
676.337 767922
676.500 6503
676.606 442804
676.750 6480
676.809 433848
676.850 6375
676.900 6396
676.925 6580
677.025 6554
677.119 789958
677.200 6581
677.650 337239
677.650 6449
677.675 6635
677.750 6240
678.017 356065
678.039 486773
678.350 6429
678.475 435807
678.817 438056
678.893 430379
679.125 337385
679.289 514636
680.200 499643
680.275 421897
680.293 431994
680.450 337236
680.462 520475
680.484 360686
680.516 348119
680.755 440917
681.387 444661
681.555 474675
681.653 343529
681.877 472907
682.251 506886
682.464 466775
682.509 538878
682.805 463117
682.921 489685
683.109 479973
683.137 738754
683.231 388383
684.145 727337
684.343 517783
684.536 513330
684.633 536168
684.972 465783
685.821 437419
685.830 788049
685.885 489466
685.931 479238
686.376 513832
686.509 453657
686.987 489581
687.109 459945
687.289 470935
687.530 790045
687.822 481161
687.943 434622
688.375 476157
688.564 402103
688.649 423918
689.425 6635
689.454 485820
689.622 461477
690.175 6481
690.198 529458
690.214 487438
690.760 345617
690.791 425192
690.800 6581
690.950 6503
690.975 6480
691.275 6429
691.375 6240
691.400 6375
691.513 430826
691.515 397949
691.800 6554
691.825 338645
691.925 337094
692.030 427772
692.250 6449
692.325 6396
692.567 432417
692.975 6580
693.011 491417
693.076 425967
693.215 475823
682.425 1152
693.395 491944
693.708 470436
693.975 19082
694.019 440841
694.381 534900
694.920 523071
694.973 517425
695.042 749848
695.292 541559
695.737 476793
696.295 469338
696.505 541428
696.838 516008
697.465 454622
697.651 500316
697.814 529975
698.287 504157
698.915 460525
699.416 541270
699.779 472961
699.886 429264
700.309 422947
700.319 768160
700.564 454754
701.777 519755
701.852 716688
702.166 462526
702.380 442118
702.810 449546
704.225 6635
704.364 425961
704.475 6449
704.542 712460
704.562 438252
704.625 6375
704.834 784508
704.848 709219
704.900 6580
705.125 18920
705.275 337633
705.350 6554
705.479 456146
705.600 6429
705.600 6480
705.696 765629
706.325 6581
706.475 6240
706.475 6481
707.025 6396
707.183 788551
707.300 6503
707.618 436081
707.630 779574
708.175 275169
708.200 337271
708.250 338645
708.575 18872
708.646 456570
709.853 471376
710.103 477611
710.927 687343
711.401 523199
711.415 781854
711.500 287975
712.172 538713
712.684 713898
713.354 454460
713.548 740489
713.984 736355
714.060 404968
714.864 485506
714.949 491669
715.112 450241
715.576 527730
715.683 405284
715.892 446271
716.014 446759
716.026 512041
716.857 459223
717.551 491593
718.113 356065
718.568 505001
718.675 280545
718.675 6580
718.775 6429
718.800 425807
718.848 475968
719.175 6503
719.245 526494
719.250 6449
719.250 6480
719.262 527595
719.500 6375
719.675 6635
719.900 6240
720.085 473986
720.175 6554
720.680 506886
721.240 536465
721.357 517782
721.500 6481
721.594 425873
693.975 1152
707.200 1152
721.750 338645
721.800 337629
722.225 6396
722.296 427923
722.396 431685
722.575 6581
723.429 536943
723.583 423975
723.909 461217
723.975 3265
724.014 401625
724.309 482670
724.715 502655
724.820 466675
725.119 738754
725.861 351938
726.166 454106
726.425 500405
726.721 481449
727.459 346718
727.551 434433
727.952 473846
728.487 513706
728.489 504161
728.542 521563
728.600 273543
728.878 425088
729.024 425548
729.076 424617
729.531 431343
730.022 462415
730.518 512041
730.631 470723
730.777 522031
731.053 448688
731.386 444521
731.459 764198
732.031 424167
732.575 6429
732.675 6554
732.850 6635
733.117 487880
733.182 454142
733.227 436691
733.285 525730
733.349 495986
733.703 390927
733.794 426458
734.225 274181
734.249 464024
734.268 743815
734.550 262713
734.550 274838
734.575 285606
734.647 422133
734.650 6375
734.775 284973
734.975 6480
735.073 436925
735.075 6581
735.100 6396
735.175 6503
735.250 338645
735.250 6240
735.350 275894
735.700 262128
735.825 6580
735.866 436661
735.872 427149
735.962 360287
736.300 337175
736.532 427004
736.625 267884
736.644 350766
736.700 262582
736.775 337330
736.934 756425
737.025 337296
737.180 750514
737.275 271303
737.575 271345
737.650 285085
737.900 273633
737.950 270010
738.100 481340
738.128 443136
738.185 431201
738.230 399312
738.650 270679
738.658 485468
738.700 282297
738.825 288545
738.975 261521
739.100 3176
739.250 3251
739.825 271896
739.856 510456
739.900 262683
739.925 278774
740.067 416804
740.149 452625
740.175 271933
736.750 1152
740.200 3225
740.250 263836
740.250 3242
740.250 3290
740.324 483297
740.450 3247
740.575 276930
740.600 286035
740.700 281598
740.735 384858
740.825 249307
740.825 3262
740.825 3269
740.875 267346
740.925 3218
741.025 271127
741.025 3264
741.141 421881
741.312 758369
741.350 270772
741.360 499731
741.400 266563
741.406 467327
741.508 464314
741.525 3291
741.650 3244
741.718 456549
741.750 254080
741.900 252733
741.900 278863
742.000 267275
742.068 513076
742.100 285150
742.150 268432
742.275 270747
742.275 517885
742.525 259174
742.675 283975
742.700 263859
742.800 273611
742.825 267292
742.827 779333
742.950 266627
743.150 273453
743.209 499643
743.225 261582
743.225 263873
743.350 297867
743.650 270217
743.700 279808
743.706 537353
743.775 267744
743.800 261436
743.800 263778
743.875 261558
743.900 283863
743.925 256203
744.000 267866
744.075 271726
744.275 259788
744.350 21010
744.375 256365
744.375 270689
744.375 279871
744.425 265996
744.475 21025
744.500 286290
744.500 3265
744.625 259740
744.675 251617
744.675 272455
744.675 275774
744.725 265588
744.796 516390
744.800 266746
744.800 270229
744.875 262713
744.900 278090
744.963 424642
744.975 266109
744.975 266767
745.100 266164
745.100 267272
745.100 284008
745.175 274692
745.200 268946
745.225 268985
745.225 284524
745.250 288550
745.275 264301
745.275 277105
745.325 336972
745.350 263784
745.350 3222
745.375 250638
745.375 3176
745.450 256155
745.450 3226
745.475 268398
745.500 21092
745.550 260874
745.650 270698
745.650 275169
745.650 336944
745.675 21023
745.675 273598
745.700 288200
745.700 3251
745.708 475172
745.775 270619
745.900 270590
745.900 275982
745.975 256720
745.975 270598
745.975 286811
746.025 273041
746.050 279787
746.075 3225
746.100 266154
746.100 274181
746.125 3248
746.125 337121
746.150 337002
746.175 263705
746.200 337180
746.250 259754
746.250 283930
746.350 272741
746.350 280584
746.350 3242
746.375 264915
746.400 3290
746.425 272224
746.450 263229
746.450 264385
746.450 273543
746.500 287316
746.525 271303
746.525 284436
746.525 286175
746.550 3247
746.575 263209
746.575 270228
746.575 3218
746.600 275998
746.600 281109
746.600 337142
746.625 337086
746.675 263804
746.675 269417
746.675 281576
746.700 266721
746.700 288483
746.750 262082
746.750 280545
746.775 263228
746.775 337271
746.800 276321
746.825 337026
746.850 263250
746.850 278176
746.850 278747
746.875 336996
746.875 337092
746.900 3269
746.950 337330
746.975 337030
746.981 425982
747.000 278058
747.000 285144
747.050 285085
747.050 337118
747.125 267214
747.150 276466
747.150 337182
747.150 337293
747.250 263211
747.275 262582
747.325 3264
747.325 337239
747.375 3291
747.450 337391
747.510 460698
747.525 270010
747.525 273486
747.550 262128
747.550 3244
747.550 337084
747.550 337184
747.575 337296
747.600 267884
747.650 280467
747.675 3262
747.725 281073
747.725 285040
747.725 337094
747.750 268285
747.750 337237
747.750 337449
747.775 268353
747.775 274838
747.775 287429
747.800 281722
747.835 410932
747.875 337298
747.900 278286
747.925 271345
747.950 337175
748.000 262647
748.000 337236
748.025 269558
748.050 337207
748.075 268980
748.125 286166
748.250 280513
748.250 337385
748.275 337265
748.300 337362
748.325 262610
748.420 434980
748.425 272494
748.475 288545
748.475 337144
748.500 337354
748.500 337357
748.775 275894
748.825 337629
748.881 451419
748.900 266677
748.925 292114
748.950 287975
748.971 440004
749.000 285585
749.075 284973
749.175 280557
749.186 455734
749.189 529299
749.341 508766
749.350 337417
749.375 287971
749.425 483816
749.475 3176
749.525 3265
749.650 305184
749.675 280351
749.825 337633
749.850 336972
749.874 403519
749.875 279827
749.921 504255
749.975 271896
750.125 270679
750.150 336944
750.200 285606
750.294 665787
750.330 425252
750.365 423185
750.423 427310
750.725 337002
750.825 337121
750.946 499558
751.000 306351
751.082 470723
751.100 337419
751.225 337092
751.275 337030
751.275 337180
751.325 337026
751.400 337086
751.475 336996
751.750 337142
751.800 337118
751.865 783761
751.950 337271
752.000 337451
752.050 337293
752.175 337330
752.375 337296
752.400 337084
752.400 337239
752.414 495547
752.590 434780
752.600 302233
752.700 337391
752.750 461768
753.100 337175
753.525 337184
753.586 497804
753.835 470579
753.975 337354
754.222 488580
754.291 472368
754.333 531533
754.350 337357
754.416 463903
754.515 482719
754.550 337362
754.600 337207
755.668 428570
755.692 460037
755.787 457890
755.940 750514
756.168 479203
756.658 468235
757.327 426999
757.355 422816
757.778 477945
758.225 6240
758.436 483641
758.668 435305
759.073 480296
759.405 483088
760.338 525462
760.435 429263
760.800 6375
760.800 6449
760.850 6503
760.900 338645
760.959 523234
760.963 442588
761.300 456977
761.375 6396
761.586 421052
761.600 6429
761.656 429263
761.735 525564
762.328 538352
762.400 494525
762.600 6481
763.000 6635
763.225 6554
763.225 6580
763.512 471877
763.531 460600
763.732 496429
763.820 525867
764.317 445301
764.591 498068
764.734 537849
764.739 443516
764.857 454717
766.121 520361
766.225 6581
766.461 492524
766.733 343985
766.958 533752
767.084 461768
767.341 345526
768.038 461545
768.756 536850
768.762 409831
768.804 431945
769.785 492325
770.110 495830
770.820 395398
771.050 18792
771.206 498380
771.549 454773
772.316 426497
773.113 452005
773.245 437202
773.386 480859
773.475 337144
773.525 6240
774.350 6480
774.392 455570
774.906 341226
775.206 451586
775.323 487234
775.397 487371
775.400 6375
775.822 480859
776.328 487088
776.350 6581
776.900 337086
776.950 6503
777.125 337237
777.125 6449
777.239 494406
777.262 781187
777.349 732133
777.350 14728
777.350 449911
777.600 6481
777.661 468040
777.821 451323
778.030 687343
778.200 434528
778.737 529965
778.952 359015
779.294 427695
779.523 438939
780.415 438893
780.600 337391
780.638 709219
780.775 18792
780.854 456448
781.200 6580
781.481 672189
781.719 461115
781.791 415811
781.890 539774
782.374 439184
782.477 494401
782.809 511702
783.166 362468
783.356 421138
783.493 688844
760.675 1152
778.375 1152
785.161 543403
785.310 538239
785.638 496849
786.008 369010
786.043 401590
786.843 491621
786.919 443878
787.192 472789
787.300 6429
787.353 482599
787.453 431017
787.581 746306
787.670 433141
787.805 425977
787.861 409831
787.916 433490
788.215 442295
788.325 6449
788.450 337182
788.477 473514
788.575 6240
788.900 6481
789.375 6503
789.524 507368
789.525 6480
789.550 6375
789.600 6554
789.678 485506
789.700 14763
789.700 6396
790.050 337391
790.433 409831
790.600 6635
790.684 714415
790.725 337296
790.802 479797
791.024 443082
791.350 337419
791.655 505804
792.150 337184
792.175 6581
792.293 468065
792.752 479874
793.425 6580
793.725 337449
794.005 426137
794.614 489164
794.664 537053
794.886 530540
794.959 513793
795.587 459792
795.894 434828
796.214 484344
796.535 437408
796.963 450635
797.177 522690
797.267 524425
797.342 384765
797.438 454228
797.753 533532
797.931 530106
798.230 477187
798.811 717306
798.819 464129
798.991 437615
799.467 540807
800.119 439184
800.165 423338
800.372 510764
800.498 488941
800.553 532240
800.683 742420
800.907 524417
801.144 467327
801.163 367574
801.193 442209
801.925 6240
802.062 541589
802.287 483565
802.450 6449
802.800 6375
802.850 338645
802.895 514158
802.950 6429
803.108 411266
803.175 6480
803.375 6554
803.834 505685
803.975 6581
804.250 6503
804.275 6396
804.375 268398
804.575 6481
804.660 743686
804.779 531899
804.830 454313
805.075 337362
805.475 537647
805.506 431994
805.543 444969
805.661 512041
805.932 428861
793.575 1152
806.083 432537
806.133 505786
806.531 516135
806.674 793209
806.956 531125
807.025 18757
807.361 540754
807.490 446650
808.022 536246
808.192 432333
808.430 524855
809.391 490055
809.837 527546
810.162 520475
810.817 389711
811.545 511435
811.964 462260
812.555 444738
812.747 351385
812.868 650797
813.397 421390
813.638 441210
813.830 398253
814.219 346056
814.326 430561
814.811 531533
814.814 446271
815.045 479588
815.300 18757
816.275 6481
816.305 487436
816.366 476529
816.405 401625
816.417 515480
816.419 520772
816.575 495635
816.825 6480
816.857 470099
817.250 6396
817.575 6429
817.600 6503
817.725 6580
817.730 646498
817.787 494207
817.925 6375
817.948 539390
818.325 338645
818.325 6554
818.343 482074
818.400 6449
818.550 337296
818.590 455596
818.653 740551
818.767 541767
818.800 18995
819.173 443507
819.182 482415
819.250 18947
819.775 6581
819.900 6635
819.950 337239
820.062 758205
820.332 506348
820.393 466500
820.949 704788
821.079 465487
821.741 537045
822.044 435982
822.358 499828
822.600 337419
822.958 450639
822.969 439099
824.500 306351
824.687 541587
824.921 424730
825.023 710021
825.308 494652
825.972 424400
826.252 440099
826.584 733810
827.218 718353
828.100 6240
828.350 18757
828.684 488396
828.707 501860
828.722 399817
828.981 485277
829.498 441095
829.566 432846
829.859 498663
830.150 484137
830.445 526380
830.625 6481
830.944 488120
831.150 336996
831.275 6396
831.350 6375
831.398 361779
831.825 268985
831.832 442517
832.064 488450
832.092 749614
812.825 1152
831.925 1152
832.150 337354
832.171 460530
832.306 390927
832.500 6429
832.729 437309
833.075 6580
833.127 523730
833.455 348614
833.463 497290
833.500 6581
833.775 337207
833.800 6554
833.863 767823
834.247 426661
834.279 529253
834.482 420063
834.850 6449
834.947 436691
834.948 472179
835.376 516763
835.700 6503
836.060 467534
836.227 781862
836.266 390320
836.385 710378
836.497 534900
836.601 495214
836.843 497716
837.025 278090
837.115 361779
837.201 494531
837.263 542720
837.329 476670
837.400 6635
838.269 533475
838.342 437088
839.392 746797
839.674 531786
839.718 761252
839.787 445390
839.998 484907
840.230 708423
840.414 353405
840.709 459448
841.504 480595
841.900 266164
842.206 776945
842.351 493124
842.359 768017
842.377 392365
842.957 426743
843.015 779333
843.100 6240
843.275 338645
843.287 507699
843.362 499731
843.450 6375
843.586 469555
843.843 422972
844.325 337092
844.555 730395
844.625 336944
844.639 494649
844.975 6481
845.005 433087
845.063 444908
845.495 521786
845.500 6480
845.617 446522
845.731 463503
845.750 6396
845.958 507654
845.965 528938
846.475 6635
846.882 521786
846.904 517391
846.950 6581
846.978 729890
847.050 6503
847.170 500707
847.358 538167
847.420 448460
847.475 6554
847.806 535055
847.926 542663
847.983 466326
848.125 273598
848.135 445293
848.325 6580
848.348 480134
848.391 512247
848.713 469520
848.900 337330
849.036 779914
849.094 481984
849.506 768160
850.053 482498
850.267 384858
850.331 437777
850.391 513483
850.444 493105
851.310 423293
846.825 1152
852.011 492573
852.131 494342
853.007 722959
853.325 466073
853.569 491867
853.726 463529
853.778 500707
853.991 778251
854.399 425967
855.165 532910
855.378 478296
855.628 491088
855.653 488196
856.079 526957
856.225 6375
856.556 368634
856.759 448688
857.082 534327
857.175 6481
857.204 469520
857.325 256203
857.550 6429
857.575 6449
858.322 525160
858.344 366797
858.382 472844
858.446 518236
858.925 6480
858.986 507505
859.075 266154
859.300 6396
859.375 494919
859.575 6503
859.750 6581
859.989 517269
860.025 261436
860.191 476215
860.225 337084
860.513 526310
860.575 337419
860.625 261521
860.650 278058
860.725 271726
861.575 6580
862.114 749949
862.119 541117
862.363 534475
862.659 438893
862.753 455918
863.275 271933
863.534 472789
864.088 495830
864.114 494696
864.525 292114
864.549 512632
864.578 455419
864.704 455159
864.854 377970
864.900 284436
864.950 262713
865.000 271127
865.176 680210
865.356 366754
865.375 281576
865.381 758440
865.850 261558
865.902 460553
866.450 267292
866.650 270689
866.940 359657
866.975 306351
867.375 280351
867.400 251617
867.400 3225
867.532 540835
867.592 743721
867.600 249307
867.700 254080
867.725 278863
867.775 256720
867.850 262082
867.875 279787
867.925 3262
867.975 250638
867.975 263229
868.082 494265
868.200 262128
868.250 20930
868.400 267744
868.450 252733
868.475 336972
868.537 438036
868.550 263228
868.575 264301
868.600 336944
868.650 263836
868.650 288200
868.675 263250
868.675 278176
868.838 512261
868.850 267346
868.850 268398
857.800 1152
868.850 3222
868.885 339296
868.941 441682
868.950 263778
868.975 265996
869.025 268946
869.100 277105
869.200 266721
869.200 337002
869.230 428241
869.250 270590
869.275 3226
869.300 263211
869.325 259174
869.325 262683
869.375 267214
869.425 259788
869.425 263859
869.425 273543
869.450 268353
869.525 259740
869.525 265588
869.600 256365
869.600 3176
869.650 283863
869.650 3264
869.675 256203
869.681 450631
869.706 505302
869.725 3248
869.750 276930
869.750 336996
869.775 263873
869.875 20943
869.900 259754
869.900 273598
869.925 266767
869.950 261582
869.950 267866
869.965 428169
869.975 260874
869.975 270228
870.050 272494
870.075 20978
870.175 3269
870.287 477216
870.300 266109
870.350 263784
870.350 278774
870.375 264915
870.400 256155
870.400 276321
870.400 287316
870.400 302233
870.425 6554
870.550 271303
870.551 725198
870.575 3247
870.600 263209
870.644 521463
870.700 263804
870.725 276466
870.775 262610
870.775 266627
870.825 267884
870.875 263705
870.875 270698
870.875 286035
870.925 337030
871.056 499643
871.065 486147
871.100 270679
871.125 337092
871.150 262582
871.250 274181
871.250 337094
871.275 264385
871.300 278058
871.366 369736
871.442 672189
871.450 270747
871.475 337026
871.500 273633
871.525 270229
871.550 21023
871.550 268432
871.575 266746
871.575 3251
871.575 3265
871.575 337184
871.600 272224
871.600 285144
871.625 21025
871.645 490393
871.650 268980
871.700 20975
871.700 281598
871.750 262647
871.750 274692
871.756 488452
871.825 275998
871.825 297867
871.874 768562
871.875 266164
871.875 266563
871.900 21010
871.900 275169
871.925 337086
871.950 268985
871.975 270772
872.000 269417
872.025 3242
872.050 305184
872.075 270619
872.100 267275
872.125 261521
872.150 337118
872.175 3218
872.225 273611
872.225 3244
872.275 270217
872.300 285150
872.350 286175
872.375 273453
872.400 269558
872.400 3290
872.400 337144
872.408 517665
872.450 271896
872.475 275982
872.475 280467
872.500 284973
872.525 270598
872.525 287975
872.575 273041
872.575 281073
872.650 267272
872.650 337084
872.675 282297
872.700 286290
872.725 279808
872.725 3291
872.762 449862
872.775 3225
872.925 3262
872.929 528274
872.975 283975
872.975 337121
873.025 271933
873.050 337175
873.150 268285
873.150 284008
873.171 485523
873.175 287429
873.200 275774
873.225 337271
873.300 281109
873.375 337265
873.400 337182
873.475 278286
873.475 337354
873.500 280584
873.500 337142
873.525 266677
873.525 337237
873.575 272741
873.625 283930
873.675 286166
873.725 278090
873.725 285040
873.725 337239
873.750 337330
873.775 274838
873.800 272455
873.800 278747
873.805 428096
873.809 742420
873.825 285585
873.825 288545
873.825 3222
873.825 337207
873.825 337236
873.875 337357
873.875 337385
873.895 441404
873.900 279871
873.900 280545
873.950 271726
873.975 3226
874.019 494110
874.075 270010
874.075 337180
874.100 271345
874.125 285606
874.150 337296
874.175 280557
874.225 286811
874.250 273486
874.250 337293
874.250 337449
874.342 349161
874.350 275894
874.350 337417
874.375 722455
874.392 423633
874.425 288550
874.450 460567
874.525 3264
874.550 3176
874.550 337451
874.575 337633
874.600 279827
874.600 288483
874.600 3248
874.600 337362
874.725 3269
874.750 337419
874.800 336944
874.850 285085
874.975 337391
875.013 505685
875.050 3247
875.097 433435
875.125 284524
875.125 287971
875.150 337629
875.175 337298
875.225 280513
875.275 292114
875.525 336996
875.588 454228
875.671 514373
875.875 281722
875.885 489719
875.925 3265
876.225 3251
876.260 436225
876.297 374684
876.463 452924
876.650 3244
876.725 3242
876.825 337026
877.003 434769
877.250 337030
877.477 492498
877.505 429731
877.655 462605
877.725 337092
878.175 428803
878.209 511420
878.215 385660
878.371 436265
878.400 337144
878.400 337385
878.401 451213
878.475 337265
878.807 749832
878.825 337142
878.875 337239
879.022 439543
879.033 443414
879.050 337296
879.275 337271
879.395 512397
879.402 487588
879.445 528341
879.450 337357
879.500 337237
879.575 337633
879.576 441617
879.675 337354
879.699 535055
880.807 470884
881.129 449405
881.360 527730
881.375 339803
881.428 466015
881.524 391288
881.614 687343
881.926 763725
881.964 493557
882.034 403585
882.310 510335
882.636 487197
882.676 713898
883.050 6240
883.136 754355
883.284 481323
883.602 431343
883.869 416446
884.025 6429
884.250 6481
884.268 488291
884.463 490617
884.555 718738
884.772 453026
884.857 502101
884.907 543107
885.100 6396
885.154 475694
885.219 423002
885.246 508672
885.265 503037
885.334 517269
885.450 6375
885.836 441317
875.800 1152
886.164 451850
886.249 506926
886.250 6449
886.275 439340
886.289 442617
886.400 6480
886.435 381870
886.825 14862
886.825 338645
886.877 515594
887.075 6580
887.150 6581
887.227 448165
887.229 533219
887.425 6554
887.849 464578
888.175 426836
888.475 6503
888.678 343751
889.093 537119
889.150 14127
889.250 14544
889.460 515515
889.567 518122
889.735 515515
889.809 726286
890.436 426065
890.640 453904
890.731 500363
891.425 14829
891.510 779421
892.167 357740
892.308 462267
892.832 500584
893.193 350680
893.347 492002
893.566 496783
893.671 434622
893.693 768250
893.845 684841
893.867 500867
893.933 493424
893.983 466876
894.909 435564
895.442 524425
896.228 353953
896.961 452228
897.500 780924
897.641 497984
897.700 532679
897.878 434389
898.248 398577
898.506 401625
899.316 449729
899.498 422418
899.875 6635
900.541 437202
900.635 349904
900.725 6375
900.825 6554
901.385 740246
901.599 438226
901.627 425548
901.650 6429
901.790 433450
901.992 515831
902.100 6480
902.190 513212
902.234 438610
902.275 338645
902.450 336972
902.613 453073
902.825 6503
903.225 6396
903.400 6449
903.700 6580
904.177 451228
904.367 499289
904.500 337629
904.524 508242
904.600 337633
904.661 500387
904.900 375365
904.926 345713
905.191 363034
905.720 426734
905.920 430408
906.146 497590
906.570 471909
907.572 452286
907.833 538313
908.651 462752
909.483 427929
909.975 18947
910.022 468625
910.337 438244
910.617 416247
910.650 18872
910.834 479629
911.213 462681
911.307 538167
912.225 336972
887.300 1152
897.475 1152
912.431 432240
913.446 467633
913.875 6375
913.902 429837
914.075 6554
914.157 488452
914.395 362735
915.025 6481
915.548 532135
915.800 6429
916.081 348614
916.225 6396
916.225 6503
916.250 337094
916.350 6635
916.385 484907
916.475 6581
916.740 348160
917.032 498994
917.478 427097
917.516 474421
917.542 433567
917.745 441112
917.923 503453
918.200 14722
918.200 337121
918.488 456395
918.589 427519
919.175 337633
919.350 337417
920.049 459448
920.324 465143
920.692 422804
920.719 482833
920.956 436925
921.000 18792
921.227 494207
921.502 486224
921.879 438036
922.044 438900
922.736 508359
922.786 417618
923.218 453567
923.369 709545
923.587 788793
924.141 435997
924.251 720714
924.785 471448
924.876 343940
925.214 432417
925.489 512261
925.830 485666
926.230 530474
926.700 6240
927.233 497440
928.099 432893
928.275 338645
928.275 6503
928.296 432628
928.375 6554
928.419 348160
928.525 6580
928.550 6480
928.719 437387
928.869 438122
929.280 451231
929.309 516923
929.650 14127
930.075 6481
930.142 430346
930.250 6581
930.650 6635
931.100 14271
931.341 715897
931.375 6396
931.550 494207
931.800 6375
932.175 6449
932.625 6429
932.884 348281
933.036 457407
933.124 535163
933.600 264301
933.722 447918
933.826 454082
934.620 353741
935.612 451850
935.929 399463
936.090 779781
936.118 541818
936.532 469743
936.655 458419
936.841 476614
937.519 474885
937.613 430472
938.591 505686
939.458 525062
939.578 729890
939.598 485006
939.880 483687
940.201 440628
940.534 460517
916.000 1152
932.900 1152
940.585 537647
940.593 437164
941.956 713419
942.496 496690
942.816 768239
943.100 6503
943.100 6581
943.374 534807
943.700 6240
943.900 359717
944.200 6375
944.200 6580
944.500 6449
944.509 459240
944.606 721303
944.678 495651
944.691 416804
945.128 450646
945.150 6396
945.264 373168
945.475 6429
945.575 337330
945.900 337354
946.261 537201
946.275 6481
946.410 441942
946.411 392106
946.435 522707
946.500 6635
946.779 426609
946.901 714496
947.200 337385
947.217 500732
947.380 781499
947.805 440601
947.974 409609
948.071 526499
948.269 681414
948.317 778579
948.470 505022
948.711 434248
949.136 461182
949.826 470716
950.883 512247
951.021 499913
951.295 408189
951.370 475589
951.888 447504
952.156 724122
952.275 14763
952.537 375365
953.039 778161
953.094 522530
953.150 466514
953.914 492698
954.661 423031
954.907 464224
955.028 518180
955.054 396099
955.054 487671
955.364 517783
955.680 527425
955.770 475670
955.830 465974
956.402 665787
956.640 474700
956.750 6554
956.833 466289
957.043 446716
957.161 508820
958.175 6480
958.276 485666
958.300 6503
958.520 484701
958.771 461715
958.895 438811
958.925 6580
959.075 6581
959.225 337084
959.400 6449
959.625 19082
959.725 6396
959.900 6375
960.044 532614
960.220 480245
960.350 6635
960.450 337121
960.450 337293
960.600 338645
960.651 441682
960.722 436295
960.725 337633
960.750 337362
960.924 505002
960.950 477735
961.150 337236
961.321 401590
961.514 504969
961.694 448848
961.702 427206
961.774 541486
961.927 366115
948.875 1152
961.948 505001
962.245 444894
962.645 443878
962.764 446612
962.800 336996
963.126 423018
963.151 424830
963.369 456116
963.737 490813
965.135 453128
966.731 454337
966.808 475000
967.149 456328
967.700 286035
967.717 482002
967.743 409291
967.851 473239
968.120 450022
968.861 441404
969.656 487482
969.744 467238
970.125 6240
970.667 432260
970.782 365392
971.066 365437
971.165 439030
971.209 386377
971.312 478942
971.397 427929
971.793 539527
971.800 6481
972.300 6503
972.398 445896
972.470 781187
973.250 6429
973.250 6449
973.465 526625
973.557 486308
973.583 518818
974.000 6580
974.050 337296
974.050 6396
974.250 6635
974.310 464540
974.525 18947
974.525 6375
974.750 6554
974.750 6581
975.025 337084
975.206 534033
975.375 337633
975.450 337362
976.250 6480
976.335 487602
976.342 486716
976.665 541507
976.967 499802
977.357 781989
977.469 518122
977.850 286290
978.056 462818
978.201 413297
978.250 254080
978.345 470723
978.357 431698
978.958 720730
979.072 534582
979.126 730395
979.345 534108
979.695 423185
979.732 426999
980.045 536850
980.172 466518
980.225 276321
980.370 422559
980.645 451323
981.026 449490
981.356 456991
981.739 517398
981.975 270010
982.023 374713
982.394 757467
982.509 470557
982.550 461539
982.575 261436
983.037 428570
983.050 18959
983.407 528833
984.050 270590
984.175 250638
984.175 263250
984.425 263778
984.725 265588
984.783 477711
984.800 262683
984.801 455770
984.909 383303
984.934 790045
985.050 251617
985.159 489164
985.175 276466
985.324 469414
963.925 1152
979.600 1152
985.350 252733
985.375 261558
985.575 3176
985.655 530253
985.664 502039
985.700 262713
985.725 256365
985.868 426805
985.925 20930
985.925 336944
986.375 270228
986.500 260874
986.525 263209
986.575 263836
986.625 18947
986.800 336972
986.825 275998
986.925 259754
986.950 273453
986.950 278863
987.000 266721
987.075 264301
987.225 302233
987.275 264915
987.275 267346
987.288 429695
987.300 270679
987.300 3225
987.325 267744
987.350 259788
987.350 261582
987.350 263859
987.350 338645
987.475 20943
987.525 262128
987.525 266109
987.550 519766
987.575 256203
987.600 262582
987.600 267272
987.625 263705
987.650 249307
987.700 262082
987.725 261521
987.725 266154
987.725 267292
987.725 271896
987.750 266767
987.750 270698
987.800 20978
987.800 263873
987.825 263784
987.850 259174
987.850 268980
987.875 263229
987.925 266746
987.925 268985
987.925 270229
987.950 268946
987.963 496454
987.975 287971
987.975 3218
987.991 768017
988.025 263228
988.075 270689
988.150 266164
988.150 270598
988.150 3269
988.200 3251
988.225 262610
988.321 364978
988.325 285150
988.350 3226
988.375 6635
988.400 3265
988.425 263804
988.450 337092
988.475 3222
988.475 3248
988.500 3244
988.600 259740
988.625 256155
988.625 273041
988.650 337026
988.650 337030
988.700 267214
988.725 271726
988.750 283863
988.775 268398
988.800 3242
988.800 440751
988.900 263211
988.950 272494
989.000 266627
989.025 20975
989.025 267884
989.025 337354
989.050 275982
989.175 3247
989.175 337002
989.200 256720
989.200 6503
989.225 270217
989.225 273598
989.225 337118
989.250 280545
989.275 262647
989.300 272455
989.349 466518
989.375 271933
989.375 337094
989.400 273611
989.400 278774
989.425 270747
989.455 516301
989.475 267275
989.500 265996
989.550 337086
989.575 271345
989.600 274181
989.625 21010
989.625 337419
989.629 484176
989.775 273633
989.791 346720
989.800 269558
989.850 21025
989.850 287429
989.888 487268
989.960 440330
989.975 3290
990.025 268353
990.025 3264
990.075 21023
990.075 264385
990.106 390444
990.125 281576
990.125 337182
990.150 267866
990.150 336996
990.175 285040
990.200 337121
990.275 337184
990.275 337629
990.325 268432
990.325 270619
990.336 509242
990.345 496112
990.350 266677
990.375 337144
990.450 3291
990.625 273543
990.625 3176
990.700 278286
990.725 275774
990.725 280557
990.775 274692
990.775 3262
990.800 270772
990.800 275894
990.800 277105
990.825 271303
990.825 337084
990.925 21092
990.950 281722
990.950 337142
990.975 278176
991.000 286811
991.050 337175
991.075 280467
991.100 272224
991.200 285085
991.250 337239
991.275 284008
991.300 271127
991.350 287975
991.379 402870
991.400 283975
991.425 286290
991.425 337271
991.450 337180
991.481 462921
991.500 266563
991.500 337265
991.550 280513
991.575 270010
991.625 279787
991.650 281073
991.825 3225
991.825 337298
991.850 269417
991.900 337237
991.925 278058
992.075 288545
992.150 268285
992.150 284436
992.225 337330
992.250 278090
992.275 275169
992.325 337296
992.350 274838
992.350 276930
992.400 284973
992.425 280584
992.425 337236
992.475 285144
992.500 336944
992.525 278747
992.525 281598
992.550 279808
992.550 279871
992.575 273486
992.575 286035
992.600 285606
992.625 3226
992.725 3269
992.800 283930
992.850 3218
992.850 337207
992.950 3248
992.975 288483
993.000 282297
993.025 337391
993.075 337293
993.100 279827
993.200 337451
993.275 3222
993.325 286166
993.425 288550
993.450 337449
993.475 3244
993.475 3251
993.475 3265
993.500 337417
993.550 284524
993.650 3247
993.700 281109
993.700 3242
993.775 285585
993.800 280351
993.925 286175
994.075 287316
994.300 337026
994.570 347785
994.600 292114
994.644 423120
994.650 3290
994.675 288200
994.750 337633
994.800 337385
994.825 3264
994.850 306351
994.894 436337
994.963 491332
995.075 297867
995.075 305184
995.075 3291
995.300 337030
995.410 688844
995.625 337092
996.450 337357
996.575 337144
996.804 441334
997.525 337362
997.734 459768
997.784 440951
997.901 438167
998.100 337419
998.484 447310
998.800 337629
999.371 494750
999.375 337354
999.675 6240
999.721 426142
1000.257 646498
1000.382 427504
1000.973 766246
1000.983 510605
1001.295 437404
1001.325 6375
1002.007 492541
1002.039 485262
1002.129 537201
1002.253 448207
1002.484 433087
1003.325 6429
1003.569 523161
1004.040 525438
1004.100 6481
1004.538 508858
1004.924 415811
1005.200 338645
1006.130 441161
1006.368 445397
1006.550 6581
1006.957 345617
1007.345 491192
1007.364 775228
1007.455 779392
1007.525 6580
1007.715 466033
1007.740 442351
1008.158 466185
1008.210 530353
1008.400 6480
1008.900 6554
