0	0
0.5	-6.43849e-26
1	-1.03371e-25
1.5	5.1038e-26
2	1.91435e-26
2.5	-1.23127e-25
3	-8.69338e-26
3.5	-7.75776e-09
4	-1.19769e-07
4.5	-2.36052e-07
5	-3.27258e-07
5.5	-4.31512e-07
6	-6.66825e-07
6.5	-1.06068e-06
7	-1.44542e-06
7.5	-1.81336e-06
8	-2.16109e-06
8.5	-2.45509e-06
9	-2.77449e-06
9.5	-3.12468e-06
10	-3.4927e-06
10.5	-3.90702e-06
11	-4.31985e-06
11.5	-4.55391e-06
12	-4.62208e-06
12.5	-4.46607e-06
13	-4.29765e-06
13.5	-4.35474e-06
14	-4.40602e-06
14.5	-4.41709e-06
15	-4.25265e-06
15.5	-4.09941e-06
16	-4.02089e-06
16.5	-4.39141e-06
17	-4.72633e-06
17.5	-4.90546e-06
18	-4.7282e-06
18.5	-4.79325e-06
19	-4.89153e-06
19.5	-5.10543e-06
20	-5.44038e-06
20.5	-5.71547e-06
21	-5.84646e-06
21.5	-5.87621e-06
22	-6.13007e-06
22.5	-6.53689e-06
23	-6.91912e-06
23.5	-7.30917e-06
24	-7.87867e-06
24.5	-8.83821e-06
25	-1.20994e-05
25.5	-8.15368e-05
26	0.000300629
26.5	0.000130883
27	-2.97047e-05
27.5	-7.00547e-05
28	-1.14154e-05
28.5	-7.97819e-06
29	-7.46419e-06
29.5	-8.03672e-06
30	-8.55761e-06
30.5	-9.1876e-06
31	-9.06419e-06
31.5	-7.24943e-06
32	-5.69334e-06
32.5	-4.96018e-06
33	-5.27093e-06
33.5	-6.10213e-06
34	-7.09385e-06
34.5	-7.56859e-06
35	-7.55562e-06
35.5	-6.93035e-06
36	-6.56373e-06
36.5	-6.06519e-06
37	-5.25732e-06
37.5	-4.61597e-06
38	-3.69236e-06
38.5	-3.32008e-06
39	-3.38476e-06
39.5	-3.50516e-06
40	-3.66585e-06
40.5	-3.80113e-06
41	-3.95126e-06
41.5	-4.10071e-06
42	-4.22403e-06
42.5	-4.3712e-06
43	-4.41579e-06
43.5	-4.35669e-06
44	-4.29074e-06
44.5	-4.18799e-06
45	-4.10734e-06
45.5	-4.14425e-06
46	-4.28865e-06
46.5	-4.43897e-06
47	-4.56445e-06
47.5	-4.99158e-06
48	-5.72901e-06
48.5	-7.29127e-06
49	-1.29231e-05
49.5	-0.00016947
50	0.000153863
50.5	3.61148e-05
51	-3.29312e-05
51.5	-3.91055e-05
52	-1.33867e-05
52.5	-1.03412e-05
53	-7.79775e-06
53.5	-6.44016e-06
54	-5.87602e-06
54.5	-5.88626e-06
55	-6.116e-06
55.5	-6.46408e-06
56	-6.81055e-06
56.5	-6.98139e-06
57	-7.15677e-06
57.5	-7.59073e-06
58	-8.06533e-06
58.5	-8.50429e-06
59	-8.91095e-06
59.5	-9.41493e-06
60	-1.03878e-05
60.5	-1.38018e-05
61	-8.98472e-05
61.5	0.000299924
62	0.000150626
62.5	-4.21532e-05
63	-7.81109e-05
63.5	-1.28174e-05
64	-9.94196e-06
64.5	-9.47868e-06
65	-8.95753e-06
65.5	-8.50579e-06
66	-8.3508e-06
66.5	-7.75831e-06
67	-7.11077e-06
67.5	-6.53768e-06
68	-6.0628e-06
68.5	-5.8616e-06
69	-6.21514e-06
69.5	-6.81313e-06
70	-7.42522e-06
70.5	-7.96324e-06
71	-8.52322e-06
71.5	-9.21455e-06
72	-1.01598e-05
72.5	-1.13753e-05
73	-1.37298e-05
73.5	-7.12171e-05
74	-0.000202962
74.5	0.000302664
75	-1.01609e-05
75.5	-7.46533e-05
76	-2.29217e-05
76.5	-1.16725e-05
77	-1.0739e-05
77.5	-1.03485e-05
78	-1.00291e-05
78.5	-9.9905e-06
79	-9.51545e-06
79.5	-8.88321e-06
80	-8.28944e-06
80.5	-7.71067e-06
81	-6.94974e-06
81.5	-6.50976e-06
82	-6.03034e-06
82.5	-5.61206e-06
83	-5.31789e-06
83.5	-5.21377e-06
84	-5.27064e-06
84.5	-5.14735e-06
85	-5.24088e-06
85.5	-5.12492e-06
86	-5.07813e-06
86.5	-5.08777e-06
87	-5.20424e-06
87.5	-5.28915e-06
88	-5.38013e-06
88.5	-5.46944e-06
89	-5.54722e-06
89.5	-5.55053e-06
90	-5.5194e-06
90.5	-5.52822e-06
91	-5.55035e-06
91.5	-5.58659e-06
92	-5.69564e-06
92.5	-6.02006e-06
93	-6.79234e-06
93.5	-8.5095e-06
94	-2.16176e-05
94.5	-0.000211589
95	0.000199211
95.5	-2.42956e-06
96	-6.62972e-05
96.5	-2.93223e-05
97	-1.05667e-05
97.5	-7.07431e-06
98	-5.31067e-06
98.5	-3.37161e-06
99	-2.50555e-06
99.5	-1.94055e-06
100	-1.97031e-06
100.5	-2.28454e-06
101	-2.75886e-06
101.5	-3.13058e-06
102	-3.43944e-06
102.5	-3.63883e-06
103	-3.76959e-06
103.5	-3.94327e-06
104	-4.15436e-06
104.5	-4.35779e-06
105	-4.5346e-06
105.5	-4.66294e-06
106	-4.91021e-06
106.5	-5.22183e-06
107	-5.46812e-06
107.5	-5.71765e-06
108	-5.94643e-06
108.5	-6.01694e-06
109	-5.99931e-06
109.5	-5.93853e-06
110	-6.01323e-06
110.5	-5.36278e-06
111	-5.88994e-06
111.5	-8.90914e-06
112	-6.05454e-05
112.5	-0.000208868
113	0.000295638
113.5	2.75992e-05
114	-6.62377e-05
114.5	-2.40053e-05
115	-1.10395e-05
115.5	-8.21245e-06
116	-6.73321e-06
116.5	-5.80754e-06
117	-5.31268e-06
117.5	-5.22415e-06
118	-5.02128e-06
118.5	-4.48738e-06
119	-3.98148e-06
119.5	-3.60013e-06
120	-3.8709e-06
120.5	-4.24289e-06
121	-4.509e-06
121.5	-4.56469e-06
122	-4.87438e-06
122.5	-5.09452e-06
123	-5.03208e-06
123.5	-3.98236e-06
124	-3.62478e-06
124.5	-4.8667e-06
125	-6.23099e-06
125.5	-5.75842e-06
126	-5.89471e-06
126.5	-6.50583e-06
127	-6.43175e-06
127.5	-5.43924e-06
128	-4.32867e-06
128.5	-3.65732e-06
129	-3.25776e-06
129.5	-3.09011e-06
130	-3.02442e-06
130.5	-3.09509e-06
131	-3.29325e-06
131.5	-3.47382e-06
132	-3.53408e-06
132.5	-3.62733e-06
133	-3.72545e-06
133.5	-3.62869e-06
134	-3.65788e-06
134.5	-3.88917e-06
135	-4.17467e-06
135.5	-4.66054e-06
136	-5.22204e-06
136.5	-6.04836e-06
137	-7.33114e-06
137.5	-9.44732e-06
138	-1.62474e-05
138.5	-0.000194292
139	0.00016309
139.5	4.26615e-05
140	-4.17618e-05
140.5	-3.53885e-05
141	-1.49793e-05
141.5	-1.23765e-05
142	-1.01101e-05
142.5	-8.16179e-06
143	-7.10133e-06
143.5	-6.57472e-06
144	-6.2311e-06
144.5	-6.01377e-06
145	-5.90056e-06
145.5	-5.89629e-06
146	-5.88245e-06
146.5	-5.98065e-06
147	-6.37599e-06
147.5	-6.88629e-06
148	-7.75821e-06
148.5	-9.26846e-06
149	-1.42336e-05
149.5	-0.000106404
150	0.000160424
150.5	7.60951e-05
151	-6.45811e-05
151.5	-7.14093e-05
152	-1.14955e-05
152.5	-9.08164e-06
153	-8.93197e-06
153.5	-8.69775e-06
154	-8.30497e-06
154.5	-7.82597e-06
155	-7.54703e-06
155.5	-7.21442e-06
156	-6.87634e-06
156.5	-6.43188e-06
157	-6.02118e-06
157.5	-5.68705e-06
158	-5.52009e-06
158.5	-5.38821e-06
159	-5.31555e-06
159.5	-5.11972e-06
160	-4.84671e-06
160.5	-4.59935e-06
161	-4.36334e-06
161.5	-4.50133e-06
162	-4.72533e-06
162.5	-4.88001e-06
163	-5.03173e-06
163.5	-5.16807e-06
164	-5.34457e-06
164.5	-5.55964e-06
165	-5.77422e-06
165.5	-5.95193e-06
166	-6.04048e-06
166.5	-6.1386e-06
167	-6.39233e-06
167.5	-7.1735e-06
168	-1.00147e-05
168.5	-7.50544e-05
169	0.000129454
169.5	6.24609e-05
170	-3.60476e-05
170.5	-5.66501e-05
171	-6.53474e-06
171.5	-4.36523e-06
172	-4.06205e-06
172.5	-4.0517e-06
173	-3.99592e-06
173.5	-2.85756e-06
174	-1.99258e-06
174.5	-1.8181e-06
175	-1.69206e-06
175.5	-1.71196e-06
176	-1.78484e-06
176.5	-1.95076e-06
177	-2.10126e-06
177.5	-2.20983e-06
178	-2.36506e-06
178.5	-2.62316e-06
179	-2.79503e-06
179.5	-2.86461e-06
180	-2.9146e-06
180.5	-2.97204e-06
181	-3.06888e-06
181.5	-3.41091e-06
182	-3.81463e-06
182.5	-4.24628e-06
183	-4.81817e-06
183.5	-5.47796e-06
184	-6.26989e-06
184.5	-7.2072e-06
185	-8.57921e-06
185.5	-1.11894e-05
186	-2.16502e-05
186.5	-0.000295687
187	0.000273648
187.5	5.97182e-05
188	-6.32955e-05
188.5	-3.10406e-05
189	-1.54601e-05
189.5	-1.21929e-05
190	-1.04846e-05
190.5	-9.25632e-06
191	-8.49789e-06
191.5	-8.12399e-06
192	-8.03325e-06
192.5	-8.02635e-06
193	-8.08017e-06
193.5	-8.12734e-06
194	-8.08935e-06
194.5	-7.93121e-06
195	-7.75466e-06
195.5	-7.57818e-06
196	-7.39037e-06
196.5	-7.20549e-06
197	-7.08625e-06
197.5	-7.08512e-06
198	-7.32471e-06
198.5	-7.82117e-06
199	-9.21281e-06
199.5	-2.53425e-05
200	-0.000202494
200.5	0.000191943
201	1.25768e-06
201.5	-7.23811e-05
202	-3.27335e-05
202.5	-1.29382e-05
203	-9.87796e-06
203.5	-7.93658e-06
204	-7.14681e-06
204.5	-6.56387e-06
205	-6.23959e-06
205.5	-6.14496e-06
206	-6.11686e-06
206.5	-6.18119e-06
207	-6.09291e-06
207.5	-5.86484e-06
208	-5.6078e-06
208.5	-5.39754e-06
209	-5.15842e-06
209.5	-4.917e-06
210	-4.64014e-06
210.5	-4.41922e-06
211	-4.43489e-06
211.5	-4.60382e-06
212	-4.92249e-06
212.5	-5.40276e-06
213	-6.20669e-06
213.5	-7.5397e-06
214	-1.12134e-05
214.5	-8.54239e-05
215	0.000102005
215.5	8.47764e-05
216	-2.6541e-05
216.5	-6.52369e-05
217	-1.31003e-05
217.5	-1.03865e-05
218	-8.48925e-06
218.5	-6.65837e-06
219	-6.03609e-06
219.5	-4.90422e-06
220	-3.84758e-06
220.5	-3.04694e-06
221	-2.77799e-06
221.5	-2.87755e-06
222	-3.19608e-06
222.5	-3.8777e-06
223	-4.89234e-06
223.5	-5.1339e-06
224	-5.39257e-06
224.5	-5.97623e-06
225	-7.15243e-06
225.5	-6.85606e-06
226	-6.83597e-06
226.5	-6.32562e-06
227	-7.49211e-06
227.5	-1.06991e-05
228	-9.89181e-05
228.5	-7.22631e-05
229	0.000147262
229.5	-6.81576e-05
230	-9.47278e-05
230.5	-2.14462e-05
231	-5.14733e-06
231.5	-4.16752e-06
232	-3.80088e-06
232.5	-3.44956e-06
233	-3.17103e-06
233.5	-2.93572e-06
234	-2.79627e-06
234.5	-2.68927e-06
235	-2.61057e-06
235.5	-2.71232e-06
236	-2.81759e-06
236.5	-2.90744e-06
237	-2.97093e-06
237.5	-2.97622e-06
238	-2.83513e-06
238.5	-2.59677e-06
239	-2.15078e-06
239.5	-2.34448e-06
240	-2.28231e-06
240.5	-2.29316e-06
241	-1.96544e-06
241.5	-2.56465e-06
242	-3.14429e-06
242.5	-3.52894e-06
243	-4.06313e-06
243.5	-4.58678e-06
244	-4.96374e-06
244.5	-5.2342e-06
245	-5.32269e-06
245.5	-5.16595e-06
246	-5.08552e-06
246.5	-5.08275e-06
247	-5.11142e-06
247.5	-5.12366e-06
248	-5.12326e-06
248.5	-5.25936e-06
249	-5.43682e-06
249.5	-5.7711e-06
250	-6.3238e-06
250.5	-7.3907e-06
251	-9.94116e-06
251.5	-4.32801e-05
252	-0.000213812
252.5	0.000254198
253	4.4644e-06
253.5	-7.75459e-05
254	-1.69477e-05
254.5	-1.2322e-05
255	-1.07366e-05
255.5	-1.00144e-05
256	-8.3456e-06
256.5	-6.73994e-06
257	-5.93018e-06
257.5	-5.78085e-06
258	-5.65602e-06
258.5	-5.5358e-06
259	-5.33994e-06
259.5	-5.2798e-06
260	-5.31691e-06
260.5	-5.31113e-06
261	-5.21407e-06
261.5	-5.08529e-06
262	-5.06105e-06
262.5	-5.25444e-06
263	-5.59437e-06
263.5	-5.99829e-06
264	-6.48887e-06
264.5	-6.84484e-06
265	-7.08062e-06
265.5	-7.44135e-06
266	-8.14544e-06
266.5	-9.09646e-06
267	-1.03143e-05
267.5	-1.23428e-05
268	-2.71788e-05
268.5	-0.000217122
269	0.000229214
269.5	1.0735e-05
270	-6.46836e-05
270.5	-2.46949e-05
271	-1.2723e-05
271.5	-1.20495e-05
272	-1.0587e-05
272.5	-8.82015e-06
273	-7.42103e-06
273.5	-6.24228e-06
274	-5.45093e-06
274.5	-5.03801e-06
275	-4.62938e-06
275.5	-4.33446e-06
276	-4.12582e-06
276.5	-4.00111e-06
277	-3.95239e-06
277.5	-3.88431e-06
278	-3.84999e-06
278.5	-3.81508e-06
279	-3.92502e-06
279.5	-4.0862e-06
280	-4.29297e-06
280.5	-4.43969e-06
281	-4.67518e-06
281.5	-4.92165e-06
282	-5.01127e-06
282.5	-5.16145e-06
283	-5.23081e-06
283.5	-5.48427e-06
284	-6.15371e-06
284.5	-5.41601e-06
285	-5.36082e-06
285.5	-6.70912e-06
286	-8.28376e-06
286.5	-9.60769e-06
287	-1.03128e-05
287.5	-1.0854e-05
288	-1.31056e-05
288.5	-6.66306e-05
289	-6.20668e-05
289.5	0.000243146
290	-1.22509e-05
290.5	-9.35897e-05
291	-1.88935e-05
291.5	-1.17485e-05
292	-1.08009e-05
292.5	-1.04634e-05
293	-1.02217e-05
293.5	-1.00101e-05
294	-9.76322e-06
294.5	-9.40366e-06
295	-9.05195e-06
295.5	-8.79548e-06
296	-8.50728e-06
296.5	-8.26897e-06
297	-8.12936e-06
297.5	-7.99808e-06
298	-7.84558e-06
298.5	-7.61878e-06
299	-6.96569e-06
299.5	-6.02112e-06
300	-5.94733e-06
300.5	-6.39189e-06
301	-6.41707e-06
301.5	-6.29891e-06
302	-6.5825e-06
302.5	-6.83356e-06
303	-6.61339e-06
303.5	-6.36772e-06
304	-6.24334e-06
304.5	-6.24095e-06
305	-6.16168e-06
305.5	-6.02919e-06
306	-5.87922e-06
306.5	-5.73016e-06
307	-5.65097e-06
307.5	-5.61701e-06
308	-5.59961e-06
308.5	-5.71945e-06
309	-6.16063e-06
309.5	-7.15629e-06
310	-1.05126e-05
310.5	-7.90543e-05
311	0.000307207
311.5	0.000147408
312	-4.91977e-05
312.5	-7.94491e-05
313	-1.16319e-05
313.5	-8.53161e-06
314	-7.84422e-06
314.5	-7.30597e-06
315	-7.15088e-06
315.5	-6.34151e-06
316	-5.77553e-06
316.5	-5.0129e-06
317	-4.53368e-06
317.5	-4.66741e-06
318	-4.94347e-06
318.5	-5.23723e-06
319	-5.56054e-06
319.5	-5.86889e-06
320	-6.22394e-06
320.5	-6.5116e-06
321	-6.63633e-06
321.5	-6.63914e-06
322	-6.57526e-06
322.5	-6.45795e-06
323	-6.40829e-06
323.5	-6.52194e-06
324	-6.85307e-06
324.5	-7.80341e-06
325	-1.15804e-05
325.5	-0.000100036
326	7.68244e-05
326.5	2.85834e-05
327	-5.42506e-05
327.5	-4.92947e-05
328	-9.12027e-06
328.5	-8.76587e-06
329	-7.70641e-06
329.5	-6.9162e-06
330	-6.45384e-06
330.5	-5.5925e-06
331	-4.68725e-06
331.5	-4.28646e-06
332	-4.30837e-06
332.5	-4.58365e-06
333	-4.71901e-06
333.5	-4.73593e-06
334	-4.68525e-06
334.5	-4.75955e-06
335	-5.12492e-06
335.5	-5.42273e-06
336	-5.60718e-06
336.5	-5.68154e-06
337	-5.67187e-06
337.5	-5.63592e-06
338	-5.55771e-06
338.5	-5.42489e-06
339	-5.32759e-06
339.5	-5.25738e-06
340	-5.24207e-06
340.5	-5.40841e-06
341	-5.75662e-06
341.5	-6.16564e-06
342	-6.73337e-06
342.5	-7.69935e-06
343	-1.04079e-05
343.5	-6.62163e-05
344	0.000116917
344.5	0.000215157
345	-1.61647e-05
345.5	-9.89117e-05
346	-1.89101e-05
346.5	-1.02104e-05
347	-7.73057e-06
347.5	-6.9294e-06
348	-6.73784e-06
348.5	-6.66966e-06
349	-6.40675e-06
349.5	-6.23394e-06
350	-5.75034e-06
350.5	-5.35193e-06
351	-4.80852e-06
351.5	-4.41103e-06
352	-4.62704e-06
352.5	-5.6478e-06
353	-6.5518e-06
353.5	-7.10544e-06
354	-7.93074e-06
354.5	-8.64322e-06
355	-8.15052e-06
355.5	-7.39897e-06
356	-8.23158e-06
356.5	-9.17478e-06
357	-1.02684e-05
357.5	-1.20327e-05
358	-1.6802e-05
358.5	-0.000160682
359	-1.7146e-06
359.5	0.000185736
360	-2.28043e-05
360.5	-7.31264e-05
361	-9.1267e-06
361.5	-5.15185e-06
362	-4.68767e-06
362.5	-4.49236e-06
363	-4.45445e-06
363.5	-4.60621e-06
364	-4.77813e-06
364.5	-4.83973e-06
365	-4.8169e-06
365.5	-4.7281e-06
366	-4.58668e-06
366.5	-4.40991e-06
367	-4.2197e-06
367.5	-3.97786e-06
368	-3.79555e-06
368.5	-3.63839e-06
369	-3.50767e-06
369.5	-3.31198e-06
370	-3.06567e-06
370.5	-2.69022e-06
371	-2.5041e-06
371.5	-2.54203e-06
372	-2.43388e-06
372.5	-2.70519e-06
373	-3.02108e-06
373.5	-3.03546e-06
374	-3.21732e-06
374.5	-3.41642e-06
375	-3.63533e-06
375.5	-3.82538e-06
376	-3.95672e-06
376.5	-4.02781e-06
377	-4.07903e-06
377.5	-4.09841e-06
378	-4.13066e-06
378.5	-4.21271e-06
379	-4.36467e-06
379.5	-4.46755e-06
380	-4.49721e-06
380.5	-4.50321e-06
381	-4.50526e-06
381.5	-4.40532e-06
382	-4.54941e-06
382.5	-4.87787e-06
383	-4.92222e-06
383.5	-4.54446e-06
384	-4.05212e-06
384.5	-4.31189e-06
385	-4.59267e-06
385.5	-4.52693e-06
386	-4.31178e-06
386.5	-3.79806e-06
387	-3.6446e-06
387.5	-3.64445e-06
388	-3.6573e-06
388.5	-3.74385e-06
389	-3.73572e-06
389.5	-3.65638e-06
390	-3.65739e-06
390.5	-3.72893e-06
391	-3.85185e-06
391.5	-3.98575e-06
392	-4.05623e-06
392.5	-4.06637e-06
393	-4.06063e-06
393.5	-4.24552e-06
394	-4.46647e-06
394.5	-4.61821e-06
395	-4.74451e-06
395.5	-4.99079e-06
396	-5.28483e-06
396.5	-5.45347e-06
397	-5.91947e-06
397.5	-6.4899e-06
398	-6.98492e-06
398.5	-7.81786e-06
399	-9.33867e-06
399.5	-1.52751e-05
400	-0.000106554
400.5	0.000235843
401	0.000167897
401.5	-1.31043e-05
402	-7.53436e-05
402.5	-1.70607e-05
403	-1.12328e-05
403.5	-8.65783e-06
404	-7.29457e-06
404.5	-6.57813e-06
405	-6.17267e-06
405.5	-5.88775e-06
406	-5.64272e-06
406.5	-5.51894e-06
407	-5.38169e-06
407.5	-5.22719e-06
408	-5.13298e-06
408.5	-4.89606e-06
409	-4.74218e-06
409.5	-4.74296e-06
410	-4.72428e-06
410.5	-4.71802e-06
411	-4.67061e-06
411.5	-4.51551e-06
412	-4.04398e-06
412.5	-3.92547e-06
413	-3.60473e-06
413.5	-3.44994e-06
414	-3.57136e-06
414.5	-3.54823e-06
415	-3.79808e-06
415.5	-4.01927e-06
416	-3.76637e-06
416.5	-3.90826e-06
417	-4.31452e-06
417.5	-4.54106e-06
418	-4.56205e-06
418.5	-4.47885e-06
419	-4.32069e-06
419.5	-4.15682e-06
420	-4.10105e-06
420.5	-4.11821e-06
421	-4.33148e-06
421.5	-4.77214e-06
422	-5.81166e-06
422.5	-8.50663e-06
423	-6.28278e-05
423.5	0.00023263
424	0.000125382
424.5	-2.71749e-05
425	-7.27935e-05
425.5	-1.18438e-05
426	-9.0227e-06
426.5	-8.54677e-06
427	-8.2482e-06
427.5	-8.44752e-06
428	-8.49265e-06
428.5	-6.96009e-06
429	-5.68976e-06
429.5	-4.98425e-06
430	-4.65885e-06
430.5	-4.58901e-06
431	-4.66746e-06
431.5	-4.73976e-06
432	-4.75686e-06
432.5	-4.74853e-06
433	-4.85e-06
433.5	-5.1095e-06
434	-5.65622e-06
434.5	-7.00509e-06
435	-1.37037e-05
435.5	-0.00013232
436	0.000133596
436.5	2.60449e-05
437	-7.34127e-05
437.5	-5.4086e-05
438	-8.33061e-06
438.5	-6.12639e-06
439	-5.90461e-06
439.5	-5.80996e-06
440	-5.65138e-06
440.5	-5.56877e-06
441	-5.81936e-06
441.5	-5.63743e-06
442	-5.3794e-06
442.5	-5.23634e-06
443	-5.20682e-06
443.5	-5.25378e-06
444	-5.34836e-06
444.5	-5.52945e-06
445	-5.66279e-06
445.5	-5.66328e-06
446	-5.62217e-06
446.5	-5.63817e-06
447	-5.60042e-06
447.5	-5.51521e-06
448	-5.55977e-06
448.5	-5.61842e-06
449	-5.61344e-06
449.5	-5.60699e-06
450	-5.71736e-06
450.5	-5.89001e-06
451	-5.86682e-06
451.5	-5.84738e-06
452	-5.82817e-06
452.5	-5.92319e-06
453	-6.12091e-06
453.5	-6.29455e-06
454	-6.57118e-06
454.5	-6.9386e-06
455	-7.44052e-06
455.5	-8.69378e-06
456	-1.79718e-05
456.5	-0.00016333
457	0.000180374
457.5	2.5772e-05
458	-6.94598e-05
458.5	-4.36088e-05
459	-1.26048e-05
459.5	-7.82309e-06
460	-5.4471e-06
460.5	-4.26183e-06
461	-3.60011e-06
461.5	-3.30149e-06
462	-3.17963e-06
462.5	-3.10562e-06
463	-3.05607e-06
463.5	-3.00798e-06
464	-3.06949e-06
464.5	-2.95909e-06
465	-2.91995e-06
465.5	-2.83947e-06
466	-2.7103e-06
466.5	-2.56016e-06
467	-2.43158e-06
467.5	-2.25808e-06
468	-2.09628e-06
468.5	-2.04477e-06
469	-1.84882e-06
469.5	-1.76474e-06
470	-1.59508e-06
470.5	-1.75788e-06
471	-1.72067e-06
471.5	-4.43879e-06
472	-1.35715e-05
472.5	-0.000132615
473	0.00016332
473.5	3.3692e-05
474	-7.18075e-05
474.5	-5.09495e-05
475	-9.41901e-06
475.5	-5.22464e-06
476	-3.9221e-06
476.5	-4.00261e-06
477	-3.86566e-06
477.5	-3.14459e-06
478	-2.79902e-06
478.5	-2.87579e-06
479	-3.00336e-06
479.5	-3.03597e-06
480	-3.42636e-06
480.5	-3.48606e-06
481	-4.12175e-06
481.5	-4.91875e-06
482	-5.52768e-06
482.5	-6.14994e-06
483	-6.25957e-06
483.5	-6.66564e-06
484	-7.45908e-06
484.5	-7.92425e-06
485	-9.00912e-06
485.5	-9.84518e-06
486	-1.09362e-05
486.5	-1.16743e-05
487	-2.04641e-05
487.5	1.72516e-06
488	0.00031817
488.5	8.06915e-05
489	-8.46838e-05
489.5	-6.73929e-05
490	-8.1555e-06
490.5	-5.04064e-06
491	-5.66716e-06
491.5	-6.30088e-06
492	-6.63941e-06
492.5	-6.56401e-06
493	-6.32706e-06
493.5	-6.15615e-06
494	-6.11408e-06
494.5	-6.02957e-06
495	-5.99102e-06
495.5	-5.93019e-06
496	-5.75365e-06
496.5	-5.55034e-06
497	-5.31085e-06
497.5	-5.03052e-06
498	-4.6872e-06
498.5	-4.25015e-06
499	-4.12819e-06
499.5	-4.27898e-06
500	-4.08626e-06
500.5	-4.23603e-06
501	-4.47339e-06
501.5	-4.75293e-06
502	-4.97957e-06
502.5	-5.17251e-06
503	-5.10662e-06
503.5	-5.27769e-06
504	-5.4238e-06
504.5	-5.53932e-06
505	-5.57305e-06
505.5	-5.42545e-06
506	-5.2768e-06
506.5	-5.29196e-06
507	-5.43786e-06
507.5	-5.53567e-06
508	-5.74182e-06
508.5	-6.19193e-06
509	-6.79441e-06
509.5	-7.67522e-06
510	-9.33761e-06
510.5	-1.66e-05
511	-0.000177278
511.5	0.000149787
512	3.23007e-06
512.5	-5.4317e-05
513	-2.54573e-05
513.5	-1.10147e-05
514	-1.04814e-05
514.5	-1.04213e-05
515	-9.29953e-06
515.5	-8.00679e-06
516	-7.40843e-06
516.5	-6.53655e-06
517	-5.74396e-06
517.5	-5.43987e-06
518	-5.40466e-06
518.5	-5.36004e-06
519	-5.37894e-06
519.5	-5.48949e-06
520	-5.51908e-06
520.5	-5.53461e-06
521	-5.57195e-06
521.5	-5.77566e-06
522	-6.11842e-06
522.5	-6.4273e-06
523	-6.72561e-06
523.5	-6.90875e-06
524	-7.16251e-06
524.5	-7.39474e-06
525	-7.66918e-06
525.5	-8.05152e-06
526	-8.8856e-06
526.5	-1.08297e-05
527	-2.41861e-05
527.5	-0.000277307
528	0.000313303
528.5	2.93297e-05
529	-7.42306e-05
529.5	-2.42691e-05
530	-1.27428e-05
530.5	-9.93888e-06
531	-7.54807e-06
531.5	-5.71084e-06
532	-4.74932e-06
532.5	-4.27702e-06
533	-3.97187e-06
533.5	-3.73244e-06
534	-3.57602e-06
534.5	-3.44417e-06
535	-3.3245e-06
535.5	-3.28257e-06
536	-3.21077e-06
536.5	-3.15137e-06
537	-3.05034e-06
537.5	-3.04238e-06
538	-3.07356e-06
538.5	-3.23004e-06
539	-3.7586e-06
539.5	-4.24957e-06
540	-4.76345e-06
540.5	-5.49797e-06
541	-6.22479e-06
541.5	-6.86147e-06
542	-7.57744e-06
542.5	-9.23132e-06
543	-1.47756e-05
543.5	-0.000117877
544	0.00014603
544.5	5.78004e-05
545	-7.13408e-05
545.5	-6.63119e-05
546	-1.50625e-05
546.5	-9.58259e-06
547	-7.07325e-06
547.5	-5.77939e-06
548	-5.10509e-06
548.5	-4.85332e-06
549	-4.79056e-06
549.5	-4.66582e-06
550	-4.66857e-06
550.5	-4.76324e-06
551	-4.80414e-06
551.5	-4.83059e-06
552	-4.98348e-06
552.5	-5.18122e-06
553	-5.33335e-06
553.5	-5.51916e-06
554	-5.72418e-06
554.5	-6.05288e-06
555	-6.53352e-06
555.5	-7.10256e-06
556	-7.37075e-06
556.5	-9.23183e-06
557	-2.35862e-05
557.5	-0.000191041
558	0.000200125
558.5	4.62437e-05
559	-5.43693e-05
559.5	-4.05261e-05
560	-1.21893e-05
560.5	-7.4236e-06
561	-4.68667e-06
561.5	-3.40558e-06
562	-3.13311e-06
562.5	-3.25986e-06
563	-3.52317e-06
563.5	-3.98306e-06
564	-4.37439e-06
564.5	-4.73118e-06
565	-4.96949e-06
565.5	-5.09831e-06
566	-5.25393e-06
566.5	-5.4066e-06
567	-5.50911e-06
567.5	-5.48632e-06
568	-5.47028e-06
568.5	-5.53338e-06
569	-5.54627e-06
569.5	-5.10724e-06
570	-4.41177e-06
570.5	-4.16028e-06
571	-3.96755e-06
571.5	-3.84552e-06
572	-4.21536e-06
572.5	-4.65457e-06
573	-4.94612e-06
573.5	-5.24935e-06
574	-5.11309e-06
574.5	-5.04134e-06
575	-4.9341e-06
575.5	-4.87638e-06
576	-5.06646e-06
576.5	-5.10629e-06
577	-5.03532e-06
577.5	-4.98028e-06
578	-4.91983e-06
578.5	-4.9273e-06
579	-5.00916e-06
579.5	-5.03022e-06
580	-4.93271e-06
580.5	-4.78767e-06
581	-4.74482e-06
581.5	-4.73603e-06
582	-4.70816e-06
582.5	-4.66057e-06
583	-4.63359e-06
583.5	-4.76579e-06
584	-4.94097e-06
584.5	-4.72869e-06
585	-3.0036e-06
585.5	-2.33624e-06
586	-3.68301e-06
586.5	-3.96355e-06
587	-4.31141e-06
587.5	-4.26901e-06
588	-4.03137e-06
588.5	-3.73908e-06
589	-3.63052e-06
589.5	-3.43568e-06
590	-3.19012e-06
590.5	-3.05e-06
591	-3.1125e-06
591.5	-3.17718e-06
592	-3.21027e-06
592.5	-3.30377e-06
593	-3.44026e-06
593.5	-3.44404e-06
594	-3.90575e-06
594.5	-4.39042e-06
595	-5.04849e-06
595.5	-6.986e-06
596	-5.88525e-05
596.5	0.000178867
597	0.000127466
597.5	-3.2451e-05
598	-7.08629e-05
598.5	-1.11244e-05
599	-8.73118e-06
599.5	-8.2273e-06
600	-8.20113e-06
600.5	-7.7339e-06
601	-5.87849e-06
601.5	-5.77684e-06
602	-6.02418e-06
602.5	-6.14058e-06
603	-5.59553e-06
603.5	-5.67855e-06
604	-5.18895e-06
604.5	-4.94998e-06
605	-6.04978e-06
605.5	-6.35421e-06
606	-6.0441e-06
606.5	-5.39388e-06
607	-4.49452e-06
607.5	-3.45475e-06
608	-2.857e-06
608.5	-2.64454e-06
609	-2.49618e-06
609.5	-2.39048e-06
610	-2.28826e-06
610.5	-2.23268e-06
611	-2.26835e-06
611.5	-2.34879e-06
612	-2.41587e-06
612.5	-2.43372e-06
613	-2.49074e-06
613.5	-2.54639e-06
614	-2.61773e-06
614.5	-2.77711e-06
615	-3.0489e-06
615.5	-3.38029e-06
616	-3.7392e-06
616.5	-4.23847e-06
617	-5.07235e-06
617.5	-7.38206e-06
618	-6.28155e-05
618.5	0.00013848
619	0.000163505
619.5	-3.44814e-05
620	-8.23122e-05
620.5	-1.03907e-05
621	-7.77521e-06
621.5	-1.04243e-05
622	-9.92399e-06
622.5	-9.47215e-06
623	-8.21486e-06
623.5	-7.52767e-06
624	-7.10397e-06
624.5	-6.99689e-06
625	-6.9854e-06
625.5	-6.94114e-06
626	-6.92723e-06
626.5	-7.17812e-06
627	-7.50042e-06
627.5	-7.82904e-06
628	-8.13764e-06
628.5	-8.41462e-06
629	-8.56419e-06
629.5	-8.73585e-06
630	-8.8494e-06
630.5	-9.00639e-06
631	-9.48069e-06
631.5	-1.05605e-05
632	-1.37546e-05
632.5	-7.24067e-05
633	0.000270558
633.5	0.000159053
634	-3.41805e-05
634.5	-8.0169e-05
635	-1.36153e-05
635.5	-1.26007e-05
636	-1.40462e-05
636.5	-1.30012e-05
637	-1.10244e-05
637.5	-9.28684e-06
638	-8.36919e-06
638.5	-7.75569e-06
639	-7.20195e-06
639.5	-6.93882e-06
640	-6.77729e-06
640.5	-6.73174e-06
641	-6.71376e-06
641.5	-6.66911e-06
642	-6.62263e-06
642.5	-6.60127e-06
643	-6.58368e-06
643.5	-6.57162e-06
644	-6.56083e-06
644.5	-6.50881e-06
645	-6.4557e-06
645.5	-6.6763e-06
646	-6.94893e-06
646.5	-7.12407e-06
647	-7.24096e-06
647.5	-7.27059e-06
648	-7.28898e-06
648.5	-7.35503e-06
649	-7.68542e-06
649.5	-8.91057e-06
650	-1.97889e-05
650.5	-0.00020144
651	0.00022844
651.5	9.06505e-06
652	-7.14631e-05
652.5	-2.63893e-05
653	-1.21803e-05
653.5	-8.62836e-06
654	-6.62588e-06
654.5	-5.57253e-06
655	-5.25853e-06
655.5	-5.03496e-06
656	-5.12324e-06
656.5	-5.29178e-06
657	-5.42907e-06
657.5	-5.66099e-06
658	-5.95433e-06
658.5	-6.20417e-06
659	-6.35923e-06
659.5	-6.48528e-06
660	-6.60193e-06
660.5	-6.83631e-06
661	-7.12031e-06
661.5	-7.58395e-06
662	-8.76097e-06
662.5	-1.89904e-05
663	-0.000201097
663.5	0.000175152
664	-7.05089e-06
664.5	-7.10211e-05
665	-2.59279e-05
665.5	-5.18139e-06
666	-4.61694e-06
666.5	-5.37232e-06
667	-5.12747e-06
667.5	-4.41958e-06
668	-3.62724e-06
668.5	-2.68958e-06
669	-1.94328e-06
669.5	-1.6118e-06
670	-1.67808e-06
670.5	-1.92709e-06
671	-2.24739e-06
671.5	-2.47482e-06
672	-2.57e-06
672.5	-2.62153e-06
673	-2.68278e-06
673.5	-2.70463e-06
674	-2.65948e-06
674.5	-2.64595e-06
675	-2.62381e-06
675.5	-2.65905e-06
676	-2.82086e-06
676.5	-3.04525e-06
677	-3.43895e-06
677.5	-3.88361e-06
678	-4.45998e-06
678.5	-5.29523e-06
679	-6.51595e-06
679.5	-1.08097e-05
680	-0.000117694
680.5	0.000104834
681	6.56268e-06
681.5	-5.67023e-05
682	-3.61555e-05
682.5	-9.45699e-06
683	-8.68416e-06
683.5	-8.74236e-06
684	-7.18073e-06
684.5	-5.47618e-06
685	-4.60692e-06
685.5	-4.46009e-06
686	-4.64635e-06
686.5	-4.92969e-06
687	-5.37451e-06
687.5	-5.79764e-06
688	-6.23345e-06
688.5	-6.64531e-06
689	-6.92302e-06
689.5	-7.04604e-06
690	-7.18844e-06
690.5	-7.39575e-06
691	-7.67763e-06
691.5	-7.97921e-06
692	-8.315e-06
692.5	-8.74569e-06
693	-9.57154e-06
693.5	-1.22708e-05
694	-6.83567e-05
694.5	0.000270392
695	0.000165286
695.5	-3.07345e-05
696	-8.26307e-05
696.5	-1.43654e-05
697	-8.84934e-06
697.5	-6.81784e-06
698	-6.48813e-06
698.5	-5.75428e-06
699	-5.01719e-06
699.5	-4.49031e-06
700	-4.22661e-06
700.5	-4.00483e-06
701	-3.84624e-06
701.5	-3.91801e-06
702	-4.30527e-06
702.5	-4.68142e-06
703	-5.08991e-06
703.5	-5.37519e-06
704	-5.53871e-06
704.5	-5.70466e-06
705	-5.97372e-06
705.5	-6.13562e-06
706	-6.40272e-06
706.5	-6.60928e-06
707	-6.68546e-06
707.5	-6.72295e-06
708	-6.7906e-06
708.5	-6.90551e-06
709	-6.77433e-06
709.5	-7.3903e-06
710	-8.03737e-06
710.5	-9.07693e-06
711	-1.15627e-05
711.5	-6.59881e-05
712	-3.03879e-05
712.5	0.000240185
713	-1.06435e-05
713.5	-0.000101679
714	-2.55766e-05
714.5	-1.78028e-05
715	-1.44499e-05
715.5	-1.30436e-05
716	-1.22466e-05
716.5	-1.01301e-05
717	-8.68836e-06
717.5	-7.68097e-06
718	-6.80692e-06
718.5	-6.18111e-06
719	-5.64571e-06
719.5	-5.19688e-06
720	-4.87088e-06
720.5	-4.65846e-06
721	-4.55085e-06
721.5	-4.49178e-06
722	-4.30538e-06
722.5	-4.17177e-06
723	-4.19725e-06
723.5	-4.24821e-06
724	-4.09391e-06
724.5	-4.0643e-06
725	-4.10622e-06
725.5	-4.12457e-06
726	-4.03038e-06
726.5	-3.8334e-06
727	-3.72773e-06
727.5	-3.81632e-06
728	-3.9508e-06
728.5	-3.99212e-06
729	-3.8532e-06
729.5	-3.66854e-06
730	-3.5045e-06
730.5	-3.17188e-06
731	-2.81072e-06
731.5	-2.96553e-06
732	-2.49808e-06
732.5	-3.31398e-06
733	-4.43262e-06
733.5	-5.41503e-06
734	-6.48132e-06
734.5	-8.1605e-06
735	-3.57317e-05
735.5	-0.000191702
736	0.000199492
736.5	3.35344e-07
737	-7.54608e-05
737.5	-2.77247e-05
738	-7.09321e-06
738.5	-4.94361e-06
739	-4.399e-06
739.5	-4.18361e-06
740	-4.12061e-06
740.5	-4.11081e-06
741	-4.06772e-06
741.5	-3.96024e-06
742	-3.80325e-06
742.5	-3.62487e-06
743	-3.67781e-06
743.5	-3.76595e-06
744	-3.93314e-06
744.5	-4.04659e-06
745	-4.05187e-06
745.5	-3.90228e-06
746	-4.02816e-06
746.5	-4.28687e-06
747	-4.06145e-06
747.5	-3.77918e-06
748	-4.35692e-06
748.5	-4.85225e-06
749	-5.26354e-06
749.5	-5.49142e-06
750	-6.02653e-06
750.5	-6.48321e-06
751	-6.74112e-06
751.5	-6.72021e-06
752	-6.71969e-06
752.5	-6.62997e-06
753	-6.60129e-06
753.5	-6.64809e-06
754	-6.77227e-06
754.5	-7.01409e-06
755	-7.41272e-06
755.5	-8.35847e-06
756	-1.21021e-05
756.5	-9.85384e-05
757	0.00011174
757.5	2.74384e-05
758	-6.15488e-05
758.5	-5.02777e-05
759	-1.0054e-05
759.5	-8.41114e-06
760	-8.9784e-06
760.5	-8.82251e-06
761	-8.33596e-06
761.5	-8.0677e-06
762	-7.93087e-06
762.5	-7.90498e-06
763	-7.75915e-06
763.5	-7.42215e-06
764	-6.92747e-06
764.5	-6.70689e-06
765	-6.50951e-06
765.5	-6.44125e-06
766	-6.37407e-06
766.5	-6.24143e-06
767	-6.04327e-06
767.5	-5.97919e-06
768	-6.03184e-06
768.5	-6.1855e-06
769	-6.35578e-06
769.5	-6.61709e-06
770	-7.02828e-06
770.5	-7.52473e-06
771	-8.11459e-06
771.5	-8.94435e-06
772	-1.05203e-05
772.5	-1.59212e-05
773	-0.000143308
773.5	9.987e-05
774	7.36459e-05
774.5	-3.31774e-05
775	-5.15928e-05
775.5	-1.162e-05
776	-9.49672e-06
776.5	-9.83004e-06
777	-9.68137e-06
777.5	-9.29034e-06
778	-8.82502e-06
778.5	-9.27449e-06
779	-8.88034e-06
779.5	-8.47046e-06
780	-8.145e-06
780.5	-7.90244e-06
781	-7.57839e-06
781.5	-7.3036e-06
782	-7.10993e-06
782.5	-7.06342e-06
783	-6.95252e-06
783.5	-6.8453e-06
784	-6.90885e-06
784.5	-6.86321e-06
785	-6.74102e-06
785.5	-6.64495e-06
786	-6.59422e-06
786.5	-6.57609e-06
787	-6.55247e-06
787.5	-6.52371e-06
788	-6.49552e-06
788.5	-6.48173e-06
789	-6.72041e-06
789.5	-7.573e-06
790	-1.07243e-05
790.5	-0.000121973
791	0.000121165
791.5	4.78505e-05
792	-2.91649e-05
792.5	-3.54238e-05
793	-1.25441e-05
793.5	-6.60921e-06
794	-2.82099e-06
794.5	-1.28891e-06
795	-3.35504e-07
795.5	3.46902e-08
796	7.78148e-08
796.5	-6.12933e-08
797	-1.87411e-07
797.5	-3.20343e-07
798	-4.96663e-07
798.5	-7.33895e-07
799	-1.11918e-06
799.5	-1.47069e-06
800	-1.81258e-06
800.5	-2.09793e-06
801	-2.3287e-06
801.5	-2.51544e-06
802	-2.65899e-06
802.5	-2.80536e-06
803	-3.09351e-06
803.5	-3.5593e-06
804	-3.98142e-06
804.5	-4.22765e-06
805	-4.29666e-06
805.5	-4.97363e-06
806	-5.28297e-06
806.5	-6.65542e-06
807	-1.20695e-05
807.5	-0.000103369
808	0.000196035
808.5	7.88959e-05
809	-6.40544e-05
809.5	-6.41498e-05
810	-1.10429e-05
810.5	-6.11513e-06
811	-4.32999e-06
811.5	-3.6102e-06
812	-3.33535e-06
812.5	-3.31278e-06
813	-3.72597e-06
813.5	-4.43825e-06
814	-5.06146e-06
814.5	-5.42526e-06
815	-5.64599e-06
815.5	-5.82689e-06
816	-6.16146e-06
816.5	-6.43413e-06
817	-6.69167e-06
817.5	-7.06053e-06
818	-7.50969e-06
818.5	-8.06465e-06
819	-8.87644e-06
819.5	-1.2695e-05
820	-9.88548e-05
820.5	0.000299129
821	0.000147546
821.5	-5.10625e-05
822	-8.69875e-05
822.5	-1.63671e-05
823	-1.1277e-05
823.5	-1.03145e-05
824	-9.94231e-06
824.5	-9.01719e-06
825	-8.72622e-06
825.5	-8.426e-06
826	-8.30234e-06
826.5	-8.48799e-06
827	-8.57211e-06
827.5	-8.55452e-06
828	-8.49732e-06
828.5	-8.44412e-06
829	-8.41833e-06
829.5	-8.44211e-06
830	-8.52497e-06
830.5	-8.77721e-06
831	-9.52714e-06
831.5	-1.10029e-05
832	-2.03558e-05
832.5	-0.000166868
833	0.000126857
833.5	1.1355e-05
834	-6.01895e-05
834.5	-4.15297e-05
835	-1.22343e-05
835.5	-9.71329e-06
836	-8.44314e-06
836.5	-6.75588e-06
837	-6.07354e-06
837.5	-4.87601e-06
838	-4.15348e-06
838.5	-4.10179e-06
839	-4.88369e-06
839.5	-5.33642e-06
840	-6.75709e-06
840.5	-6.97318e-06
841	-6.8353e-06
841.5	-6.41691e-06
842	-5.98653e-06
842.5	-6.35368e-06
843	-6.30769e-06
843.5	-5.0109e-06
844	-4.158e-06
844.5	-3.60195e-06
845	-3.35073e-06
845.5	-3.37804e-06
846	-3.492e-06
846.5	-3.56819e-06
847	-3.53578e-06
847.5	-3.46754e-06
848	-3.35848e-06
848.5	-3.24156e-06
849	-3.15635e-06
849.5	-3.06471e-06
850	-2.97543e-06
850.5	-2.87165e-06
851	-2.8971e-06
851.5	-2.96172e-06
852	-3.05565e-06
852.5	-3.29668e-06
853	-3.7916e-06
853.5	-4.24621e-06
854	-4.64555e-06
854.5	-4.96603e-06
855	-5.59032e-06
855.5	-6.1684e-06
856	-7.44343e-06
856.5	-1.32967e-05
857	-0.000115004
857.5	0.000190117
858	0.00014977
858.5	-2.34615e-05
859	-7.10268e-05
859.5	-1.44277e-05
860	-9.49813e-06
860.5	-7.39138e-06
861	-6.28189e-06
861.5	-5.67841e-06
862	-5.26565e-06
862.5	-4.93938e-06
863	-4.67976e-06
863.5	-4.52662e-06
864	-4.65521e-06
864.5	-4.87555e-06
865	-5.07872e-06
865.5	-5.20897e-06
866	-5.45742e-06
866.5	-5.62332e-06
867	-5.77948e-06
867.5	-5.72749e-06
868	-5.49917e-06
868.5	-5.59244e-06
869	-5.39856e-06
869.5	-5.61685e-06
870	-6.05293e-06
870.5	-6.30838e-06
871	-7.20113e-06
871.5	-1.01143e-05
872	-7.81969e-05
872.5	0.000294874
873	0.000180523
873.5	-3.01861e-05
874	-8.5686e-05
874.5	-1.35455e-05
875	-7.35645e-06
875.5	-5.41181e-06
876	-4.41584e-06
876.5	-3.8474e-06
877	-3.53317e-06
877.5	-3.36107e-06
878	-3.31636e-06
878.5	-3.27596e-06
879	-3.27848e-06
879.5	-3.44293e-06
880	-3.5805e-06
880.5	-3.66452e-06
881	-3.6735e-06
881.5	-3.6277e-06
882	-3.13917e-06
882.5	-2.8875e-06
883	-2.79541e-06
883.5	-2.67929e-06
884	-2.3664e-06
884.5	-1.62381e-06
885	-1.35039e-06
885.5	-1.43818e-06
886	-1.1047e-06
886.5	-1.49036e-06
887	-1.83699e-06
887.5	-2.10535e-06
888	-2.41939e-06
888.5	-2.8514e-06
889	-3.26341e-06
889.5	-3.5529e-06
890	-3.83413e-06
890.5	-4.12785e-06
891	-4.47764e-06
891.5	-5.02175e-06
892	-5.67094e-06
892.5	-6.27659e-06
893	-6.75247e-06
893.5	-7.39597e-06
894	-8.50146e-06
894.5	-1.21707e-05
895	-9.48248e-05
895.5	0.000206428
896	7.36923e-05
896.5	-6.03116e-05
897	-6.87079e-05
897.5	-1.07701e-05
898	-8.02649e-06
898.5	-7.8068e-06
899	-9.00006e-06
899.5	-9.39878e-06
900	-9.04551e-06
900.5	-8.12928e-06
901	-7.65566e-06
901.5	-7.1685e-06
902	-6.76819e-06
902.5	-6.54475e-06
903	-6.49857e-06
903.5	-6.51123e-06
904	-6.5322e-06
904.5	-6.55074e-06
905	-6.51972e-06
905.5	-6.41199e-06
906	-6.30508e-06
906.5	-6.30774e-06
907	-6.45234e-06
907.5	-6.63708e-06
908	-6.97662e-06
908.5	-7.58226e-06
909	-8.56729e-06
909.5	-1.30913e-05
910	-0.000105554
910.5	8.29451e-05
911	8.2506e-05
911.5	-2.8684e-05
912	-6.20519e-05
912.5	-1.41534e-05
913	-1.10809e-05
913.5	-9.63406e-06
914	-8.32351e-06
914.5	-6.91928e-06
915	-6.19294e-06
915.5	-5.62887e-06
916	-5.07854e-06
916.5	-4.85508e-06
917	-4.73504e-06
917.5	-4.54045e-06
918	-4.19609e-06
918.5	-3.98237e-06
919	-3.97806e-06
919.5	-3.98027e-06
920	-3.96471e-06
920.5	-3.97734e-06
921	-4.10696e-06
921.5	-4.44811e-06
922	-4.78789e-06
922.5	-5.33035e-06
923	-5.91935e-06
923.5	-7.0771e-06
924	-8.17406e-06
924.5	-1.07992e-05
925	-3.71125e-05
925.5	-0.000323613
926	0.000318252
926.5	6.91317e-05
927	-6.88059e-05
927.5	-2.90127e-05
928	-1.35216e-05
928.5	-9.71673e-06
929	-7.5203e-06
929.5	-6.33948e-06
930	-5.76046e-06
930.5	-5.4978e-06
931	-5.45026e-06
931.5	-5.50838e-06
932	-5.52894e-06
932.5	-5.56534e-06
933	-5.72905e-06
933.5	-5.85701e-06
934	-6.06521e-06
934.5	-6.26522e-06
935	-6.45541e-06
935.5	-6.2893e-06
936	-6.40398e-06
936.5	-6.7034e-06
937	-6.6459e-06
937.5	-7.00353e-06
938	-7.41717e-06
938.5	-8.85197e-06
939	-1.29678e-05
939.5	-9.28033e-05
940	0.000295584
940.5	0.000197764
941	-3.13673e-05
941.5	-9.43172e-05
942	-1.70077e-05
942.5	-1.01426e-05
943	-8.25047e-06
943.5	-7.32326e-06
944	-6.77344e-06
944.5	-6.4454e-06
945	-6.18535e-06
945.5	-6.01526e-06
946	-5.87668e-06
946.5	-5.93986e-06
947	-5.99423e-06
947.5	-5.99188e-06
948	-6.05592e-06
948.5	-5.997e-06
949	-5.97365e-06
949.5	-5.96416e-06
950	-5.91251e-06
950.5	-5.89739e-06
951	-5.99145e-06
951.5	-5.94484e-06
952	-5.8768e-06
952.5	-6.30178e-06
953	-1.00084e-05
953.5	-8.40783e-05
954	0.000128707
954.5	0.000207462
955	-2.7187e-05
955.5	-9.83187e-05
956	-1.63165e-05
956.5	-8.13229e-06
957	-6.03066e-06
957.5	-5.30025e-06
958	-5.00066e-06
958.5	-4.81702e-06
959	-4.70145e-06
959.5	-4.64721e-06
960	-4.52107e-06
960.5	-4.33778e-06
961	-4.28658e-06
961.5	-4.38611e-06
962	-4.53957e-06
962.5	-4.3796e-06
963	-4.28018e-06
963.5	-3.96689e-06
964	-3.48027e-06
964.5	-3.11465e-06
965	-3.17056e-06
965.5	-3.05586e-06
966	-3.09522e-06
966.5	-2.70943e-06
967	-2.80294e-06
967.5	-3.01778e-06
968	-3.03866e-06
968.5	-3.39912e-06
969	-3.57523e-06
969.5	-3.65904e-06
970	-3.83688e-06
970.5	-4.18696e-06
971	-4.4301e-06
971.5	-5.28939e-06
972	-5.62612e-06
972.5	-6.2376e-06
973	-6.99264e-06
973.5	-7.9598e-06
974	-8.67172e-06
974.5	-8.68176e-06
975	-9.20144e-06
975.5	-9.28406e-06
976	-9.30931e-06
976.5	-9.01068e-06
977	-7.86629e-06
977.5	-7.06317e-06
978	-6.63178e-06
978.5	-6.43239e-06
979	-6.1259e-06
979.5	-5.97225e-06
980	-6.04119e-06
980.5	-6.0636e-06
981	-6.03472e-06
981.5	-6.04651e-06
982	-6.15978e-06
982.5	-6.44667e-06
983	-6.88236e-06
983.5	-7.68926e-06
984	-9.17886e-06
984.5	-1.41205e-05
985	-0.000110008
985.5	7.75377e-05
986	3.1025e-05
986.5	-5.80717e-05
987	-4.82683e-05
987.5	-9.72278e-06
988	-8.85384e-06
988.5	-1.15662e-05
989	-1.15705e-05
989.5	-9.74742e-06
990	-7.89674e-06
990.5	-6.73618e-06
991	-5.92394e-06
991.5	-5.50912e-06
992	-5.31235e-06
992.5	-5.3172e-06
993	-5.4859e-06
993.5	-5.73667e-06
994	-6.00562e-06
994.5	-6.15603e-06
995	-6.35097e-06
995.5	-6.47188e-06
996	-6.53291e-06
996.5	-6.51421e-06
997	-6.56549e-06
997.5	-6.69316e-06
998	-6.99789e-06
998.5	-7.73488e-06
999	-9.47002e-06
999.5	-2.75962e-05
1000	-0.000223746
