0.289 349799
0.417 415924
2.243 606624
2.380 345873
2.596 381755
3.645 553136
4.004 556311
4.661 397736
5.193 584571
5.588 353905
5.662 366380
6.614 457184
6.660 506209
6.952 339672
7.036 378134
7.370 549533
8.049 396331
8.076 424111
8.698 386467
8.818 345403
8.965 375851
9.247 346233
9.589 396646
9.808 558595
9.866 349975
10.282 389414
10.625 3778
10.650 3809
11.575 3830
11.675 3752
11.925 3731
12.088 381183
12.134 348835
12.250 3723
12.255 555569
12.346 579318
12.355 340312
12.475 333019
12.475 3886
12.575 333018
12.625 3909
12.700 3756
12.748 402126
12.992 353735
13.057 397173
13.075 16446
13.107 412929
13.627 377814
13.810 352962
13.816 401421
14.025 332928
14.050 332866
14.175 3911
14.356 373468
14.450 332833
14.475 4119
14.600 3705
14.725 333249
14.807 446566
15.150 333165
15.325 16321
15.720 354967
15.763 383802
15.802 398128
15.988 375543
16.200 16204
16.425 23523
16.514 398426
16.526 358090
16.794 423042
17.175 24742
17.449 426320
17.450 16208
17.532 406678
17.836 365562
18.373 571575
18.405 410695
18.582 362156
19.518 339576
20.667 354985
20.675 35582
21.072 399247
21.225 16446
21.302 420585
21.325 38527
21.450 16199
21.556 393695
21.675 24706
21.900 366735
22.192 496950
22.284 382201
22.300 16169
22.707 339225
23.000 16361
23.261 373098
23.321 352904
23.400 21812
23.747 582625
23.785 420280
23.979 419543
24.150 36231
24.175 31031
24.402 348474
24.525 16208
24.550 40256
24.740 396736
24.762 379325
25.071 389526
25.075 29838
25.125 22340
25.200 25800
25.243 420571
25.383 579800
25.494 424580
26.052 344724
26.095 379052
26.096 368063
26.125 3705
26.175 36786
26.245 400862
26.300 1729
26.375 24103
26.500 30412
26.500 338352
26.574 354328
26.650 552558
26.700 3886
26.725 21837
26.825 1731
26.925 21841
26.925 32724
27.075 40182
27.100 24681
27.100 32739
27.100 3830
27.125 24146
27.150 1599
27.175 25873
27.200 41364
27.275 1574
27.350 333497
27.350 3809
27.375 26468
27.425 23586
27.432 414893
27.500 3909
27.525 1530
27.525 1601
27.575 28647
27.625 35655
27.643 374846
27.750 19781
27.750 37321
27.775 19733
27.775 37969
27.800 25248
27.825 26990
27.850 1508
28.025 1486
28.150 26842
28.200 1490
28.225 19764
28.375 19747
28.375 3756
28.375 4119
28.400 28754
28.400 3911
28.450 19744
28.475 19749
28.600 1510
28.600 333168
28.650 19717
28.743 544459
28.800 21850
28.825 1511
28.825 31047
28.875 44302
28.925 3778
28.950 1623
28.950 24174
28.975 1491
28.975 37899
29.035 357351
29.050 22456
29.050 23566
29.100 19715
29.100 28741
29.200 23575
29.200 27612
29.225 39071
29.275 1509
29.300 25866
29.350 21814
29.375 29295
29.425 333043
29.450 1531
29.450 23554
29.525 35615
29.575 24150
29.575 29855
29.575 34444
29.575 36799
29.625 23429
29.625 38485
25.875 36
29.625 406999
29.675 25864
29.725 31083
29.750 33279
29.750 33380
29.800 36800
29.800 38533
29.850 40570
29.875 28655
29.900 27626
29.925 22993
29.950 33774
29.973 543996
29.975 29355
29.975 33268
30.000 24666
30.050 28085
30.125 23977
30.175 29896
30.200 29901
30.200 3723
30.225 27004
30.225 35028
30.250 1488
30.301 393610
30.350 27560
30.350 37902
30.375 30968
30.375 37332
30.400 58033
30.425 22911
30.450 25834
30.500 26991
30.500 36828
30.500 51066
30.539 370567
30.575 21680
30.575 29334
30.575 38517
30.600 26981
30.600 31630
30.650 28024
30.650 32706
30.725 31565
30.750 22946
30.775 48160
30.825 26420
30.825 35096
30.850 333249
30.850 35645
30.875 37984
30.900 32176
30.950 23523
30.950 332928
30.950 333221
31.000 37918
31.025 33328
31.050 24730
31.075 332892
31.075 52333
31.100 36791
31.125 31597
31.150 333139
31.150 333197
31.150 34892
31.175 333019
31.225 1729
31.225 24742
31.225 26476
31.225 30331
31.225 47725
31.250 25308
31.275 23561
31.275 332923
31.275 333169
31.300 332925
31.300 333133
31.325 21790
31.350 332989
31.375 1731
31.375 25887
31.375 333012
31.400 332899
31.425 29254
31.475 22963
31.475 25300
31.475 332833
31.475 39114
31.500 332986
31.525 21804
31.525 27610
31.550 333048
31.575 333018
31.575 33321
31.575 38527
31.599 345717
31.600 24604
31.600 332954
31.625 332866
31.625 333198
31.650 29821
31.675 26997
31.700 332838
31.750 21776
31.750 23604
31.750 28696
31.750 32780
31.750 33264
31.775 333046
31.800 332856
31.800 333165
31.825 25236
31.850 24639
31.850 31603
31.850 332836
31.850 332895
31.850 39620
31.875 21788
31.875 23374
31.875 25263
31.884 384258
31.900 332953
31.925 1601
31.925 332958
31.950 1574
31.950 26453
31.950 333075
31.950 35587
31.950 43126
31.961 346750
31.975 1530
31.975 24670
32.025 1599
32.025 333045
32.050 333109
32.050 35582
32.050 396333
32.075 24120
32.075 28722
32.100 30465
32.200 25231
32.225 25296
32.225 332865
32.247 349738
32.275 333280
32.375 30475
32.450 24741
32.450 37340
32.450 41406
32.475 49382
32.575 21812
32.650 1486
32.650 22969
32.675 332862
32.675 36760
32.700 33325
32.725 24079
32.750 23403
32.775 28192
32.825 1508
32.825 25226
32.875 26371
32.900 21862
32.900 30482
33.475 22920
33.494 365038
33.572 363052
33.639 431000
33.675 1490
33.850 25703
34.000 1511
34.078 389731
34.250 24706
34.375 1510
34.384 348116
34.400 1509
34.425 1491
34.563 361960
34.575 1531
34.850 1623
34.850 333497
35.228 348708
35.250 1488
35.475 333168
35.499 390212
35.511 466072
35.875 333017
36.150 333019
36.200 333043
36.325 332928
36.375 333197
36.450 332925
36.450 333018
36.475 333169
36.475 333221
36.501 346710
36.525 332892
36.600 332899
36.600 333133
36.650 332895
36.675 332866
36.675 332989
36.725 332838
36.750 333198
36.759 396044
36.825 332923
37.000 333046
37.050 332833
37.050 332836
37.125 332986
37.133 375866
37.175 333139
37.250 332953
37.450 333249
37.475 333075
37.517 555189
37.564 349458
37.782 352069
37.907 389576
38.724 405219
39.065 401590
39.261 365673
40.327 437420
41.330 428620
41.440 567863
41.479 346935
41.903 376247
42.501 341771
42.614 460252
42.625 16154
42.727 417213
43.027 422868
43.364 388349
43.615 559339
43.617 371893
43.618 382917
43.847 398136
43.869 407176
43.896 394178
44.139 346280
44.646 350549
45.147 344623
45.170 499948
45.277 353294
45.650 16446
45.838 380258
46.100 3911
46.408 341658
46.475 3731
46.555 367540
46.690 586245
46.736 343254
47.005 343095
47.063 354884
47.294 415601
47.450 3830
47.665 389025
47.675 338352
48.125 3723
48.150 3705
48.200 3778
48.208 382468
48.422 551477
48.600 3886
48.675 3756
48.769 339672
48.825 3809
48.875 4119
48.953 358742
49.025 16321
49.372 344217
49.630 425281
50.525 399937
50.635 422271
50.884 571806
51.079 355590
51.171 378179
51.508 412539
51.820 373088
52.125 345228
52.238 352848
52.450 332986
53.121 379459
53.300 16361
53.517 382304
53.550 399622
53.665 552909
53.778 359606
54.084 404609
54.550 358873
54.800 16154
55.344 387097
55.466 546380
55.757 415241
55.817 386153
56.701 428486
57.161 400428
57.415 391794
57.545 411773
58.421 383495
58.687 370285
58.825 16321
59.589 560077
59.797 388416
59.800 332865
60.021 469172
49.700 36
60.080 480922
60.225 7559
60.373 339299
60.449 402068
60.600 3909
60.876 403650
61.325 333012
61.348 400631
61.373 382847
61.893 605209
61.952 356057
62.050 332986
62.161 387696
62.475 4119
63.000 333165
63.275 3911
63.432 498049
63.550 332836
63.720 402627
63.800 3886
63.836 343390
64.025 3731
64.080 389598
64.225 332954
64.250 332866
64.400 3705
64.700 3778
64.945 418075
64.996 357905
65.050 333045
65.099 375369
65.140 553351
65.168 339196
65.205 388527
65.295 386996
65.548 593757
65.625 333133
65.775 332833
65.825 333249
66.131 396623
66.265 373904
66.326 404671
66.383 581266
66.434 377563
66.750 424127
66.753 431568
66.925 3723
66.926 427234
67.524 409284
67.742 415138
67.835 407183
68.088 547250
68.131 372040
68.486 344752
68.800 16121
69.042 493984
69.412 356307
70.166 399577
70.214 370062
70.239 369000
70.355 370014
70.515 391499
70.872 426290
71.353 374817
71.516 396835
72.185 339499
72.336 366013
72.409 346761
72.594 391878
72.825 7762
74.312 351675
74.384 359797
74.502 430176
74.610 498058
74.931 387943
75.150 3752
75.341 350549
75.478 362633
75.650 379066
76.831 387982
76.950 3909
77.150 3809
77.633 452723
77.671 508922
77.700 3830
77.982 502640
78.145 414534
78.200 7907
78.375 16121
78.375 338352
78.425 4119
78.875 3886
79.225 3756
79.481 364574
79.484 360497
79.581 386292
79.800 3911
79.928 393183
80.315 414834
80.425 332836
80.725 333075
80.725 333168
61.375 36
74.025 36
80.832 417230
81.025 3723
81.067 385225
81.125 333221
81.300 333048
81.300 3731
81.602 454678
81.852 349138
81.975 16321
82.079 420585
82.100 3705
82.467 397581
83.058 357808
83.121 414200
83.156 420679
83.293 357191
84.658 345365
85.472 426290
86.778 348180
86.937 343665
87.147 415374
87.667 397924
87.788 373852
88.025 360270
88.136 362050
88.407 345527
88.516 354937
88.617 390060
88.833 380301
89.213 392665
89.366 370285
89.770 392953
89.808 381874
89.865 385224
90.112 372865
90.228 384242
90.549 400206
90.700 16321
91.825 332899
92.000 3909
92.200 3731
92.225 3723
92.450 3752
92.532 421774
92.609 412932
92.650 3778
92.800 4119
92.850 7664
92.900 333012
93.001 351017
93.275 3809
93.437 453185
93.869 622624
93.998 448291
94.325 333221
94.350 3830
94.375 3886
94.500 3756
94.725 3911
95.000 7870
95.050 333048
95.450 332836
95.525 3705
95.600 333018
96.131 436491
96.403 404661
96.495 406956
96.504 425300
96.615 621274
96.714 385480
96.739 370769
97.038 392953
97.240 473695
97.284 349043
97.540 354387
97.758 377563
98.489 342052
98.693 497743
99.081 346060
99.425 16121
99.973 592494
100.135 398117
100.405 428806
100.751 405843
101.039 456345
101.798 348511
101.850 47725
102.507 563486
102.512 412598
102.636 476743
103.873 361882
104.010 347007
104.510 349205
104.552 548749
105.367 512392
105.565 553296
105.819 583321
105.904 367335
105.947 386836
105.961 384758
106.097 410161
106.372 410967
94.625 36
106.376 393349
106.408 396481
107.044 560135
107.056 349066
107.100 4119
107.125 3756
107.150 3886
107.425 3731
107.525 338352
107.800 3809
107.989 399692
108.000 33328
108.095 410206
108.225 7798
108.525 3830
108.550 332899
108.554 375734
108.600 3911
108.675 30968
108.703 386704
109.004 402817
109.072 404166
109.193 383103
109.350 3752
109.625 3778
109.700 3909
110.000 3723
110.125 333012
110.206 375543
110.265 410353
110.300 33380
110.498 343761
110.620 384840
110.764 381444
110.783 411086
111.017 411844
111.424 347629
111.622 578611
111.900 1531
111.954 361212
112.550 40182
112.553 350142
113.124 408622
113.129 564332
113.850 1511
113.900 25834
113.934 350738
114.399 351413
114.426 400699
114.625 1731
114.650 28085
114.700 35655
114.775 1486
114.775 1574
114.825 36760
115.068 348116
115.225 34444
115.600 1623
115.773 568141
115.804 592872
116.400 25864
116.407 341700
116.475 24742
116.600 449184
116.800 36231
116.850 25866
116.875 31630
116.953 396333
117.050 23575
117.300 36799
117.325 35096
117.425 48160
117.650 21790
117.650 39114
117.700 23523
117.725 354797
117.850 24174
117.877 571309
118.011 473261
118.291 373967
118.325 28655
118.350 36791
118.625 35028
118.763 367245
118.975 29901
119.000 24639
119.075 555803
119.175 30475
119.275 29838
119.275 39071
119.326 384785
119.350 1508
119.400 19744
119.400 19781
119.425 19733
119.425 19747
119.425 40256
119.475 19717
119.500 1488
119.525 19715
119.525 19749
119.530 403470
112.600 36
119.550 32176
119.575 19764
119.599 376808
119.625 25300
119.650 28722
119.700 23374
119.750 28741
119.775 22993
119.800 1531
119.825 37984
119.850 21814
119.850 26997
119.850 30968
119.925 1509
119.950 24120
119.975 1510
119.975 1530
120.025 33268
120.025 33321
120.075 22340
120.125 1491
120.125 1601
120.150 27560
120.225 1490
120.225 30331
120.250 25887
120.425 23586
120.450 30482
120.500 26453
120.525 25800
120.550 22969
120.575 37340
120.625 1729
120.650 26981
120.650 51066
120.675 1599
120.700 23554
120.700 25226
120.725 21850
120.775 25296
120.788 436018
120.825 24741
120.825 28647
120.850 29334
120.900 332895
120.925 1731
120.925 26476
120.950 21841
120.975 24730
121.049 351428
121.050 1511
121.050 31047
121.050 32739
121.150 36828
121.197 376255
121.200 21776
121.225 24666
121.225 28754
121.225 35615
121.225 37969
121.225 38517
121.250 27004
121.275 23561
121.275 26991
121.300 21680
121.300 25236
121.300 33380
121.375 26468
121.375 29254
121.400 37918
121.425 24670
121.425 47725
121.475 27626
121.500 25231
121.525 31565
121.550 23429
121.550 49382
121.575 33328
121.600 1574
121.650 22456
121.650 24604
121.700 22946
121.700 25703
121.725 26371
121.725 29821
121.725 3705
121.800 24103
121.825 28024
121.825 36786
121.825 37321
121.850 332958
121.875 24079
121.925 23566
121.925 31083
121.975 1623
122.050 24146
122.075 1486
122.075 21837
122.075 333165
122.100 332923
122.100 33774
122.150 29295
122.200 22911
122.250 27610
122.250 41364
122.275 22963
122.325 333075
122.400 333139
122.400 52333
122.500 333280
122.500 36800
122.525 21788
122.525 33325
122.525 37902
122.550 37332
122.550 38485
122.625 25248
122.700 32780
122.775 34892
122.800 29855
122.875 26990
122.875 32724
122.875 35582
122.900 30412
122.925 29355
122.950 32706
123.025 25834
123.025 43126
123.050 25873
123.050 333046
123.075 24706
123.150 23604
123.150 333043
123.150 38533
123.175 333497
123.175 35645
123.175 39620
123.225 40182
123.250 23977
123.275 26842
123.300 332953
123.350 31603
123.375 26420
123.375 30465
123.425 24150
123.425 25263
123.425 31597
123.450 333169
123.525 333045
123.550 332925
123.550 38527
123.575 21804
123.600 23403
123.600 332892
123.625 333133
123.625 333198
123.625 36760
123.650 33264
123.650 332862
123.650 333012
123.675 332954
123.750 31031
123.750 41406
123.775 35587
123.850 1508
123.850 332836
123.850 332989
123.875 333197
123.875 44302
123.925 332838
123.950 333168
123.950 333249
123.975 332865
124.000 1531
124.000 37899
124.025 24681
124.025 28696
124.025 33279
124.025 333048
124.100 1488
124.123 398426
124.150 1510
124.150 333019
124.175 332866
124.225 1509
124.225 29896
124.250 22920
124.275 40570
124.303 352998
124.350 1530
124.350 27612
124.350 332928
124.375 1490
124.400 333109
124.425 1491
124.450 58033
124.475 333018
124.500 1601
124.500 332986
124.550 21812
124.625 25308
124.750 21862
124.803 348721
124.825 1729
124.875 28192
124.975 1731
125.050 379337
125.097 378509
125.191 349236
125.255 412955
125.325 1511
125.325 23523
125.425 31630
125.525 1599
125.547 342163
125.610 398714
125.625 333017
125.950 332856
126.000 332833
126.048 354813
126.150 332895
126.242 621888
126.275 333221
126.450 24174
126.581 360525
126.600 28085
126.700 332899
127.113 353294
127.446 466086
127.475 332958
128.305 351017
128.658 397275
128.957 343006
129.022 348913
129.100 332923
129.425 332953
129.450 332866
129.536 403992
129.683 353854
129.980 354023
130.008 426279
130.277 378509
130.327 348520
130.336 507109
130.437 369254
130.720 348393
130.933 393112
131.607 408742
131.714 374611
131.806 381755
132.963 414904
133.023 581427
133.160 551425
133.332 385496
133.506 554093
133.700 7373
133.705 391062
133.722 359331
133.732 411995
134.682 356178
134.797 343006
134.871 375674
135.209 379326
135.253 363869
135.650 338352
135.975 4119
136.142 543331
136.300 3756
136.375 3886
136.421 428607
136.600 3778
136.739 550178
136.850 3830
137.225 3723
137.250 3752
137.321 383838
137.339 376479
137.592 419271
137.600 3909
137.772 374356
137.895 351633
137.950 3809
138.200 3911
138.398 362610
138.625 3705
138.907 402652
139.081 380586
139.114 560207
139.325 500269
139.638 350523
139.791 462364
140.058 477924
140.257 422764
140.487 374592
141.025 506041
141.182 353428
141.350 7692
141.496 352815
141.550 411213
141.929 342941
141.991 384846
142.603 363610
143.029 394408
143.172 419713
143.241 397046
143.284 365770
138.675 36
143.639 457290
144.435 365840
144.463 549533
144.511 554738
144.975 410702
145.233 441696
145.519 340300
146.064 404875
146.277 398277
146.604 410707
147.347 399570
147.358 497651
147.627 352219
148.177 377556
148.252 420731
148.584 405709
148.722 348077
148.824 367200
149.059 399889
149.268 378057
150.450 371384
150.477 425577
151.027 348077
151.325 333012
151.450 7449
151.600 333280
151.719 644237
151.750 3723
152.179 491282
152.350 3830
152.475 3731
152.518 372317
152.639 390525
152.700 333197
152.964 409773
153.023 362775
153.175 3778
153.407 496568
153.450 3909
153.600 332958
153.658 365038
153.725 3886
153.730 353878
153.950 3705
154.354 363217
154.400 3809
154.888 407091
155.150 3752
155.150 7443
155.376 419231
155.403 551791
155.425 333048
155.775 333046
155.850 333221
156.150 4119
156.282 357079
156.350 332865
156.357 375517
156.425 338352
156.442 373418
156.510 414089
156.875 3911
156.974 341230
157.525 3756
157.763 397115
157.822 558595
158.365 348987
158.741 419231
159.476 377392
159.488 342052
159.643 404671
159.693 429081
159.973 364816
160.280 580614
160.294 436598
160.345 397581
160.376 437709
160.542 451155
160.701 575798
160.996 431859
161.214 449233
161.862 357351
162.022 365286
162.210 356099
162.946 448159
163.519 385881
163.758 363892
164.089 339005
164.476 467379
164.491 432319
164.939 396068
166.118 340302
166.611 355020
166.624 368931
167.087 351233
167.172 349526
167.205 354813
167.350 16361
167.762 405103
168.006 370833
168.225 3723
168.775 3809
149.825 36
168.800 332923
168.864 417202
169.000 3886
169.250 3705
169.256 384196
169.424 366380
169.450 3778
169.475 3756
169.724 340674
169.730 339957
169.775 3909
169.850 3911
169.894 418254
170.030 357396
170.102 417213
170.675 332862
171.000 4119
171.300 338352
171.400 3731
171.760 352637
172.208 368565
172.250 3752
172.564 359867
172.669 500269
173.459 477941
174.674 577284
174.697 392082
174.791 394306
175.775 341277
175.850 7552
176.270 395445
176.675 364960
176.783 360790
177.154 381673
177.668 351428
177.986 377353
178.000 339115
178.012 415322
178.060 353047
178.364 366380
178.771 355249
178.935 403240
179.336 361775
179.421 407656
179.494 591018
179.545 412578
179.641 467379
180.170 349540
180.272 567863
180.325 16154
180.648 550561
180.824 404112
181.549 606624
181.655 494720
181.741 346374
182.023 397275
182.074 387571
182.925 3830
182.968 342498
183.250 3809
183.589 552909
183.683 365665
183.825 4119
183.850 3752
183.985 355235
184.000 332928
184.050 3723
184.200 3705
184.364 418075
184.750 3756
184.775 3911
184.895 346003
185.100 3731
185.204 449778
185.213 391637
185.655 551274
186.095 584571
186.300 16169
186.375 3909
186.650 333249
186.942 392429
186.966 477610
186.977 414228
187.025 332865
187.075 3778
187.136 405164
187.305 396044
187.335 364816
187.594 353719
188.038 382213
188.321 343764
188.498 380440
188.672 461727
189.502 392382
189.674 342697
189.904 384708
190.602 347378
191.598 358573
191.748 497743
191.883 415455
191.957 344752
192.188 366166
168.850 36
186.600 36
192.996 354829
193.191 527554
193.861 351059
194.060 405862
194.222 345717
194.264 421635
194.348 402618
195.261 346242
195.427 353820
196.211 563778
196.250 4119
196.375 3886
196.874 579351
196.906 401080
197.165 374597
197.300 3752
197.339 352219
197.544 389614
197.650 332958
197.675 332862
197.950 3756
198.100 3809
198.300 332895
198.350 361323
198.375 3909
198.550 338352
198.999 473695
199.175 3911
199.233 356353
199.375 3778
199.394 386675
199.538 502650
199.736 567863
199.771 381236
199.829 350371
199.850 3830
199.945 389610
200.472 411911
200.650 3731
200.779 399939
200.800 3705
200.955 356468
201.129 458890
201.275 333109
201.320 479433
201.701 485996
201.856 356703
202.035 348524
202.648 343468
202.761 405092
202.898 342815
203.199 366757
203.976 409531
204.850 394765
205.075 28647
205.884 342672
206.409 404671
206.855 376349
207.256 359606
207.308 389290
207.403 361471
207.424 360263
207.589 551765
207.631 362775
207.723 588868
207.753 341557
208.118 409785
208.218 378281
208.638 417805
208.687 552806
209.174 376186
209.450 37321
209.722 422492
209.825 23429
210.234 487364
210.610 370740
210.998 580614
211.226 377912
211.625 4119
211.975 3830
212.086 374290
212.175 32176
212.246 404784
212.288 351138
212.290 394801
212.525 23586
212.611 370865
212.925 3723
213.281 453419
213.425 3909
213.448 421078
213.450 25887
213.750 38485
213.898 339070
214.050 3731
214.125 25296
214.150 3809
214.153 496964
214.375 3778
214.390 372565
214.550 29254
214.750 1510
200.125 36
214.825 36
214.950 3911
215.025 3886
215.075 36786
215.084 379234
215.243 352058
215.275 35582
215.350 30968
215.375 3756
215.400 24150
215.425 25236
215.500 1491
215.522 380050
215.550 23575
215.575 3705
215.624 403733
215.650 3752
215.735 345873
215.775 16169
215.836 398128
215.975 29838
216.025 32739
216.050 22456
216.200 23566
216.225 1511
216.250 38533
216.300 1509
216.300 28085
216.361 342903
216.425 332986
216.475 22911
216.550 25800
216.635 365915
216.750 28741
216.850 31597
216.900 23374
216.910 368306
217.025 1599
217.025 1601
217.075 1574
217.075 24670
217.091 348186
217.144 436969
217.150 1486
217.239 400926
217.350 31565
217.400 25866
217.400 29901
217.525 26981
217.625 1490
217.625 29334
217.650 24103
217.700 1530
217.750 24604
217.750 24666
217.751 404097
217.825 1531
217.950 29821
218.025 22969
218.025 33279
218.050 32724
218.150 21776
218.200 21812
218.375 37340
218.475 24079
218.500 372096
218.511 359234
218.512 342466
218.600 22920
218.600 51066
218.645 375324
218.825 30465
218.825 37969
218.875 1488
218.944 355292
218.975 21841
219.025 40182
219.029 452396
219.036 564797
219.075 25873
219.175 1508
219.200 43126
219.225 24741
219.225 26420
219.250 24730
219.275 31603
219.325 25300
219.425 37902
219.430 491952
219.575 33268
219.575 35645
219.575 41406
219.620 552620
219.646 432751
219.650 33328
219.675 37899
219.700 26476
219.700 39114
219.800 21680
219.825 26371
219.875 21837
219.875 27612
219.950 47725
220.000 31630
220.025 1623
220.025 44302
220.050 24639
220.115 553983
220.125 35096
220.215 352767
220.225 31083
220.225 33774
220.250 1729
220.300 21790
220.325 34444
220.400 21788
220.400 25864
220.425 33325
220.450 21804
220.500 332925
220.535 364937
220.674 368484
220.675 333043
220.675 38517
220.775 40256
220.825 36231
220.825 39071
220.850 25308
220.850 36791
220.875 28024
220.900 31047
220.900 37984
220.925 22340
220.950 21862
220.977 365633
221.000 332928
221.025 24174
221.075 26453
221.209 373942
221.296 382380
221.325 21850
221.325 333017
221.325 38527
221.350 25834
221.350 27560
221.350 33264
221.350 35615
221.425 1510
221.425 25226
221.450 28192
221.475 23523
221.475 24742
221.475 30412
221.475 332895
221.550 32780
221.600 26991
221.600 332958
221.662 467132
221.675 22963
221.675 332838
221.700 30331
221.725 35587
221.750 33321
221.750 33380
221.775 29295
221.775 333048
221.800 27610
221.825 25248
221.875 23554
221.875 24681
221.900 1731
221.900 24706
221.900 332866
221.953 411844
221.975 30482
222.000 29355
222.000 29855
222.000 30475
222.025 1491
222.025 1509
222.025 36828
222.125 22993
222.200 28754
222.225 1511
222.275 25263
222.275 37321
222.292 392610
222.300 22946
222.300 23604
222.300 332833
222.309 457647
222.350 35655
222.375 332836
222.450 26997
222.475 333012
222.525 333139
222.525 52333
222.550 333045
222.575 26468
222.625 29896
222.625 39620
222.650 26842
222.675 1601
222.675 28655
222.675 332899
222.675 35028
222.700 1574
222.700 25231
222.700 25703
222.700 332989
222.750 419211
222.775 23561
222.789 411287
222.821 577725
222.825 1531
222.875 1530
222.875 37918
222.900 24120
223.025 332862
223.025 41364
223.125 37332
223.125 48160
223.200 1486
223.200 1599
223.242 401470
223.250 1490
223.250 333168
223.275 333197
223.300 333019
223.375 27004
223.425 333165
223.475 36760
223.525 36799
223.550 333109
223.575 28696
223.575 332954
223.600 1488
223.650 332892
223.650 332953
223.675 26990
223.675 333198
223.681 409238
223.700 333221
223.725 332923
223.750 25296
223.775 333018
223.800 332856
223.825 23429
223.825 333133
223.850 333249
223.875 24146
223.939 423046
223.950 332986
223.950 333046
224.025 27626
224.040 345342
224.050 333169
224.150 31031
224.150 333280
224.175 1508
224.175 32706
224.225 36800
224.225 49382
224.225 58033
224.275 333075
224.300 28722
224.300 332865
224.300 34892
224.350 1623
224.625 21814
224.643 356178
224.875 333497
224.931 345868
225.000 1729
225.025 23403
225.175 40570
225.225 23977
225.361 351908
225.375 332928
225.472 376690
225.500 333043
225.550 332925
225.600 332895
225.825 332838
226.075 332866
226.075 333017
226.125 31565
226.195 418076
226.200 32176
226.200 333048
226.425 16199
226.508 350039
227.050 1731
227.050 333139
227.219 373617
227.350 332899
227.352 361460
227.500 332958
227.536 393039
227.625 333045
228.075 333197
228.200 333165
228.225 573296
228.325 333168
228.500 332862
228.550 333109
228.550 333198
228.700 36
228.802 379287
228.825 333280
228.850 332986
228.850 333018
228.850 333133
228.900 332923
228.900 333046
228.950 333169
229.100 332892
229.100 332953
229.400 333075
229.450 333249
229.514 444525
229.525 332856
229.600 332954
229.650 333497
229.975 333019
230.500 333012
230.516 421416
230.816 354351
231.430 547686
231.702 386884
231.721 403801
231.932 373904
231.987 339968
232.262 370336
232.497 429914
232.586 413478
232.954 398151
233.207 417287
233.637 356295
234.414 459633
234.525 338352
235.014 364722
235.072 352896
235.275 3809
235.330 567091
235.401 375517
235.465 343178
235.575 3752
235.830 395094
235.879 368453
236.500 3886
236.521 357050
236.550 3723
237.000 3705
237.050 387268
237.123 415724
237.174 418286
237.268 591690
237.359 423938
237.400 3911
237.500 3830
237.650 3756
237.675 3909
237.992 344784
238.175 3778
238.675 4119
238.765 371632
238.917 339070
239.091 563778
239.175 3731
239.184 421058
239.387 562860
239.846 433956
240.432 343727
240.778 358942
241.688 624045
241.725 1599
242.897 414366
243.059 355060
243.111 340312
243.284 374998
243.363 377554
243.831 350044
244.104 346484
244.450 16169
244.497 398951
244.602 404123
244.605 402101
245.770 578454
246.411 362824
246.657 421887
246.706 378612
247.115 405409
247.137 600927
247.241 428972
247.638 575617
247.715 348511
248.286 410427
248.610 442817
248.704 410281
249.150 377437
249.309 346003
249.355 392448
249.950 3723
250.425 3809
250.673 344001
250.675 3731
250.839 360411
250.875 3909
251.165 476743
251.201 341485
251.325 3752
251.358 533100
251.459 412735
251.689 557702
251.751 347629
252.108 372317
252.169 387904
252.200 3830
252.225 16321
252.225 3705
252.226 430726
252.300 3756
252.450 3886
252.916 437201
253.104 365129
253.710 395489
253.931 405259
254.016 450220
254.025 338352
254.075 3778
254.233 395802
254.625 332892
254.731 470646
254.825 333012
255.250 333139
255.275 332928
255.550 4119
255.650 3911
255.675 541741
255.750 333075
255.783 408983
256.494 436119
256.915 575837
257.235 371524
258.242 414534
258.538 417202
258.782 380272
258.815 413505
258.818 419481
259.427 551477
259.555 370365
259.964 342482
260.075 412929
260.366 351908
260.382 341099
261.934 643819
262.012 348179
262.094 367281
262.275 379775
262.474 559980
262.504 377562
262.986 341594
264.425 3731
264.877 420227
265.300 3756
265.923 424842
266.250 3909
266.422 357200
266.812 410790
266.900 3778
267.253 348669
267.324 405769
267.550 3723
267.925 3705
267.996 368395
268.033 543331
268.052 348474
268.075 3809
268.369 341064
268.750 3911
268.850 3830
269.475 3886
269.495 424566
269.550 338352
269.625 332862
269.646 353661
269.675 332989
269.787 461638
269.941 357632
269.950 16169
270.170 356239
270.350 373623
270.525 333045
270.978 390099
271.150 4119
271.761 365133
271.792 389999
273.089 372134
273.212 384420
273.373 348116
274.150 7869
274.411 414834
274.859 338793
274.909 371946
275.044 563120
275.193 428806
275.425 353154
275.610 559666
276.119 492638
276.522 546150
276.900 381705
252.025 36
268.600 36
277.345 361212
277.362 375369
277.553 376181
277.680 394160
278.126 342624
278.178 345613
278.529 373065
278.783 342637
279.083 375335
279.099 359993
279.691 615877
279.807 409576
279.825 3731
279.880 361696
280.074 358883
280.271 549804
280.925 3756
281.075 3809
281.131 402068
281.150 3909
281.325 3752
281.356 409023
281.363 373942
281.625 3778
281.700 3723
281.700 4119
281.951 407867
282.100 3911
282.275 3886
282.450 333012
282.475 3705
282.616 407988
282.637 415401
282.880 644409
282.978 348077
283.044 434886
283.095 348054
283.475 333497
283.559 353008
283.625 332833
283.875 338352
284.275 27612
284.586 388994
284.672 404166
284.674 592494
284.750 3830
285.216 388189
285.283 402115
285.585 370383
285.611 427933
285.683 388901
285.922 425314
285.973 563120
286.190 395849
288.072 477347
288.136 523510
288.583 386836
288.731 571346
288.938 568141
288.952 568064
289.049 374956
289.092 403733
289.351 383228
289.524 377164
289.641 362336
289.723 338765
289.763 403878
290.175 373999
290.317 365789
291.393 361435
292.065 376462
292.196 398827
292.633 345691
292.887 361928
293.120 436969
293.279 344386
293.858 347924
294.488 371553
295.100 16321
295.375 3723
295.406 367335
295.800 3705
296.050 3909
296.228 502066
296.235 384848
296.258 363226
296.300 3911
296.350 3809
296.900 3731
297.175 333139
297.575 3756
297.675 3778
297.726 402330
297.975 4119
298.175 3830
298.575 3886
298.867 414834
298.950 333198
299.050 332865
299.075 332833
299.413 391062
299.575 338352
289.000 36
299.605 379621
299.614 378920
299.625 333075
300.181 382492
300.216 402500
300.729 404438
300.926 491468
300.991 359085
301.136 380906
302.415 357931
302.559 470919
302.752 421045
302.940 347878
302.954 369312
302.964 355338
303.249 420118
303.727 367665
303.997 348474
304.760 390077
305.175 549453
305.865 633767
305.924 378057
306.206 583554
306.494 415734
306.520 369757
306.680 564106
306.839 356511
307.043 368609
307.274 396957
307.386 369881
307.553 341835
307.729 341514
308.268 365633
308.758 366236
308.806 356797
309.365 360297
309.557 553164
309.578 403907
309.672 451005
309.700 3705
309.828 364134
309.850 3911
310.249 374611
310.450 3731
310.603 441416
311.031 368102
311.107 409773
311.225 3752
311.265 414976
311.425 3778
311.525 338352
311.575 37969
311.850 3723
311.889 390346
311.925 3830
312.475 3809
312.575 3909
312.725 333075
312.750 3886
313.025 3756
313.400 332899
313.592 449778
313.625 332892
313.780 434418
313.788 342743
313.874 435286
314.000 332986
314.086 361471
314.108 551497
314.250 33328
314.760 376747
314.781 366005
314.847 368455
315.037 592494
315.101 366124
315.150 332923
315.176 502066
315.375 333048
315.808 566772
316.259 476175
316.427 357967
316.781 412424
316.831 342163
317.035 358032
317.457 420585
317.544 351178
317.998 342941
318.175 16321
318.318 353294
318.478 355612
319.236 389244
319.269 348792
319.457 400596
319.960 383808
320.073 398827
320.384 350821
321.075 357191
321.357 413340
321.827 449730
322.094 413798
322.140 369550
322.617 409722
310.875 36
322.656 414526
323.878 578096
324.099 386292
324.215 352477
324.401 415565
324.725 16446
324.850 3705
324.950 333109
325.044 362675
325.070 356495
325.100 3778
325.125 3731
325.150 332928
325.550 332954
325.682 358518
325.850 4119
326.325 3809
326.501 406388
326.525 3911
326.800 3756
326.875 26453
326.975 3886
327.400 3830
327.500 332986
327.600 3723
327.623 353298
327.869 570318
327.901 580433
328.049 361882
328.084 361854
328.125 3752
328.675 333249
328.775 23561
328.900 333043
328.975 332923
329.873 350523
329.976 466773
330.100 3909
330.151 366836
330.225 21788
330.232 395094
330.806 397605
331.106 360175
331.299 427403
331.313 568466
331.447 363503
333.647 349540
334.048 388416
334.221 393783
334.454 342312
335.253 339527
335.369 456907
336.548 379537
336.806 384840
336.881 379509
337.140 422955
337.162 403606
337.209 559666
338.593 385818
339.220 425692
339.325 33380
339.400 36828
339.479 594306
339.601 436474
339.615 375801
339.619 351675
339.700 338352
339.989 414089
340.025 3911
340.050 3705
340.080 550178
340.150 3909
340.275 3830
340.450 3778
340.475 3723
340.475 4119
340.701 346831
340.725 332899
340.775 3752
340.856 599180
340.925 3731
340.925 3886
341.128 391501
341.150 25866
341.200 3809
341.200 396963
341.300 332836
341.419 349805
341.450 25887
341.562 346604
341.600 3756
342.071 401801
342.243 340102
342.275 410646
342.547 448374
343.072 369622
343.075 27610
343.256 454404
343.343 408051
343.400 38517
343.577 363040
343.625 31047
325.775 36
343.675 22993
343.750 7347
343.775 332865
343.875 23586
344.050 402227
344.475 37902
344.839 499492
345.000 21812
345.089 375105
345.180 551748
345.200 37969
345.225 1574
345.375 1490
345.625 1486
345.775 23429
345.775 24670
346.025 1530
346.175 1508
346.375 1491
346.425 24666
346.622 383551
346.625 32724
346.775 1623
346.775 21841
346.875 22911
346.950 23977
347.000 23403
347.150 28741
347.225 1599
347.325 1488
347.325 30412
347.350 38527
347.417 381648
347.500 44302
347.554 360121
347.585 366467
347.975 1531
347.975 28722
348.000 24103
348.125 29295
348.175 24146
348.225 1511
348.250 26842
348.385 587382
348.400 49382
348.450 29855
348.460 410763
348.500 1510
348.512 367212
348.525 1731
348.525 23575
348.550 35582
348.550 38485
348.650 32706
348.682 349855
348.725 35096
348.775 33328
348.900 24741
348.900 29901
348.950 26981
349.050 29355
349.060 381236
349.150 36760
349.153 502192
349.298 356826
349.375 28024
349.375 33321
349.399 384509
349.400 24120
349.500 24150
349.525 25864
349.600 31630
349.675 26453
349.704 389545
349.725 23604
349.800 1509
349.800 38533
349.850 23374
349.898 619204
349.950 29838
350.000 24730
350.000 40570
350.125 30331
350.125 34892
350.150 27626
350.250 1729
350.290 351071
350.300 1601
350.325 29334
350.350 28754
350.350 36786
350.450 34444
350.450 37332
350.550 27004
350.550 33325
350.550 37899
350.575 23561
350.600 21680
350.600 29821
350.674 386355
350.750 28655
350.775 21790
343.950 36
350.800 25703
350.800 32176
350.825 33264
350.925 36231
350.933 349799
350.950 26990
350.950 47725
350.986 345169
351.000 25248
351.025 28696
351.050 22340
351.100 25887
351.100 36799
351.150 37340
351.175 21850
351.175 25873
351.225 24639
351.275 27560
351.275 33268
351.350 333249
351.500 1530
351.525 32780
351.550 24174
351.550 29896
351.600 1486
351.625 28085
351.625 35645
351.650 36791
351.700 22963
351.700 30968
351.725 40182
351.750 30465
351.800 28647
351.875 1490
351.925 1508
351.950 22920
351.975 1491
351.975 332892
352.000 21837
352.000 31565
352.100 1574
352.150 36800
352.175 40256
352.250 25231
352.250 25834
352.275 23554
352.325 25866
352.325 332986
352.375 25800
352.375 39114
352.400 24604
352.400 26476
352.400 332928
352.425 22946
352.425 25236
352.450 23523
352.475 25300
352.500 333133
352.500 58033
352.525 35615
352.525 37918
352.550 26468
352.550 332953
352.600 333043
352.650 23566
352.650 32739
352.650 332833
352.650 332954
352.675 332925
352.725 22993
352.725 333046
352.775 332895
352.800 332862
352.800 333221
352.800 39071
352.825 332899
352.825 33774
352.825 35028
352.850 30475
352.850 33279
352.850 332866
352.875 1599
352.900 26991
352.900 333280
352.900 36828
352.925 37984
352.950 22456
352.950 332923
352.975 1511
352.975 1623
352.975 332838
352.975 333019
353.000 1488
353.025 38517
353.050 31597
353.075 1531
353.075 24742
353.100 25296
353.100 333197
353.125 24681
353.150 27612
353.150 332836
353.150 332856
353.150 333017
353.150 39620
353.175 333048
353.200 332989
353.200 41364
353.224 366583
353.225 21776
353.225 24706
353.225 26997
353.225 333165
353.250 333012
353.300 30482
353.300 332865
353.300 333018
353.325 333045
353.325 333168
353.325 51066
353.350 25308
353.350 31083
353.375 1510
353.375 21788
353.400 332958
353.400 333109
353.425 21862
353.425 333169
353.450 333139
353.575 22969
353.575 31603
353.750 1731
353.750 21814
353.750 35587
353.775 333075
353.775 33380
353.850 35655
353.875 37321
353.950 21804
353.950 23586
354.000 41406
354.025 24079
354.050 333198
354.075 48160
354.150 31047
354.187 406997
354.225 28192
354.247 350748
354.250 25226
354.250 29254
354.300 1509
354.350 26420
354.472 385645
354.525 31031
354.525 43126
354.575 333497
354.625 1729
354.675 52333
354.750 1601
354.750 26371
354.875 25263
355.050 27610
355.492 383999
355.600 37969
355.775 37902
356.014 444090
356.677 356838
356.825 332892
357.037 420744
357.108 568141
357.185 391506
357.225 333133
357.250 332866
357.300 332925
357.332 416141
357.425 333280
357.500 332833
357.550 332862
357.550 333043
357.550 333046
357.575 333221
357.600 333017
357.650 332899
357.675 333048
357.800 333197
357.825 332838
357.825 332923
357.825 332989
357.875 332836
357.900 333018
357.900 333109
357.900 333168
357.925 332895
357.925 332986
357.925 333165
357.950 333012
357.950 333139
357.975 333169
358.031 403992
358.125 333019
358.150 333045
358.200 332856
358.275 332958
358.282 340787
358.300 333075
358.425 332865
358.750 16169
358.825 332954
359.048 350918
359.542 577730
360.188 583166
360.195 369485
360.375 333497
360.492 482500
361.127 394303
363.156 355561
363.335 356511
363.655 363178
363.746 385418
363.756 436153
364.193 403801
364.610 424466
365.175 3723
365.344 353123
365.474 392382
365.475 3752
365.531 346525
365.715 390060
365.825 3731
365.966 344001
366.125 3830
366.275 3909
366.571 361306
366.630 351474
366.650 338352
366.750 3886
367.025 3809
367.288 459633
367.575 3911
367.721 356846
368.550 3778
368.552 417230
368.577 349571
368.584 562984
368.651 350600
368.675 3705
368.829 582759
369.107 341230
369.157 441416
369.956 371943
370.075 3756
370.422 353123
370.694 352952
371.009 508207
371.112 357674
371.838 368788
373.696 384708
374.219 493407
374.895 403832
375.576 427592
376.052 371384
376.811 409229
377.449 388679
377.802 591690
378.013 346429
378.058 367370
378.200 3778
378.830 379486
378.966 382911
379.754 556110
379.875 3705
380.023 398418
380.300 3830
380.450 3752
380.575 3911
380.717 347245
380.736 373364
380.772 369436
381.000 3731
381.070 473533
381.106 359905
381.158 426290
381.300 3886
381.450 3756
381.850 338352
382.025 4119
382.300 332989
382.429 478921
382.550 3809
382.688 342977
383.025 3909
383.350 3723
383.975 332895
384.311 374757
384.555 415832
384.834 359754
384.920 354036
385.086 352227
386.341 573296
386.404 374956
386.481 344004
386.688 414169
386.889 359973
386.927 346191
387.364 414457
387.514 408328
359.175 36
387.640 346019
389.687 569552
389.809 412150
390.049 381548
390.575 7628
391.036 434418
391.221 341064
391.665 427158
391.675 405709
391.878 409047
391.892 413189
392.150 382202
392.234 400452
392.254 396793
392.381 554243
392.703 562984
392.942 422953
393.125 3778
394.438 412495
394.542 579217
394.750 3830
395.175 3911
395.189 451782
395.475 3731
395.711 392340
395.725 3756
395.727 394858
396.092 408497
396.125 3752
396.274 547816
396.450 3723
396.711 356826
397.025 3886
397.350 3705
397.851 404661
398.075 332989
398.075 3909
398.125 4119
398.266 381561
398.490 391284
398.508 573184
398.650 332856
400.138 394438
400.644 363837
401.086 403955
402.802 493407
403.244 393378
403.414 509580
403.672 375734
404.506 365230
404.530 373617
404.781 359667
405.521 547396
405.941 407019
406.812 529150
407.000 387493
407.480 415225
407.487 349107
408.221 345169
408.375 3809
408.650 3911
408.931 349473
409.162 342445
409.212 342348
409.475 3752
409.575 333043
409.675 3778
409.751 362432
409.778 504490
409.864 359081
409.925 338352
409.976 415241
410.140 579318
410.225 3909
410.232 421648
410.538 388865
410.716 384409
410.733 361323
410.882 404456
411.000 3705
411.150 26420
411.250 3723
411.438 485888
411.525 31565
411.691 399126
411.875 3731
411.925 3886
412.150 24604
412.525 3830
412.725 3756
412.775 4119
412.873 695652
413.207 402707
413.332 448698
413.420 397115
413.527 379370
413.543 389545
413.657 379234
413.969 362634
414.129 354829
414.479 361226
414.633 339224
400.375 36
414.846 353543
415.072 438530
415.162 438019
415.398 363052
415.534 503646
415.600 362565
415.601 486444
415.615 436065
416.044 361180
416.209 384321
416.239 581921
416.547 390891
416.602 556170
417.013 385399
417.142 408148
417.232 343181
417.241 383838
417.483 485996
417.624 408497
417.678 361212
417.976 480236
418.186 394306
418.326 343114
418.521 551298
418.621 391506
419.250 339681
419.402 549453
420.287 444525
420.518 362047
420.528 437225
420.933 407794
421.120 414738
421.136 405513
421.324 553274
421.548 390525
421.986 371055
422.135 361329
422.450 570390
422.452 357584
422.599 484146
423.458 408158
423.639 544387
423.825 3886
424.077 368484
424.225 3731
424.367 374483
424.375 3705
424.375 3909
424.400 3756
424.534 426299
424.650 3778
424.675 3752
424.725 3830
425.225 3723
425.225 3809
425.242 415401
425.432 396452
425.975 3911
426.015 357547
426.100 338352
426.179 549252
426.401 385733
426.540 371869
426.923 458890
426.925 4119
427.035 484737
427.080 365565
427.525 333133
427.837 342219
428.032 391794
428.314 404112
428.359 397173
428.572 381183
428.784 441549
429.509 382516
429.677 368569
430.133 359000
430.732 564576
431.118 552890
431.443 351245
431.550 16121
431.782 370974
431.792 418096
432.103 419481
432.782 547223
432.948 384264
433.424 348187
433.909 359773
434.907 581927
435.089 341311
435.177 342941
435.200 378548
435.444 375662
437.148 392411
437.173 643819
437.525 3731
437.800 3886
437.950 3830
438.316 397081
438.800 3909
439.275 4119
439.300 3911
423.400 36
435.750 36
439.325 3809
439.427 370567
439.444 354842
439.450 3778
439.525 332836
439.650 25864
439.652 424580
439.850 3752
440.084 380808
440.108 354776
440.250 3723
440.304 383226
440.387 386314
440.525 3705
440.836 368169
441.103 360785
441.200 332925
441.400 338352
441.500 332856
441.511 586862
441.566 367278
442.300 3756
442.400 332865
442.789 553447
442.802 470919
443.826 367212
443.870 394273
444.002 388482
444.427 353660
444.577 367121
445.944 374733
446.299 391866
446.559 401131
446.769 415587
446.783 444601
447.367 348738
447.871 355050
448.460 340220
448.465 398689
448.940 436969
449.190 506209
449.319 390398
450.268 343235
450.290 492427
450.300 435248
450.749 553136
451.168 351647
451.400 3731
451.401 387768
451.900 333165
452.071 575971
452.125 3778
452.318 359069
452.619 355399
452.900 3705
452.925 3756
452.950 4119
453.350 3752
453.390 423263
453.494 397391
453.613 347007
453.650 3830
453.675 373561
453.700 3886
453.798 435501
453.805 352237
453.875 3911
453.911 557849
453.925 3723
453.975 332892
454.035 367486
454.150 338352
454.487 357905
454.725 3909
454.825 3809
454.948 400887
455.129 378485
455.350 333221
455.927 382054
455.937 362384
455.995 431859
456.250 332923
456.825 36760
457.205 362554
457.954 338868
458.119 621685
458.413 631558
459.275 381874
459.299 368186
459.425 362634
459.570 355037
460.028 469456
460.213 365665
460.399 351376
460.484 643819
460.940 375674
461.128 353442
461.331 427793
461.354 419971
461.384 358090
461.664 368851
462.678 414959
456.700 36
462.887 346336
463.180 379608
463.267 503705
463.300 31047
463.694 367863
463.986 380440
464.946 396410
465.265 391660
465.800 3723
465.888 345717
465.990 353957
466.238 355421
466.707 356434
466.725 3909
466.925 26453
467.000 3705
467.056 499492
467.064 506725
467.075 38485
467.100 32724
467.225 40256
467.450 3731
467.475 3830
467.558 562119
467.575 3752
467.600 4119
467.725 3778
468.374 556170
468.421 361278
468.500 3911
468.525 332866
469.150 3886
469.342 367802
469.345 430176
469.685 395869
469.850 32739
470.100 376747
470.407 348092
470.440 392737
470.450 3756
470.865 346003
471.027 422190
472.097 410426
472.150 41364
472.293 348474
472.375 29295
472.436 393090
472.502 348116
472.675 1486
472.876 504150
472.937 346484
473.000 1599
473.000 1729
473.030 435372
473.065 400966
473.075 377353
473.125 37902
473.446 418485
473.650 1531
473.800 1508
473.900 29838
474.070 341742
474.200 23554
474.450 37899
474.600 1490
474.600 21837
474.750 1623
474.825 26997
474.892 427831
475.075 22340
475.100 25800
475.100 26371
475.220 389610
475.250 28192
475.369 374611
475.500 24681
475.550 1601
475.550 32176
475.832 436491
475.850 22456
475.950 37340
475.975 25866
476.175 23586
476.175 28722
476.250 1509
476.425 37969
476.550 24706
476.550 27626
476.658 403840
476.681 393244
476.775 1530
476.775 24103
476.797 350857
476.975 33774
476.984 357050
477.050 24666
477.053 423025
477.125 25248
477.175 21814
477.178 342414
477.400 30475
477.400 38527
472.775 36
477.500 34444
477.675 23561
477.725 49382
477.800 24150
477.800 33328
477.875 28741
478.000 29896
478.125 22969
478.125 35615
478.150 30482
478.175 1491
478.200 30968
478.225 26420
478.275 1511
478.300 25864
478.325 28085
478.350 33325
478.425 39114
478.429 498756
478.450 23429
478.450 25236
478.493 413132
478.500 30331
478.500 36760
478.525 35096
478.530 394858
478.575 1510
478.575 23374
478.600 58033
478.650 40182
478.750 1574
478.850 1488
478.875 23566
478.900 36828
478.925 25231
478.925 37332
478.975 31603
479.025 36799
479.052 350416
479.075 21680
479.100 21804
479.100 24670
479.125 31565
479.225 22911
479.240 492638
479.250 26981
479.250 34892
479.250 39071
479.300 52333
479.325 1486
479.325 37984
479.350 26453
479.375 29855
479.375 33380
479.425 27610
479.459 582670
479.475 33264
479.500 31630
479.525 28655
479.550 31083
479.550 38517
479.650 36231
479.675 24639
479.675 43126
479.700 40570
479.725 1729
479.725 35582
479.750 30465
479.825 1599
479.850 1531
479.850 24146
479.850 27560
479.875 24174
479.875 25887
479.875 26991
479.900 31047
479.975 24741
479.975 35028
480.025 27612
480.050 30412
480.075 1731
480.075 23575
480.075 29901
480.100 24742
480.100 33321
480.124 388563
480.125 27004
480.125 33279
480.125 38485
480.125 38533
480.150 36791
480.175 22993
480.175 333221
480.175 333249
480.200 1508
480.225 28024
480.250 22920
480.250 31597
480.283 350513
480.300 25226
480.325 21850
480.325 26468
480.325 333012
480.339 374203
480.350 29821
480.425 33268
480.450 333045
480.475 23523
480.475 25296
480.475 48160
480.500 36800
480.550 1490
480.550 21788
480.550 23403
480.575 332892
480.575 332989
480.600 332865
480.600 333075
480.625 332866
480.625 332899
480.625 35587
480.675 332923
480.725 332958
480.725 333043
480.725 333139
480.750 23604
480.775 25300
480.775 333048
480.800 24730
480.800 332856
480.800 332925
480.800 333169
480.850 25873
480.850 26990
480.875 332836
480.875 333046
480.900 1623
480.900 332895
480.925 21841
480.925 28647
480.925 32724
481.000 51066
481.025 32780
481.025 332838
481.025 333017
481.050 1509
481.050 332862
481.050 333197
481.075 332928
481.075 333133
481.100 35655
481.100 37918
481.125 1601
481.125 35645
481.150 22946
481.150 28754
481.150 29254
481.150 47725
481.159 346387
481.175 26842
481.208 351926
481.225 22963
481.225 29334
481.250 21790
481.300 333165
481.350 333168
481.375 40256
481.400 21776
481.400 25308
481.400 332954
481.414 360837
481.425 1530
481.425 332953
481.425 333109
481.475 333198
481.500 36786
481.525 37321
481.537 345753
481.575 32739
481.575 332833
481.575 333018
481.586 455196
481.600 29355
481.600 333280
481.625 21812
481.625 24120
481.675 21862
481.725 332986
481.775 25703
481.825 28696
481.925 41406
481.925 44302
481.950 333019
482.120 389383
482.175 32706
482.325 23977
482.350 25834
482.375 24604
482.475 25263
482.475 333497
482.700 29838
482.850 24079
482.900 1511
483.025 31031
483.128 347408
483.148 361741
483.200 1510
483.225 39620
483.227 402067
483.475 1574
483.550 1491
483.600 26476
483.626 582449
483.650 1488
483.750 1486
483.843 430481
483.899 358965
483.921 403075
484.100 1531
484.250 1729
484.350 1731
484.575 16199
484.650 333221
484.789 573119
484.800 333249
484.900 338352
485.050 332866
485.050 333075
485.200 333045
485.250 332989
485.250 333043
485.275 332923
485.300 332899
485.375 332892
485.475 333017
485.475 333048
485.550 333046
485.600 333169
485.625 332838
485.625 332856
485.650 332862
485.700 332928
485.725 332865
485.725 332895
485.750 333139
485.750 333197
485.800 332836
485.875 333109
485.875 333168
485.897 422209
485.925 333280
485.975 333133
486.000 333018
486.100 332833
486.121 584638
486.250 332958
486.275 332954
486.325 332986
486.375 332925
486.425 332953
486.425 333198
486.825 333165
487.179 577718
487.240 368851
487.287 379577
487.743 392534
487.904 396266
488.296 343390
488.753 418574
488.789 543947
488.925 333497
488.978 415380
489.120 382202
489.661 396631
489.856 339299
490.058 485423
490.469 343357
491.293 356636
491.750 357483
492.536 391136
492.906 380646
493.509 353878
493.605 392665
493.908 374714
494.250 3809
494.572 512392
494.680 352998
494.707 379657
494.707 386012
494.725 3911
494.947 396201
494.950 3886
494.975 3752
495.350 3778
495.365 397391
495.550 3830
495.600 3731
495.702 390642
495.966 401959
496.200 3723
496.375 3909
496.650 3705
496.874 558131
496.950 3756
497.550 338352
497.741 423025
487.975 36
497.878 370086
497.902 361488
498.209 377788
498.225 421534
498.799 576516
498.960 342977
499.444 395455
499.500 4119
499.562 418851
499.665 398946
501.194 352712
501.242 504150
501.749 397142
502.231 366380
503.034 393244
503.047 348784
503.177 363837
503.224 554936
503.644 381073
503.843 400995
504.398 473695
504.627 631558
504.733 339681
504.770 341622
505.013 407131
505.116 356115
505.142 565070
505.376 357578
505.417 358926
505.817 477924
506.095 382232
506.119 612607
506.216 357042
506.965 553274
507.065 454678
507.550 332986
507.872 378166
508.218 423109
508.534 355320
508.875 3809
508.929 486444
509.243 353007
510.000 3909
510.032 570371
510.052 549403
510.425 338352
510.542 366644
511.075 3886
511.194 364453
511.250 3723
511.325 3731
511.835 345426
511.900 333046
512.400 3830
512.425 3778
512.575 3752
512.646 390307
512.775 333048
512.800 332856
512.875 3911
513.150 3756
513.300 4119
513.504 400816
513.655 402301
513.731 416171
513.753 479608
513.946 353047
514.150 332989
514.271 583942
514.784 340002
515.021 385881
515.074 410353
515.451 450815
515.701 395802
515.781 347498
515.999 396412
516.223 555189
516.824 389500
517.472 406969
517.869 573611
517.950 425300
518.140 345220
518.505 345085
518.670 396793
519.415 359606
519.558 380762
519.743 366088
520.110 389420
520.569 352876
520.589 413254
520.890 385382
521.634 382366
521.872 379234
522.161 356040
522.424 358159
522.558 373652
522.689 381962
522.968 454085
523.587 372096
523.600 3752
523.646 409122
523.840 564332
511.175 36
524.245 390010
524.246 480761
524.346 343254
524.606 427403
524.700 333017
524.702 398827
524.775 3809
524.962 373609
525.025 3756
525.250 3723
525.450 3909
525.675 4119
526.225 333169
526.373 374714
526.378 582670
526.610 381665
526.650 3731
527.050 332866
527.167 486444
527.200 3705
527.375 3911
528.275 332836
528.543 345251
528.605 403878
529.208 396182
529.635 367540
530.023 378050
530.051 380440
530.075 3778
530.230 343187
530.437 410206
530.526 454432
530.903 449651
531.485 345201
531.957 369294
532.283 345736
532.958 413782
533.838 359927
533.882 411213
534.140 341152
535.064 585501
535.101 371124
535.337 366508
535.446 460459
535.653 409255
536.192 348263
536.325 3830
536.519 544317
537.506 360690
538.247 547906
538.313 570426
538.416 351653
538.425 3723
538.441 414436
538.450 380403
538.525 587317
538.625 419024
538.958 409162
539.016 381214
539.322 368102
539.368 360218
539.700 3752
539.850 338352
539.900 3756
540.000 3886
540.083 360497
540.559 448095
540.625 3778
540.625 4119
540.628 371488
540.675 3909
540.685 374315
540.725 333018
540.740 363052
541.025 333221
541.036 397175
541.075 3911
541.175 332899
541.200 3731
541.675 3809
542.000 332866
542.250 3705
542.346 361499
542.737 394330
542.769 378548
543.876 398337
544.067 393881
544.200 16199
544.751 402652
545.167 452392
545.220 407183
545.272 389754
545.397 353606
546.117 434647
546.226 380963
546.321 414228
546.439 404482
546.967 377415
547.592 578329
547.980 380191
548.031 373617
548.224 448877
527.575 36
543.800 36
548.470 402451
548.627 345714
548.708 420585
548.899 444153
549.000 366027
549.375 388994
549.777 348439
550.365 347129
550.790 401181
550.936 386021
551.504 344248
551.553 386974
552.026 421045
552.318 446352
552.350 3731
552.550 3909
552.721 395379
552.814 391136
552.925 16199
553.000 333139
553.192 383111
553.241 497743
553.325 3752
553.375 3886
553.475 3705
553.750 3911
553.775 333133
553.800 3723
553.850 3756
553.997 383495
554.100 3830
554.292 343334
554.525 4119
554.550 333045
554.692 411750
554.703 395864
554.775 333018
554.900 3809
555.116 413426
555.716 363503
555.944 413702
556.025 332953
556.850 3778
557.122 349571
557.878 346320
558.141 553043
558.162 357931
558.246 494255
558.685 364914
558.694 394206
558.925 7692
559.238 356769
559.639 579442
559.753 628603
560.819 343235
561.088 435501
561.422 414628
562.072 409571
562.683 366829
563.042 405935
563.741 424111
564.099 384859
564.245 502393
564.630 376462
564.741 411086
564.937 551497
565.225 436100
565.270 349205
565.358 602326
565.722 371260
565.722 423386
565.825 3731
565.961 552194
566.075 338352
566.325 3909
566.725 3756
567.041 571806
567.050 3778
567.390 432319
567.475 3723
567.777 491468
567.788 374697
567.875 4119
567.950 3705
567.974 411213
568.100 3886
568.321 407729
568.333 418771
568.642 392998
568.750 3752
568.775 333048
568.825 3911
569.254 361070
569.525 3830
570.010 383638
570.525 3809
570.898 390438
571.801 374356
572.143 499907
572.511 411995
572.525 28655
573.045 423779
557.675 36
573.267 419608
573.667 369304
573.846 347498
574.016 497651
574.641 621274
575.299 501379
575.384 342163
576.215 366559
577.180 366508
577.533 374427
577.791 414750
579.749 401801
579.833 415241
579.892 352962
580.463 341568
580.498 571346
580.557 345868
581.022 485423
581.325 3909
581.371 461918
581.525 333109
581.525 3752
581.531 410476
581.675 4119
581.725 3830
581.850 3778
581.900 3723
581.964 406388
582.025 16199
582.050 3809
582.150 3756
582.200 332862
582.425 27626
582.583 426104
583.000 3705
583.025 3731
583.100 333046
583.110 485888
583.575 28085
583.891 341834
584.036 409162
584.150 332954
584.238 559690
584.400 26990
584.400 332833
584.428 393616
584.797 367653
584.861 556199
585.020 412932
585.300 36800
585.796 378485
586.075 37969
586.473 502393
586.689 386472
586.875 552194
587.103 544482
587.274 361329
587.327 424621
587.363 344784
587.805 339163
587.925 383737
588.692 396235
588.876 384277
589.319 396893
589.339 349224
589.350 26420
589.554 374397
589.596 370310
589.725 29295
590.153 413782
590.227 495350
590.357 421025
590.400 36791
590.522 369254
590.700 40182
591.071 407988
591.212 449274
591.510 624045
591.735 358358
592.075 26842
592.077 386334
592.084 347170
592.775 38527
593.200 3909
593.225 37902
593.513 370014
593.575 31565
593.775 333280
593.829 341155
593.925 3886
594.100 31083
594.175 25248
594.278 392233
594.396 342261
594.675 37332
594.825 338352
594.856 422278
595.100 24741
595.312 379769
595.425 37340
595.450 1491
595.575 35615
595.600 3830
595.650 32739
595.800 7798
595.975 3752
596.075 29901
596.225 35096
596.300 3778
596.300 3911
596.425 333133
596.550 40256
596.575 32706
596.600 1510
596.651 462361
596.675 1623
596.699 579844
596.700 33279
596.725 33325
596.825 3809
596.875 1508
596.900 4119
596.925 35028
596.950 3723
596.975 1574
597.050 32176
597.100 3756
597.114 341622
597.175 1490
597.175 36799
597.194 402739
597.300 1511
597.300 19781
597.360 583166
597.375 21788
597.375 3731
597.450 28696
597.500 26371
597.575 361553
597.575 39114
597.618 476743
597.650 1486
597.650 19733
597.650 39071
597.700 19749
597.825 19715
597.850 24604
597.850 25873
597.858 428374
597.939 408750
597.950 1530
597.975 32724
598.050 19764
598.050 21812
598.050 23566
598.071 414094
598.075 1488
598.094 387528
598.100 23575
598.125 33328
598.150 19717
598.250 1531
598.373 381523
598.400 19747
598.400 29821
598.425 1599
598.450 21841
598.450 22456
598.475 19744
598.500 1601
598.501 357396
598.675 25300
598.800 24706
598.850 22963
598.900 7833
598.950 41406
598.975 25296
598.990 368590
599.000 29838
599.025 1731
599.025 36231
599.050 1509
599.050 16361
599.150 25236
599.325 21814
599.325 29896
599.450 21850
599.525 37969
599.558 392734
599.575 23586
599.625 25887
599.725 333197
599.800 30482
599.850 28722
599.850 36828
599.875 24681
599.875 31597
599.950 28647
599.975 27626
600.000 1729
600.025 21837
600.050 25866
600.075 24150
600.145 413507
596.425 36
600.162 493362
600.175 23523
600.175 38533
600.250 33380
600.300 23604
600.300 25800
600.300 31047
600.300 37321
600.325 25308
600.350 332862
600.475 37984
600.500 28741
600.525 33268
600.575 29334
600.575 40570
600.600 22993
600.600 38485
600.625 24103
600.650 29355
600.700 29855
600.700 36760
600.725 28754
600.725 332958
600.762 414959
600.800 31603
600.800 31630
600.800 332892
600.850 1491
600.850 332923
600.875 332833
600.925 332899
600.925 333046
600.950 37899
600.975 26990
601.000 22340
601.000 27560
601.050 28024
601.100 25864
601.125 35645
601.125 38517
601.150 338945
601.200 333048
601.200 36800
601.225 332866
601.225 332925
601.225 35655
601.251 437225
601.300 25263
601.350 48160
601.375 24730
601.375 40182
601.400 24174
601.400 30968
601.400 333198
601.400 35582
601.425 31031
601.425 333168
601.450 27612
601.475 21862
601.500 22946
601.500 332865
601.500 333139
601.525 27004
601.550 21680
601.550 25231
601.575 30412
601.575 333017
601.625 22920
601.675 22911
601.700 21804
601.725 1623
601.750 25834
601.775 333019
601.775 51066
601.825 30475
601.834 391819
601.850 23374
601.850 333109
601.875 24742
601.900 24120
601.925 28192
601.950 1510
601.950 36786
601.975 33264
601.975 332989
602.000 33774
602.025 26981
602.050 24670
602.075 333012
602.075 333045
602.100 1574
602.100 332928
602.125 1508
602.125 24666
602.125 33321
602.175 34444
602.200 333018
602.225 37918
602.250 49382
602.275 333165
602.300 333221
602.350 24639
602.418 474168
602.450 25226
602.450 29254
602.475 24079
602.475 333497
602.500 23554
602.500 26468
602.500 58033
602.546 385490
602.550 34892
602.650 1511
602.650 30331
602.675 28085
602.675 35587
602.700 333169
602.775 21776
602.775 23561
602.775 26420
602.800 21790
602.800 23429
602.800 332954
602.818 374877
602.825 1530
602.900 1490
602.900 26997
602.950 332895
602.950 41364
602.950 47725
602.975 333249
603.125 26991
603.150 24146
603.175 30465
603.175 332836
603.350 332856
603.350 333043
603.375 26476
603.384 574688
603.475 1486
603.478 356202
603.525 1488
603.525 43126
603.575 27610
603.675 1531
603.900 1601
603.950 1599
604.000 25703
604.000 44302
604.050 1509
604.075 32780
604.200 39620
604.200 52333
604.400 1731
604.500 22969
604.542 423938
604.650 1729
604.650 23977
605.031 384509
605.421 403662
605.425 333280
605.800 332953
605.925 332838
606.225 333197
606.350 332958
606.375 332866
606.475 333075
606.500 332862
606.503 358926
606.526 354351
606.638 423042
606.692 395635
606.725 333133
606.875 333017
606.988 373068
607.071 350523
607.100 333168
607.125 333048
607.225 332928
607.275 333046
607.450 332899
607.500 332925
607.500 333109
607.525 333139
607.657 380412
607.775 332923
607.825 333221
607.850 375454
607.880 502913
608.016 353042
608.025 333497
608.400 333019
608.500 332989
608.575 332895
609.326 379434
609.416 463693
609.702 375851
610.236 361553
610.350 356115
610.672 414705
611.228 341020
611.668 415587
611.949 349138
613.095 354937
613.096 378179
613.670 414228
613.986 341299
614.370 418771
614.624 362909
614.772 351926
614.841 417986
615.181 378315
615.271 391336
615.360 630998
615.842 425300
616.179 419361
616.326 544331
616.845 387904
617.125 3886
617.217 562897
617.325 3756
617.366 551765
617.422 379066
617.451 340312
617.590 399876
617.900 3752
617.977 396835
618.009 342479
618.025 3705
618.075 3909
618.565 481606
618.583 377415
618.725 3830
619.009 376824
619.050 3731
619.100 3723
619.175 4119
619.267 578611
619.543 488366
619.900 3778
620.000 3809
620.090 396940
620.096 520226
620.515 354572
620.652 376032
621.125 333075
622.285 349236
622.818 555248
623.066 555220
623.196 369761
623.518 399653
623.666 423109
623.773 358123
624.089 359224
624.174 348280
624.489 400426
624.953 365207
625.680 412495
625.989 382051
626.617 371423
627.165 357191
627.341 540424
627.356 471476
627.446 395790
627.570 366439
627.622 581266
627.827 571575
628.158 550561
628.511 387764
628.846 367736
629.315 441603
629.460 563486
629.840 356202
630.012 421980
631.925 3909
632.411 354307
632.435 415368
632.525 3778
632.525 3886
632.625 338352
632.812 364568
632.825 4119
632.831 357259
632.850 3752
633.538 345505
633.625 3830
633.743 481026
634.117 374963
634.134 422229
634.450 3756
634.550 332856
634.631 473533
634.818 416453
634.950 333043
634.950 3911
635.075 3723
635.215 339879
635.373 420870
635.375 333280
635.475 333169
635.488 362675
635.537 368306
635.726 411630
635.760 383799
636.425 333018
636.557 378201
618.425 36
632.900 36
636.651 553876
636.959 343297
637.074 363076
638.347 355316
638.853 547963
639.756 372725
639.942 456345
641.562 341329
641.726 372324
641.833 394178
641.948 409448
642.001 645844
642.211 473928
642.322 361978
642.386 400866
642.695 379473
643.506 343633
645.093 358196
645.903 362752
646.084 381183
646.299 493992
646.671 375543
646.691 397736
646.772 370450
646.842 405466
647.136 378435
647.275 3909
647.336 352701
647.350 3705
647.650 3723
647.675 338352
647.875 3731
647.917 405951
648.175 3809
648.750 3830
648.781 417760
648.825 3886
648.834 351485
649.013 551233
649.091 347629
649.351 358785
649.375 3911
649.400 3752
649.462 414973
649.584 387322
649.605 343319
649.775 3778
649.800 333133
649.893 419792
649.917 338825
650.171 339123
650.502 377428
650.886 499864
650.925 333497
651.400 7443
651.550 3756
651.588 350918
651.700 405276
652.255 396696
652.287 347845
652.535 361741
652.543 366222
653.035 504490
653.173 405457
653.531 379675
653.896 366333
653.915 512453
654.148 373346
654.386 350601
654.424 355338
654.602 351247
654.788 381470
655.217 421774
656.103 369454
656.500 379769
656.646 408523
656.815 347190
657.005 423263
657.179 353820
657.848 369370
658.168 378021
658.541 363759
658.802 424901
658.900 357108
658.950 16169
659.168 571285
659.465 414809
659.705 375588
659.725 342666
660.409 392907
661.146 363837
662.575 3752
662.950 3830
662.960 579442
662.975 3705
663.084 426977
663.117 448698
663.383 357175
663.625 441152
663.675 4119
663.750 338352
663.825 3809
650.625 36
663.150 36
664.025 332892
664.150 3886
664.291 402290
664.350 3778
664.391 457290
664.725 3731
664.800 3909
664.825 3756
665.350 3723
665.635 544459
665.850 3911
665.875 422271
665.883 402500
665.954 359698
665.962 381073
666.199 559036
666.200 332865
666.218 338765
667.194 395152
667.347 352086
667.420 367499
667.501 360439
667.589 380440
667.750 16121
667.890 359667
668.400 7798
668.465 369116
668.779 389545
668.856 397322
669.152 426977
670.434 398422
671.043 425281
671.309 399653
672.041 602326
672.541 384420
672.662 396696
672.677 394303
673.114 344365
673.188 391444
673.335 559498
673.343 345565
673.463 421416
673.714 367603
673.925 418797
674.147 346467
674.182 340787
674.196 514816
674.494 577122
675.014 436100
675.359 401783
675.394 452572
675.401 375282
675.450 16121
675.496 397784
675.669 347494
676.826 391981
677.450 3756
677.643 388298
677.759 347605
678.482 344248
678.599 398481
678.657 602326
678.787 415591
678.950 3723
679.050 3911
679.075 4119
679.485 378431
679.525 332895
679.525 3705
679.897 369000
679.900 3731
679.900 3752
679.975 3909
680.275 3809
680.302 592265
680.375 338352
680.650 3778
680.719 345287
680.890 389420
680.925 3886
681.706 388865
681.903 356777
682.250 332989
682.502 359773
682.712 402068
682.843 345070
683.051 362306
683.199 526651
683.247 383799
683.289 350880
683.343 380258
684.093 342028
684.241 383563
684.321 406602
684.663 357102
684.905 421534
685.049 421783
685.510 548749
685.562 348513
685.962 378021
686.062 398138
686.419 642973
680.225 36
686.703 386884
687.292 574984
688.937 351424
689.024 381073
689.389 485452
690.635 415514
690.662 338994
690.758 404003
691.075 3909
691.142 400699
691.875 4119
692.175 3830
692.500 3778
692.575 332899
692.673 360297
692.925 3886
693.175 3809
693.405 356073
693.719 435205
694.350 3731
694.519 375158
694.650 3756
694.700 25866
694.767 421604
694.825 3752
694.850 3705
694.925 333497
694.950 29355
695.400 21862
695.950 332989
696.248 384694
696.375 3911
696.506 378984
696.675 24681
696.750 333043
697.119 381809
697.670 373346
697.904 398045
698.109 364123
698.271 398946
698.325 26453
698.474 350918
698.608 415059
698.716 378485
699.371 351497
699.402 384764
699.685 353489
699.705 341771
699.923 417602
700.689 350251
700.854 391711
701.250 37969
701.550 28754
701.800 26991
701.800 29901
702.012 554237
702.163 343406
702.337 366380
702.425 27004
702.881 404166
703.103 375541
703.200 32739
703.581 431738
703.641 343093
704.272 372806
704.325 431000
704.622 502650
705.525 3723
705.575 38527
705.732 395094
705.892 510319
706.075 36231
706.214 429981
706.275 24742
706.325 29838
706.500 25800
706.525 4119
706.550 26981
706.925 333046
706.933 474393
707.200 52333
707.225 23977
707.275 1510
707.300 1623
707.325 22993
707.400 551935
707.425 30412
707.475 41406
707.525 21850
707.550 1530
707.591 351708
707.600 1509
707.725 24741
707.725 3752
707.800 1729
707.850 26371
707.942 371055
708.050 3756
708.125 39114
708.225 35655
708.250 22456
708.350 28024
694.400 36
708.400 19744
708.425 32176
708.450 22920
708.550 23566
708.575 3909
708.614 390275
708.625 3911
708.725 1488
708.775 1511
708.825 1508
708.825 26842
708.875 22969
708.950 3778
708.975 31083
708.975 3830
709.000 28722
709.125 1491
709.125 28696
709.150 338352
709.175 24604
709.197 368997
709.200 3886
709.275 51066
709.311 376402
709.400 30968
709.450 1531
709.525 33328
709.625 21680
709.625 38533
709.725 23586
709.754 352650
709.775 26997
709.800 3731
709.900 19715
709.900 29821
710.025 19717
710.025 3705
710.050 1486
710.050 19764
710.075 19747
710.150 21790
710.175 19733
710.228 357052
710.250 22911
710.300 19749
710.300 25231
710.325 1599
710.325 19781
710.375 35615
710.375 3809
710.400 31047
710.409 375862
710.425 1574
710.525 35096
710.575 24639
710.650 1731
710.725 26990
710.775 39620
710.800 24146
710.800 37902
710.825 1601
710.825 25834
710.850 1490
710.875 34444
710.875 35028
710.925 36760
710.950 24666
710.975 33774
710.975 37899
711.025 29334
711.050 25236
711.100 38485
711.150 23523
711.150 24670
711.150 24706
711.150 27612
711.150 33380
711.225 332954
711.250 35587
711.275 27610
711.325 28647
711.375 25226
711.386 343789
711.525 27560
711.550 37340
711.575 25296
711.575 35645
711.600 332862
711.600 36791
711.675 23429
711.675 28741
711.725 31597
711.725 333043
711.725 39071
711.750 28655
711.775 38517
711.825 21862
711.825 332865
711.850 25263
711.875 28754
711.925 29896
711.925 33268
711.925 40182
711.950 30482
712.000 22340
712.075 33325
712.075 40570
712.100 333018
712.125 23403
712.125 333045
712.150 333109
712.175 21814
712.175 333221
712.200 26476
712.200 30331
712.200 44302
712.225 24103
712.250 26468
712.250 332833
712.250 48160
712.275 333048
712.375 25864
712.375 32706
712.375 33321
712.400 332928
712.425 21837
712.425 33264
712.475 21804
712.475 25866
712.475 31565
712.475 333075
712.475 333198
712.500 332856
712.575 21812
712.644 426089
712.650 24150
712.650 28085
712.675 24120
712.675 24681
712.675 36828
712.700 333497
712.725 26453
712.725 30465
712.725 333165
712.750 332836
712.750 332899
712.775 34892
712.775 37969
712.800 25873
712.800 47725
712.802 658962
712.825 333133
712.850 1623
712.925 1509
712.925 29254
712.925 32724
712.950 23374
712.950 332895
713.000 332989
713.025 1510
713.025 25887
713.025 29855
713.025 333197
713.025 37332
713.075 1530
713.075 332953
713.075 58033
713.125 22963
713.125 32780
713.125 332923
713.150 333169
713.175 333139
713.219 447227
713.225 31031
713.250 37321
713.275 332838
713.275 36786
713.300 23554
713.375 21776
713.425 30475
713.450 332986
713.500 25300
713.500 36800
713.600 32739
713.600 333017
713.750 25703
713.750 36799
713.800 22946
713.825 333168
713.875 35582
713.900 24079
713.925 25248
713.950 23604
713.950 25308
713.950 29295
713.975 26420
714.050 333019
714.060 404968
714.075 1729
714.075 31603
714.175 1488
714.185 549287
714.200 1508
714.200 27004
711.975 36
714.202 462223
714.300 37918
714.316 398689
714.325 21788
714.350 33279
714.375 355338
714.475 49382
714.575 1511
714.575 1531
714.650 23561
714.650 41364
714.775 24730
714.825 37984
714.900 29355
714.975 21841
715.075 1491
715.075 1574
715.125 23575
715.200 1486
715.200 1731
715.225 1599
715.235 340383
715.275 27626
715.425 333012
715.475 1490
715.475 40256
715.525 1601
715.575 43126
715.672 387477
715.950 332866
716.225 31630
716.550 24174
716.616 393567
717.000 332892
717.075 333249
717.125 332925
717.125 333046
717.300 332954
717.300 332958
717.375 332928
717.750 333198
717.800 332895
717.850 332833
717.975 333168
718.000 332953
718.025 332862
718.025 332865
718.031 408072
718.050 333109
718.132 348263
718.270 409162
718.400 333280
718.456 342219
718.975 332989
719.006 347126
719.063 379058
719.400 338868
719.500 332923
720.000 333197
720.480 562119
720.513 381073
720.531 375282
720.945 551756
721.495 348747
722.266 461638
722.385 386973
722.675 397784
723.411 400501
723.457 370833
723.767 579381
724.085 432862
724.820 466675
724.898 397142
725.270 426839
725.671 480917
726.418 408158
726.435 429493
726.600 342348
726.965 356894
727.200 3830
727.357 411035
727.416 340617
727.521 366467
727.725 4119
727.779 354495
728.298 384616
728.525 3731
728.550 3705
728.550 3886
728.608 558595
728.616 421416
728.750 3778
728.799 356458
729.076 424617
729.175 3911
729.450 403801
729.461 346429
729.510 366745
729.734 431859
729.775 3809
729.987 355991
730.333 412845
730.778 406877
730.900 338352
730.932 381315
730.943 391124
731.486 393086
731.619 348738
732.000 3752
732.215 415076
732.364 553191
733.080 359378
733.436 347994
733.465 358742
733.806 480005
734.062 414225
734.272 341835
734.825 470644
735.113 404530
735.414 422489
735.499 367686
735.521 377779
735.597 358159
736.263 362342
736.428 429493
737.321 470802
738.272 374998
739.018 363403
739.300 339225
739.360 476070
740.263 386727
740.561 402369
740.946 347500
741.669 389576
741.900 3723
742.347 434869
742.936 395489
743.125 332838
743.243 384708
743.263 572872
743.525 3731
743.725 3830
743.775 3756
743.821 463823
743.975 3909
744.015 561585
744.225 333075
744.300 3911
744.473 591711
744.575 332895
744.675 332923
744.864 403733
745.040 365694
745.100 3778
745.249 638253
745.525 332892
745.600 333221
745.644 368484
745.704 346193
745.725 3809
745.846 388994
745.900 333249
745.929 480005
746.150 3752
746.214 348747
746.250 7907
746.335 344702
746.400 333018
746.407 359521
746.409 353007
746.448 470791
746.543 393112
746.925 333012
747.150 332862
747.347 433261
747.620 375450
747.774 377814
748.319 551756
748.768 351474
749.128 365595
749.150 332833
749.234 402227
749.575 451191
749.686 450220
750.507 344798
750.980 339089
751.432 454658
752.233 401935
752.263 407656
752.275 16169
752.364 486129
752.504 395152
752.670 587317
752.689 363538
753.879 378125
753.894 425300
753.960 359260
754.440 366467
754.850 348016
755.003 371893
755.132 431000
756.426 571586
756.578 368272
756.600 4119
735.650 36
756.800 36
756.848 481322
757.422 355694
757.617 391546
757.778 477945
757.902 359558
757.925 560276
758.625 3886
758.850 332862
759.050 333198
759.087 353609
759.088 344873
759.200 3909
759.278 378437
759.369 360610
759.400 333075
759.719 416553
759.775 3705
759.775 3731
759.794 389321
760.200 3778
760.200 3809
760.225 3756
760.350 332958
760.550 449651
760.648 531311
760.775 3911
760.850 26371
760.896 421437
760.975 338352
761.175 3723
761.697 398768
761.724 455979
761.784 448291
762.200 332989
762.250 356099
762.252 451824
762.337 382841
762.350 332836
762.400 494525
762.575 333012
762.700 332865
762.703 395162
762.825 29901
762.895 382110
763.557 392382
763.779 374181
763.975 16169
764.028 357084
764.141 355142
764.181 351424
764.363 341762
764.686 579387
765.718 462043
766.122 549235
766.520 419792
766.573 372688
766.601 358542
768.976 481325
769.427 361070
769.793 545344
770.028 339688
770.644 503042
770.712 355249
770.888 400596
770.895 460748
771.400 3886
771.514 474168
771.793 343761
772.041 371093
772.090 643819
772.236 414094
772.440 382982
772.614 339576
772.925 3830
772.974 550474
773.025 3756
773.100 332954
773.137 582625
773.423 416036
773.516 352086
773.685 550811
773.825 3752
773.825 3778
773.875 333165
773.977 340869
774.020 365093
774.425 333017
774.500 333497
774.577 560135
774.700 24681
774.729 338868
774.925 332923
775.075 4119
775.132 347423
775.175 3731
775.200 3911
775.209 341892
775.209 388527
775.275 3705
775.375 333075
775.382 478315
776.150 3809
773.250 36
776.225 333012
776.825 332838
777.114 423894
777.325 3909
777.525 333048
778.266 384623
778.671 563495
778.710 565070
778.787 411730
778.862 346604
779.424 592265
779.624 409060
779.805 553164
780.027 396533
780.060 344119
780.173 380154
780.350 480922
780.509 342261
780.603 365093
782.056 360525
782.159 417130
782.906 367284
784.260 395635
784.320 444259
784.571 405709
784.793 411768
784.867 572894
785.266 381372
785.408 502640
785.862 490900
786.007 347296
786.043 401590
786.510 374809
786.577 407128
786.750 3778
786.838 348987
787.375 338352
787.550 3830
788.100 3886
788.251 353848
788.355 400042
788.450 404671
788.550 3731
788.688 379066
788.725 4119
788.923 360270
788.925 3723
788.940 371458
789.070 371988
789.150 3752
789.189 383009
789.275 3809
789.275 3909
789.328 448350
789.350 3756
789.375 21812
789.775 3911
789.825 332899
789.928 431738
790.000 7447
790.273 367234
790.617 435286
791.000 3705
791.027 338979
791.274 407729
791.350 333012
791.875 333249
791.999 349315
792.325 7412
792.486 516745
792.879 415481
793.141 544459
793.495 560848
793.505 424794
793.722 488366
794.328 506209
794.673 403201
794.924 586808
795.171 339954
795.308 348654
795.741 389761
796.622 354118
797.391 344702
797.763 338994
798.948 356600
799.101 424566
799.424 372040
799.586 552473
799.656 344903
799.858 377428
800.663 355929
801.329 427897
801.400 3705
802.553 365665
802.575 3886
802.700 3909
802.967 396481
803.233 359246
803.400 3723
803.772 554713
803.989 373396
804.075 3731
790.750 36
804.325 4119
804.336 390485
804.353 412353
804.375 3752
804.600 3778
804.650 3911
804.700 3809
804.714 407656
804.944 375959
805.175 333165
805.425 338352
805.795 500833
805.866 398049
805.950 333017
806.091 364472
806.395 397837
806.401 392864
807.568 357086
807.625 31597
807.819 383563
807.868 348511
808.161 412236
809.038 349138
809.227 418575
809.347 555975
809.506 393814
809.665 596458
809.997 373652
810.142 404408
810.285 393259
810.493 357259
810.817 389711
810.878 361135
811.421 357825
811.596 555343
811.842 356395
811.873 494255
811.896 500833
812.400 31047
812.459 579442
813.266 435286
813.528 408934
813.673 415601
813.674 374315
813.900 407770
814.192 347498
815.475 3830
815.621 560306
815.850 333198
815.883 363040
816.021 559208
816.123 347845
816.325 3705
816.400 3911
816.582 379354
816.772 339225
817.500 3756
817.591 422278
817.600 3909
817.975 3809
818.021 390939
818.360 551791
818.514 353847
818.571 368544
818.625 349589
818.753 387268
819.087 387182
819.108 549453
819.250 333017
819.275 24103
819.400 333048
819.400 333168
819.487 348666
819.600 333169
819.745 435268
819.935 362633
819.975 3886
820.114 547223
820.122 372688
820.175 3752
820.500 332928
820.600 4119
820.675 3723
820.775 332953
820.811 391637
821.050 40570
821.450 28192
821.475 3778
821.505 392604
821.575 31630
821.842 350371
821.929 353719
822.233 348217
822.298 415467
822.657 396086
822.775 39071
822.862 342044
822.908 383130
822.998 402126
823.235 504241
823.728 422410
823.880 343324
807.825 36
820.375 36
824.315 449288
824.751 351266
825.080 378509
825.622 368569
826.366 404661
826.606 507109
826.877 388313
827.132 410365
827.525 21680
827.525 25887
827.825 36231
828.295 385199
828.323 369201
828.457 380847
828.489 354351
828.524 356311
829.266 424628
829.925 36760
830.162 378057
830.184 455196
830.250 3731
830.429 351017
830.462 392734
830.680 398001
830.700 48160
830.741 416564
830.875 34892
830.975 28085
831.059 430865
831.075 338352
831.100 29855
831.125 3756
831.175 35587
831.200 3778
831.350 3809
831.350 3886
831.425 23575
831.425 3830
831.525 332923
831.875 3705
831.925 19744
831.959 360263
832.050 3752
832.225 23429
832.475 1508
832.475 333019
832.502 411031
832.525 37340
832.550 32706
832.575 3723
832.625 34444
832.725 43126
832.825 3909
832.850 26476
832.975 23374
833.000 26842
833.125 22963
833.150 29295
833.175 37984
833.200 30968
833.273 405466
833.275 49382
833.400 1486
833.409 457290
833.425 332856
833.500 1510
833.525 30412
833.525 333168
833.673 438936
833.675 31047
833.700 1530
833.700 25703
833.800 23403
833.800 3911
833.825 1574
833.875 24604
833.875 33328
833.925 1531
833.975 1509
833.989 369934
834.000 31597
834.000 33774
834.025 28741
834.025 47725
834.094 362748
834.100 40570
834.125 332958
834.150 26371
834.150 30331
834.200 31603
834.325 22911
834.350 1488
834.375 22340
834.425 36800
834.557 341892
834.575 1511
834.575 1731
834.625 19747
834.625 24730
834.675 23523
834.750 1729
834.750 38527
832.700 36
834.754 408983
834.775 1491
834.925 21804
834.950 1599
834.975 28722
835.025 332836
835.050 24666
835.175 33268
835.250 19715
835.250 26990
835.275 22920
835.300 29334
835.350 25248
835.375 38517
835.400 38485
835.425 40182
835.450 24079
835.450 28024
835.475 19749
835.475 25864
835.475 333249
835.500 27560
835.525 19764
835.600 21788
835.625 1490
835.650 25231
835.650 37902
835.686 385637
835.775 19781
835.775 25800
835.850 35645
835.875 23977
835.925 1623
835.925 37969
835.950 23586
835.975 24670
835.975 28696
836.050 333133
836.050 39114
836.100 29355
836.225 32739
836.275 36791
836.275 51066
836.350 28647
836.350 30475
836.375 1601
836.375 21841
836.375 29896
836.375 30465
836.375 41364
836.400 23566
836.400 332833
836.450 26453
836.450 332953
836.475 28655
836.500 32724
836.525 21812
836.555 370440
836.600 27004
836.600 36786
836.625 16204
836.625 33321
836.625 52333
836.650 29821
836.700 25834
836.775 24706
836.825 25236
836.850 21814
836.909 438055
837.000 36799
837.025 35655
837.075 29901
837.075 333280
837.100 1508
837.100 29838
837.125 25866
837.150 24150
837.150 32176
837.152 491282
837.175 58033
837.200 21837
837.225 33380
837.250 25226
837.275 21776
837.275 26981
837.275 332986
837.300 23561
837.300 333075
837.342 395079
837.375 332954
837.400 29254
837.425 35615
837.500 33264
837.575 332925
837.600 332865
837.600 333045
837.625 33279
837.637 412304
837.700 22969
837.700 24741
837.725 35028
837.850 333165
837.850 38533
837.875 31083
837.875 332895
837.950 333221
837.975 24681
838.000 24174
838.025 39071
838.045 390093
838.075 26991
838.075 37899
838.137 554540
838.175 24742
838.175 26997
838.225 22946
838.225 30482
838.275 1530
838.325 1486
838.350 25308
838.350 35096
838.350 37332
838.400 23554
838.400 24146
838.400 25873
838.425 1510
838.450 24639
838.500 31630
838.525 23604
838.525 33325
838.600 1531
838.600 332899
838.600 36828
838.625 1574
838.650 28192
838.700 333017
838.750 22993
838.775 1509
838.800 26468
838.800 27626
838.825 333043
838.825 333197
838.841 360297
838.850 1488
838.875 332838
838.875 332989
838.900 21790
838.900 332862
838.900 333048
838.925 21862
838.925 333046
839.000 28754
839.025 24120
839.025 25296
839.050 26420
839.146 368609
839.250 1511
839.250 333018
839.300 37918
839.350 333109
839.375 21850
839.450 32780
839.450 333139
839.477 345616
839.500 37321
839.523 341730
839.525 27610
839.550 332892
839.575 35582
839.650 1599
839.650 27612
839.675 22456
839.700 36231
839.725 25300
839.750 333012
839.765 385684
839.825 25263
839.825 41406
839.850 1729
839.884 377556
839.950 1491
839.950 332928
840.000 31031
840.075 1731
840.075 332856
840.075 333169
840.223 402768
840.225 44302
840.350 332923
840.375 1490
840.375 40256
840.450 39620
840.463 398337
840.675 1623
840.750 333168
840.825 333497
840.899 628603
840.925 553858
841.117 384132
841.125 1601
841.129 370948
841.275 333019
841.818 384846
841.925 362817
842.450 332958
842.525 332836
842.842 551274
843.002 552194
843.550 333198
843.582 341156
843.625 332989
844.579 419792
844.925 332899
845.100 333048
845.106 354967
846.437 402272
846.442 365887
847.239 344119
847.324 371642
848.171 361955
848.226 351737
848.919 586927
849.419 349778
849.545 343334
849.618 366745
851.325 3886
851.632 349738
851.800 457184
852.100 3830
852.350 3705
852.632 584731
852.700 3809
852.975 338352
852.975 3731
853.425 4119
853.613 570457
854.250 3752
854.342 369043
854.450 3909
854.679 481219
854.697 493407
855.100 421078
855.402 373065
855.427 371869
855.987 400631
856.021 341594
856.377 342348
857.177 339396
857.236 349946
857.573 411292
857.605 407794
857.833 351233
858.441 369438
858.466 419882
859.368 367686
860.075 385628
860.211 352815
860.380 544482
860.384 554243
860.466 650820
860.578 419882
861.137 544241
861.280 349203
861.396 396481
861.482 425707
861.750 16121
861.834 349935
862.055 373341
862.122 369254
862.129 384341
862.174 392340
862.175 414200
862.493 383162
862.794 349867
863.255 351052
864.229 348127
864.325 3756
864.360 384277
864.455 397322
864.801 381289
864.975 332958
865.213 406375
865.525 3723
865.575 332928
865.586 353255
866.026 503853
866.722 389428
867.093 365553
867.125 3752
867.526 359000
867.618 344859
867.689 382873
867.750 333165
867.850 3778
867.900 4119
868.178 350087
868.225 3911
868.700 3886
868.767 405709
869.206 563742
869.210 392953
869.449 361567
869.700 3705
869.950 3809
870.071 341785
870.215 453127
857.350 36
870.898 402290
870.966 365516
871.182 461638
871.250 333109
871.558 451782
871.602 356353
871.993 390689
872.425 333197
872.588 351157
872.600 332838
872.813 355095
872.821 381630
873.191 384644
873.801 418586
874.187 412955
874.292 357825
874.900 7446
875.416 398045
875.722 399800
875.885 489719
876.734 383342
876.987 352896
877.030 395978
878.411 409034
878.475 338352
878.550 3723
878.926 372870
879.667 411911
880.450 3778
880.608 372698
881.150 3756
881.150 3909
881.450 332958
881.698 388679
881.800 3830
882.069 410427
882.088 441549
882.366 571952
882.526 399241
882.575 3705
882.650 4119
882.700 3752
882.794 371169
882.855 420867
882.898 392495
883.300 7593
883.575 3911
884.004 393497
884.029 399800
884.135 380647
884.286 546827
884.325 3809
884.750 332866
885.168 342482
885.225 333197
885.650 332986
885.830 391020
886.088 350818
886.364 413505
886.983 361135
887.203 372378
887.205 399119
887.338 364034
887.730 411017
887.863 551425
888.060 378294
888.080 552318
888.380 368063
888.896 586245
888.925 386639
888.949 397581
889.048 419035
889.100 342672
889.367 348950
889.588 401801
889.720 555248
890.457 354317
890.642 421045
891.710 577718
891.800 3723
891.956 578679
892.025 7968
893.200 623748
893.946 400206
894.200 3886
894.505 436504
895.117 579844
895.360 364021
895.425 4119
895.475 3756
895.807 387861
896.036 344073
896.074 415482
896.100 3731
896.150 3809
896.233 451824
896.268 350556
896.400 3778
896.750 3705
897.082 404609
897.333 547031
897.400 488366
872.400 36
895.350 36
897.725 3909
898.184 381648
899.091 348263
899.144 354589
899.188 371847
899.232 552806
899.663 381874
899.678 418265
900.014 396835
900.021 502901
900.122 349395
900.328 391914
900.676 359224
900.972 487364
901.062 420227
901.247 408047
901.797 400966
902.039 384089
902.117 454658
902.494 584571
902.969 471476
903.048 461903
903.225 557849
903.395 338765
904.079 369761
904.553 372085
904.624 540530
905.427 341620
905.750 3723
905.957 412539
905.968 346685
906.279 352650
907.250 3830
907.300 338352
907.700 3911
907.754 582449
907.869 416003
908.203 354227
908.615 374597
908.716 410353
909.075 3809
909.255 406948
909.384 413915
909.400 3752
909.474 369652
909.575 332925
909.900 332953
909.971 396804
910.000 4119
910.142 342826
910.400 3909
910.557 360420
910.575 332865
910.777 366836
911.198 417213
911.745 428607
911.850 3756
911.900 3886
912.120 346429
912.126 422664
912.406 371326
912.764 397136
912.785 345070
913.500 7628
913.678 442871
913.962 383228
914.327 354826
914.377 385496
914.468 401418
914.503 379052
914.567 413478
914.575 3705
914.999 508207
915.105 372096
915.135 378796
915.146 600927
915.189 558817
916.123 391443
917.078 419526
917.179 365966
917.531 427752
917.630 402203
917.632 548791
918.024 582151
918.118 394041
918.775 3731
919.021 374356
919.525 3778
919.843 345250
920.164 429981
920.650 3909
920.919 476743
921.186 396696
921.200 3723
922.025 3911
922.104 389576
922.149 362994
922.425 3830
922.524 396068
922.700 3752
923.343 443918
923.400 385933
910.300 36
923.575 3809
924.000 3756
924.200 3886
924.675 4119
924.710 385491
924.715 418286
924.775 333139
924.775 510948
924.891 352701
925.282 370336
925.642 350738
925.669 419713
925.811 398435
926.321 396220
927.044 555803
927.474 352879
927.485 373724
927.564 365713
928.023 362047
928.568 341787
928.635 349946
928.732 466773
928.919 361536
929.208 582151
930.495 544482
930.619 347423
931.087 371524
931.131 509580
931.179 349066
931.270 360610
931.392 497311
931.536 497946
931.660 370731
932.125 3705
932.226 407770
932.315 340255
932.321 499492
932.825 332836
933.364 381281
933.369 474938
933.451 353143
933.481 552854
933.600 3731
933.625 3723
933.900 3830
933.973 407128
934.250 338352
934.267 361087
934.363 427158
934.450 3909
934.600 24742
934.625 332954
934.675 3778
934.856 391145
934.975 3886
935.034 398422
935.038 373903
935.234 396235
935.350 3752
935.803 493507
935.850 3809
935.900 333043
935.916 379434
936.494 369701
936.626 352876
936.723 358942
936.975 333139
937.075 4119
937.227 361389
937.277 358740
937.648 361237
937.823 391909
937.825 3911
938.198 346470
938.341 480236
938.380 339837
938.602 360175
938.670 368177
939.274 371016
939.561 378125
939.631 393501
939.920 385865
939.975 7628
940.237 574529
940.745 390574
940.767 356846
941.650 374757
942.724 423263
942.975 21680
943.329 561059
943.786 386923
944.113 339049
944.517 387182
944.733 423240
944.789 412761
944.802 392070
944.852 510325
945.190 493362
945.200 3756
945.984 353298
946.275 357547
946.423 356434
925.575 36
939.925 36
946.647 506522
946.800 3723
947.009 348127
947.190 552042
947.462 571612
947.975 3830
948.167 360480
948.400 332928
948.450 3911
948.475 3731
948.800 4119
949.125 333019
949.200 3705
949.225 24681
949.225 3809
949.350 3778
949.400 3886
949.472 354084
949.501 374483
949.550 333198
949.569 383130
949.600 3752
949.870 428607
949.948 344489
949.953 376162
950.253 502192
950.377 366906
950.470 405103
950.747 492638
951.099 364986
951.265 338765
951.325 33380
951.616 411327
951.703 345142
951.831 349333
951.890 440684
952.025 7447
952.071 557979
952.625 387904
952.790 368027
953.029 406109
953.078 411292
953.876 402707
953.914 492698
954.022 396086
955.350 1509
955.518 415591
955.546 355384
955.605 440719
956.400 16121
956.615 396134
957.231 395692
957.507 349465
957.586 418012
957.963 486129
957.979 348913
958.181 353043
958.350 21837
958.601 401079
958.769 353854
959.625 22920
959.651 361614
960.270 345306
960.400 3752
960.590 398426
960.608 389484
961.125 3756
961.319 354572
961.321 401590
961.450 21841
961.500 24706
961.575 3809
961.900 37899
962.126 386545
962.175 3723
962.394 472870
962.425 23977
962.425 338352
962.575 21790
962.575 28024
962.754 548791
962.800 3886
963.025 3778
963.050 28741
963.050 4119
963.153 385881
963.309 412410
963.400 25300
963.550 3909
963.948 352091
964.000 3731
964.036 396769
964.049 382873
964.065 353519
964.324 459633
964.475 1490
964.676 570371
964.850 1486
964.875 31597
964.875 3705
964.875 3830
964.900 41364
953.950 36
965.034 402817
965.050 333045
965.100 34892
965.200 32739
965.225 25236
965.250 25703
965.279 397081
965.375 28696
965.400 24730
965.575 3911
965.675 1731
965.725 19744
965.750 16121
965.850 1531
965.921 357481
965.925 1508
965.977 544317
966.000 43126
966.025 30412
966.075 31630
966.100 25873
966.125 21680
966.150 37332
966.150 39071
966.175 23554
966.195 348682
966.200 1599
966.300 1530
966.350 29295
966.400 23523
966.475 1488
966.600 1729
966.625 1574
966.650 34444
966.675 22946
966.675 33774
966.800 28192
966.825 47725
966.875 19747
966.908 399570
966.925 25248
967.010 500579
967.100 23374
967.100 25834
967.230 612607
967.275 1510
967.300 1623
967.350 51066
967.475 1511
967.550 38517
967.550 48160
967.575 1509
967.606 401131
967.675 22911
967.675 30465
967.714 405031
967.725 36800
967.842 402618
967.925 30482
968.025 21812
968.025 26371
968.050 26842
968.125 35582
968.200 24639
968.329 379608
968.350 39620
968.375 1601
968.375 37340
968.375 37969
968.375 38485
968.425 40570
968.475 22993
968.475 36828
968.750 29838
968.750 31603
968.775 35645
968.825 33268
968.825 35587
968.875 26991
968.900 28085
968.950 38527
968.975 23566
968.975 29821
968.975 35096
969.000 22963
969.000 33321
969.050 21837
969.100 1491
969.150 30968
969.152 378535
969.175 26997
969.200 21776
969.200 24681
969.250 28655
969.300 30475
969.320 389500
969.350 29254
969.375 21804
969.375 25296
969.550 24742
969.675 24741
969.675 25800
969.825 22340
969.825 33328
969.875 40256
969.925 36799
969.950 21862
969.950 27610
969.950 333012
970.050 36231
970.075 32724
970.125 23575
970.200 38533
970.250 25864
970.250 35655
970.275 29355
970.275 32176
970.325 24150
970.350 23604
970.350 31565
970.425 1486
970.450 26981
970.450 28647
970.475 24174
970.500 26420
970.525 1508
970.525 332833
970.525 40182
970.550 24103
970.550 24666
970.550 333280
970.550 448291
970.575 25226
970.700 23403
970.700 26453
970.775 27560
970.775 39114
970.800 24670
970.800 28722
970.800 29855
970.825 23429
970.825 29901
970.850 36760
970.850 52333
970.875 27626
970.900 24604
970.950 30331
970.975 26468
971.000 1490
971.000 1531
971.062 579387
971.075 333133
971.075 37918
971.100 1599
971.100 332856
971.125 333109
971.150 23586
971.150 25866
971.150 27004
971.150 44302
971.175 1574
971.175 332895
971.200 37902
971.225 21814
971.225 22920
971.275 1530
971.275 1731
971.300 333017
971.325 1488
971.325 29334
971.425 25263
971.425 36791
971.472 363789
971.475 33264
971.550 32706
971.596 420261
971.600 21850
971.600 33279
971.625 332923
971.625 333048
971.650 26990
971.650 33325
971.675 24120
971.675 25887
971.677 587317
971.700 332892
971.725 332899
971.750 23561
971.750 332838
971.775 31031
971.837 393859
971.875 1510
971.925 22456
971.975 29896
971.975 41406
972.000 1729
972.000 21788
972.025 332953
972.100 22969
972.100 333019
972.150 26476
972.200 1509
972.200 332866
972.250 25231
972.250 333169
972.250 333198
972.275 1511
972.275 24079
972.300 35028
972.350 332958
972.350 35615
972.400 25308
972.500 1623
972.500 32780
972.514 387761
972.575 31047
972.600 333168
972.650 24146
972.650 333018
972.700 27612
972.725 24706
972.825 33380
972.850 58033
972.875 333197
972.875 37321
972.975 28754
972.975 333045
973.000 49382
973.075 332862
973.075 37899
973.149 564904
973.175 332954
973.200 37984
973.225 332989
973.275 1601
973.475 333497
973.506 351921
973.525 31083
973.525 332865
973.550 333165
973.600 1491
973.650 332928
973.750 333221
973.829 368177
973.875 332986
973.935 393712
973.950 36786
973.957 399195
974.000 333046
974.050 333075
974.172 575704
974.175 333139
974.268 342559
974.350 28741
974.475 332836
974.525 31630
974.550 332925
974.764 379473
974.775 333043
975.175 333249
975.450 333280
975.650 333109
975.675 1731
975.774 356156
975.855 382658
975.900 333017
976.156 360656
976.197 388189
976.275 351043
976.277 364996
976.604 355095
976.650 332899
976.864 424111
976.950 332866
977.225 333018
977.350 332958
977.423 347695
977.532 362610
977.732 463917
978.226 391819
978.400 333497
978.651 545746
979.706 395452
979.836 593757
980.370 422559
980.643 399131
980.829 386572
981.001 385945
981.065 592929
981.366 406877
981.630 366679
981.749 354227
982.023 374713
982.954 393501
983.207 369974
983.616 407867
983.863 351376
983.985 531311
984.014 358159
984.242 341835
984.670 384369
984.880 345201
985.050 4119
985.075 3911
985.112 396362
985.150 3809
985.226 357108
985.350 3909
985.425 3886
985.775 3705
985.795 351848
985.975 3752
985.988 546551
986.775 3723
987.047 365591
987.100 3830
987.103 353453
987.210 385779
987.979 383131
988.325 3778
988.726 427933
989.120 374483
989.215 341156
989.319 388482
989.520 394178
989.824 410320
990.460 483316
990.876 378485
990.906 409655
991.388 556631
991.409 408592
991.588 414647
992.041 346272
992.616 354829
992.637 395871
992.983 357052
993.564 377562
993.638 412236
994.332 387646
994.817 390126
994.930 421544
995.124 408230
995.231 348474
995.384 386583
996.364 380131
996.530 361237
997.365 365564
997.573 359069
998.559 411397
998.635 381183
998.890 357084
999.375 3731
999.500 3809
999.550 338352
999.559 345169
999.633 421416
999.650 3911
999.800 3830
999.857 342977
999.908 339407
1000.425 333109
1000.425 4119
1000.450 332925
1000.517 355666
1000.575 3705
1001.144 387405
1001.200 3756
1001.737 342672
1001.750 3886
1001.825 7627
1001.950 3752
1002.012 345142
1002.075 332862
1002.253 361070
1002.400 3723
1002.525 332892
1002.975 332865
1003.500 3909
1003.507 359521
1003.825 333165
1004.136 412354
1004.213 396235
1004.323 356468
1004.970 352477
1005.320 356495
1005.920 418997
1007.012 409785
1007.332 461859
1007.649 507801
1008.069 459837
1008.081 339005
1008.498 405259
1008.677 391136
1009.187 351462
1009.713 381395
1010.216 341230
1010.446 392998
1010.916 441549
1010.964 569880
1011.214 416136
1011.421 393379
1011.777 408742
1012.079 414628
1012.307 362156
1012.571 347251
1012.790 383130
1013.067 340364
1013.165 554039
985.275 36
