0.278 421389
0.685 386064
0.713 362145
1.024 535850
1.645 545672
1.647 654142
1.774 354831
1.825 450312
1.916 603755
1.935 344296
2.384 370929
2.517 344832
2.552 346968
2.875 504544
3.220 390670
3.729 389988
3.766 397315
3.951 470440
4.082 350743
4.991 371182
5.616 344639
5.906 418400
5.927 343612
6.248 494199
6.251 367206
6.389 485717
7.251 599104
7.411 376791
7.636 388240
7.720 357790
7.897 389109
8.158 429917
8.162 375644
8.360 412776
8.990 402284
9.282 388267
9.914 359831
9.979 544596
10.325 435343
10.657 405820
10.706 585518
10.925 4033
11.260 351331
11.450 4290
11.575 4183
11.750 4208
11.800 4132
11.875 4001
11.935 449266
12.088 394464
12.125 4167
12.130 448694
12.134 348835
12.375 16514
12.750 4077
12.778 428442
12.802 584113
12.825 333301
12.875 333698
12.925 333578
13.000 333278
13.057 397173
13.075 333515
13.084 352689
13.225 333122
13.250 333237
13.525 3954
13.540 397389
13.850 4087
13.900 333724
13.925 333753
14.175 333421
14.200 4085
14.250 333571
14.375 333665
14.400 333508
14.408 413556
14.442 463687
14.458 413252
14.500 4265
14.575 333965
14.638 371554
14.997 338816
15.175 333307
15.176 434923
15.243 420436
15.475 16422
15.581 358953
15.600 333635
15.800 333304
15.995 479881
15.996 352550
16.200 481993
16.859 346448
17.521 371007
18.411 386909
18.425 16464
18.595 562959
18.877 429646
18.935 446319
19.000 16470
19.150 16749
19.808 344477
20.482 405854
21.050 16391
21.075 16264
21.196 401153
21.280 427610
21.525 16514
21.525 75098
21.583 426639
21.612 363041
21.650 72752
21.700 45750
21.975 16422
22.020 455054
22.125 71020
22.231 476189
22.280 349999
22.284 382201
22.425 16430
22.458 378004
22.570 383061
22.650 69828
22.791 444496
22.834 374515
22.875 63947
23.216 368244
23.278 478974
23.350 61237
23.375 62986
23.450 60661
23.785 420280
23.816 358234
24.000 65806
24.111 574272
24.279 339591
24.467 349467
24.762 379325
24.900 57755
25.300 50899
25.400 41117
25.449 351636
25.550 64095
25.550 74514
25.700 45216
25.700 48598
25.775 338392
25.900 54444
25.975 61319
26.025 374545
26.050 55112
26.125 54627
26.225 61981
26.325 73500
26.350 16749
26.350 83124
26.475 67011
26.500 1808
26.520 401849
26.533 359110
26.550 61209
26.550 65985
26.575 55526
26.600 4001
26.650 66389
26.700 61289
26.725 4183
26.725 69812
26.736 545086
26.750 19902
26.750 69553
26.750 91279
26.800 4085
26.825 60066
26.900 333275
26.925 61254
26.925 62506
26.975 4077
27.000 49746
27.025 4087
27.092 420565
27.200 1769
27.225 1813
27.225 54982
27.250 66424
27.250 72744
27.275 1677
27.275 70995
27.300 1743
27.350 19853
27.375 4208
27.378 397756
27.450 1676
27.450 63705
27.450 68872
27.475 333631
27.525 1748
27.525 69340
27.550 1670
27.550 50445
27.550 51594
27.600 1634
27.650 56771
21.525 180
27.650 68685
27.675 50297
27.750 333333
27.750 4265
27.825 19774
27.825 19820
27.825 73654
27.850 65952
27.900 1722
27.950 19855
27.950 58313
27.975 1657
27.975 72274
28.001 355964
28.050 1573
28.050 19804
28.125 1833
28.125 55458
28.175 55464
28.175 69378
28.200 1703
28.225 72210
28.300 73937
28.350 3954
28.425 333578
28.450 333278
28.450 48121
28.475 46347
28.500 59495
28.575 48649
28.665 387846
28.668 392145
28.800 19837
28.800 64078
28.800 72157
28.825 19806
28.825 52754
28.850 1745
28.850 4132
28.850 68255
28.850 71016
28.884 425906
28.900 73286
28.950 56775
29.050 48586
29.075 333217
29.190 370232
29.250 47437
29.275 1697
29.350 333724
29.350 72250
29.350 80798
29.375 50278
29.425 72182
29.475 67123
29.500 69944
29.675 67027
29.700 76222
29.725 49138
29.800 61963
29.825 76228
29.825 90553
29.850 85332
29.900 54308
29.900 64782
29.900 66513
29.975 46367
29.975 56035
29.999 345607
30.000 60167
30.000 60268
30.050 51562
30.050 69907
30.050 71570
30.075 333304
30.075 46328
30.075 51001
30.075 57160
30.075 76218
30.150 56650
30.250 333665
30.250 62549
30.294 404321
30.300 333549
30.300 58397
30.375 4033
30.400 48093
30.425 61397
30.475 50442
30.500 32451
30.500 57722
30.525 333390
30.525 64736
30.525 75041
30.550 333307
30.550 333508
30.550 53289
30.550 56715
30.575 46952
30.600 333965
30.600 33653
30.625 46361
30.675 333301
30.675 49261
30.675 65877
30.700 53831
30.700 67150
30.725 333421
30.725 333516
30.750 333601
30.750 50922
30.775 57784
30.800 333339
30.800 45791
30.800 75628
30.825 333664
30.825 333696
30.850 57831
30.850 77819
30.875 333547
30.875 49888
30.900 76282
30.925 333428
30.950 333571
30.950 71020
31.000 333542
31.000 52157
31.000 59100
31.000 73328
31.050 333515
31.050 58537
31.075 85920
31.100 48096
31.125 333634
31.125 61976
31.150 333698
31.150 333753
31.200 333430
31.250 73342
31.300 33157
31.325 1808
31.325 333122
31.325 62567
31.375 333244
31.375 62924
31.375 72785
31.400 333574
31.400 56599
31.475 333334
31.500 38712
31.525 333635
31.600 60641
31.650 33096
31.650 52696
31.700 51609
31.775 1769
31.825 55080
31.850 333369
31.875 48051
31.875 54320
31.900 1743
31.925 64756
31.950 333455
31.950 48570
31.975 1748
32.025 333237
32.025 63567
32.050 1813
32.075 1676
32.084 425021
32.100 70355
32.125 49844
32.125 64759
32.150 1677
32.175 68226
32.200 1670
32.200 49713
32.225 47520
32.225 72752
32.275 64203
32.325 1634
32.325 52745
32.350 64084
32.350 75098
32.650 58451
32.650 66415
32.975 1573
33.000 61933
33.125 50918
33.240 395030
33.275 46321
33.383 388893
33.450 1703
33.494 365038
34.025 1722
34.144 353941
34.265 611418
34.425 1745
34.500 1657
34.729 368632
34.800 333631
34.977 587425
35.075 333610
35.275 333278
35.300 333578
35.364 363238
35.416 389447
35.507 431156
35.625 333333
35.775 333571
35.800 333217
35.850 333275
35.925 333304
36.075 333724
36.100 333547
36.150 333390
36.300 333421
36.325 333515
36.375 333428
36.400 333334
36.422 338980
36.550 333122
36.550 333339
36.550 333965
36.575 333665
36.750 333244
36.753 430905
36.775 333635
36.800 333307
36.956 492739
37.025 333301
37.200 333369
37.225 333508
37.275 333574
37.300 333516
37.429 360961
37.480 428321
37.589 354838
37.775 333237
37.870 357716
38.238 340088
38.481 395369
38.522 341219
38.743 366974
39.078 390670
39.261 365673
39.368 404857
39.588 341891
39.646 386456
39.805 446056
40.156 419158
40.174 451110
40.417 584980
40.642 395064
40.787 607323
41.168 361587
41.375 16749
41.497 571650
41.671 383604
41.725 16509
42.240 413788
42.543 544309
42.788 358170
42.899 617248
43.246 376962
43.512 561352
43.537 526686
43.738 405820
44.139 346280
44.390 383400
44.422 472144
44.425 4167
44.712 412034
44.906 348342
45.140 402604
45.536 429429
45.875 4290
45.909 590482
46.375 4183
46.386 354727
46.421 370198
46.545 452387
46.800 4085
46.825 4077
47.075 338392
47.176 417539
47.436 383576
47.482 446334
47.650 4001
47.725 4208
47.800 3954
47.975 4132
48.187 390257
48.275 4033
48.650 16422
48.687 352453
48.900 4087
49.467 361053
49.525 1745
49.648 403319
49.770 363539
50.354 346884
50.511 359694
50.635 422271
50.899 340843
51.048 351005
47.325 180
51.061 419375
51.393 367650
51.625 16464
51.741 417706
51.839 393748
52.766 441372
53.325 16749
53.514 344326
53.529 351218
53.646 360839
53.683 545672
54.026 348704
54.701 453767
55.856 435788
56.837 383504
56.979 389584
57.667 701778
57.992 616808
58.343 390999
58.760 340886
58.772 396799
58.929 440687
59.228 339646
60.377 501988
60.519 376332
60.525 333698
60.911 352726
61.300 4265
61.325 16514
61.439 677615
61.579 435732
61.702 443046
61.864 448788
61.875 349826
61.905 371398
61.975 4183
62.275 4167
62.276 377270
62.460 413308
62.600 4033
62.708 415794
62.850 4290
63.232 403843
63.325 8657
63.375 333217
63.400 4132
63.525 4208
63.825 333278
64.200 4001
64.300 16749
64.345 358165
64.350 333571
64.397 457994
64.800 333578
64.804 371875
65.143 364276
65.146 658797
65.152 357860
65.375 333301
65.475 333508
65.521 367082
65.525 333965
65.575 4085
65.593 623190
65.650 4087
65.775 333631
65.860 372268
66.162 382117
66.185 442733
66.245 433232
66.329 395834
66.519 380585
66.982 585881
67.150 7937
67.182 356320
67.498 388641
68.116 405198
68.500 476942
68.616 406419
68.685 374671
68.784 407318
69.500 7999
69.559 444859
70.125 16470
70.350 16514
70.514 567947
70.832 342286
70.993 431054
71.075 8805
72.307 569998
72.636 497593
72.872 364780
73.001 577237
73.021 356996
73.884 434612
74.270 382414
74.755 369555
74.932 364610
75.211 415754
75.632 360430
75.658 378747
75.722 483085
60.200 180
75.955 387578
75.975 333578
76.275 4167
76.553 379950
76.650 7778
76.775 4132
77.700 4033
78.025 338392
78.305 414958
78.500 333334
78.600 4290
78.675 4077
78.782 390392
78.881 415772
78.975 4265
79.025 51609
79.198 339244
79.350 3954
79.725 4085
79.842 383400
80.025 393426
80.271 351163
80.647 391043
80.767 487005
80.800 4001
81.375 333547
82.018 416184
82.230 358385
82.401 418333
83.058 357808
83.181 410674
83.386 431623
83.750 16391
83.967 385582
84.333 340841
84.418 561563
84.722 365193
85.008 344253
85.388 382866
85.799 358294
86.007 354330
86.425 16749
86.572 366074
86.629 620594
86.750 422261
86.848 612984
86.912 429184
86.937 343665
87.078 425851
88.287 429041
88.369 407088
88.966 433737
89.022 640026
89.204 558038
89.577 431773
89.618 431170
89.728 363238
89.865 385224
90.209 354781
90.925 4183
91.300 16430
91.362 572266
91.625 4167
91.818 444299
92.050 4208
92.125 4077
92.154 498449
92.219 455054
92.239 343612
92.485 423091
92.499 440692
92.575 333307
92.775 4087
92.875 4132
92.987 402535
93.261 389729
93.317 547623
93.467 421966
93.854 394355
93.950 4033
94.050 341619
94.175 8378
94.386 555225
94.591 472648
94.875 4265
94.950 333610
95.183 361607
95.500 4085
95.725 333753
95.782 346378
95.850 580396
95.999 389690
96.131 435326
96.233 440829
96.400 4290
96.535 348860
97.273 351281
97.497 378284
97.551 546958
97.754 371960
97.791 358935
98.124 400175
76.000 180
94.375 180
98.552 494382
98.634 390257
98.643 340958
98.689 379303
99.306 345639
100.488 404222
100.722 429219
100.830 344647
101.472 368073
101.882 473700
103.695 369853
103.697 444073
104.593 409653
104.725 4001
105.555 340056
105.580 456029
105.961 384758
106.016 404222
106.092 543855
106.100 4290
106.150 4208
106.175 3954
106.325 4183
106.375 4167
106.483 438826
106.675 371691
106.675 4132
107.263 361927
107.265 358683
107.500 4033
107.525 49713
107.625 4085
107.849 617538
107.850 338392
107.950 4077
108.018 531132
108.200 333635
108.300 333390
108.500 61237
108.675 4087
108.775 72210
108.875 4265
108.991 377756
109.150 333428
109.225 48598
109.275 333278
109.552 408257
110.100 33157
110.141 354727
110.225 333571
110.472 379650
110.475 64759
110.554 454175
110.608 411953
111.629 409682
112.158 388238
112.375 85332
112.488 427730
112.599 388164
112.675 1697
112.725 1833
113.035 363737
113.124 408622
113.500 55464
113.532 453149
113.616 345007
113.625 73937
113.716 469625
113.754 455609
114.085 363115
114.525 1670
114.650 48570
114.675 1703
114.975 1573
115.050 66424
115.075 65952
115.128 500218
115.273 388611
115.350 1722
115.510 340638
115.625 1657
115.725 38712
115.900 80798
115.950 400315
115.975 58397
116.000 47520
116.075 66389
116.350 55526
116.368 435138
116.384 561068
116.394 389568
116.580 390105
116.671 431025
116.725 61976
116.781 373119
116.800 76222
116.875 69553
117.225 53289
117.325 67011
117.338 391348
117.475 49261
117.587 368595
105.750 180
117.700 73654
118.200 65806
118.200 73286
118.325 69828
118.375 60066
118.400 60167
118.483 447970
118.500 46367
118.625 72250
118.675 1748
118.772 402540
118.775 1808
118.925 72785
118.975 50918
119.000 19853
119.150 57722
119.200 46361
119.225 19820
119.225 57784
119.250 19774
119.275 46328
119.300 19804
119.300 19902
119.318 360041
119.325 19837
119.450 54627
119.500 70995
119.525 1634
119.525 19806
119.525 61963
119.575 1677
119.575 19855
119.600 71016
119.675 1813
119.700 75041
119.725 52157
119.725 56035
119.875 1745
119.875 1833
119.975 60641
120.000 1743
120.000 72157
120.029 348385
120.050 1769
120.050 90553
120.125 67123
120.150 50922
120.250 1697
120.275 50442
120.300 1676
120.300 48598
120.325 69340
120.350 61319
120.382 354947
120.400 56650
120.400 71570
120.425 83124
120.475 48093
120.500 46321
120.505 449728
120.525 53831
120.550 61397
120.600 72274
120.625 62567
120.630 414489
120.650 50278
120.700 57831
120.725 333244
120.725 61209
120.725 66513
120.875 75628
120.900 1670
120.900 61981
120.925 333753
120.925 63567
120.950 48649
120.975 61933
121.025 46952
121.075 52745
121.075 63947
121.100 69944
121.127 590986
121.150 333455
121.150 49713
121.175 1657
121.175 48121
121.175 59100
121.200 51562
121.200 64095
121.200 76228
121.225 72210
121.250 69812
121.275 1573
121.275 61289
121.300 333333
121.300 51594
121.300 57755
121.300 91279
121.325 333549
121.325 50445
121.325 54982
121.325 61254
121.375 333237
121.375 72744
121.400 64736
121.400 74514
121.400 77819
121.425 1703
121.450 67150
121.475 33096
121.475 333217
121.500 62986
121.525 333698
121.525 57160
121.529 347277
121.536 412524
121.550 32451
121.550 68226
121.575 60268
121.575 73342
121.600 333601
121.600 52696
121.625 56775
121.650 52754
121.675 85332
121.725 51609
121.775 1722
121.775 85920
121.800 333574
121.800 73500
121.825 47437
121.825 56715
121.850 333369
121.850 64084
121.850 72752
121.873 380170
121.875 65985
121.925 333515
121.925 333631
121.925 70355
121.950 60661
122.000 333610
122.100 333724
122.100 45791
122.100 61237
122.175 333428
122.200 41117
122.225 49888
122.225 55458
122.225 69378
122.325 333304
122.350 333965
122.375 55080
122.375 68685
122.400 56599
122.425 33653
122.425 64078
122.525 67027
122.550 49844
122.550 54320
122.575 64782
122.575 68255
122.625 48096
122.668 386454
122.675 68872
122.725 333635
122.725 72182
122.770 376072
122.850 333571
122.850 54308
122.925 55464
122.975 71020
123.000 50297
123.022 341804
123.050 33157
123.075 46347
123.075 48051
123.075 51001
123.075 58451
123.100 54444
123.125 333301
123.125 65877
123.150 64756
123.175 58313
123.175 62549
123.175 64203
123.175 76218
123.200 333634
123.225 1808
123.225 59495
123.275 62924
123.300 73937
123.350 76282
123.375 73328
123.400 63705
123.450 56771
123.475 333665
123.475 69907
123.500 333339
123.500 58537
123.525 49746
123.550 333307
123.575 333421
123.625 66415
123.694 436014
123.700 333122
123.725 62506
123.750 64759
123.877 663900
123.900 1748
123.925 55112
123.950 75098
123.975 1677
123.975 333278
123.975 48586
124.025 333390
124.050 45750
124.125 1634
124.175 1813
124.200 333334
124.222 391348
124.225 49138
124.325 1833
124.350 1743
124.350 1745
124.350 1769
124.387 627742
124.425 48570
124.450 50899
124.485 401596
124.500 1697
124.523 379783
124.525 1676
124.525 45216
124.525 47520
124.548 615985
124.575 333508
124.700 53289
124.797 436772
124.802 424493
124.827 380521
124.875 66424
125.000 333664
125.050 38712
125.150 333542
125.412 515389
125.445 420850
125.525 1573
125.550 333696
125.575 333275
125.604 438839
125.715 502283
125.800 333430
125.869 377756
125.900 65952
125.955 440071
126.000 333753
126.050 333516
126.075 333547
126.250 333244
126.425 333333
126.425 588062
126.430 406571
126.468 344946
126.476 348814
126.477 396799
126.550 333578
126.625 333549
126.900 333601
127.107 374395
127.109 389398
127.300 333698
127.314 590355
127.436 358234
128.105 416530
128.136 367944
128.175 333631
128.276 429917
128.576 384243
128.775 333610
128.925 333515
128.975 333369
129.225 333217
129.365 562160
129.462 446335
129.483 458578
130.093 400495
130.117 363121
130.174 361954
130.179 412076
130.531 518661
130.866 400495
131.117 518661
131.897 380017
132.133 342833
132.332 344275
132.728 413788
132.883 352191
132.998 577237
133.010 352689
133.217 401584
133.245 392602
133.705 391062
134.249 370706
134.343 563905
134.507 357527
128.300 180
134.627 547623
134.631 340291
134.719 347238
134.749 426080
134.750 4183
135.275 4290
135.374 442530
135.656 425768
135.725 4132
136.525 4085
136.528 444735
136.725 338392
136.990 354831
137.175 4087
137.200 4001
137.300 4208
137.356 411591
137.762 414489
138.125 4033
138.315 380201
138.618 407844
138.766 499940
138.850 4265
138.975 4167
139.041 402747
139.250 3954
139.280 358385
140.500 8136
140.901 393593
141.413 342462
142.075 414514
142.136 485130
142.463 470284
142.515 362599
142.575 353956
142.778 397904
142.882 343673
143.285 512918
143.338 397353
144.049 399757
144.230 367944
145.509 441116
146.276 393648
146.317 433452
146.525 8209
146.786 488595
147.003 386456
147.581 352972
147.851 543855
147.874 570498
148.016 403367
148.584 405709
148.985 407548
149.071 348342
149.072 439359
149.651 356532
149.900 4077
149.980 382127
150.213 401086
150.475 4183
150.513 504331
150.527 378393
150.614 420910
151.046 378508
151.276 356082
151.364 536511
151.500 4208
151.900 4290
151.942 533486
151.969 400166
151.983 375750
151.995 406510
152.850 4033
153.100 4265
153.115 421613
153.196 347263
153.309 341410
153.575 4085
153.658 365038
153.861 653350
153.975 4132
154.075 338392
154.725 4087
155.050 333516
155.153 410213
155.407 445804
155.587 392519
155.594 354930
155.650 16470
155.715 369315
155.739 349202
155.800 3954
156.582 663900
156.608 395030
156.683 364799
157.845 505349
158.151 396271
158.275 4167
158.324 391494
158.634 464316
158.711 421940
158.984 401329
139.000 180
153.400 180
160.152 607537
160.298 434620
160.401 384672
160.452 458234
160.608 420742
160.937 383008
161.298 388235
161.945 343408
162.503 358170
162.935 382882
163.186 352621
163.357 501927
163.556 452056
164.149 438236
164.255 358794
164.425 16470
164.432 382993
164.582 500218
164.901 344992
165.541 478284
165.730 469625
166.003 395642
166.423 351023
166.593 378140
166.705 342817
166.850 4001
166.978 527953
167.426 351218
167.450 4208
167.510 442564
167.671 371686
168.371 471664
168.546 370422
168.971 364800
169.239 487723
169.325 4077
169.503 479174
169.725 333339
169.775 4033
169.775 8210
169.825 4087
169.867 352218
169.900 4132
170.050 4183
170.075 4167
170.298 347691
170.300 333516
170.350 8805
170.460 552573
170.525 4085
170.875 333698
171.250 16430
171.425 333217
171.750 3954
171.923 354727
172.072 522149
172.098 615112
172.270 449190
172.535 612550
172.693 589436
172.988 508627
173.012 377747
173.549 370558
173.923 426699
174.056 477537
174.438 388893
174.677 344535
174.704 365577
175.113 507957
175.425 16422
176.067 383489
176.270 395445
176.515 375215
176.584 585465
177.112 415120
177.957 350429
178.124 378104
178.269 537593
178.386 374118
178.655 611592
178.760 409563
179.204 486005
179.277 364698
179.500 4290
179.764 527015
180.139 345018
180.687 386055
180.793 613252
181.030 346258
181.175 4265
181.250 4085
181.515 357559
181.875 4208
181.948 479881
182.054 425688
182.149 402576
182.269 350565
182.525 4183
182.698 439298
182.722 362797
182.800 4167
182.840 439396
168.875 180
182.881 349546
182.905 416530
183.090 432122
183.225 369526
183.233 407526
183.303 614813
183.496 378420
183.525 4087
183.625 333965
183.750 4001
183.950 8140
184.050 333631
184.141 358896
184.375 333516
184.425 333601
184.500 61289
184.525 4077
184.751 429815
184.850 4033
185.116 534851
185.252 380170
185.320 397674
185.362 580387
185.425 333369
185.500 333301
185.622 354992
185.800 4132
185.825 338392
186.525 333455
186.593 609851
186.942 392429
187.567 364270
187.961 382882
188.455 619075
188.627 413374
188.741 351478
189.064 384837
189.473 608180
189.842 447262
191.766 380017
193.279 366183
193.716 374105
194.720 517048
194.774 342937
195.206 559613
195.400 16430
195.690 340204
196.401 435077
196.508 364588
196.700 4085
196.850 4183
196.975 4208
197.100 58537
197.475 333455
197.475 4290
197.508 435484
198.067 418316
198.135 361915
198.175 4087
198.225 333515
198.225 4001
198.325 4167
198.371 405288
198.546 387495
198.574 358380
198.575 4265
198.602 575105
198.950 3954
198.971 355734
199.050 63567
199.100 4132
199.171 372747
199.200 56715
199.201 447854
199.575 333571
199.951 395863
200.110 591959
200.114 410071
200.216 363117
200.225 4033
201.017 458731
201.250 374153
201.937 448700
202.285 374545
202.484 628112
202.677 427886
202.782 484935
203.187 344647
203.678 378382
203.828 341391
204.116 429764
204.196 379950
204.298 420785
204.606 349181
204.850 394765
205.315 362534
205.681 439194
205.686 416437
205.920 368079
206.230 497146
206.804 425765
207.090 423095
184.200 180
200.650 180
207.141 412927
208.027 413374
209.075 4077
209.127 472391
209.844 423443
210.600 338392
210.605 440613
211.227 352550
211.456 340954
211.825 4085
212.025 333304
212.025 4208
212.084 446319
212.375 4290
212.391 423037
212.425 4167
212.450 333631
212.640 559613
212.950 4183
213.220 473589
213.350 4087
213.375 4001
213.538 606471
213.625 3954
213.756 628167
213.800 1670
214.575 4033
214.938 402470
214.975 371307
215.543 386341
215.580 378145
215.700 333217
215.961 356667
216.225 1573
216.331 452387
216.896 492472
217.240 446757
217.250 503936
217.475 1634
218.024 378008
218.075 1677
218.189 583999
218.255 428275
218.375 1813
218.700 60661
218.800 48051
218.950 49844
218.975 1748
219.037 381751
219.067 344312
219.245 549651
219.430 491952
219.569 393682
219.662 371960
219.732 369555
220.050 1657
220.450 54627
220.750 1703
220.825 1722
220.875 50442
220.977 365633
221.000 56715
221.175 49261
221.176 382560
221.325 48586
221.339 440613
221.451 506834
221.525 46952
221.625 59100
221.755 493758
221.775 51594
222.075 33157
222.125 33096
222.375 16391
222.500 1573
222.573 420677
222.600 46367
222.625 50918
222.638 340886
222.725 61289
222.775 1769
222.775 57160
222.900 55112
222.975 58537
223.050 55080
223.080 382305
223.126 412524
223.133 366432
223.150 48121
223.150 72157
223.325 19855
223.350 53289
223.391 384364
223.400 54308
223.425 41117
223.475 19820
223.475 61254
223.500 19804
223.500 19837
223.525 54444
223.550 52754
223.568 435138
216.525 180
223.575 51001
223.600 19853
223.600 347691
223.750 46328
223.800 4265
223.850 49713
223.900 49138
223.925 67150
223.950 45791
224.000 64759
224.040 345342
224.050 333278
224.064 412936
224.075 19902
224.075 49888
224.150 1634
224.150 33653
224.150 61933
224.175 62567
224.275 56775
224.300 333217
224.300 61237
224.349 363580
224.375 47437
224.400 48649
224.475 45216
224.475 55458
224.475 64095
224.500 333339
224.525 72210
224.625 1697
224.625 48093
224.641 391267
224.650 56771
224.675 333275
224.700 1748
224.700 56650
224.725 52696
224.800 1676
224.800 333307
224.825 333369
224.850 333244
224.850 45750
224.850 63705
224.925 1745
224.975 333430
225.000 1743
225.000 333122
225.000 51609
225.025 1657
225.050 49746
225.075 1808
225.075 60167
225.100 61963
225.125 1677
225.125 48096
225.150 61976
225.200 64078
225.200 68226
225.250 50297
225.275 61981
225.300 46321
225.300 46361
225.325 52745
225.350 58313
225.361 351908
225.475 58397
225.500 1813
225.525 333428
225.550 333334
225.550 69340
225.625 50278
225.640 395191
225.700 52157
225.725 46347
225.725 48598
225.725 50445
225.750 50899
225.775 54320
225.800 1670
225.800 47520
225.800 51562
225.825 61397
225.850 333455
225.864 392360
225.875 333610
225.875 50922
225.875 57784
225.925 333304
225.925 48570
225.975 1703
225.975 62549
226.015 557195
226.100 72182
226.150 54982
226.275 63567
226.300 61209
226.325 64756
226.375 68872
226.450 333333
226.550 333515
226.550 55526
226.550 58451
226.575 1722
226.650 60641
226.659 339015
226.675 333578
226.675 61319
226.700 74514
226.750 76218
226.775 65806
226.775 66513
226.800 32451
226.800 333547
226.800 53831
226.850 69828
226.900 62506
226.900 73937
226.958 398960
226.975 333301
226.975 55464
226.994 573806
227.000 80798
227.025 72785
227.050 333516
227.050 333549
227.050 4290
227.075 65985
227.100 62986
227.175 57831
227.175 60268
227.225 333390
227.225 65952
227.225 75098
227.250 71570
227.275 72744
227.375 67123
227.400 69378
227.425 1833
227.425 4132
227.475 64782
227.550 38712
227.575 67027
227.600 62924
227.600 69907
227.750 75041
227.800 64203
227.825 60661
227.875 66415
227.900 333421
228.025 72250
228.100 69553
228.150 90553
228.175 1769
228.175 64736
228.225 65877
228.225 70995
228.350 72274
228.391 485130
228.400 69944
228.425 56035
228.475 76228
228.550 333634
228.600 333698
228.623 351837
228.650 71016
228.675 60066
228.700 64084
228.700 68255
228.725 333542
228.725 333724
228.725 68685
228.725 73328
228.800 333217
228.800 333631
228.802 379287
228.825 1634
228.850 333571
228.850 69812
228.875 333635
228.925 71020
228.925 76222
228.925 76282
229.000 73500
229.032 395894
229.100 333278
229.100 333574
229.125 1748
229.125 57755
229.225 1697
229.275 333307
229.275 66424
229.275 72752
229.300 1676
229.300 56599
229.300 83124
229.325 1743
229.375 1745
229.379 412717
229.500 333339
229.500 333753
229.525 48051
229.650 1808
229.715 448569
229.775 333430
229.800 67011
229.825 75628
229.850 59495
229.875 70355
229.900 85920
229.948 586467
229.975 66389
230.000 85332
230.025 63947
230.050 333244
230.100 1813
230.100 333696
230.125 333275
230.125 333664
230.175 73342
230.200 333601
230.250 333965
230.300 91279
230.525 333122
230.675 1670
230.675 57722
230.768 426861
230.775 333369
230.775 333455
230.975 333304
231.225 333508
231.305 339081
231.365 441006
231.375 73286
231.385 465665
231.444 394638
231.656 557671
232.100 333237
232.375 333334
232.433 628984
232.496 467568
232.825 333665
232.850 77819
233.023 414002
233.125 333333
233.125 333516
233.443 344124
233.488 400656
233.512 545610
233.550 73654
233.650 333421
233.850 333547
234.442 362361
234.600 333571
234.800 333724
234.804 557876
234.850 333542
234.925 333601
235.014 364722
235.262 447558
235.517 376627
235.909 380077
235.925 333631
235.944 447262
236.898 369368
237.133 354727
237.158 352009
237.922 522765
238.382 348827
238.625 4033
238.875 3954
239.007 458731
239.335 404157
239.656 598633
239.800 4087
240.348 340003
240.908 485249
241.017 353438
241.232 382013
241.300 338392
241.348 567572
241.590 398433
241.625 4167
241.803 348921
242.371 457304
242.400 483861
242.525 4132
242.736 367057
243.242 456196
243.478 344716
243.923 580387
244.101 343002
244.161 456612
244.525 4077
244.550 4265
244.605 402101
244.605 554313
244.724 605735
245.532 340944
245.662 427120
246.850 4183
248.064 444299
248.364 429187
249.131 428321
249.157 366342
249.162 386962
242.350 180
249.651 352972
249.979 475839
250.629 493411
250.791 399708
251.355 434762
251.361 498981
252.700 369181
252.715 351331
252.905 343673
253.051 362455
253.547 663900
253.848 640026
254.066 434620
255.000 3954
255.111 408003
255.128 362206
255.175 4085
255.489 521337
255.775 4001
255.812 427040
256.125 4033
256.275 4087
256.328 353451
256.435 395834
256.447 343875
256.475 333339
256.757 403679
257.165 365577
257.205 374911
257.395 455922
257.625 333515
258.165 557857
258.311 444073
258.950 4208
258.981 471102
259.025 333421
259.150 4290
259.300 338392
259.350 4132
259.361 399879
259.542 599104
259.594 412090
259.917 348429
259.970 436139
260.025 333724
260.067 361727
260.366 351908
260.688 403938
261.575 4183
261.595 510825
261.945 428970
262.179 394498
262.200 333753
262.554 361937
263.380 578324
263.462 570498
263.603 520565
264.134 403212
264.846 351283
265.103 436813
266.468 413308
267.050 333578
267.067 433737
267.093 396271
267.719 348208
268.031 377592
268.221 360708
268.853 412717
268.879 428566
269.272 586467
269.575 4167
269.636 377119
269.713 405025
269.875 4085
270.060 466241
270.453 376714
270.600 4001
271.275 46361
271.330 516022
271.559 368826
271.848 422607
272.144 385609
272.218 384849
272.240 351408
272.450 4208
272.475 4077
272.950 333275
274.383 527132
274.470 357378
274.475 4290
274.575 4132
276.854 565323
276.857 403899
276.948 348827
277.126 348069
277.546 436876
277.600 8209
277.786 358310
277.798 396490
277.846 452560
279.620 340954
280.155 438346
259.625 180
280.433 499848
280.608 342950
280.753 615985
280.867 614265
281.000 551177
281.457 392026
281.506 403954
281.675 4033
282.148 484607
282.462 431496
282.756 461642
283.125 3954
283.201 365294
283.230 350947
283.300 4087
283.374 445092
283.583 352597
283.857 450312
284.100 4085
284.249 619999
284.375 4183
284.425 338392
284.680 369896
284.815 403659
285.125 4001
285.162 606307
285.216 388189
285.225 4077
285.475 4265
286.164 409277
286.185 422163
286.350 333421
286.450 333275
286.472 413879
286.850 333578
287.048 429995
287.200 666874
287.361 630262
287.857 493758
288.587 437132
288.597 570853
288.792 413936
288.925 333635
288.939 597024
289.130 342192
289.171 700557
289.328 401175
289.379 390910
290.215 430398
290.324 430327
290.560 427856
290.813 365684
290.932 401266
291.576 429858
291.761 373452
292.522 417372
292.607 371691
292.861 417604
292.974 345116
293.063 358198
293.963 357021
294.046 343109
294.145 681147
294.175 514223
294.400 16422
294.795 413660
296.282 562011
296.294 380370
296.385 364821
296.462 476394
296.662 394980
296.985 454717
297.272 420565
297.386 436680
297.450 16391
297.575 4085
297.727 389076
297.870 342393
297.921 483861
298.225 4001
298.751 567797
298.886 360404
298.975 4167
299.081 411380
299.151 392162
299.375 3954
299.407 375504
299.413 391062
299.606 557679
299.650 4208
299.706 363041
299.840 367941
300.000 4033
300.000 4132
300.375 333307
300.871 547910
301.295 510825
301.500 4265
301.612 425142
301.775 4290
302.025 333631
302.748 491957
294.450 180
302.905 378703
302.974 428321
303.463 379793
303.674 454175
303.905 584113
304.055 371686
304.076 370929
304.114 343953
304.465 413660
304.508 358896
304.692 390940
304.918 344477
305.216 642582
305.459 366342
306.054 362023
306.064 360625
306.203 377210
306.300 16430
307.185 364278
307.509 381857
307.695 488421
307.795 354781
307.965 578223
308.268 365633
308.325 16470
308.426 349535
308.500 399837
308.826 370188
308.851 481002
309.027 379850
309.233 481528
309.936 450312
310.392 393305
310.963 394748
311.028 436854
311.298 498163
311.475 3954
311.557 344296
311.575 4087
311.670 398508
311.675 4085
311.750 333275
311.868 360430
312.207 355858
312.558 380170
312.586 395863
313.075 4001
313.099 436362
313.125 4167
313.300 333339
313.350 338392
313.525 4077
313.950 333601
314.050 4033
314.700 619075
314.739 438967
314.924 522149
315.017 444551
315.050 4265
315.125 4132
315.344 435644
315.559 371554
315.600 4290
315.628 385882
315.773 650393
315.795 354396
315.850 4183
316.125 360629
316.200 75628
316.691 521898
316.850 70995
317.300 4208
317.315 578888
317.575 333696
317.611 534356
318.061 344440
318.335 443264
318.449 348208
318.800 16749
318.850 333965
319.428 550351
319.476 555454
319.735 360767
319.963 367589
319.981 341098
320.275 414915
320.303 371775
320.947 411582
321.506 493811
321.543 363115
322.708 403012
322.920 513604
322.949 364278
323.055 401153
323.089 358958
323.090 387676
323.629 415268
323.857 421701
323.864 518665
324.082 438785
324.086 359916
324.650 4085
310.400 180
324.776 426639
325.280 555574
325.617 425333
325.825 4167
325.865 475325
326.127 462816
326.325 4087
326.700 4001
326.940 440930
327.050 4077
327.200 4033
327.400 3954
327.425 343875
327.436 359726
327.437 612352
327.450 4132
327.673 350765
328.000 4208
328.025 4290
328.075 8805
328.200 49844
328.300 333304
329.200 333301
329.347 435484
329.493 415754
330.165 412090
330.800 333578
330.800 4183
331.130 437874
331.215 407548
331.325 80798
331.493 437401
331.709 364698
331.848 358165
332.032 561227
332.135 491388
332.690 477488
333.299 340249
333.314 445798
333.353 388164
333.477 344615
333.836 361927
334.322 391097
334.362 340924
334.420 511193
334.443 375499
334.650 61254
334.998 400315
335.000 550920
335.242 503698
335.520 609851
335.881 370183
335.889 361048
336.039 660148
336.151 603645
336.796 596927
336.953 374879
337.483 414003
337.642 388602
338.007 498183
338.073 357189
338.305 402459
338.446 365721
338.449 409171
339.550 426578
339.875 49713
340.327 396822
340.386 341916
340.500 402793
340.520 411874
340.652 568127
340.850 4265
340.900 4085
340.904 359719
340.950 62506
341.075 4167
341.075 54982
341.155 390828
341.304 354838
341.354 426476
341.472 531426
341.475 4132
341.700 4087
341.725 379049
342.125 4208
342.175 4001
342.175 71016
342.275 58313
342.316 432424
342.450 338392
342.550 3954
342.555 344716
342.700 4033
342.746 360903
342.971 373731
342.975 68872
342.978 368800
343.150 433110
343.400 4183
343.447 405410
343.850 351023
343.850 47520
326.250 180
341.875 180
343.900 64095
344.300 58397
344.375 57784
344.445 397916
344.450 4290
344.550 56650
344.600 62924
344.750 1657
344.775 49261
344.800 46952
344.875 50922
345.175 33096
345.275 45791
345.300 46367
345.325 1677
345.350 1634
345.350 72182
345.475 61981
345.550 66424
345.600 1697
345.825 73654
345.885 439396
345.975 63947
346.050 65952
346.060 621795
346.175 1676
346.175 19853
346.200 19820
346.210 397889
346.258 680002
346.264 381514
346.275 1745
346.325 1670
346.325 83124
346.346 550892
346.358 373911
346.450 1703
346.500 1573
346.589 363364
346.700 1769
346.900 16749
346.950 1743
347.025 1808
347.025 48598
347.096 676202
347.243 394570
347.250 1748
347.270 370665
347.375 72210
347.424 433304
347.475 1722
347.557 338746
347.725 76222
347.950 48570
347.950 50899
347.975 64078
348.025 56599
348.105 483352
348.200 60066
348.250 52754
348.287 357370
348.300 58537
348.325 56035
348.405 523825
348.475 51562
348.525 60661
348.625 48649
348.725 63705
348.804 415907
348.951 417721
349.025 52157
349.039 467568
349.052 444406
349.075 1833
349.075 66389
349.225 69944
349.225 77819
349.298 418525
349.350 51001
349.400 50278
349.425 54444
349.500 61209
349.625 62567
349.634 363831
349.650 48121
349.661 391338
349.750 38712
349.750 49138
349.768 385249
349.800 57755
349.875 61237
349.875 74514
349.925 64084
350.000 75098
350.025 61963
350.046 368696
350.100 53289
350.150 55464
350.150 62549
350.200 56771
350.225 56775
350.250 65877
350.275 33653
350.293 564319
350.300 69378
350.325 333304
350.325 46361
350.325 72157
350.350 56715
350.450 66415
350.475 333508
350.550 69812
350.575 72744
350.625 54320
350.675 45216
350.725 333390
350.725 62986
350.825 85920
350.875 61397
350.900 52696
350.986 345169
351.000 47437
351.000 61289
351.000 76228
351.050 63567
351.050 68685
351.050 72785
351.125 51594
351.125 70355
351.150 1634
351.150 32451
351.175 45750
351.175 48586
351.225 54308
351.250 51609
351.250 54627
351.250 57160
351.275 1677
351.350 55112
351.375 52745
351.425 1676
351.450 333664
351.475 333571
351.483 413252
351.525 55526
351.550 53831
351.550 57722
351.575 1697
351.600 333217
351.600 55458
351.625 1670
351.650 1657
351.675 333307
351.700 65806
351.700 72250
351.750 60641
351.775 33157
351.800 333278
351.875 333515
351.875 59495
351.900 1743
351.900 71570
351.975 333428
352.025 75041
352.050 46328
352.075 333665
352.075 73937
352.100 1573
352.100 46347
352.125 61319
352.150 68226
352.175 333275
352.200 61933
352.225 60167
352.325 49713
352.350 1745
352.350 1813
352.350 48093
352.375 46321
352.425 1808
352.425 333455
352.475 333631
352.475 50297
352.475 61254
352.525 73328
352.550 1769
352.575 49888
352.600 1722
352.600 333122
352.650 1703
352.675 333601
352.725 333244
352.725 333634
352.725 49844
352.725 72752
352.750 55080
352.800 49261
352.800 68872
352.825 48096
352.900 67027
352.917 428256
352.950 333333
353.000 54982
353.000 64756
353.025 64759
353.025 67011
353.050 69907
353.075 70995
353.100 57831
353.150 1748
353.200 333339
353.200 72274
353.250 58451
353.300 50442
353.300 65985
353.300 75628
353.325 333542
353.325 333547
353.325 48051
353.375 61976
353.475 62506
353.475 67123
353.475 69828
353.525 333421
353.525 57784
353.550 333334
353.575 50445
353.600 333574
353.600 333635
353.625 333301
353.625 333369
353.650 333724
353.675 333753
353.675 64736
353.700 69340
353.750 64203
353.750 64782
353.800 49746
353.812 396932
353.900 1833
353.900 41117
353.900 85332
354.025 58313
354.025 59100
354.050 333237
354.050 76218
354.125 333696
354.150 73286
354.150 90553
354.200 333549
354.200 66513
354.225 60268
354.250 333610
354.250 50918
354.250 67150
354.325 46367
354.347 531393
354.375 64095
354.400 333430
354.450 333698
354.475 333578
354.525 333516
354.650 71016
354.868 392788
354.875 33096
354.900 80798
354.925 68255
355.075 71020
355.107 548052
355.175 333304
355.250 69553
355.300 333390
355.413 489502
355.475 333508
355.481 346681
355.502 418909
355.625 73500
355.750 73342
355.775 76282
355.800 61981
355.897 359356
356.020 357890
356.025 333217
356.025 333965
356.100 333664
356.154 477149
356.275 333307
356.294 422020
356.375 333515
356.375 333571
356.875 333275
356.985 546138
357.025 333455
357.100 65952
357.105 583740
357.125 333631
357.125 91279
357.253 381334
357.300 333601
357.400 333122
357.484 385785
357.525 333634
357.575 333244
357.650 333333
357.650 333339
358.005 353642
357.150 180
358.050 333665
358.100 333547
358.175 1813
358.350 333635
358.360 382882
358.475 333574
358.500 333753
358.558 481740
358.575 333369
358.600 333724
358.850 333428
358.975 333610
359.050 333549
359.147 347263
359.175 333696
359.200 333542
359.350 333698
359.425 333516
359.600 16509
359.669 398508
359.728 348921
359.775 333578
360.233 428695
360.440 456865
360.550 333965
360.827 667356
360.973 356832
361.568 580051
361.903 375644
361.940 353253
362.181 428281
362.248 432959
363.614 429273
364.545 575616
364.720 441961
365.075 4183
365.089 442470
365.344 353123
365.475 3954
365.649 493758
365.725 4132
365.950 4085
366.169 394464
366.175 4087
366.556 344946
366.571 361306
366.675 4077
367.027 357114
367.050 4033
367.450 4167
367.700 346028
367.914 596076
368.350 4208
368.600 4001
368.626 354577
368.800 4265
369.485 346378
369.682 360230
369.768 382013
369.921 397853
370.055 431465
370.218 377452
370.422 353123
371.430 621840
371.554 360397
372.007 391465
372.923 370232
373.076 417604
373.888 655424
374.656 368312
374.680 389684
374.946 447953
375.333 386456
375.754 371149
375.853 367579
375.990 402459
376.135 456731
377.412 441560
377.587 389091
378.058 367370
378.074 341098
378.456 396645
378.725 4001
379.440 434601
379.460 432670
379.523 400739
379.525 333631
379.694 427610
380.300 4183
380.425 338392
380.525 343924
380.625 333237
380.650 3954
380.925 4208
381.050 4132
381.267 399387
381.412 429582
381.500 4077
381.590 368782
381.665 362822
381.875 4087
381.875 410666
373.225 180
382.548 367082
382.679 423881
382.727 511977
382.950 4290
383.025 333421
383.108 398291
383.335 444073
383.339 418140
383.350 4265
383.694 360041
383.833 439675
383.875 4033
384.231 444519
384.500 4167
385.167 534599
385.338 403939
385.597 367986
385.622 384849
386.766 448015
387.646 380567
388.251 345936
388.469 578308
388.494 344291
388.897 411528
388.982 383052
390.030 524236
390.061 345050
390.138 360498
390.392 370651
391.675 405709
391.862 341934
392.046 407979
392.189 377260
392.942 422953
393.180 590758
393.572 370835
394.275 417215
394.806 585541
394.949 416059
395.025 4085
395.727 394858
395.769 578308
395.850 4208
395.950 4077
395.976 589395
396.025 333333
396.150 4033
396.225 4001
396.250 4132
396.269 346840
396.825 4290
396.925 378126
397.025 4167
397.145 622569
397.200 333339
397.250 4265
397.450 333578
397.575 16514
397.650 333122
397.682 429640
398.096 445804
398.350 3954
398.580 358631
398.769 341889
398.975 333428
399.025 477230
400.540 591455
400.603 448569
400.926 345476
401.229 413620
401.820 398131
402.315 460370
402.438 369178
402.484 361637
402.719 394002
402.802 347375
403.075 446319
403.517 422020
403.620 347548
403.942 339386
404.041 370896
404.131 415163
404.689 403319
404.894 409537
404.948 342833
405.736 440692
406.089 356802
406.256 442988
406.353 399492
406.587 548052
406.760 373910
406.909 454612
407.029 375761
407.375 410152
407.400 8805
407.579 349467
407.617 514223
408.221 345169
408.711 404929
409.275 4183
409.302 383504
409.625 338392
396.800 180
409.700 4001
409.975 4085
410.000 4265
410.175 333571
410.250 3954
410.297 454834
410.575 352638
410.750 4290
410.875 333549
411.100 4087
411.433 381946
411.681 429643
411.925 333547
412.026 383114
412.175 4033
412.175 438318
412.250 4077
412.525 4208
412.755 381170
413.300 4167
413.308 366432
413.684 603796
414.332 372333
414.669 451110
415.121 344329
415.326 428074
415.411 381769
415.563 361637
416.124 400964
416.330 401584
416.357 434741
417.333 430614
417.399 389561
417.751 343585
418.044 342462
418.363 481002
418.621 430083
418.638 414068
418.657 412300
418.993 574256
419.383 431795
420.007 342591
420.271 398806
421.214 379650
421.831 491754
422.037 394734
422.182 386865
422.267 408417
422.315 343002
422.675 430419
422.878 496005
423.108 440687
423.427 440939
423.800 4167
424.231 429099
424.325 333664
424.866 482209
424.900 4132
424.950 4077
424.995 432340
425.071 419235
425.325 4183
425.650 4085
425.678 383256
425.756 379001
426.300 4087
426.356 538435
426.375 4290
426.494 433110
426.630 371583
426.758 409038
427.300 4001
427.368 576155
427.475 4265
427.578 442659
427.596 341455
427.896 361753
428.000 333724
428.072 436431
428.335 372405
428.359 397173
428.475 333753
428.500 4208
428.554 374294
428.575 3954
429.218 446183
429.574 440071
430.094 356679
430.220 597343
430.284 440145
430.351 396406
430.714 438328
431.285 350180
431.789 437020
432.341 403735
433.056 444519
433.180 393797
434.033 611362
434.778 431151
435.314 358896
435.353 416769
436.443 527015
412.825 180
427.900 180
436.616 484315
436.771 534287
437.054 467923
437.067 603796
437.075 4033
437.749 419905
438.116 385918
438.300 4001
438.375 50918
438.625 4290
438.857 370198
438.875 4208
438.963 395822
439.091 432771
439.225 4077
439.325 4167
439.450 333390
439.494 434601
439.675 333278
439.843 437122
440.024 401502
440.050 333664
440.175 4087
440.375 4085
440.650 338392
440.761 361463
440.775 4265
440.924 347519
441.000 4132
441.050 333571
441.075 333574
441.325 3954
441.385 636566
441.925 4183
442.432 600383
442.779 432105
442.885 344639
443.285 513796
443.401 375759
444.213 447742
444.720 370069
445.320 491881
445.423 578228
445.496 372359
445.825 8838
446.136 443956
446.528 392519
446.800 1748
447.097 357566
447.407 597923
447.860 383008
449.648 384051
450.464 571303
450.589 389584
450.663 362486
450.750 16264
451.852 524627
452.150 4033
452.156 393426
452.640 414514
452.725 4290
452.956 550266
453.182 360408
453.850 4085
453.883 339429
454.100 4183
454.225 4208
454.394 431147
454.500 3954
454.525 4077
454.536 419413
454.600 4001
454.843 567408
455.375 4087
455.431 350253
455.575 4265
455.619 377260
455.674 353690
455.851 446045
456.005 357655
456.128 454612
456.361 415460
456.638 511518
456.700 4167
456.800 4132
457.350 333571
457.477 371007
457.726 356538
457.950 64084
458.170 442470
458.396 404157
458.688 390616
458.900 382357
459.489 409469
459.656 383560
459.874 341548
459.953 360172
460.309 374350
460.393 432327
460.783 355044
461.122 383489
461.775 1703
462.131 353113
462.225 364735
462.740 360903
462.845 341674
463.260 415479
463.386 407081
463.725 46952
464.141 392947
464.505 382882
465.258 536549
465.427 388081
465.571 406382
466.383 543402
466.556 372931
466.797 496052
466.900 53289
466.995 389076
467.024 478171
467.334 420541
467.550 56035
467.650 4183
467.775 338392
467.775 4265
467.820 376778
467.950 4208
467.975 3954
467.975 4087
467.991 487093
468.250 47520
468.275 73328
468.475 4077
468.475 4085
468.525 4033
468.625 50445
468.710 412927
468.957 408050
469.007 362995
469.010 404276
469.025 64084
469.575 333508
469.825 4001
469.898 436744
469.925 61289
470.020 606471
470.075 4132
470.550 4167
471.075 60066
471.475 333275
471.650 55080
471.739 382305
471.913 410666
472.118 411147
472.362 444028
472.414 381751
472.541 448171
472.800 56650
472.850 69812
472.875 1697
472.925 66389
472.984 354403
473.000 60661
473.066 541479
473.155 358858
473.225 1676
473.425 1677
473.550 1722
473.575 46361
473.600 1573
473.650 1657
473.700 1634
473.750 50899
473.750 76222
473.825 1703
474.100 48598
474.225 1808
474.350 1748
474.350 72182
474.403 404222
474.600 55464
474.795 348802
474.847 475261
474.907 389555
474.925 64095
474.950 48586
475.025 57160
475.100 61209
475.425 51562
475.475 49138
475.625 1670
475.825 71016
476.023 416344
476.050 56599
476.075 48121
476.075 48570
476.215 347123
476.274 431773
476.325 51594
476.352 666013
476.500 38712
476.500 60167
476.600 48093
476.700 45791
471.025 180
476.850 48096
476.900 1745
476.975 50442
477.083 343109
477.100 67027
477.175 417539
477.175 45750
477.218 358660
477.250 52696
477.275 58397
477.325 63947
477.350 57755
477.375 64078
477.400 69944
477.500 19902
477.639 631798
477.675 46367
477.675 46952
477.725 49888
477.750 63705
477.800 68685
477.925 1743
477.925 50297
477.936 418287
477.950 48649
477.975 52157
477.975 54444
478.025 51001
478.025 66513
478.075 49713
478.075 67011
478.100 51609
478.100 72210
478.150 62924
478.175 61933
478.175 72744
478.275 57784
478.350 57722
478.375 54627
478.450 71020
478.530 394858
478.541 559560
478.567 358416
478.600 61976
478.650 72785
478.700 65952
478.725 1676
478.725 1697
478.775 55458
478.800 56715
478.825 49261
478.875 47520
478.875 61319
478.900 61254
478.900 85332
478.925 1833
478.925 333421
478.925 333508
478.939 415794
479.000 333542
479.026 408632
479.050 73937
479.100 69907
479.125 1813
479.125 66424
479.175 333333
479.175 56771
479.200 333515
479.225 50445
479.225 61963
479.250 58313
479.300 50278
479.325 1722
479.350 1657
479.350 333304
479.350 58537
479.350 65806
479.375 70995
479.400 47437
479.425 65877
479.450 33096
479.450 50922
479.475 1677
479.475 48051
479.475 56775
479.480 352094
479.500 333390
479.500 61397
479.532 344440
479.550 52754
479.575 63567
479.610 405295
479.675 33157
479.675 61981
479.675 71570
479.700 333455
479.750 61289
479.750 62986
479.760 520569
479.775 54320
479.825 45216
479.846 422096
479.925 333571
479.925 64736
479.950 1634
479.950 1808
479.950 333244
479.975 333275
479.975 41117
479.975 61237
480.000 1769
480.000 333122
480.007 368758
480.025 333301
480.025 64759
480.050 69828
480.075 50918
480.075 60641
480.075 83124
480.150 77819
480.175 333339
480.200 56035
480.248 475839
480.250 1573
480.250 333334
480.300 54308
480.325 1748
480.350 333237
480.350 49844
480.350 57831
480.350 72752
480.375 333601
480.425 333428
480.450 49746
480.500 333369
480.525 32451
480.550 1703
480.550 333430
480.575 1670
480.575 333278
480.575 333631
480.600 333307
480.600 333516
480.600 73328
480.625 53289
480.725 333217
480.775 53831
480.775 72250
480.825 74514
480.875 333574
480.875 46328
480.900 55526
480.900 62567
480.950 73654
480.975 80798
481.075 46321
481.125 54982
481.125 70355
481.150 33653
481.150 64782
481.200 55112
481.200 72157
481.200 73286
481.224 491141
481.225 333549
481.275 52745
481.275 55080
481.325 333634
481.350 65985
481.350 69378
481.350 75041
481.371 561829
481.425 75628
481.500 59495
481.525 75098
481.575 59100
481.575 68226
481.650 333664
481.650 333724
481.650 62549
481.725 1745
481.775 64084
481.800 333578
481.800 60066
481.825 333665
481.825 76218
481.850 66415
481.875 333547
481.925 64203
481.950 68872
481.975 76228
482.098 598643
482.100 46347
482.100 56650
482.225 333635
482.250 1743
482.250 333698
482.250 67123
482.297 589436
482.350 333610
482.373 355278
482.375 64756
482.375 85920
482.450 333753
482.487 382560
482.552 352493
482.623 388510
482.625 68255
482.625 73500
482.675 60268
482.700 62506
482.800 333696
482.829 412658
482.891 362206
482.925 72274
483.075 58451
483.100 1676
483.150 69553
483.175 76282
483.227 402067
483.375 67150
483.380 338872
483.475 333421
483.550 1833
483.725 1813
483.750 333333
483.775 46361
483.825 73342
483.950 69340
484.000 333515
484.070 410071
484.075 333390
484.275 90553
484.281 397468
484.300 333455
484.375 333304
484.425 333508
484.450 1657
484.550 333244
484.575 333275
484.575 333542
484.620 419921
484.650 333571
484.675 333122
484.775 333334
484.825 1748
485.000 333307
485.050 333301
485.075 333601
485.100 333339
485.125 333237
485.150 333965
485.200 333369
485.225 333278
485.236 401026
485.248 397589
485.500 333631
485.525 333516
485.650 333217
485.727 371328
485.825 91279
485.850 333428
486.200 333634
486.217 400360
486.300 333549
486.400 333430
486.427 425367
486.575 333547
486.594 394603
486.671 391465
487.075 333724
487.600 333578
487.762 435513
488.000 333664
488.332 390350
488.485 416272
488.590 472343
488.653 454883
488.753 418574
488.935 354507
489.305 494064
489.698 344621
490.041 416951
490.520 417095
490.985 427390
491.000 373654
491.015 422599
492.100 4001
493.026 464273
493.122 426397
493.135 372067
493.248 420602
493.260 383049
493.610 364563
493.675 3954
494.557 419413
494.675 4132
494.850 401786
495.200 4033
495.253 534428
495.385 432844
495.475 4077
495.905 373179
496.175 338392
496.414 435326
496.450 4290
493.650 180
496.475 4167
496.675 4087
496.840 416853
496.850 4183
496.925 4208
497.275 4265
497.327 440359
497.344 432682
497.396 365294
497.644 430858
498.240 371615
498.650 7760
498.776 397407
499.268 467568
499.291 438839
499.428 362145
499.429 384608
499.489 445879
500.298 403484
500.557 421310
501.169 454717
501.228 438967
501.882 516495
501.978 428256
502.464 349327
502.502 430200
502.844 533274
503.309 429161
503.401 341297
503.615 422875
503.905 397927
504.232 418601
504.549 373009
504.776 539627
504.903 561563
505.116 410152
505.131 415479
506.226 341639
506.336 473589
506.459 363095
506.508 412131
506.600 4001
506.930 344283
507.075 433540
507.089 379143
507.648 462568
507.948 590604
507.950 3954
508.075 360061
508.362 537593
508.458 414597
508.508 395313
508.725 4077
508.725 4132
508.774 355734
509.600 4085
509.735 413274
510.032 570371
510.200 4087
510.325 333304
510.425 4290
510.510 391378
510.725 333634
510.800 4208
511.060 352897
511.094 545454
511.194 364453
511.255 481595
511.712 374073
511.891 453775
512.056 431068
512.081 361564
512.125 4033
512.143 549568
512.309 468602
512.454 361997
512.491 345194
512.550 384087
512.869 378872
513.425 333665
513.876 411062
513.876 551177
513.964 357284
514.225 333515
514.609 440145
515.154 564422
515.200 621795
515.590 342393
515.781 347498
515.926 405100
516.117 378004
516.143 380864
516.152 454834
516.499 348827
516.794 396171
516.943 350680
517.435 350646
518.381 400644
519.274 404723
519.485 570498
520.665 366432
521.240 351426
510.825 180
522.275 180
522.600 4077
522.670 379814
523.125 4183
523.147 470284
523.165 342670
523.284 347581
523.376 363238
523.850 4167
523.875 4001
524.312 406323
524.350 333571
524.365 440264
524.400 3954
524.500 4132
524.525 4085
524.850 4208
524.950 4290
525.325 333334
525.416 442882
526.202 359761
526.527 354292
526.707 375532
526.725 333421
526.817 423355
526.875 333122
527.084 377155
527.287 361951
527.356 546065
527.457 530819
527.489 392398
527.637 414768
528.050 333696
528.687 462542
528.881 355497
529.948 440172
530.327 571303
530.531 368758
530.569 400656
530.664 416629
530.735 393329
532.228 654460
532.446 345830
532.898 362486
533.059 340249
533.175 16514
533.482 430099
534.444 442462
534.448 343348
534.501 531393
534.527 470440
534.715 351595
534.761 379910
534.958 404771
535.671 395349
536.050 371328
536.075 4033
536.139 355115
536.637 381760
536.858 368346
536.957 420560
537.236 375776
537.350 338392
537.700 4208
537.725 4087
537.781 415120
537.918 379237
537.975 4183
538.275 4001
538.625 4085
539.455 353753
539.475 4167
539.600 333333
539.650 4265
539.825 3954
540.375 4132
540.725 8657
541.050 333275
541.098 369212
541.239 576791
541.346 375499
541.410 398208
541.435 371775
541.475 333339
541.494 405100
541.542 491881
541.653 561943
541.850 4077
541.950 333634
542.271 389935
542.346 361499
543.125 418946
543.241 365005
543.412 422599
543.592 375850
543.597 347402
544.920 403659
544.963 377319
545.163 425046
545.224 383890
545.323 655189
545.594 378347
545.801 351478
540.500 180
546.031 383340
546.099 377995
546.263 390751
546.761 371125
546.899 413274
547.276 381617
547.664 446471
547.702 365919
548.224 448877
548.827 429515
549.431 395360
549.599 670743
549.931 448694
549.983 671730
550.023 529329
550.090 389496
550.353 469865
550.519 413158
550.611 362599
550.625 4208
551.014 368766
551.360 404386
551.507 456029
551.575 4265
551.860 407328
551.910 370187
551.925 4033
552.320 367217
552.475 4132
552.534 355122
552.960 549999
553.025 338392
553.025 4077
553.047 534287
553.200 4087
553.300 4290
553.561 538301
553.625 4183
553.863 538301
553.889 588807
554.111 597449
554.133 361951
554.171 349999
554.200 3954
554.400 4167
554.925 4085
555.044 473709
555.200 4001
556.267 676202
556.610 561068
556.644 346433
556.650 333635
556.734 442733
556.906 492559
556.979 415433
557.815 606400
557.909 385601
557.946 462891
558.925 540600
559.238 356769
559.493 487117
560.000 16430
560.108 350990
560.203 411876
560.356 431010
560.627 347337
560.750 64736
560.969 406481
561.029 388568
561.193 374084
561.291 376140
561.580 431299
561.691 431170
561.805 452199
562.272 366183
562.364 363138
562.570 405074
563.251 549464
563.331 381260
563.617 340056
563.628 370352
564.050 48121
565.236 404262
565.447 512928
565.600 4208
565.675 4265
565.870 348814
566.550 4290
566.600 4085
566.713 375159
566.758 535122
566.800 4033
566.800 4132
566.948 352659
567.025 4183
567.325 4001
567.555 391847
567.725 4167
567.764 618916
567.981 562224
568.070 344124
568.575 333275
554.700 180
568.400 180
568.579 358416
568.725 4077
568.796 393362
568.856 440829
569.348 598533
569.718 636566
570.003 440264
570.300 4087
570.405 365193
570.568 361770
571.229 455461
571.259 440825
571.386 372871
572.001 505934
572.402 373731
572.435 345362
572.492 388725
572.931 583989
573.259 431440
573.492 383357
573.550 8415
573.835 391550
573.846 347498
574.157 399708
574.651 416483
574.691 351023
574.779 349318
574.934 355355
574.975 16391
575.092 363831
575.665 352493
575.957 394774
576.123 371942
576.280 456530
576.628 425780
576.662 438785
576.898 494458
576.900 448124
576.985 343442
577.225 72210
577.593 383052
577.721 341008
577.842 359839
577.872 614813
577.885 388725
577.941 470753
578.022 390794
578.139 419767
578.479 440494
578.501 352550
578.600 420602
578.682 419079
578.925 338392
579.400 368459
579.500 3954
579.525 4265
579.553 426397
579.819 381604
579.974 382344
580.000 4208
580.016 355537
580.225 4077
580.360 550892
580.425 4132
580.463 341568
580.597 539574
580.771 407792
580.948 566142
581.219 448124
581.485 389684
581.575 4001
581.664 379838
582.075 333665
582.175 4085
582.375 4290
582.400 4167
582.443 400964
582.675 4033
582.955 441006
583.614 510778
583.890 449196
584.519 400495
584.550 333428
584.832 376316
584.875 452762
584.912 382625
585.250 333634
585.411 437226
585.722 440172
585.873 423921
585.961 399543
586.830 419881
586.964 368673
586.973 397629
587.401 387980
587.925 383737
588.095 353816
588.108 430324
588.275 60661
588.304 539420
588.397 372245
588.425 71016
582.000 180
589.926 631528
589.988 351426
590.275 16391
590.453 392602
590.567 418517
591.431 382866
591.584 431462
591.925 489039
592.044 433505
592.641 379989
592.840 583399
592.874 341208
592.962 366098
593.004 406759
593.032 419391
593.077 373723
593.128 412094
593.227 404825
593.350 57784
593.525 3954
594.075 4208
594.125 4183
594.150 4132
594.225 57755
594.464 389935
594.525 60268
594.537 462748
594.602 344615
594.704 447724
594.750 48649
594.925 388808
595.075 61237
595.171 439929
595.750 72752
595.983 349836
596.200 49713
596.233 350947
596.250 50445
596.275 48093
596.325 4033
596.375 4265
596.511 366740
596.525 1573
596.525 4087
596.600 49746
596.625 62506
596.675 68685
596.725 4167
596.925 49844
596.950 67150
597.045 437907
597.050 48121
597.100 338392
597.225 4001
597.275 1722
597.300 48570
597.375 4085
597.500 38712
597.500 56650
597.525 49888
597.575 48586
597.625 1676
597.625 1697
597.639 409171
597.750 65806
597.800 67027
597.821 429764
597.839 357132
598.075 61254
598.100 55458
598.100 75098
598.103 497610
598.125 1677
598.125 19774
598.125 4077
598.125 64759
598.200 73654
598.225 66513
598.325 19820
598.400 66389
598.475 1634
598.700 1808
598.775 19804
598.800 1657
598.850 1703
598.850 72182
598.950 1670
598.975 19806
599.000 19853
599.050 50278
599.050 58313
599.175 19855
599.275 46321
599.300 1769
599.325 50918
599.350 19837
599.400 19902
599.400 64078
599.525 47437
599.525 52157
599.550 1745
599.600 54444
594.350 180
599.700 50442
599.725 58397
599.775 45750
599.775 55526
599.850 52745
599.900 57160
599.900 63947
599.925 70355
599.950 1748
600.000 72274
600.025 1743
600.050 69812
600.075 52696
600.099 373026
600.100 57722
600.150 60641
600.150 73937
600.225 51609
600.225 60066
600.250 56035
600.250 83124
600.275 33157
600.275 57831
600.350 59100
600.475 1813
600.475 1833
600.500 45791
600.500 48051
600.550 61209
600.753 452979
600.775 59495
600.775 64084
600.800 50297
600.825 60661
600.850 73286
600.900 54982
600.925 52754
600.975 55464
601.075 333304
601.075 51001
601.150 62924
601.225 56775
601.250 47520
601.300 333390
601.325 333244
601.325 64095
601.325 71016
601.400 64782
601.425 48096
601.436 410864
601.475 58537
601.475 69828
601.475 75041
601.500 51594
601.500 53289
601.500 73342
601.525 76218
601.600 333571
601.600 53831
601.625 333574
601.625 48598
601.650 56599
601.750 66424
601.775 333508
601.825 62549
601.875 333333
601.900 333421
601.913 361383
601.925 333278
601.925 64736
601.950 65877
602.000 32451
602.025 68872
602.025 69907
602.075 69340
602.075 76222
602.082 368231
602.100 41117
602.100 56771
602.100 60167
602.118 477537
602.125 71020
602.175 333122
602.205 376436
602.225 333301
602.300 1573
602.300 46952
602.300 70995
602.325 33096
602.325 333601
602.325 61963
602.350 64756
602.366 358545
602.500 61319
602.500 72250
602.550 72785
602.562 359356
602.600 45216
602.600 54627
602.600 72744
602.650 333307
602.675 63567
602.700 51562
602.750 55112
602.800 50922
602.900 46347
602.925 72210
602.925 91279
602.975 333334
603.000 1676
603.000 61976
603.025 1722
603.025 62986
603.050 33653
603.050 77819
603.100 333631
603.125 1697
603.150 54308
603.154 427444
603.225 1634
603.275 1677
603.275 49261
603.287 351944
603.400 333217
603.450 54320
603.468 546643
603.500 75628
603.550 333339
603.550 46328
603.550 56715
603.675 333237
603.700 46367
603.725 333275
603.725 49138
603.800 73328
603.875 1808
603.875 73500
603.900 50899
603.900 55080
603.900 71570
603.975 1703
604.000 85332
604.075 1657
604.090 430121
604.112 339244
604.150 1670
604.150 61289
604.173 435392
604.175 74514
604.175 85920
604.250 80798
604.275 66415
604.286 418923
604.300 65952
604.314 350470
604.325 62567
604.400 63705
604.412 401881
604.475 61981
604.480 356320
604.549 481002
604.600 1769
604.675 76228
604.700 333696
604.725 333664
604.750 333724
604.750 58451
604.775 69944
604.775 90553
604.825 1745
604.825 333455
604.900 1748
604.925 1743
605.000 67011
605.000 72157
605.250 564319
605.300 1813
605.350 1833
605.368 410566
605.400 333542
605.400 333549
605.475 333665
605.525 61933
605.537 476293
605.575 68226
605.600 333369
605.600 333610
605.600 61397
605.600 64203
605.600 65985
605.725 333753
605.775 67123
605.850 76282
605.858 454033
605.925 333635
605.925 333698
606.000 68255
606.050 69378
606.075 333965
606.075 46361
606.100 333634
606.175 333515
606.200 333571
606.225 333304
606.236 373622
606.242 536588
606.325 333578
606.375 69553
606.425 333516
606.450 333547
606.475 333428
606.475 72752
606.850 333278
606.875 333430
607.100 333390
607.231 445887
607.260 393278
607.325 333333
607.350 333601
607.425 333574
607.750 333421
607.825 333508
607.900 333244
608.238 485055
608.343 448239
608.550 333631
608.950 333237
609.153 588807
609.200 333664
609.469 410687
609.650 333724
609.846 526686
609.900 333696
610.037 614265
610.046 430549
610.464 431465
610.525 333665
610.550 333549
610.650 333753
610.651 380077
610.775 333610
610.825 333698
611.131 413508
611.382 531680
611.625 374251
611.716 575345
611.789 371398
611.840 371945
611.922 404873
612.025 333965
612.174 374073
612.723 597050
614.312 432424
614.458 564086
614.474 369845
614.621 358294
615.008 430398
615.022 410507
615.125 4208
615.697 418807
615.825 4077
615.888 341452
616.173 413453
616.500 4001
616.545 618382
616.575 4085
616.826 532938
617.070 429970
617.100 338392
617.377 428255
617.475 4265
617.694 383100
617.918 432122
617.950 4290
618.054 623553
618.257 399936
618.350 4033
618.357 436586
618.825 4087
618.925 4167
619.150 486157
619.250 4183
619.368 448806
619.653 402793
619.701 439859
619.703 339795
619.739 356900
620.123 347351
620.128 395064
620.252 342343
620.743 422023
620.825 3954
621.710 553507
622.390 356530
622.530 623553
622.549 561449
622.826 366777
622.898 373654
622.959 382625
623.031 414760
623.083 430419
623.321 411769
623.371 382127
623.850 16470
625.510 396406
625.649 364278
617.525 180
625.654 369896
625.975 382667
626.046 349561
626.538 452560
626.723 351766
626.844 339795
627.396 343924
627.482 339591
628.339 459651
628.538 341475
628.573 636887
628.796 456871
629.041 592541
629.086 414040
629.452 439675
629.619 383256
630.000 333631
630.078 397058
630.294 372088
630.450 4132
630.478 428984
630.865 381557
631.450 4290
631.546 430557
631.700 333724
632.100 4087
632.246 371139
632.575 4208
632.750 4077
633.144 369362
633.375 3954
634.016 442192
634.148 354738
634.275 4085
634.350 4001
634.412 411876
634.575 4033
634.793 368782
635.100 333547
635.250 333508
635.425 333516
635.425 333571
635.450 333304
635.500 4167
635.708 621432
635.751 422567
635.902 364495
635.933 411247
636.150 4183
636.248 380862
636.257 623190
636.550 4265
636.899 420541
637.075 16470
637.283 374373
637.617 413879
637.719 349831
637.837 409200
638.876 467876
638.936 429161
639.414 536549
639.734 392666
640.056 405227
640.626 493387
640.691 362403
640.784 409469
640.849 457304
641.234 388318
641.294 352809
641.390 376815
641.911 521376
641.978 354225
642.003 376627
642.153 358876
642.274 374295
642.311 613252
642.795 438153
642.960 481595
643.082 624117
643.092 383357
643.264 597050
643.559 497146
644.411 353918
644.444 589917
644.779 375783
644.801 390103
645.125 338392
645.356 376436
646.453 356620
646.700 4290
647.770 386909
648.100 4183
648.275 4077
648.432 390175
648.450 4265
648.622 422744
648.700 4087
648.725 333516
648.850 4208
649.125 333421
649.156 391925
649.175 4132
631.600 180
648.525 180
649.423 374084
649.450 3954
649.462 414973
649.820 424665
649.825 333635
650.175 4167
650.400 4085
650.625 4001
650.666 472648
650.675 4033
651.259 611173
651.675 333301
652.300 7760
652.543 366222
653.426 373996
653.531 379675
653.656 358294
653.678 415772
654.148 373346
654.581 422231
654.648 474457
655.108 345422
655.238 345453
655.413 396555
655.496 427602
655.767 354292
656.493 426276
656.646 408523
656.838 384608
657.152 522301
657.190 373033
657.630 380764
657.784 394980
657.806 547623
658.514 412658
658.587 394400
658.631 397693
659.345 403679
659.696 385411
659.705 375588
659.810 547942
660.322 654460
660.409 392907
660.788 434949
661.015 356900
661.568 474285
661.900 4265
661.900 4290
662.619 341797
662.653 401441
662.875 4167
663.147 349053
663.204 475839
663.425 4033
663.513 431151
663.525 3954
663.923 341008
663.984 523825
664.050 4132
664.100 4085
664.143 360914
664.348 677615
664.450 4208
664.475 4001
664.700 4183
664.900 4087
665.025 4077
665.241 454483
665.333 354224
665.875 422271
666.401 650259
666.427 348429
667.169 579805
667.368 428321
667.671 611669
667.847 380209
668.523 485717
668.638 419413
668.945 605735
669.301 416629
669.489 346258
669.493 441307
670.524 561829
671.208 545672
671.437 416346
671.912 366772
672.820 670743
672.939 423095
673.549 536666
673.804 500218
674.323 445973
674.326 588114
674.400 344385
674.854 565345
675.069 378872
675.317 365188
675.374 413872
675.825 4167
675.950 338392
676.050 4183
676.445 425674
676.725 4290
664.925 180
676.826 391981
677.500 4077
677.675 3954
677.851 400506
678.025 4265
678.659 422388
678.765 490513
679.200 4001
679.300 4132
679.350 16422
679.508 348342
679.525 4033
679.625 4208
679.869 378393
680.174 360430
680.325 333275
680.400 4087
680.439 471222
680.525 65985
680.800 333334
680.900 4085
681.399 377713
681.519 361898
682.000 64078
682.994 386522
683.109 479973
683.289 350880
683.289 498163
683.684 400780
683.951 387575
684.175 406411
684.512 424226
684.545 427040
685.116 445798
685.248 355709
685.251 434318
686.037 554819
686.146 372607
686.329 416769
686.824 361186
687.175 73500
687.207 405227
687.325 396965
687.848 409563
688.016 425290
688.220 378137
689.037 368229
689.103 432602
689.126 390627
689.487 379801
689.509 443001
689.723 452056
690.247 353406
690.750 4167
690.753 378126
691.034 422058
691.050 333334
691.292 350256
691.450 505349
691.475 4265
691.625 4001
691.775 4033
692.075 4208
692.160 378747
692.203 379376
692.350 4087
692.500 4085
692.500 578308
692.575 333217
692.750 4290
692.800 4183
693.050 3954
693.050 55458
693.925 333516
694.006 536549
694.107 358647
694.175 333664
694.284 347277
694.311 408003
694.375 50899
694.450 59100
694.650 338392
694.701 397715
694.742 387980
694.744 574131
694.775 50922
695.076 370665
695.228 396271
695.275 333369
695.642 382560
696.398 370896
696.423 440939
696.628 380380
696.725 58313
696.875 4077
697.202 498981
697.229 383061
697.389 349486
697.437 400360
697.670 373346
697.995 418210
698.150 50297
682.200 180
698.196 361915
698.625 417763
698.643 565653
699.053 372066
699.175 1670
699.203 408795
699.400 69340
699.495 358933
699.975 69907
700.503 370110
700.640 435788
701.275 1573
701.610 366302
701.654 433110
701.953 389109
702.039 380986
702.325 46952
702.526 551716
702.725 57784
703.254 397853
703.581 431738
703.650 370558
703.699 392136
704.150 66389
704.183 477488
704.643 578324
704.781 379456
704.912 442847
704.959 338845
705.050 56775
705.207 405410
705.425 1634
705.450 51594
705.622 359847
705.644 397904
705.700 33157
705.747 365355
705.875 55464
705.985 444111
706.000 4077
706.014 413660
706.100 4132
706.102 480018
706.125 4208
706.125 60641
706.350 72182
706.375 4085
706.500 49261
706.500 85920
706.550 1743
706.650 1745
706.750 19820
706.775 49713
706.788 373356
706.825 4265
706.977 438346
707.150 1722
707.170 366098
707.193 433782
707.215 497580
707.328 407979
707.364 345422
707.400 33653
707.400 425688
707.425 73937
707.475 19853
707.525 50278
707.625 1769
707.675 359590
707.675 71570
707.680 357206
707.768 406759
707.825 3954
707.825 56035
707.875 1657
707.900 1677
707.900 19837
707.975 64084
708.125 48598
708.125 52745
708.150 4087
708.300 69553
708.500 48649
708.575 19804
708.668 429646
708.675 61237
708.725 1676
708.800 19806
708.800 56650
708.800 65877
708.950 4033
708.975 1808
709.000 72210
709.075 46347
709.075 49888
709.150 338392
709.225 4167
709.325 59100
709.425 19774
709.450 68255
709.500 48586
709.525 1703
698.500 180
709.525 19902
709.550 1697
709.550 4001
709.575 46361
709.600 47437
709.625 1833
709.625 19855
709.625 73654
709.775 73286
709.825 33096
709.850 51562
709.925 4183
709.925 50297
709.950 50899
709.989 359103
710.025 1813
710.050 1670
710.075 1573
710.100 1748
710.175 66424
710.200 58537
710.250 76228
710.275 72157
710.300 65985
710.301 339686
710.425 50922
710.487 613922
710.538 372245
710.641 355493
710.650 46367
710.650 48093
710.725 59495
710.775 70995
710.800 51609
710.800 61963
710.800 72752
710.825 54320
710.847 387065
710.850 41117
710.850 60268
710.900 67027
711.000 61289
711.050 4290
711.050 45216
711.050 91279
711.100 72274
711.125 1634
711.200 333574
711.250 54982
711.250 62986
711.300 333369
711.300 47520
711.300 61319
711.325 333601
711.325 61397
711.328 416919
711.350 64736
711.375 50445
711.400 49746
711.400 52696
711.400 69828
711.550 333549
711.575 54308
711.625 333724
711.625 52754
711.625 69378
711.650 62924
711.700 333275
711.700 69944
711.775 333515
711.800 333122
711.800 333455
711.806 525372
711.825 333390
711.850 333244
711.875 333339
711.875 61976
711.900 60661
711.950 333307
711.975 333334
712.000 32451
712.000 48051
712.075 53289
712.075 58313
712.075 65952
712.075 66415
712.078 356579
712.100 68685
712.100 73500
712.125 333278
712.125 56715
712.125 64078
712.125 72250
712.150 45791
712.175 333428
712.175 58397
712.200 75628
712.225 61209
712.250 333301
712.250 48570
712.250 55458
712.275 48096
712.275 60066
712.300 38712
712.300 73328
712.325 333631
712.350 1745
712.375 1722
712.400 60167
712.425 1743
712.425 63705
712.425 70355
712.450 333421
712.450 90553
712.475 48121
712.500 69340
712.550 333634
712.550 75098
712.625 333508
712.625 333610
712.625 56599
712.625 56771
712.625 61254
712.625 66513
712.650 72744
712.675 333665
712.725 50918
712.750 76282
712.775 63567
712.800 333635
712.850 71020
712.850 76218
712.875 333571
712.925 57722
712.925 61933
712.975 49138
712.975 54444
712.975 73342
713.025 333547
713.075 333516
713.075 333696
713.100 64782
713.125 83124
713.150 57755
713.200 55526
713.200 85332
713.225 61981
713.250 1677
713.314 360961
713.350 50442
713.354 454460
713.375 1657
713.375 72785
713.400 74514
713.425 63947
713.425 71016
713.475 55112
713.475 80798
713.575 49844
713.600 1769
713.600 64759
713.650 62549
713.729 384621
713.750 75041
713.800 46328
713.850 69907
713.925 58451
714.000 46321
714.000 67150
714.000 68872
714.065 346151
714.075 51001
714.075 64756
714.099 439713
714.100 52157
714.100 57160
714.200 1676
714.200 69812
714.225 64203
714.250 1808
714.250 57831
714.325 55080
714.350 64095
714.400 333237
714.425 1697
714.450 68226
714.600 67011
714.675 54627
714.775 1833
714.825 1670
714.825 1703
714.825 67123
714.875 45750
714.975 1813
715.025 1748
715.094 359048
715.125 1573
715.125 77819
715.150 76222
715.235 340383
715.250 62567
715.275 65806
715.400 333304
715.400 62506
715.402 576464
715.412 555914
715.525 333333
715.622 410679
716.100 333698
716.125 333217
716.300 333430
716.348 428338
716.425 333601
716.525 333578
716.659 527015
716.675 333753
716.700 333542
716.771 404550
716.900 333549
717.050 333244
717.150 333122
717.200 333574
717.275 333339
717.416 383699
717.420 390101
717.425 333390
717.550 333631
717.550 333724
717.675 333369
717.800 333307
717.952 353411
717.956 352982
718.012 431728
718.190 386105
718.325 333634
718.344 419657
718.425 333515
718.725 333610
718.917 395425
719.061 361383
719.073 358692
719.173 455922
719.413 432698
719.898 395822
720.020 385611
720.075 333965
720.169 631240
720.371 387846
721.534 358794
721.860 608924
721.879 340271
722.124 377155
722.523 534851
723.272 360390
723.315 476189
723.932 463282
723.938 578415
723.945 371849
724.269 672879
724.280 395028
724.586 427094
724.631 359284
724.644 352868
724.726 577836
725.499 343585
725.809 349972
726.370 426639
726.792 342462
727.125 4132
727.357 411035
727.550 4087
727.743 460865
727.993 388627
728.300 4167
728.325 4085
728.350 4290
728.525 4001
728.731 370183
729.275 4183
729.286 388235
729.550 338392
729.777 367944
729.825 4033
730.111 555914
730.161 360708
730.204 429041
730.350 354727
731.042 477505
731.088 433452
731.442 433737
731.475 333421
731.525 3954
731.771 367036
731.890 368424
732.947 419767
733.019 424156
734.250 435339
734.709 363095
735.201 589468
735.369 380971
735.852 360061
736.550 610485
736.693 587982
736.745 339686
736.873 547714
737.217 456530
727.375 180
737.507 354660
737.582 376590
737.964 363860
738.475 16430
738.589 430549
738.666 598744
739.740 395037
739.889 351636
740.492 513796
740.929 558418
740.953 376778
741.070 360721
741.443 399387
741.567 532938
741.719 404386
741.774 472391
741.994 395917
742.175 333304
742.255 410800
742.304 448197
742.775 4208
742.786 444299
744.250 4085
744.275 4290
744.375 333578
744.375 4001
744.425 4167
744.450 333635
744.475 333339
744.821 427115
744.850 4132
744.911 346968
745.104 409682
745.294 349712
745.325 333334
745.368 341203
745.525 333515
745.525 4087
745.650 333237
745.661 430341
745.675 434612
745.800 4265
746.075 333421
746.200 333753
746.325 4183
746.500 333333
746.525 4033
746.600 396406
746.806 419563
746.810 381001
746.850 338392
746.943 378682
746.975 4077
747.000 3954
747.332 340924
747.750 333571
749.060 433452
749.658 437405
750.205 368231
750.586 380201
750.744 381601
751.574 353642
752.581 436074
752.670 367363
752.847 424493
753.031 357189
753.129 431671
753.477 420922
753.696 478695
753.812 442470
753.862 417215
754.412 428611
755.692 460037
756.097 401793
756.278 383890
756.735 584727
756.813 424097
756.900 333430
757.208 393021
757.440 352485
757.482 377590
758.363 371637
758.375 3954
758.625 4033
758.753 353438
759.375 4208
759.661 343847
759.750 4087
759.778 349999
759.875 4290
759.941 593228
760.150 4001
760.241 402626
760.307 391790
760.425 333635
760.425 4167
760.675 333301
760.725 4085
760.957 491881
761.250 4183
761.348 359027
761.558 394464
745.625 180
761.625 333698
761.700 333339
761.820 396722
762.125 333237
762.200 333334
762.200 338392
762.200 77819
762.222 433081
762.291 350990
762.350 333610
762.376 375761
762.642 362311
762.707 577836
762.781 376045
762.878 502283
763.523 416291
764.414 407310
764.486 482196
764.487 355170
764.751 352597
764.857 454717
765.036 587425
766.841 403843
767.025 48096
767.155 508627
767.172 344085
767.369 404803
767.759 374362
767.793 340765
768.549 410630
768.580 379303
768.643 443046
768.778 442882
768.835 440108
769.520 416421
769.525 16514
769.646 466099
769.829 410566
770.922 409653
771.643 374584
771.803 370069
771.825 4077
771.829 383100
771.916 589436
772.102 379783
772.174 436494
772.279 389632
773.350 4033
773.398 380741
773.682 447318
773.800 4087
773.981 432218
774.025 333430
774.050 48586
774.150 4265
774.200 4208
774.238 382866
774.475 4132
774.550 4290
774.850 4085
774.975 4183
775.075 4167
775.174 399879
775.331 418288
775.354 425851
776.275 62567
776.399 587414
776.675 333278
776.973 440873
777.200 3954
777.279 556202
777.375 333698
778.025 8838
778.394 595482
778.551 356714
778.566 404102
778.762 348071
778.900 4001
779.289 356714
779.437 391338
779.523 438939
779.811 339886
780.675 16391
780.957 348431
781.173 350343
781.309 415157
781.417 393797
781.430 376803
781.935 369362
782.125 16422
782.199 435202
782.227 411592
783.254 342222
784.063 433886
784.399 677615
784.571 405709
784.879 349364
784.935 357716
785.883 545610
786.287 595796
786.813 460825
787.125 338392
772.675 180
787.578 459881
787.600 4290
787.659 631798
788.025 4033
788.317 377270
788.397 382493
788.424 356437
788.655 592832
788.688 480283
788.724 436323
788.725 4087
788.750 4077
788.755 429917
788.971 434318
789.300 4132
789.425 4085
789.551 348814
789.650 4167
789.720 381601
789.928 431738
790.100 333278
790.100 4208
790.175 4183
790.387 418685
790.400 370116
790.425 4265
790.433 376541
790.925 333610
791.024 443082
791.225 333547
791.650 333724
791.687 446321
791.775 333339
791.775 66415
791.875 333571
792.054 398415
792.526 343080
792.601 355617
792.719 374584
793.180 420328
793.404 381335
793.834 391724
794.036 397054
794.078 466241
794.947 379871
795.329 401253
795.347 493024
795.592 392153
796.028 425470
796.622 354118
796.872 381482
797.142 391888
797.240 570080
797.861 352038
798.086 361954
798.201 436427
798.314 527015
798.771 365355
798.874 467747
799.446 350530
799.688 408257
799.757 408221
799.841 437405
800.092 348071
800.605 475261
800.663 355929
801.175 3954
801.329 427897
801.408 356996
801.486 444028
801.686 426061
802.000 4085
802.200 4077
802.307 523825
802.525 4001
802.700 4265
802.777 401212
802.865 382344
802.940 389750
802.975 4290
803.009 533851
803.450 4033
803.530 514773
803.725 4208
803.820 412701
804.100 4132
804.442 385206
804.518 475780
804.550 4167
804.803 416272
805.050 4087
805.250 338392
805.250 4183
806.193 402774
806.550 333301
807.565 371942
807.974 344291
808.328 549999
808.430 621840
809.093 389386
809.432 563655
810.560 551042
792.525 180
806.225 180
810.973 578223
811.103 512202
811.133 412659
811.390 551177
812.246 414098
812.388 399637
812.608 395863
812.890 546204
813.013 377270
813.782 341761
814.192 347498
814.497 358226
815.666 444452
815.744 390311
815.850 4208
815.887 621432
815.931 456196
815.975 4132
816.165 430500
816.444 409501
816.450 4265
816.500 4077
817.000 4290
817.037 395137
817.100 4001
817.138 382166
817.249 539420
817.425 4183
817.550 333390
817.678 609851
817.746 343366
817.789 442470
817.875 3954
817.916 516311
817.925 333634
817.950 333724
818.343 391724
818.375 4085
818.875 333753
818.925 4033
819.173 443507
819.400 63947
819.500 58397
819.725 32451
819.725 4167
819.875 338392
820.125 4087
820.357 359916
820.450 561419
820.865 386456
821.029 602790
821.321 444294
821.421 344000
821.575 1670
821.896 369845
822.017 341804
822.085 383726
822.229 388564
822.301 365184
822.730 524236
823.011 400644
823.625 1676
823.675 75628
824.325 33096
825.199 531187
825.200 46361
825.278 501927
825.414 338798
825.468 628984
826.375 1697
826.400 56035
826.533 450446
826.862 670743
826.899 365962
826.950 60066
827.012 409209
827.100 55464
827.575 54308
827.725 1670
827.750 57722
828.025 54627
828.164 420099
828.225 76222
828.700 19804
828.775 50297
828.828 363553
828.950 50445
829.075 38712
829.300 19820
829.550 48649
829.550 49138
829.575 67011
829.600 48096
829.650 46347
829.725 333237
829.744 461777
829.850 46321
829.850 58397
829.900 49746
829.900 57755
829.950 1676
829.987 374603
830.000 76228
830.050 64078
830.055 433505
830.100 57784
830.187 415021
830.200 19774
830.225 19837
830.350 19853
830.400 74514
830.425 62924
830.475 1634
830.525 1677
830.625 48598
830.699 446125
830.750 1722
830.750 1743
830.750 1808
830.900 64095
830.950 54982
831.000 19806
831.025 69828
831.050 58313
831.059 430865
831.100 3954
831.125 45750
831.150 4290
831.200 80798
831.225 51594
831.225 73654
831.244 393021
831.250 64084
831.275 1703
831.275 47437
831.325 4033
831.325 46952
831.350 49713
831.375 54320
831.398 361779
831.475 333390
831.525 48570
831.525 50278
831.525 68872
831.550 32451
831.575 73937
831.644 427742
831.650 33653
831.675 333301
831.775 50899
831.825 51609
831.900 333421
831.975 65806
832.050 1657
832.075 60661
832.100 63947
832.125 1697
832.125 61237
832.175 73500
832.225 51562
832.225 72752
832.300 56650
832.400 52157
832.475 19902
832.550 72182
832.625 333122
832.700 73286
832.725 56599
832.750 1670
832.750 76218
832.774 555914
832.775 57160
832.775 66389
832.798 407328
832.825 50922
832.825 61981
832.950 58451
833.000 57831
833.025 60641
833.050 48586
833.050 55458
833.055 597634
833.075 19855
833.100 333508
833.125 4085
833.157 395313
833.175 333333
833.197 444859
833.225 46328
833.225 61289
833.250 50442
833.350 41117
833.350 55112
833.375 33157
833.400 4167
833.425 51001
833.425 73328
833.450 333631
833.475 333542
833.500 60167
833.525 1573
833.525 1769
833.525 45791
833.550 56715
833.575 4265
833.604 549568
833.650 61254
833.675 333304
833.725 1813
833.725 69812
833.800 75041
833.812 339386
833.825 72744
833.850 4087
833.850 53831
833.875 61209
833.900 1748
833.925 333278
833.925 48093
833.925 77819
833.950 69553
834.000 333275
834.025 1833
834.050 1745
834.075 59495
834.075 62986
834.125 46367
834.130 373340
834.150 52754
834.150 72157
834.175 64756
834.275 67027
834.300 1676
834.300 83124
834.325 48051
834.325 68685
834.350 48121
834.452 391043
834.475 333217
834.500 72210
834.550 55526
834.575 69907
834.575 71016
834.675 50918
834.698 411432
834.700 333334
834.700 70355
834.709 504544
834.725 333571
834.725 333601
834.725 66415
834.750 54444
834.750 71570
834.752 491957
834.775 45216
834.775 49888
834.775 70995
834.825 49261
834.875 333244
834.900 1677
834.900 52696
834.925 333515
834.925 56771
834.925 69378
834.950 1634
834.950 71020
835.000 333455
835.000 85332
835.050 61933
835.100 47520
835.100 52745
835.150 53289
835.152 551804
835.225 68226
835.244 459651
835.250 1722
835.250 66513
835.275 61976
835.300 333574
835.325 64736
835.414 610750
835.450 63567
835.450 73342
835.450 76282
835.500 333753
835.525 1743
835.575 1808
835.609 434817
835.650 66424
835.700 55080
835.700 61319
835.725 67150
835.750 64759
835.800 72274
835.825 333578
835.825 90553
835.875 333237
835.925 64203
835.947 554663
835.950 333369
835.950 333664
835.975 333696
835.975 65985
836.075 333516
836.100 49844
836.100 61963
836.125 333724
836.153 413613
836.250 75098
836.274 350530
836.275 65877
836.375 72785
836.425 333307
836.450 333339
836.475 1703
836.562 397468
836.725 62549
836.750 65952
836.800 75628
836.821 365799
836.875 76222
836.925 91279
836.957 540413
836.975 59100
837.050 69340
837.115 361779
837.125 333965
837.150 62506
837.200 67123
837.375 333635
837.375 62567
837.450 85920
837.575 69944
837.600 64782
837.700 63705
837.700 68255
837.704 414068
837.775 72250
837.950 58537
837.980 360275
838.045 390093
838.050 333549
838.200 56775
838.250 61397
838.350 1769
838.425 1573
838.600 1833
838.625 1748
838.725 1813
838.751 404460
839.050 1745
839.052 440954
839.100 333333
839.200 333610
839.350 333547
839.384 357752
839.406 621919
839.475 333301
839.475 60268
839.525 333542
839.528 470284
839.550 333122
839.750 333634
840.100 333698
840.175 333631
840.175 333665
840.194 462102
840.275 333334
840.319 578888
840.350 333421
840.575 333428
840.650 333664
840.743 371072
840.825 333753
840.850 333571
841.375 333278
841.394 408677
841.925 333578
841.950 333574
842.269 564319
842.394 395822
842.406 383692
842.750 333965
843.339 394287
843.733 384697
843.853 421389
845.561 356679
846.795 344765
846.961 403012
846.983 595482
847.107 447452
847.196 441913
847.225 16749
847.225 4001
847.273 364576
847.320 413356
847.561 341476
847.775 4183
848.211 350698
848.627 444992
848.740 467923
849.125 4132
849.366 388632
849.414 340843
849.449 357520
849.637 343920
850.025 4265
850.350 338392
841.775 180
851.208 522258
851.274 354947
851.282 436084
851.306 434282
851.542 385249
851.850 16514
851.924 402604
852.100 4290
852.249 410800
852.326 434719
852.588 400112
852.657 430774
852.978 404361
853.137 360903
853.196 392792
853.417 425290
853.508 359229
855.150 4087
855.428 343510
856.825 16749
856.829 342196
856.921 396822
857.035 380824
857.241 375526
857.253 359941
858.606 342343
859.122 435138
859.259 429858
859.327 467083
859.375 8034
859.625 4077
859.989 517269
860.061 390268
860.327 351935
860.369 568566
860.814 462816
860.918 341934
861.237 356620
861.332 676202
861.400 4208
861.950 470367
862.475 16514
862.758 412524
862.792 377713
862.975 333508
863.200 333631
863.325 333571
863.511 420939
863.550 333390
863.910 391986
864.050 426264
864.175 4085
864.339 393021
864.395 397812
864.409 396808
864.425 3954
864.708 462891
864.861 421966
864.914 406912
865.100 4183
865.104 428845
866.300 8657
866.350 333753
866.475 333515
866.850 4290
866.925 338392
867.024 389729
867.150 4167
867.429 386542
867.838 343510
868.443 395236
868.489 359284
868.698 368632
868.767 405709
869.525 4033
869.796 361603
869.902 365743
870.000 4265
870.391 444406
870.828 421646
870.871 391644
870.910 342513
871.196 425046
871.500 8309
871.650 333610
871.700 430099
872.089 393803
872.373 358935
872.657 357074
873.088 476571
873.469 364752
873.475 369388
873.813 586264
873.858 361898
873.925 4001
874.291 420298
874.465 357785
875.500 4132
876.275 4208
876.675 4077
876.826 340868
876.981 339015
859.550 180
877.030 395978
877.357 415927
877.490 363138
877.593 403484
877.624 365193
878.072 441904
878.150 4087
878.310 383340
878.464 371072
878.525 333515
878.680 372931
878.774 342286
878.864 376135
879.346 412465
879.493 403196
880.025 4290
880.046 427602
880.234 419227
880.325 4085
880.361 370896
880.373 620594
880.534 446319
881.264 529755
881.440 415433
881.450 4265
881.699 374879
881.700 606471
881.767 396730
881.798 437907
881.825 333369
881.981 512965
882.293 370183
882.855 420867
883.032 458858
883.190 560746
883.191 382493
883.226 417763
883.298 437527
883.347 386025
883.457 388578
883.522 487936
883.581 578308
883.781 467744
884.005 340291
884.685 372067
884.716 351766
884.916 440108
885.069 341219
885.312 429273
885.334 517269
885.355 416063
885.365 361954
886.573 414040
887.471 418946
887.851 413516
888.175 333122
888.237 392318
888.447 366074
888.500 4132
888.575 500074
889.540 549568
889.605 418017
890.106 455054
890.145 653350
890.175 338392
890.350 4001
890.391 593609
890.475 4077
890.675 4183
890.742 346650
891.100 4033
891.175 357378
891.459 525361
891.525 3954
891.582 477528
891.713 390670
892.100 4208
892.348 353875
892.425 4085
892.525 333430
892.586 382614
892.822 589468
892.929 366777
893.066 371595
893.155 584635
893.193 350680
893.316 383604
893.837 403574
894.025 333574
894.039 391925
894.276 349999
894.558 421788
894.582 571128
895.087 346913
895.200 4167
895.325 8595
895.559 350631
895.698 355329
896.825 396932
897.205 401175
897.289 378872
897.711 372689
880.975 180
891.850 180
897.981 365813
898.125 16264
898.478 436223
898.544 389748
898.902 465665
898.910 564291
899.141 365684
900.202 358806
900.825 521898
901.380 470417
901.970 416291
901.996 423037
902.555 371686
902.578 378165
902.725 8034
902.787 415403
902.947 470917
903.071 358007
903.276 382882
903.338 437265
903.593 565345
903.651 429439
904.059 434064
904.550 4290
904.617 578228
904.700 4132
904.937 484335
905.150 4001
905.225 4077
905.379 400739
905.440 404723
905.926 421788
905.987 422719
906.025 16464
906.100 338392
906.165 432206
906.475 391607
906.534 346223
906.625 4265
906.850 333275
906.900 3954
906.900 4085
906.925 4183
906.972 384022
907.303 392163
907.711 403954
907.725 333571
908.019 393878
908.100 4208
908.134 392756
908.159 375555
908.248 584590
908.645 386125
908.946 383496
909.127 396853
909.406 344535
909.954 362145
909.974 465403
910.443 416291
911.314 350343
911.337 358676
911.775 4167
912.078 386105
912.128 374350
912.131 383084
912.231 427742
912.586 375362
912.660 545590
912.667 447452
913.550 577237
913.959 384899
914.300 361053
914.327 354826
914.450 16422
914.513 526686
914.593 380199
915.083 426276
915.112 475312
915.175 4087
915.425 8385
915.987 469552
916.043 351800
916.525 4001
916.843 380567
917.175 4033
917.890 409682
917.900 3954
917.997 420162
918.022 412792
918.179 421207
918.485 368896
918.825 4085
918.900 4132
919.400 4077
919.705 601154
919.825 4208
919.900 333275
920.066 591293
920.263 408822
920.275 4290
920.390 377260
920.718 448788
904.575 180
919.175 180
920.900 333574
921.080 440930
921.375 4183
921.456 397812
921.550 4265
922.675 333665
922.809 414768
922.875 4167
922.931 351800
923.431 360041
923.835 408381
924.160 368073
924.200 476500
925.083 436084
925.084 370404
925.500 73500
925.799 399051
926.069 354831
926.467 626889
926.876 372054
927.272 348588
927.485 373724
927.797 375558
928.179 666033
928.325 361915
928.568 341787
928.578 364080
929.074 375215
929.330 376201
930.789 573665
931.106 485130
931.770 442530
931.824 435391
932.132 346793
932.455 461777
932.650 4001
932.668 571631
932.873 349831
933.129 432281
933.175 4033
933.525 4183
933.547 406415
933.625 4077
933.725 4132
933.762 443441
933.795 550266
933.825 3954
933.950 4167
934.099 357664
934.225 569168
934.250 4085
934.300 4265
934.325 4208
934.600 338392
934.678 567572
934.700 333428
935.264 442530
935.300 4087
935.308 563620
935.500 7937
935.543 415044
935.557 650259
935.669 402127
935.865 447604
936.125 333665
936.330 534287
936.400 333753
936.497 354255
936.557 384874
936.685 613377
937.521 353875
937.960 372871
938.000 553477
938.067 394774
938.105 399107
938.229 378104
938.296 346041
938.501 431707
938.625 4290
938.746 383692
938.884 400506
938.906 371615
938.933 410687
939.099 387086
939.685 482580
939.769 424226
939.786 412034
939.914 374545
940.189 448686
940.202 395642
940.593 437164
941.116 355146
941.937 388725
942.520 376791
943.252 427115
943.713 467568
943.927 398291
944.021 377583
944.702 365721
945.147 453149
945.442 371379
945.450 333665
936.700 180
945.542 444296
945.664 416629
945.667 495410
946.291 565345
946.551 410983
946.685 455055
946.775 333601
946.947 343344
946.950 4087
947.166 426500
947.250 4132
947.425 4001
947.587 457689
947.753 374560
947.805 440601
947.925 4167
947.975 4265
948.075 3954
948.114 371007
948.125 4077
948.475 4208
948.544 435138
948.675 398362
948.700 432410
948.900 333301
949.200 333339
949.250 358766
949.573 353113
949.984 593228
950.279 358953
950.550 4183
950.772 347402
950.801 472391
950.869 370232
951.125 4290
951.302 408677
951.732 357507
951.775 4085
951.946 590604
951.996 584590
952.011 619856
952.195 395917
952.211 344535
952.412 616918
952.553 343080
953.012 419949
953.036 393593
953.106 432641
953.300 1743
953.500 432004
953.640 367869
954.103 400780
954.300 415351
954.323 628984
954.576 359703
955.054 396099
955.285 458578
955.550 67027
955.625 64078
956.148 432959
956.149 391932
956.394 407410
957.031 376111
957.531 500066
958.041 406460
958.111 416421
958.550 60661
958.789 412465
959.025 33096
959.137 403954
959.349 370232
959.850 57722
959.881 612352
959.979 553507
960.075 38712
960.159 347919
960.226 406902
960.365 561419
960.500 4033
960.650 49713
960.704 413374
961.050 4001
961.206 630262
961.450 338392
961.550 63947
961.625 4290
961.650 3954
961.800 46952
962.050 73937
962.325 4183
962.516 340362
962.675 379814
962.800 1634
962.875 69340
962.900 356533
962.900 4077
963.000 4167
963.100 4085
963.150 52754
963.200 4087
963.205 356592
963.225 60066
949.000 180
960.350 180
963.275 61237
963.375 66389
963.450 4265
963.457 340077
963.531 343122
963.625 73286
963.700 58397
963.725 48598
963.775 50899
963.800 1697
963.800 50278
963.825 1670
963.900 74514
963.942 427117
963.950 61981
963.975 19820
963.975 55458
964.000 41117
964.050 1677
964.050 4132
964.125 19804
964.269 355637
964.300 1676
964.675 52696
964.676 570371
964.725 58313
964.775 1722
964.775 71570
964.786 401780
964.825 19853
964.925 19774
964.925 70995
964.975 66513
964.984 339794
965.000 19837
965.025 60641
965.050 1808
965.075 49261
965.175 19806
965.250 1743
965.350 1703
965.375 19902
965.425 48051
965.425 57831
965.475 1745
965.625 50918
965.650 71020
965.725 1833
965.800 1657
965.825 55464
965.825 72182
965.850 19855
965.875 333301
965.950 1748
965.975 333122
965.975 56771
965.975 57784
965.975 61289
965.975 73654
966.050 54308
966.075 48570
966.271 421646
966.275 56035
966.325 68226
966.400 1813
966.425 52745
966.425 61209
966.450 32451
966.537 455055
966.575 62549
966.575 64084
966.575 71016
966.625 1769
966.641 386087
966.700 56715
966.725 60167
966.775 64782
966.863 401682
966.900 333304
966.900 48649
966.900 51594
967.000 46328
967.025 48093
967.075 1573
967.100 333275
967.125 65806
967.165 445597
967.175 333334
967.200 47520
967.375 62567
967.400 45791
967.425 50445
967.475 53289
967.500 333237
967.505 436014
967.575 66415
967.625 333390
967.650 53831
967.675 59495
967.700 333421
967.725 76282
967.750 33157
967.756 392387
967.775 45750
967.800 80798
967.825 62924
967.899 382117
967.950 77819
968.000 49138
968.050 62986
968.175 48586
968.200 68685
968.250 75041
968.300 70355
968.375 56599
968.425 54982
968.425 57160
968.450 333333
968.475 67027
968.500 56775
968.600 1670
968.675 48121
968.725 46367
968.750 49746
968.800 61254
968.800 67123
968.825 1697
968.900 333601
968.925 75628
968.975 1634
968.975 52157
969.000 333753
969.025 54627
969.050 47437
969.075 69812
969.100 333244
969.100 76222
969.125 49844
969.125 62506
969.225 61976
969.250 1676
969.250 51562
969.250 85920
969.325 50297
969.325 64756
969.350 72785
969.400 50442
969.475 333515
969.475 54444
969.525 72210
969.575 333508
969.575 73342
969.600 1808
969.600 33653
969.600 46321
969.625 65877
969.625 73328
969.650 69828
969.675 56650
969.700 51001
969.700 76228
969.755 392153
969.800 51609
969.800 55080
969.825 1722
969.825 333455
969.825 50922
969.850 333542
969.850 64095
969.850 90553
969.875 72752
969.900 1677
969.900 75098
969.925 65952
970.000 69944
970.075 67011
970.150 64759
970.175 333578
970.175 55526
970.175 59100
970.225 1743
970.250 333428
970.275 57755
970.275 61963
970.300 69378
970.300 69907
970.300 85332
970.325 72157
970.350 58451
970.350 72744
970.400 1657
970.425 333571
970.450 1745
970.450 54320
970.550 46361
970.600 333665
970.600 46347
970.600 66424
970.610 374671
970.650 1703
970.675 63567
970.675 76218
970.775 1748
970.800 333664
970.800 68872
970.825 333635
970.840 385803
970.850 1833
970.950 333278
970.950 58537
971.000 333696
971.000 65985
971.001 401247
971.050 72274
971.100 45216
971.100 83124
971.187 363117
971.225 333430
971.225 63705
971.425 61933
971.500 1813
971.600 60661
971.600 64203
971.700 48096
971.725 68255
971.825 61397
971.825 64736
971.875 61319
971.900 49888
972.000 333631
972.050 1573
972.125 1769
972.142 427390
972.175 333724
972.203 430321
972.300 55112
972.540 382560
972.600 60268
972.700 67150
972.825 333369
973.075 333339
973.100 333217
973.125 73500
973.225 333965
973.260 550892
973.700 333547
973.750 72250
973.771 351163
973.775 333307
973.825 333421
974.050 333122
974.125 333574
974.325 333275
974.325 333601
974.350 333334
974.375 333390
974.400 333333
974.450 333515
974.500 333610
974.525 69553
974.547 374105
974.600 333698
974.675 333634
974.723 391465
974.725 91279
974.750 16749
974.850 333516
974.918 539574
974.975 333549
975.050 333244
975.075 333301
975.209 421310
975.275 333665
975.437 440359
975.450 333664
976.000 333635
976.025 333578
976.050 333753
976.150 333696
976.156 360656
976.197 388189
976.234 399089
976.400 333278
976.700 333428
977.275 333724
977.313 388240
977.954 360264
978.003 356530
978.253 399352
978.424 355572
978.527 385609
978.725 333965
978.876 387743
979.038 583740
979.904 413938
980.414 452970
980.472 426639
980.504 413516
980.556 585965
981.025 412138
981.119 570115
981.736 369901
981.983 352659
982.068 356290
982.100 400268
982.406 376436
982.920 404979
983.079 431211
983.425 4077
983.525 4033
983.762 365668
983.900 4001
984.083 343920
984.176 384309
984.275 4208
984.475 338392
984.530 415044
984.610 352861
984.625 4132
985.325 4265
985.905 444384
986.050 4087
986.197 424307
986.350 4085
986.811 495410
986.964 596076
987.075 3954
987.087 358170
987.352 381335
987.476 418946
987.929 418210
988.246 361172
988.337 388267
988.683 440873
988.696 408221
989.019 419657
989.338 522301
990.069 487723
990.940 376627
991.810 435741
992.563 366880
993.371 451862
993.689 441185
993.795 398092
994.198 496116
994.248 510792
995.604 369420
996.876 366116
997.100 378622
997.521 400644
998.109 593731
998.300 4167
998.325 4001
998.600 333601
998.600 546300
998.683 418002
999.088 386341
999.125 4077
999.261 391779
999.559 345169
999.683 389632
999.725 3954
999.934 376192
1000.205 441806
1000.452 435343
1000.524 366974
1000.700 4033
1000.875 4290
1001.029 429305
1001.137 457689
1001.233 417135
1001.275 4183
1001.325 333278
1001.450 333301
1001.500 4087
1001.541 373991
1001.600 333244
1001.606 436323
1002.231 398107
1002.240 418487
1002.480 557679
1002.675 333307
1002.875 333275
1003.100 4265
1003.115 425367
1003.221 387874
1003.475 522258
1003.493 551885
1003.667 411326
1003.875 333455
1004.136 374254
1004.185 415284
1004.975 8140
1005.822 420162
1005.913 415433
1006.100 16509
1006.237 378284
1006.294 372359
1007.052 437761
1007.312 400613
1007.364 462273
1007.878 358226
1008.263 471102
1008.328 475780
1008.384 411557
1008.561 392519
1008.576 456196
1008.729 370706
986.775 180
